frame ulx uly urx ury lrx lry llx lly
frame00001.jpg 291.0000 150.0300 564.0600 149.9400 564.0600 444.0600 291.0300 443.9500 
frame00002.jpg 291.5086 149.9718 564.4706 150.0401 564.7366 444.0839 292.0388 443.4728 
frame00003.jpg 292.9757 149.2041 566.2797 149.8036 565.4185 443.7414 292.4371 442.8638 
frame00004.jpg 292.1949 148.4057 565.3653 148.7239 564.3321 443.1571 291.1555 442.6686 
frame00005.jpg 290.4718 148.8805 563.7824 148.8493 563.3875 443.5630 290.0178 443.5308 
frame00006.jpg 289.6979 149.0838 563.1757 149.2040 562.9689 443.5179 289.8491 443.6924 
frame00007.jpg 290.5947 149.8649 563.5248 149.6905 564.1080 443.5597 291.1476 443.4729 
frame00008.jpg 291.9337 149.4931 565.0806 150.0589 564.6797 444.5815 291.7168 443.8042 
frame00009.jpg 291.7052 150.6876 564.6240 150.9714 564.3928 445.3288 291.1543 445.1415 
frame00010.jpg 290.5438 151.6101 563.7941 151.3898 563.7744 445.6075 290.5048 445.4475 
frame00011.jpg 290.7703 151.4540 563.8547 151.2822 564.4464 445.2507 291.2892 444.6811 
frame00012.jpg 291.6485 150.5793 564.4285 151.0047 563.9684 445.0719 290.9785 444.4453 
frame00013.jpg 291.1396 150.8754 563.6149 151.3500 563.7618 445.1729 290.8166 444.4232 
frame00014.jpg 291.5335 150.3665 564.3160 150.3431 564.7758 444.6227 291.6292 443.8127 
frame00015.jpg 292.5967 150.6596 565.3673 150.3687 565.3856 445.7802 292.0884 444.0828 
frame00016.jpg 292.9609 150.9046 565.6845 150.7083 565.2477 446.0567 292.0789 444.2162 
frame00017.jpg 292.7664 150.8749 565.2316 150.3604 564.9348 446.8697 291.8138 444.9250 
frame00018.jpg 292.9509 152.2848 565.4557 151.6785 565.3487 448.6927 292.3701 445.7228 
frame00019.jpg 295.2881 152.1896 567.9674 152.0082 567.8122 448.5071 294.9390 443.5653 
frame00020.jpg 298.4511 151.1675 571.3376 151.2933 569.4985 448.5680 296.6459 441.7752 
frame00021.jpg 299.7739 150.8067 572.1258 151.2364 569.5687 448.6628 296.9229 441.0977 
frame00022.jpg 299.8599 151.5948 572.1708 151.2146 569.0363 448.7657 297.0473 441.1986 
frame00023.jpg 299.4370 151.8960 571.3936 151.7528 568.1851 449.4529 296.4681 441.7128 
frame00024.jpg 299.2841 152.6346 571.0123 152.0333 567.9995 449.3757 295.8612 440.8218 
frame00025.jpg 299.5840 152.3810 571.5673 151.9943 568.2960 450.6072 295.9293 440.4325 
frame00026.jpg 300.4901 150.9639 573.0613 152.6975 568.3668 452.1989 295.5060 439.7191 
frame00027.jpg 300.8604 149.2657 574.5926 153.2841 567.8073 453.4973 294.6187 438.0342 
frame00028.jpg 301.6938 146.0597 576.0018 152.0233 568.2313 453.1906 294.4283 434.9595 
frame00029.jpg 302.1121 142.7637 578.3330 149.9439 568.1396 452.9272 294.1981 432.3127 
frame00030.jpg 302.0370 140.3904 578.8254 147.8957 567.7205 452.3621 293.5699 430.6027 
frame00031.jpg 301.6379 138.5129 579.1392 145.8559 567.5119 452.1143 292.8130 428.9241 
frame00032.jpg 301.8315 136.1842 580.2577 145.1012 567.1856 453.1891 292.2523 427.0224 
frame00033.jpg 302.3603 134.3508 581.6501 145.2160 566.5504 454.5579 291.6788 425.5782 
frame00034.jpg 302.6168 132.2215 582.5090 145.2983 566.3087 455.0670 290.9513 423.8115 
frame00035.jpg 303.0185 130.0560 583.4044 144.2054 566.0613 454.8222 291.0594 421.7812 
frame00036.jpg 304.1876 127.1912 584.8957 143.0352 566.4573 454.3662 291.3679 419.4050 
frame00037.jpg 304.5648 125.3717 585.7574 141.4540 566.1112 453.9600 290.8698 418.0787 
frame00038.jpg 303.2930 124.5641 584.3762 137.6097 565.2635 452.4921 290.0711 417.2803 
frame00039.jpg 302.2653 123.9201 583.8148 134.5963 566.2519 452.0253 290.8518 416.1554 
frame00040.jpg 304.3020 123.1792 585.7440 132.1954 568.4971 452.2352 293.3746 415.0569 
frame00041.jpg 306.4699 123.2729 587.8843 130.4523 570.7173 452.3943 295.7322 414.9189 
frame00042.jpg 308.6230 123.8883 589.4924 130.1842 572.0399 453.6994 297.3795 415.6834 
frame00043.jpg 310.0047 124.7347 590.0139 131.0876 572.0349 454.4973 297.5571 416.2806 
frame00044.jpg 309.4908 126.5061 588.3173 129.8168 571.7455 454.5277 297.9458 417.9187 
frame00045.jpg 309.6481 129.2399 587.2939 130.7276 572.0428 457.2463 298.9326 420.8976 
frame00046.jpg 309.8085 132.0313 586.8806 132.9752 571.4626 459.1651 298.7188 422.8416 
frame00047.jpg 308.8385 135.1333 584.9451 133.3708 571.6367 458.7296 299.0771 424.9017 
frame00048.jpg 309.2056 136.3662 584.4936 132.6485 572.4949 458.1573 300.3142 424.8262 
frame00049.jpg 309.8868 136.6826 584.8345 131.2873 572.9185 457.2552 301.2753 424.5327 
frame00050.jpg 310.2206 136.8257 584.4464 129.0507 573.4307 455.0682 302.3286 423.7727 
frame00051.jpg 310.9080 136.0662 583.9147 124.9023 573.7938 452.1897 303.6390 422.6622 
frame00052.jpg 310.5018 135.9442 581.9649 120.8364 573.4817 449.9758 304.5500 422.9946 
frame00053.jpg 310.0317 136.7587 580.0490 117.5791 573.8007 447.7114 305.9611 423.1948 
frame00054.jpg 309.9702 137.5969 578.6126 115.0439 573.5237 445.1765 306.7124 423.2285 
frame00055.jpg 309.4956 139.3238 575.5185 111.6039 572.2859 442.0479 307.2083 424.1047 
frame00056.jpg 307.3882 142.2147 570.3554 108.3050 569.3716 439.9873 306.3195 426.0422 
frame00057.jpg 304.1606 145.0239 564.3164 106.1282 566.4912 437.7765 305.4059 428.6316 
frame00058.jpg 303.8036 147.2728 561.3481 104.7495 565.3578 437.7981 305.8482 429.7823 
frame00059.jpg 304.6545 149.8554 559.4954 103.9980 564.0347 437.2265 306.5082 430.3087 
frame00060.jpg 305.0733 151.8931 555.0363 100.8403 561.4764 433.5914 307.0572 430.6969 
frame00061.jpg 303.7716 154.2270 550.1358 96.5878 559.4443 430.5262 307.7700 431.8755 
frame00062.jpg 302.5575 156.3247 546.6415 94.2111 557.4744 428.4006 308.1634 433.2432 
frame00063.jpg 302.1060 157.5218 544.1249 92.8794 556.5537 426.9489 308.2955 433.9516 
frame00064.jpg 302.2719 158.3559 543.0538 92.0351 555.2636 425.1030 308.1963 434.0889 
frame00065.jpg 302.7110 159.5832 540.8201 91.2902 553.4280 423.3080 307.8509 435.2992 
frame00066.jpg 302.7099 161.4629 538.3919 90.6690 552.3833 421.8202 307.7583 436.4074 
frame00067.jpg 302.8578 162.9632 536.7947 89.5409 552.3016 419.4905 308.4949 436.8519 
frame00068.jpg 303.1736 164.4468 535.2802 87.3510 551.2867 416.5238 309.3487 437.0467 
frame00069.jpg 303.1706 165.9157 533.1389 84.0864 550.5311 412.9312 310.4542 437.4445 
frame00070.jpg 304.1424 166.3935 532.4718 81.5300 550.8579 410.5387 311.7787 437.1234 
frame00071.jpg 304.9164 168.2809 531.6433 79.6018 549.5146 405.9769 311.7278 437.9239 
frame00072.jpg 305.5952 171.5715 529.5071 79.3615 548.9661 401.4220 311.0276 439.6950 
frame00073.jpg 305.9466 174.2888 530.3040 80.6549 550.5725 399.9413 310.4744 440.2693 
frame00074.jpg 308.0996 177.5218 531.4543 82.9929 550.0347 397.6642 310.4067 441.0499 
frame00075.jpg 309.6800 179.9103 529.9417 83.7110 549.6819 393.1961 310.9496 442.2063 
frame00076.jpg 310.1833 183.1091 528.4967 83.3441 548.4417 389.7971 310.7139 443.2079 
frame00077.jpg 309.6755 186.2421 525.1776 83.1195 545.3609 386.3516 309.4997 444.4367 
frame00078.jpg 309.2583 189.0746 520.1066 82.0579 540.9020 381.7365 309.9404 446.5355 
frame00079.jpg 309.5173 192.7320 517.7337 80.1237 540.0407 378.6260 310.4308 446.9138 
frame00080.jpg 309.7681 195.3117 516.0599 80.8135 539.2291 375.7804 310.1379 448.2352 
frame00081.jpg 310.5398 198.3026 515.1905 81.3519 537.9511 373.3436 309.9899 448.6121 
frame00082.jpg 312.6490 201.2476 514.9414 82.4536 537.0611 370.0959 310.7773 449.2046 
frame00083.jpg 314.4455 205.1745 516.2679 87.4529 538.1511 367.8612 309.9935 450.3292 
frame00084.jpg 316.3267 208.8239 517.0698 97.1047 540.0316 366.2476 308.9559 451.7840 
frame00085.jpg 316.6099 209.9237 514.7642 110.9618 540.2844 365.2967 310.2323 453.5154 
frame00086.jpg 317.9241 209.4574 515.1202 119.3093 542.4808 365.1562 311.0854 452.8815 
frame00087.jpg 318.5098 210.5198 517.6533 116.2030 544.1916 363.1835 310.1340 451.2385 
frame00088.jpg 315.1422 209.7568 512.4276 118.6749 540.1573 360.3619 308.4854 451.8230 
frame00089.jpg 311.8140 211.7317 507.5988 120.2441 539.4130 354.6591 306.1343 451.4034 
frame00090.jpg 310.6400 210.9257 504.9642 120.1704 539.7656 353.1964 304.9019 451.2433 
frame00091.jpg 310.1743 204.8744 509.2438 116.3390 527.4547 349.3293 303.8162 449.4734 
frame00092.jpg 310.1700 199.0719 507.0947 120.1346 520.5224 347.7993 303.2873 449.8700 
frame00093.jpg 312.2385 202.3830 509.6451 113.8971 519.4534 349.7567 301.2103 446.1072 
frame00094.jpg 312.1128 203.0444 514.7945 110.6669 520.7888 349.2376 300.3982 444.1770 
frame00095.jpg 314.2504 204.1910 527.2296 102.1443 521.3683 350.8751 299.6954 437.2347 
frame00096.jpg 315.7935 209.1219 529.2150 105.2553 528.1267 355.9709 297.4661 429.2372 
frame00097.jpg 315.9813 212.4530 532.9526 110.2907 533.7316 359.3944 293.8028 422.2072 
frame00098.jpg 313.4301 214.9361 532.8945 117.0566 543.5118 357.2114 292.3027 425.0340 
frame00099.jpg 312.7942 215.1139 533.7431 120.5007 545.8893 359.0523 289.5290 423.6189 
frame00100.jpg 314.0521 215.3426 532.7946 124.1945 548.0338 359.8821 289.0054 424.7974 
frame00101.jpg 313.8022 214.3046 533.1651 125.2239 548.7151 360.4346 288.2117 422.9474 
frame00102.jpg 314.6094 214.1212 533.7267 126.6387 549.5649 361.5463 287.9083 422.4616 
frame00103.jpg 314.3201 212.4506 535.3534 128.4410 551.9156 362.7127 287.3176 423.6061 
frame00104.jpg 312.3490 211.6653 533.7314 130.5233 553.6309 359.4044 292.6027 427.0302 
frame00105.jpg 309.5587 210.5319 532.4460 133.5176 553.5574 358.0813 291.9816 427.3053 
frame00106.jpg 308.3706 210.2320 532.4637 135.8405 553.5964 359.1857 290.1456 427.3885 
frame00107.jpg 307.7065 209.9289 532.9703 137.3847 554.3672 359.6051 290.1115 427.2672 
frame00108.jpg 308.7647 208.5031 534.7321 139.6082 556.9712 362.5943 291.2631 426.0662 
frame00109.jpg 310.8528 207.8622 537.8668 142.4911 559.6522 366.6039 292.0317 425.5561 
frame00110.jpg 311.2292 205.8515 539.8875 144.3719 561.2966 370.2118 292.6109 425.1983 
frame00111.jpg 311.4599 203.9243 541.8510 147.4546 563.3677 375.2603 293.2628 424.1880 
frame00112.jpg 312.7070 201.8566 544.8254 151.8816 564.9764 379.2225 293.6432 422.4334 
frame00113.jpg 313.5075 200.7647 546.7083 155.3485 565.9753 383.7937 293.2834 421.7759 
frame00114.jpg 312.8875 199.1856 546.9933 158.4455 566.3043 387.3086 292.7026 421.2554 
frame00115.jpg 313.0041 197.0140 548.4329 161.7337 567.8621 392.2920 293.0089 420.1701 
frame00116.jpg 314.1338 193.3263 550.7067 164.2994 569.8138 396.5934 293.5720 418.6979 
frame00117.jpg 314.3309 189.7660 552.8180 166.5013 571.1321 400.2409 293.9899 416.7667 
frame00118.jpg 315.4204 185.0837 554.9894 168.2813 573.1732 404.1028 294.8295 414.1726 
frame00119.jpg 317.4080 179.6222 558.1865 171.4146 575.1006 410.0500 295.8190 411.7957 
frame00120.jpg 318.6749 173.9806 560.5956 174.2417 575.6693 414.5553 296.1355 408.8596 
frame00121.jpg 318.0696 168.8772 560.9971 177.6693 573.9593 419.3917 295.4726 406.8716 
frame00122.jpg 317.7129 163.5268 560.2027 181.2923 572.5505 424.6938 294.0533 404.9837 
frame00123.jpg 317.3085 157.1827 559.3947 185.0246 569.8865 430.1866 293.3495 402.9942 
frame00124.jpg 316.8829 152.9856 558.0510 189.7668 567.5088 434.9221 293.2092 401.2788 
frame00125.jpg 318.1569 148.9995 557.6143 194.0836 565.1343 439.9456 293.3464 400.3405 
frame00126.jpg 318.7925 144.4380 556.4901 196.1956 561.7239 442.8700 293.0666 399.4015 
frame00127.jpg 317.5916 139.7871 553.7590 197.6042 558.1573 445.0316 292.2835 398.3620 
frame00128.jpg 317.9093 136.0235 553.0518 199.6680 555.6296 448.3936 292.4500 397.0272 
frame00129.jpg 319.0625 131.9541 551.1011 201.9222 551.6022 450.9534 290.9258 397.6117 
frame00130.jpg 317.6443 126.8127 547.9896 201.6163 547.3135 450.9989 290.0430 396.8792 
frame00131.jpg 317.5196 121.2513 545.9535 199.9001 543.9045 449.9153 289.4579 394.9370 
frame00132.jpg 317.2132 114.4254 543.6798 197.0786 539.6176 448.8307 288.5690 393.2616 
frame00133.jpg 315.4199 108.8075 540.6047 194.0524 535.6224 446.8053 287.0718 393.0243 
frame00134.jpg 313.5196 103.9821 538.4853 191.1717 533.4804 445.5646 286.0988 392.2930 
frame00135.jpg 312.8340 101.4423 538.0576 189.2794 532.3802 444.5106 285.7172 390.9387 
frame00136.jpg 313.0218 97.4626 537.0095 186.5448 529.8971 441.5979 285.8904 390.2996 
frame00137.jpg 313.8551 92.5561 534.2772 184.8788 525.9659 440.6909 286.9258 390.6156 
frame00138.jpg 314.6541 90.1092 532.2349 185.9048 522.7769 441.9532 286.2604 391.3083 
frame00139.jpg 313.8132 88.0511 530.4955 185.3197 519.2420 440.6487 284.5541 390.9117 
frame00140.jpg 313.3058 83.3526 527.9332 181.9802 515.5049 438.4741 284.1940 390.5032 
frame00141.jpg 314.0575 80.1252 526.2448 181.4081 512.8936 439.1449 284.4527 390.4224 
frame00142.jpg 315.8480 78.0502 525.3596 181.7170 510.1128 439.3532 284.3284 390.3278 
frame00143.jpg 318.1430 75.4329 524.1572 180.7343 506.9552 438.3944 285.2748 390.6070 
frame00144.jpg 319.6616 73.1236 523.2443 178.8480 505.3965 436.9651 287.0457 390.3428 
frame00145.jpg 322.3513 71.3306 523.2354 178.9470 503.7321 437.6568 287.9912 390.7509 
frame00146.jpg 323.5052 70.1809 522.5463 178.9173 501.2872 436.9152 287.3906 391.7623 
frame00147.jpg 324.0182 67.8201 521.4667 176.2063 499.3251 434.8336 287.4135 391.6225 
frame00148.jpg 326.7983 64.6441 521.7429 174.7433 497.3671 434.3841 288.2792 391.1619 
frame00149.jpg 330.2086 62.2264 522.3788 173.4433 496.1682 433.3661 289.1809 390.4355 
frame00150.jpg 332.5457 59.9176 523.8132 170.6604 496.5641 431.8025 290.6783 389.8330 
frame00151.jpg 335.4724 56.7914 525.7628 168.7662 496.1655 430.7540 292.1596 391.1231 
frame00152.jpg 339.4133 54.1082 527.7432 167.5349 494.4096 429.0994 293.0729 390.5812 
frame00153.jpg 344.1606 50.8152 529.0182 164.0005 493.0440 425.9073 294.7990 389.8118 
frame00154.jpg 346.2010 47.4349 531.3631 160.7413 492.6939 424.9854 294.9014 389.1386 
frame00155.jpg 347.8278 44.9601 532.9301 157.6289 491.2654 422.2462 293.6028 387.9503 
frame00156.jpg 347.4128 40.7692 533.4254 150.6888 491.4742 417.8929 293.2238 389.4125 
frame00157.jpg 348.8873 37.4265 534.6331 147.2691 490.4331 416.0874 293.7686 389.7734 
frame00158.jpg 351.3457 35.5949 535.0795 145.2608 488.5914 413.7719 294.7118 391.0258 
frame00159.jpg 352.8879 35.5330 535.3689 143.2984 488.1081 413.3850 295.0034 394.3115 
frame00160.jpg 353.6846 36.2614 536.9249 142.8793 488.2380 414.1149 294.1860 396.3388 
frame00161.jpg 355.8799 36.4765 537.5599 141.6103 486.6799 412.2224 294.3811 399.3014 
frame00162.jpg 357.0010 36.9294 538.5739 140.8790 486.9384 412.7011 295.0698 401.3069 
frame00163.jpg 360.1489 37.9062 540.4814 142.2328 486.6434 413.4146 295.9581 402.7793 
frame00164.jpg 364.9173 39.6950 541.7291 142.6338 485.9638 414.4628 297.7146 405.5050 
frame00165.jpg 366.8370 43.3329 543.4847 144.7117 486.3999 417.0772 297.9696 408.4976 
frame00166.jpg 369.1709 44.9390 544.9401 147.4117 486.0386 417.6147 298.9497 409.5948 
frame00167.jpg 377.6794 47.0820 545.2533 148.9369 484.6989 417.3577 304.8253 414.4875 
frame00168.jpg 385.9052 49.0296 548.7272 153.5278 486.7391 419.5899 308.7189 419.3378 
frame00169.jpg 391.1979 51.9453 555.8221 155.4087 489.7663 421.6248 309.6649 422.3329 
frame00170.jpg 395.3747 53.5959 562.1299 156.6835 490.2068 422.5126 308.4426 420.1311 
frame00171.jpg 400.6260 57.5578 565.4879 158.8968 489.8171 426.6855 310.2859 418.5423 
frame00172.jpg 406.1943 60.2382 565.5696 160.7080 487.5799 426.4174 312.4306 418.6221 
frame00173.jpg 414.6063 62.3953 566.6755 158.6537 486.6335 426.9806 317.6380 417.0018 
frame00174.jpg 419.8422 62.4194 570.2357 163.2958 489.6193 427.4316 320.7434 420.1678 
frame00175.jpg 425.5324 68.7969 574.7878 167.8387 490.4254 429.5265 323.4892 422.1902 
frame00176.jpg 434.6643 77.6523 577.4331 169.5299 488.5327 431.5245 328.2165 424.5675 
frame00177.jpg 443.2625 82.4381 580.0659 175.6355 488.4435 432.3909 331.2438 424.4705 
frame00178.jpg 449.9428 86.6308 582.4587 180.1800 488.0669 434.4830 335.0640 422.6901 
frame00179.jpg 459.9526 94.3469 584.1002 186.2272 485.1082 435.6707 337.5673 422.1518 
frame00180.jpg 462.3231 93.5532 584.2336 191.5034 485.9365 435.2081 338.0199 421.8796 
frame00181.jpg 465.4467 96.7783 583.8666 193.6065 484.5282 434.4317 340.3422 421.0526 
frame00182.jpg 467.0209 100.2500 583.4788 195.7277 483.6378 434.0306 343.2254 418.6232 
frame00183.jpg 468.5065 102.4046 582.9611 199.2463 483.7945 436.5562 344.5434 417.9984 
frame00184.jpg 468.8156 104.4639 582.4658 202.1270 483.4273 435.1837 343.5980 418.5516 
frame00185.jpg 469.8688 107.4587 581.4119 203.0515 481.5077 434.3974 344.6681 417.2517 
frame00186.jpg 467.7462 108.9571 579.2726 202.9523 480.6781 434.9728 344.9888 414.9026 
frame00187.jpg 468.2859 105.2500 576.8817 204.0367 478.6749 431.9786 344.6800 412.1686 
frame00188.jpg 470.6361 108.1468 575.5531 203.3591 476.3849 431.9756 346.4383 409.8466 
frame00189.jpg 468.3003 102.9734 576.2981 205.5262 479.0766 433.6233 345.2713 407.7600 
frame00190.jpg 467.4554 97.4638 579.4026 208.5549 483.0385 433.8755 342.6173 405.8805 
frame00191.jpg 466.7879 94.6755 581.7899 208.4136 483.4218 435.1623 343.0894 400.0750 
frame00192.jpg 464.6500 97.0051 581.7800 211.9434 484.3826 441.7161 345.5704 395.3101 
frame00193.jpg 463.8829 98.2684 580.6101 222.6213 486.6525 451.3359 346.3983 395.8001 
frame00194.jpg 459.8167 97.0976 583.1629 235.8962 490.7144 458.2230 343.4433 392.1163 
frame00195.jpg 458.3073 99.7258 587.6496 246.3103 496.0611 469.5042 341.8547 388.8952 
frame00196.jpg 458.9085 103.9931 590.5687 258.2327 499.2250 478.9244 340.8746 389.0826 
frame00197.jpg 454.9350 108.3658 593.8371 265.8476 502.8355 487.0795 340.3054 385.7115 
frame00198.jpg 450.9986 110.5926 596.1812 268.0244 507.3198 490.8948 340.3537 385.2080 
frame00199.jpg 448.2189 115.5663 597.1697 269.1126 510.7159 495.9496 341.9027 383.1725 
frame00200.jpg 443.8036 113.7178 597.7181 272.8903 514.7759 499.5995 339.0263 382.1529 
frame00201.jpg 438.2750 114.1073 598.5537 274.1251 517.4233 501.9713 336.3319 381.2957 
frame00202.jpg 432.5288 113.7721 598.4276 274.0467 520.0576 503.9553 333.8450 380.1025 
frame00203.jpg 426.9809 113.8390 599.2479 272.9863 523.5671 504.5504 330.9641 379.3715 
frame00204.jpg 423.1342 113.9512 601.9709 269.5786 528.1565 503.5719 329.9137 378.1636 
frame00205.jpg 420.4431 112.1645 605.3519 267.2629 532.7577 503.7697 329.4493 376.8272 
frame00206.jpg 416.9778 111.5832 608.0474 264.1447 537.1030 502.8611 328.7026 376.4173 
frame00207.jpg 413.3231 110.8860 610.4674 261.2584 541.0068 502.1725 327.8800 376.3968 
frame00208.jpg 411.8999 111.4975 612.6899 259.2653 544.1974 502.1217 327.3045 376.7886 
frame00209.jpg 408.4196 112.4208 614.2569 255.8349 547.1329 501.1806 326.1186 377.4312 
frame00210.jpg 404.3232 112.4982 614.5799 253.0335 550.1876 500.7041 324.3780 378.7979 
frame00211.jpg 400.8193 112.8842 615.2570 248.6430 553.8691 498.2951 322.9492 379.0822 
frame00212.jpg 396.3716 111.4409 616.8655 242.2647 558.2284 495.0489 322.7866 380.4272 
frame00213.jpg 393.8288 111.5711 618.3427 238.9211 560.2565 494.6429 321.8983 380.3550 
frame00214.jpg 390.1209 111.8483 617.2438 235.9863 561.6387 492.0392 320.7803 381.4874 
frame00215.jpg 387.2444 112.6449 616.7893 232.1874 563.9976 490.4573 320.1987 382.3047 
frame00216.jpg 385.5360 113.8733 617.0768 230.3585 564.4229 489.3893 319.0292 382.4570 
frame00217.jpg 381.8869 113.7938 614.9929 227.0820 563.6188 487.5210 316.4650 383.4169 
frame00218.jpg 377.9890 115.1230 613.2961 225.2733 563.8157 487.4506 314.8580 384.3413 
frame00219.jpg 375.3549 116.5832 612.8654 224.5220 564.6641 486.4221 314.2603 385.2917 
frame00220.jpg 374.2221 117.5416 612.6502 221.2507 566.5690 483.3355 314.8372 385.0549 
frame00221.jpg 373.2814 116.5646 613.8303 217.1976 568.6925 481.5510 314.6750 384.0619 
frame00222.jpg 372.3436 116.6458 614.3625 215.0880 569.4073 480.8682 314.0149 384.6214 
frame00223.jpg 370.3498 117.6861 613.8993 212.1656 570.1354 478.5737 312.6502 384.1787 
frame00224.jpg 367.5618 116.9317 612.9710 207.2098 570.8003 475.5147 311.6455 384.5013 
frame00225.jpg 364.2827 117.5236 611.1041 203.8567 570.5198 473.6458 309.9765 385.8088 
frame00226.jpg 361.4788 118.4489 610.0148 201.8035 570.5085 472.5065 308.8645 385.8990 
frame00227.jpg 359.6156 119.4838 609.1732 199.7025 570.7808 470.4755 307.9541 385.8115 
frame00228.jpg 358.0721 119.7208 608.7322 195.7375 572.3544 467.5095 307.6215 385.4481 
frame00229.jpg 358.1374 119.4441 609.4188 193.7008 573.8763 468.0663 308.1903 385.2098 
frame00230.jpg 358.6717 120.8266 610.6359 193.9027 574.7394 467.3969 308.7434 384.9793 
frame00231.jpg 358.0540 121.0474 609.7670 191.1743 574.9290 465.1106 307.9649 385.1431 
frame00232.jpg 355.4112 121.3769 607.9944 188.3407 574.9424 463.5532 306.1541 386.6192 
frame00233.jpg 353.9906 121.2920 607.9572 186.2200 575.3981 462.3819 305.5916 386.0258 
frame00234.jpg 353.4148 120.3617 608.1929 183.4373 576.5195 459.5437 305.6273 385.5151 
frame00235.jpg 353.1548 119.8641 608.9702 179.8694 578.1793 457.7480 306.4200 384.7138 
frame00236.jpg 353.8717 119.8895 611.0245 177.0393 579.8325 455.2407 307.4927 383.4904 
frame00237.jpg 353.6665 119.6099 611.3357 172.0825 580.5295 451.8340 307.4858 382.5802 
frame00238.jpg 352.1882 120.1649 610.8033 167.1794 580.7325 448.3608 306.9638 381.9814 
frame00239.jpg 350.6500 120.5179 609.1326 162.9461 580.0488 445.1623 305.7352 382.7723 
frame00240.jpg 347.9495 121.7838 606.4498 157.9890 579.2787 440.2086 304.4557 383.1763 
frame00241.jpg 346.2585 121.9229 605.2857 152.4114 580.2748 436.5663 304.7034 383.1752 
frame00242.jpg 346.6124 121.9425 606.1290 147.8969 581.5600 433.6948 305.8214 382.7257 
frame00243.jpg 346.8021 121.7808 607.0818 143.5962 582.6396 432.3277 306.8341 382.9387 
frame00244.jpg 347.9400 121.3089 608.6510 142.9740 583.7891 434.5306 307.5575 383.9374 
frame00245.jpg 349.6357 122.3367 610.8130 143.6827 584.3970 435.4947 308.3571 384.4970 
frame00246.jpg 349.8187 124.1870 610.3617 140.5522 584.3733 432.7708 308.4964 385.5100 
frame00247.jpg 348.3476 125.0743 608.8516 136.6858 583.4761 431.8534 307.6972 387.0347 
frame00248.jpg 348.4337 125.8295 608.6343 136.0190 583.0727 434.1152 307.3968 387.9400 
frame00249.jpg 350.4214 127.8057 610.1144 138.5679 582.7068 435.7048 307.8990 387.9986 
frame00250.jpg 351.9048 129.5287 610.4559 137.4075 582.7247 433.5146 308.4513 388.1281 
frame00251.jpg 352.0766 130.2460 610.3137 132.3006 582.4916 431.4971 309.0441 389.0226 
frame00252.jpg 352.0045 130.5409 609.9752 129.3465 580.8533 431.1815 308.6998 389.7432 
frame00253.jpg 351.7606 131.6188 608.9977 127.4857 579.8318 430.1072 308.7575 390.1356 
frame00254.jpg 353.1641 133.2154 609.2361 126.5093 579.9222 429.6836 309.2679 390.4652 
frame00255.jpg 355.4317 134.4586 609.9816 125.6560 578.6407 429.9904 309.7794 391.2944 
frame00256.jpg 357.2763 136.2014 609.9194 123.7397 577.2835 429.7718 310.5838 391.8353 
frame00257.jpg 359.1630 137.3020 611.0020 122.7151 576.7620 429.8773 311.9213 390.8922 
frame00258.jpg 362.1776 138.0540 612.8544 122.8684 578.4258 430.3064 313.7205 391.1788 
frame00259.jpg 366.1369 137.5737 616.7338 123.9775 580.1771 433.4258 315.5758 389.8270 
frame00260.jpg 371.7206 137.7742 622.3076 128.6059 579.4976 439.2762 316.1995 388.1197 
frame00261.jpg 375.6800 137.3155 626.0177 132.8784 578.8701 442.1780 316.7088 386.7318 
frame00262.jpg 377.8188 136.2546 628.5596 133.2406 578.5363 441.8387 317.0029 385.6620 
frame00263.jpg 382.1909 138.5508 629.8978 130.5216 576.5281 443.7830 317.4947 384.3379 
frame00264.jpg 383.8929 137.9919 630.1890 129.4651 573.4235 445.7110 316.6974 382.4591 
frame00265.jpg 383.7926 138.4691 630.3242 129.5893 572.8132 446.8242 317.7874 384.3983 
frame00266.jpg 387.6458 141.4652 636.3494 131.4610 569.6686 454.4485 318.1787 380.8748 
frame00267.jpg 389.2570 141.1088 640.5212 136.3537 568.6827 459.5091 318.7850 378.8605 
frame00268.jpg 389.0947 141.5515 643.5466 141.2377 568.6541 465.0415 319.3242 376.8761 
frame00269.jpg 394.0548 144.3213 645.9093 149.7015 564.3930 467.9962 319.2428 377.8482 
frame00270.jpg 395.2449 144.3017 643.1227 155.0832 563.0432 467.9669 318.5210 380.7553 
frame00271.jpg 396.1351 143.2837 640.3912 158.0012 561.9125 469.0599 316.9504 384.4203 
frame00272.jpg 396.1326 143.6127 641.0319 161.0718 559.1561 470.0346 316.1206 383.4062 
frame00273.jpg 395.4624 143.2653 641.9521 160.7091 558.4253 468.0396 316.4340 381.2070 
frame00274.jpg 396.0346 141.3406 642.3283 161.8684 557.8997 468.4692 315.5696 379.2720 
frame00275.jpg 396.8026 139.9557 644.3450 163.6680 556.5113 469.2352 315.0963 377.1053 
frame00276.jpg 397.8066 139.7089 647.5278 167.3395 553.9704 473.1149 314.5233 375.2233 
frame00277.jpg 399.8836 137.5900 649.1835 173.2610 552.1873 478.1789 313.2263 370.2451 
frame00278.jpg 400.4044 136.5350 654.6348 177.8259 549.9486 482.2346 311.6803 363.1921 
frame00279.jpg 402.9478 134.0536 652.6979 184.1380 550.1710 483.7741 308.5074 361.9938 
frame00280.jpg 403.7956 132.9174 653.5071 187.6765 549.8617 484.6643 306.9991 359.7996 
frame00281.jpg 405.4351 129.6755 655.0237 190.8633 550.5861 486.5648 306.2995 357.4485 
frame00282.jpg 408.2480 127.0686 656.7286 195.9173 551.1807 487.4486 308.9818 356.0322 
frame00283.jpg 410.9100 124.7617 658.6973 200.8455 550.9990 489.6395 308.7861 352.0911 
frame00284.jpg 413.4196 120.6247 662.0048 205.0525 551.1202 492.8427 309.4846 346.8383 
frame00285.jpg 417.2510 116.3601 665.3104 211.0239 551.1436 495.0562 310.0555 340.0334 
frame00286.jpg 420.1131 111.1967 668.7906 213.2128 551.6616 493.9961 310.5599 332.8338 
frame00287.jpg 422.6876 104.5061 671.8091 215.6543 550.9802 494.1673 310.3942 325.4037 
frame00288.jpg 425.3264 97.9799 674.6537 218.8813 549.9189 493.8968 309.9753 317.2677 
frame00289.jpg 429.0045 90.3635 677.2815 220.6289 548.9666 493.6016 309.6523 307.8574 
frame00290.jpg 432.2814 80.3155 679.9138 222.5952 547.1349 493.5093 309.4887 298.7060 
frame00291.jpg 434.2356 71.7850 680.9504 227.5568 543.4534 494.2892 307.7080 290.2616 
frame00292.jpg 435.9861 63.9336 680.3955 231.9124 540.4118 495.6278 305.6451 281.9323 
frame00293.jpg 437.2051 55.1048 679.6871 235.1869 537.6360 495.5069 304.3181 274.2049 
frame00294.jpg 438.0692 48.4319 677.4842 239.0923 533.6805 493.8710 301.7789 266.5642 
frame00295.jpg 437.2487 41.3501 675.2319 238.4033 530.5156 490.7745 299.5125 260.7003 
frame00296.jpg 436.8896 33.0756 673.3022 240.9322 525.6534 490.4572 297.1290 254.1460 
frame00297.jpg 439.9612 28.7738 670.0353 249.5708 519.8864 493.2414 295.3603 246.6107 
frame00298.jpg 443.9978 26.5062 665.5137 258.2546 513.4043 495.4291 294.7598 240.2148 
frame00299.jpg 444.8703 23.4333 661.1724 265.0202 506.8116 495.4624 291.4181 235.0011 
frame00300.jpg 444.2194 21.5123 657.3940 267.1538 501.3957 495.3174 287.6305 231.1161 
frame00301.jpg 443.5277 17.7247 654.1177 267.4941 497.2917 494.6760 285.1571 227.0694 
frame00302.jpg 441.5049 14.3395 651.5195 268.6038 493.8956 493.1423 282.3884 224.8368 
frame00303.jpg 442.1146 13.2565 648.3634 272.2971 489.7110 495.8853 280.7993 222.6112 
frame00304.jpg 443.8336 13.9318 646.1027 277.6101 485.5123 497.4178 279.5936 221.2394 
frame00305.jpg 443.0248 11.4893 644.6709 279.1023 484.1744 495.2947 279.7088 219.1423 
frame00306.jpg 444.0030 9.9438 641.9192 275.0425 481.5669 494.1663 280.9666 217.4284 
frame00307.jpg 437.3585 1.5052 640.9703 271.0707 480.5001 488.8542 276.6611 213.9374 
frame00308.jpg 435.9861 -1.3465 637.6551 262.9900 478.2475 483.8390 268.8537 215.5316 
frame00309.jpg 431.7117 -7.3402 636.0616 258.1567 476.5675 482.4274 266.7455 212.8360 
frame00310.jpg 428.4312 -11.4948 631.4717 255.6776 472.5322 481.2911 263.8627 210.9977 
frame00311.jpg 422.8965 -13.5587 624.8715 253.4707 467.3829 478.0556 256.4711 211.5999 
frame00312.jpg 414.8427 -15.6703 620.2227 251.7320 464.9831 475.5305 251.8051 212.0954 
frame00313.jpg 411.0892 -14.9724 615.3587 251.8502 461.6014 476.4151 249.1750 212.9299 
frame00314.jpg 407.7636 -12.6521 610.6805 252.9740 457.9358 477.3015 245.9375 214.5015 
frame00315.jpg 402.8393 -10.9198 606.5772 252.1916 455.1166 476.9966 241.2148 218.1480 
frame00316.jpg 398.7847 -7.5327 602.8171 252.5113 452.0380 479.3475 238.0052 222.0904 
frame00317.jpg 392.7459 -5.5107 599.7488 251.9707 450.1598 478.9450 234.5919 224.9752 
frame00318.jpg 387.2554 -5.6772 595.8702 247.3907 447.8116 477.4455 229.6850 227.7779 
frame00319.jpg 378.9880 -7.1743 592.6602 243.2854 446.6634 475.5549 225.5290 229.8202 
frame00320.jpg 373.3955 -7.9239 589.6181 239.1154 445.7708 474.4597 222.3113 231.7951 
frame00321.jpg 369.9244 -7.4536 586.8672 239.7209 442.6105 475.5597 219.4820 233.3270 
frame00322.jpg 365.8932 -4.7872 582.2526 241.6041 439.5158 476.5968 216.0088 235.5802 
frame00323.jpg 360.7352 -3.2979 577.9960 238.5628 437.5134 473.1522 212.4344 237.6470 
frame00324.jpg 354.9469 -3.9642 573.8312 232.6040 436.9683 471.6672 209.0942 240.7838 
frame00325.jpg 348.6357 -3.9045 569.9736 229.1159 434.7784 470.3320 204.8868 244.6944 
frame00326.jpg 341.6985 -3.7581 565.1223 225.0185 431.0595 470.1041 199.5808 247.8443 
frame00327.jpg 331.4930 -3.4453 559.9174 221.2735 430.1376 468.6940 193.3390 252.3686 
frame00328.jpg 324.4608 -3.1436 555.2236 218.4781 427.8908 467.2055 188.8685 255.5229 
frame00329.jpg 319.7242 -2.8369 551.7115 217.1005 426.2579 467.0930 185.8287 257.5626 
frame00330.jpg 315.7017 -1.2919 549.0752 216.5720 424.5836 466.3827 183.3471 258.9836 
frame00331.jpg 311.6387 0.5602 545.2407 215.0039 422.6096 465.6286 180.7204 261.9619 
frame00332.jpg 306.7689 2.1826 541.8766 212.4484 421.6123 464.6332 178.3054 264.6568 
frame00333.jpg 302.7361 3.3512 538.4847 211.6039 418.6993 464.0464 175.2083 266.5246 
frame00334.jpg 296.7179 3.3263 533.0236 207.9423 414.9286 461.3575 169.7135 267.5126 
frame00335.jpg 288.5858 2.4263 527.3824 202.8016 412.4915 458.7763 164.3182 270.7501 
frame00336.jpg 280.9805 0.9440 522.2582 198.5981 412.0842 458.2861 159.6767 271.6500 
frame00337.jpg 273.1597 1.4169 516.9640 194.3383 408.7154 455.0645 155.1875 277.6854 
frame00338.jpg 265.7476 2.7656 512.2432 191.3260 405.9025 453.3447 150.3653 280.2923 
frame00339.jpg 257.9881 3.0504 506.7080 186.5248 403.9872 450.9245 145.9192 283.5839 
frame00340.jpg 250.2462 4.2229 501.7702 182.5941 401.7431 448.6978 141.6744 286.7254 
frame00341.jpg 243.3005 5.3070 495.2192 179.7215 397.4009 447.3127 135.9246 289.9131 
frame00342.jpg 233.3109 6.7191 487.0191 173.8702 392.8302 442.9525 129.0469 290.9322 
frame00343.jpg 224.0749 -2.7567 475.9515 176.1173 391.0475 439.0527 122.5001 307.7368 
frame00344.jpg 222.1818 4.4229 463.9631 169.9285 378.6980 426.2184 119.9993 316.2312 
frame00345.jpg 201.1123 8.6325 465.1477 157.6946 377.1803 431.0745 108.5703 298.4927 
frame00346.jpg 190.8617 7.7757 458.2424 154.8370 377.7260 433.3746 101.2481 304.8706 
frame00347.jpg 180.0621 9.6596 444.9536 144.7761 368.4578 422.0517 96.3556 312.1661 
frame00348.jpg 169.4757 9.0556 442.7629 143.0739 372.0187 427.4589 90.4662 315.7755 
frame00349.jpg 159.8023 11.3493 436.2617 136.5304 367.1915 423.4391 83.6801 315.0962 
frame00350.jpg 146.3882 8.1702 423.5999 130.8291 367.3279 414.7781 84.1060 334.4093 
frame00351.jpg 140.8204 16.4752 422.5719 124.5422 360.8789 415.1856 75.4002 321.7798 
frame00352.jpg 132.4704 17.0193 415.4345 121.0729 360.9967 411.2548 73.0598 329.5745 
frame00353.jpg 125.0781 20.1196 410.3203 115.9192 360.8318 407.2336 70.2822 331.3511 
frame00354.jpg 118.8195 23.1013 404.8517 111.6794 359.6906 403.0771 68.9950 335.5314 
frame00355.jpg 112.3667 25.7309 399.4807 107.4663 359.4860 399.5167 68.1318 339.1867 
frame00356.jpg 106.6208 29.0291 394.7802 102.6004 359.8654 396.0131 68.4446 343.4503 
frame00357.jpg 101.6165 33.3443 391.7688 100.3333 357.9564 394.1790 66.2289 344.7840 
frame00358.jpg 97.0476 38.0923 386.3388 99.0780 354.7196 393.3226 63.7932 349.8124 
frame00359.jpg 91.8324 43.3349 374.8891 96.4603 345.1079 388.1947 61.8657 355.5338 
frame00360.jpg 81.7825 47.4038 375.9072 96.0874 352.0100 392.8876 54.5715 359.2798 
frame00361.jpg 75.9285 38.0417 370.9833 104.9308 352.0121 381.7964 58.2302 377.1005 
frame00362.jpg 74.6312 53.9345 356.7446 93.0350 329.6734 379.5973 55.3353 370.7643 
frame00363.jpg 67.5672 67.2286 349.4501 86.3676 329.4371 387.2866 52.0105 370.9132 
frame00364.jpg 56.4639 67.1165 348.9756 93.0944 345.3824 387.7692 50.2535 384.6687 
frame00365.jpg 49.4574 65.9289 343.4528 98.0683 340.4785 381.3505 48.5974 396.7515 
frame00366.jpg 46.2805 70.6371 333.7456 100.4778 330.1099 376.6178 45.2889 402.3276 
frame00367.jpg 38.4172 86.1171 321.9317 88.9345 313.7274 375.7121 41.4002 395.9481 
frame00368.jpg 32.1051 98.1318 316.7608 83.0813 316.5625 379.6297 39.3812 395.4698 
frame00369.jpg 24.5318 95.2046 320.3878 90.8629 328.7089 375.6089 38.0685 407.6904 
frame00370.jpg 19.5492 91.9299 320.1946 95.7481 324.0115 365.5680 38.7506 414.5856 
frame00371.jpg 70.6650 112.4471 320.7325 101.1526 306.2991 362.0486 38.9827 415.8039 
frame00372.jpg 56.7646 117.4260 291.1461 82.2312 297.2467 362.0090 50.1421 410.4590 
frame00373.jpg 16.4398 106.5725 290.0904 76.0027 305.3532 359.7736 43.4858 408.0421 
frame00374.jpg 12.8055 113.6752 286.3961 68.4100 308.6363 358.8290 45.3193 405.9406 
frame00375.jpg 10.5223 114.3076 290.9879 67.7616 313.4328 357.8121 45.7152 407.1117 
frame00376.jpg 10.0486 122.6629 283.8235 63.3222 320.5295 358.6032 51.2014 406.4677 
frame00377.jpg -72.2028 88.4060 288.2891 55.1915 335.2158 356.5637 10.3803 417.4775 
frame00378.jpg -201.3393 116.5686 273.7092 77.9091 336.5868 355.9953 -70.8430 447.9039 
frame00379.jpg -193.3430 148.7924 273.0882 98.4375 334.9720 350.2039 -106.3111 452.8557 
frame00380.jpg -230.7673 148.0819 270.1896 104.5880 334.2729 347.8105 -155.3867 458.8716 
frame00381.jpg -308.5995 149.5767 267.2068 114.4644 334.2472 343.5295 -247.5775 471.0418 
frame00382.jpg -243.8522 164.5145 269.9782 124.9717 332.4371 340.8965 -228.0756 453.1482 
frame00383.jpg -206.1965 169.2310 282.6229 134.5112 329.6707 338.6333 -286.8887 451.0244 
frame00384.jpg -91.7756 192.7755 289.3948 147.3182 328.5804 336.5751 -195.7779 429.7123 
frame00385.jpg -67.3451 195.5296 294.4522 150.2307 330.8616 335.5221 -195.3085 431.3361 
frame00386.jpg -52.4144 197.7017 296.3601 151.4882 331.9135 335.3600 -182.4432 430.1882 
frame00387.jpg -44.1223 197.4027 300.2108 155.0470 334.5399 331.9662 -229.4755 439.8242 
frame00388.jpg -1.2048 205.5866 305.1703 164.5365 333.9407 327.4128 -221.7528 426.7802 
frame00389.jpg 31.3820 209.7197 317.7776 175.8307 336.0626 324.6721 -273.1137 425.5018 
frame00390.jpg 40.5786 210.2838 324.7694 183.9043 335.9792 325.4268 -351.4921 425.1408 
frame00391.jpg 40.8613 208.3551 327.4229 184.6976 336.7075 325.6433 -389.4160 427.9138 
frame00392.jpg 60.9882 209.7319 331.8719 188.9937 335.3595 324.5115 -327.2239 395.2372 
frame00393.jpg 60.5258 204.8494 334.3600 193.2471 333.2609 324.3686 -323.3882 365.3970 
frame00394.jpg 64.6414 199.8521 336.6734 192.8582 333.8737 323.8362 -340.3257 359.1765 
frame00395.jpg 68.7254 198.2190 338.6399 193.1016 334.2574 323.7269 -338.5096 354.9322 
frame00396.jpg 66.8288 198.0216 343.6142 195.9533 331.0524 322.7050 -336.7363 340.1524 
frame00397.jpg 66.5010 196.3136 346.5458 197.1865 331.6229 321.0200 -360.1388 334.3241 
frame00398.jpg 64.9191 194.0656 350.1040 198.6648 332.4720 319.7739 -396.3073 328.7612 
frame00399.jpg 49.7633 203.2376 352.9919 206.2648 331.4850 320.9468 -563.8531 353.6258 
frame00400.jpg 35.1574 204.5497 358.7178 211.6164 332.2266 320.3557 -953.3660 386.2646 
frame00401.jpg -4.9742 208.3431 357.3961 216.6043 331.3470 322.1003 -1988.6542 501.6301 
frame00402.jpg -4.4055 211.2971 355.2267 221.6315 332.3300 322.4727 -3790.8379 686.4662 
frame00403.jpg 3.5215 220.5581 351.2591 225.6833 330.9458 322.8189 -3143.8066 643.5753 
frame00404.jpg 27.6521 225.4973 352.2503 226.6166 331.6545 322.4941 -2084.9343 547.0020 
frame00405.jpg 45.2826 221.7710 355.6102 226.0514 332.9145 320.5467 -1901.6097 496.7533 
frame00406.jpg 48.4668 222.8473 355.0901 226.9941 332.9471 321.2578 -1820.6772 489.8062 
frame00407.jpg 44.2529 215.5877 357.3831 226.1900 334.4641 319.8437 -2968.3176 556.0404 
frame00408.jpg 26.1652 201.4741 363.0648 223.9514 337.5733 316.1247 26533.5742 -1397.6073 
frame00409.jpg -33.9100 189.7091 365.1196 222.4609 339.0969 312.1059 2419.2810 151.1233 
frame00410.jpg -112.4432 181.9910 365.3454 222.5717 339.0378 312.9595 1707.4752 186.8905 
frame00411.jpg -111.9180 179.5419 365.8145 222.5112 339.6547 313.4521 1635.4081 191.9647 
frame00412.jpg -135.3131 167.2545 367.5116 221.8472 341.3728 314.2713 1410.9114 210.9437 
frame00413.jpg -154.3991 157.5829 367.7982 221.8626 342.3680 315.1615 1278.9995 221.7808 
frame00414.jpg -186.0045 147.6674 367.1596 222.6564 342.8542 317.0161 1150.7903 227.8175 
frame00415.jpg -174.6220 153.3931 367.9236 223.4502 343.4374 317.9935 1165.9510 222.7774 
frame00416.jpg -160.6822 158.2215 368.2889 224.4695 343.5945 319.0756 1187.9259 219.3373 
frame00417.jpg -198.6653 157.7750 368.9829 227.1052 344.2656 321.2347 1093.3848 220.3554 
frame00418.jpg -198.7544 162.2389 368.6018 228.4635 344.0885 322.4002 1092.0087 217.5037 
frame00419.jpg -186.0250 164.8433 367.5041 230.7863 343.3389 324.7381 1129.2561 218.8986 
frame00420.jpg -194.4097 164.0021 367.5404 231.9189 343.1867 326.6059 1137.3784 219.2936 
frame00421.jpg -206.1534 161.3699 367.5930 232.2713 343.2025 327.2657 1117.4502 221.3516 
frame00422.jpg -200.6782 159.8866 366.8455 233.4921 342.8539 328.7152 1128.1375 225.1571 
frame00423.jpg -180.6174 161.1576 364.5883 235.8259 341.9121 330.6679 1156.9960 230.1677 
frame00424.jpg -175.9247 162.1279 364.7439 235.9101 342.1019 330.7104 1155.1061 229.6282 
frame00425.jpg -175.7960 162.1656 364.0486 236.8151 342.1726 330.4091 1125.8750 234.2324 
frame00426.jpg -174.5933 163.1237 364.1883 236.9681 342.2097 330.4099 1128.3147 233.8797 
frame00427.jpg -131.6472 182.1259 362.9754 239.2450 341.5435 330.9956 1292.0819 220.2606 
frame00428.jpg -135.4782 187.5407 359.4074 239.9601 341.7852 330.9984 1264.4116 215.6637 
frame00429.jpg -136.6363 190.8230 359.3556 240.7233 342.4073 332.1937 1270.3347 210.7974 
frame00430.jpg -160.9139 185.2324 359.5712 240.3525 343.4628 333.2777 1183.9576 215.2911 
frame00431.jpg -205.8038 173.3855 360.3217 239.3346 344.4546 334.2153 1090.3563 222.7184 
frame00432.jpg -234.7977 163.6253 361.8126 238.7896 345.3486 334.7960 1043.9879 228.2733 
frame00433.jpg -247.5593 155.3997 361.9412 240.0960 345.9036 337.4351 1028.2966 234.3970 
frame00434.jpg -309.5614 139.5370 363.5749 243.0242 346.2076 341.1241 1033.0129 244.7205 
frame00435.jpg -309.7342 138.4871 365.1118 243.8048 346.6179 342.0070 1045.8044 246.2765 
frame00436.jpg -288.8064 139.3418 366.0908 244.1950 347.2086 342.7120 1060.6427 247.6632 
frame00437.jpg -289.8082 138.0295 366.2059 244.3196 347.4531 343.0512 1058.9559 248.3911 
frame00438.jpg -286.8647 136.5842 366.3846 244.4447 347.7901 343.3867 1055.3499 249.7431 
frame00439.jpg -291.2182 128.5869 365.8607 244.7815 348.5791 343.9449 1028.0864 256.3701 
frame00440.jpg -291.3140 126.6873 365.8735 244.8302 348.9710 344.1516 1018.6281 257.5400 
frame00441.jpg -260.4556 116.7058 364.2729 245.5493 351.6967 344.8944 955.2142 269.7812 
frame00442.jpg -239.5758 111.3615 362.6483 246.0912 354.0764 344.6879 898.3408 276.9787 
frame00443.jpg -233.8297 108.7866 360.8413 247.2505 355.1613 344.5212 868.9841 282.3617 
frame00444.jpg -228.6698 109.0093 360.3641 247.5472 355.3759 344.5097 864.5325 283.6318 
frame00445.jpg -224.3074 108.5800 360.5851 247.8628 356.3232 344.7233 845.0768 283.2322 
frame00446.jpg -263.4943 97.5899 358.9216 248.5163 356.9110 345.0897 809.1206 283.7917 
frame00447.jpg -268.4446 96.4014 359.6801 248.5651 357.6075 345.5953 801.2429 282.3863 
frame00448.jpg -303.0439 89.1469 358.9360 249.4005 357.7904 346.5692 785.4403 281.9062 
frame00449.jpg -302.7102 87.9096 359.4879 249.4124 358.2566 347.0502 781.4948 281.6890 
frame00450.jpg -305.2358 87.2109 359.5909 249.4249 358.3826 347.1897 780.1258 281.5223 
frame00451.jpg -307.8013 86.0810 359.9716 249.4154 358.6794 347.4697 777.4559 281.2023 
frame00452.jpg -315.9497 84.4413 360.5699 249.6337 359.1352 348.1122 773.4548 280.4201 
frame00453.jpg -391.4310 69.0787 361.6821 250.9624 358.5248 349.8780 773.8687 280.8876 
frame00454.jpg -534.5408 28.8747 364.2854 252.7151 357.7199 352.1443 772.2460 285.0438 
frame00455.jpg -585.5672 16.1106 365.0699 253.2092 357.6740 352.8043 769.8297 285.2501 
frame00456.jpg -693.6299 -4.4719 366.5358 255.1309 357.2964 354.3114 768.3359 285.2671 
frame00457.jpg -810.4760 -27.9460 367.6407 256.3568 356.7764 355.4652 761.7979 284.1211 
frame00458.jpg -902.0109 -44.9136 368.0880 257.1938 356.2170 356.1021 760.7322 283.7094 
frame00459.jpg -1107.5852 -73.8258 369.0397 260.5085 355.7136 358.2666 754.0490 281.9377 
frame00460.jpg -1062.3961 -63.9691 369.7676 262.0546 355.4287 359.4397 759.2708 283.8101 
frame00461.jpg -1044.6556 -61.7362 370.5096 263.3126 355.0164 360.2251 764.6075 286.2771 
frame00462.jpg -1035.6208 -62.7576 370.7390 263.5760 354.9999 360.4543 764.7018 287.2508 
frame00463.jpg -957.5745 -49.3764 371.1371 265.0984 354.1763 361.1267 775.2470 291.7162 
frame00464.jpg -905.4996 -41.9812 371.2484 265.9346 353.8273 361.5234 782.7549 295.0704 
frame00465.jpg -835.3752 -33.8322 371.2315 267.4106 352.8328 361.9093 798.4152 302.0866 
frame00466.jpg -824.6058 -35.5139 371.2707 267.5474 352.7070 362.0335 799.9224 303.8353 
frame00467.jpg -786.7870 -31.4008 371.7235 267.5774 352.6031 362.3619 802.1938 305.6112 
frame00468.jpg -791.4543 -36.9221 372.0654 267.5350 352.6646 362.5171 800.6795 306.6694 
frame00469.jpg -790.4682 -40.4385 372.6987 267.4091 352.7554 362.7848 798.9724 307.2348 
frame00470.jpg -748.1910 -35.9874 372.8990 267.1841 352.8090 362.8184 798.5432 309.1716 
frame00471.jpg -652.8850 -19.1498 372.6275 266.9106 353.1368 362.9550 798.9323 311.7057 
frame00472.jpg -572.2383 -2.8538 372.4472 266.8796 353.7693 363.0557 798.9893 313.8204 
frame00473.jpg -413.0654 34.9014 371.5484 265.5568 353.9096 362.1051 819.4163 319.4120 
frame00474.jpg -386.7976 40.6876 371.6142 265.2308 354.5954 362.2206 816.9044 319.8426 
frame00475.jpg -379.0148 39.9790 372.4240 264.7856 355.3195 362.4685 810.9855 319.6683 
frame00476.jpg -278.8971 90.9981 370.6957 264.2122 355.6848 361.3637 856.4142 313.8818 
frame00477.jpg -265.9035 97.7902 370.5640 264.1014 355.9406 361.2610 864.0468 312.7747 
frame00478.jpg -246.0662 105.9397 370.3265 263.9858 356.2361 361.0555 876.5809 312.7262 
frame00479.jpg -438.7638 59.8740 373.1999 264.7910 358.4937 363.0484 803.3695 305.1746 
frame00480.jpg -1077.6665 -166.4639 377.7427 264.5705 360.7245 367.1620 703.8542 303.9200 
frame00481.jpg -760.2480 -71.7804 377.5901 263.7993 360.9241 366.6550 716.9677 304.4127 
frame00482.jpg -301.9780 77.9013 375.2626 264.4929 359.5150 364.4015 809.7676 313.0521 
frame00483.jpg -276.5059 86.6090 375.0886 264.4882 359.5854 364.3084 817.2075 312.9962 
frame00484.jpg -378.5503 75.4555 374.7417 266.7582 360.7784 365.3522 787.7871 306.3617 
frame00485.jpg -545.7722 27.0420 376.4907 268.0295 361.2357 366.9415 754.2191 305.6264 
frame00486.jpg -1425.9595 -236.5031 379.0034 269.0117 363.2625 368.2464 685.5862 302.9466 
frame00487.jpg -1900.1700 -358.8189 378.5890 270.1535 365.0134 367.7057 668.3416 300.6333 
frame00488.jpg -3595.4734 -742.0260 378.2208 273.8226 364.7262 369.2094 658.1905 298.3761 
frame00489.jpg -9602.8740 -2010.9502 378.4874 275.1706 364.2853 369.8100 651.8603 292.5169 
frame00490.jpg -10741.9268 -2217.3833 379.4120 276.0332 365.3720 368.9076 651.7923 291.8719 
frame00491.jpg -15085.4072 -3140.9519 379.8437 276.5016 365.5962 369.0685 650.5143 291.3307 
frame00492.jpg -17062.7109 -3529.6560 380.0558 276.9444 365.6606 369.3423 650.3363 291.0196 
frame00493.jpg -89816.4219 -18817.7051 380.4970 277.1890 365.2713 369.7910 649.7809 289.7733 
frame00494.jpg 9957.5029 2138.2212 381.8542 276.7461 364.9717 371.5938 646.9976 285.1747 
frame00495.jpg 7026.3071 1567.3263 382.3601 276.6653 365.1067 372.2467 642.6180 284.6257 
frame00496.jpg 6801.0708 1525.3766 382.4605 276.7059 365.0966 372.4937 641.4385 284.6100 
frame00497.jpg 5284.1035 1239.8007 382.6668 276.6903 365.8183 371.8387 636.3958 284.7515 
frame00498.jpg 3376.0737 859.4355 382.5697 277.5029 365.4600 372.7061 625.2420 284.0427 
frame00499.jpg 3213.4329 829.0112 382.8156 277.6376 365.4631 372.7009 623.0793 283.9091 
frame00500.jpg 2357.7041 671.7610 382.9106 278.2006 366.3670 372.2649 609.2648 283.6972 
