frame ulx uly urx ury lrx lry llx lly
frame00001.jpg 286.0000 180.0000 544.0000 180.0000 544.0000 390.0000 286.0000 390.0000 
frame00002.jpg 287.0394 179.5012 545.0959 179.4963 544.6656 389.3042 286.6848 389.1359 
frame00003.jpg 287.6606 178.4192 545.5343 179.0481 545.0766 388.6697 287.3789 387.9161 
frame00004.jpg 288.7003 177.9090 545.9446 178.5532 545.3998 388.1831 287.9525 387.3131 
frame00005.jpg 288.6310 177.0162 546.0665 177.9879 544.9896 387.6868 287.2380 386.4849 
frame00006.jpg 284.6819 176.2850 542.0544 177.6066 540.3763 386.9710 283.0026 385.7870 
frame00007.jpg 282.7560 175.5293 539.7521 177.6637 538.3646 386.6691 281.3806 384.7380 
frame00008.jpg 282.6385 175.1451 539.3513 177.4171 538.0398 386.4427 281.3724 384.1630 
frame00009.jpg 282.7073 175.1400 539.2018 177.1760 537.9476 385.9143 281.5602 383.8863 
frame00010.jpg 283.0189 174.9571 539.0686 177.4285 537.6686 385.9733 281.5610 383.5472 
frame00011.jpg 283.0930 175.0177 538.8353 178.0052 537.1826 386.2110 281.5645 383.3217 
frame00012.jpg 283.2116 175.7087 538.4896 178.8060 536.8207 386.7815 281.5524 383.7975 
frame00013.jpg 283.1837 176.4928 538.2086 179.4590 536.5580 386.9700 281.6368 384.2540 
frame00014.jpg 283.4008 177.0497 537.8665 180.0827 536.2649 387.4077 281.6454 384.5432 
frame00015.jpg 283.1768 178.0443 537.4766 181.2681 535.5003 388.6037 281.2266 385.2381 
frame00016.jpg 283.0033 179.0762 536.8740 183.0029 534.5917 390.1497 280.7831 385.8622 
frame00017.jpg 283.0384 179.1880 536.5502 184.5291 533.5995 391.0977 280.2514 385.4346 
frame00018.jpg 283.1690 178.6037 536.2120 185.2516 532.5852 390.8631 279.8997 383.9167 
frame00019.jpg 283.3617 176.3714 535.8792 183.7537 531.7848 388.7298 279.9706 380.9420 
frame00020.jpg 284.0441 174.2761 535.7360 182.1649 531.9481 386.4739 281.1239 378.2212 
frame00021.jpg 287.8872 172.0799 538.7985 180.0677 535.2500 383.8574 285.2024 375.2755 
frame00022.jpg 292.8515 170.1594 542.9320 178.0041 539.2746 381.1815 290.3669 372.2916 
frame00023.jpg 297.3610 168.2034 546.5156 175.8981 542.9034 378.2471 294.8892 369.6494 
frame00024.jpg 301.8941 166.5042 550.0061 173.8024 546.3107 375.6103 299.4597 366.9475 
frame00025.jpg 306.2159 165.2726 553.5131 172.2835 549.7228 373.5466 304.1456 365.0078 
frame00026.jpg 309.0365 167.3479 555.1373 173.1850 551.3713 374.2022 306.5347 367.0010 
frame00027.jpg 308.5187 171.9809 553.4755 176.5997 549.6527 376.5915 305.9217 370.6439 
frame00028.jpg 306.3215 174.7778 550.0452 178.6422 546.8259 377.4152 304.4589 372.4781 
frame00029.jpg 305.4806 177.7385 547.8394 181.8709 544.7327 379.7801 303.5834 374.9277 
frame00030.jpg 305.6283 181.4593 546.7667 186.2028 543.8611 382.3616 303.6844 377.5773 
frame00031.jpg 306.2958 182.5565 545.9689 187.3151 542.8774 381.7305 304.2726 377.2952 
frame00032.jpg 306.2003 183.8563 544.2420 189.1331 540.8471 382.5478 303.8714 378.0046 
frame00033.jpg 305.2770 187.5898 541.5529 194.2353 537.6166 386.2257 302.4522 380.9417 
frame00034.jpg 304.5388 191.9671 538.7249 199.0715 534.9915 388.9892 301.4693 384.1207 
frame00035.jpg 304.4055 195.2710 536.7204 201.4876 533.8639 389.1480 302.1122 385.8498 
frame00036.jpg 305.5854 196.9912 536.1332 201.4672 534.3627 387.2019 304.4661 386.0947 
frame00037.jpg 307.4618 197.3186 536.2731 199.6023 535.8011 383.4817 307.8305 385.2477 
frame00038.jpg 309.9050 197.2299 536.9010 197.6614 537.2732 380.0860 311.1968 384.1108 
frame00039.jpg 313.3307 197.4137 538.2019 196.8097 539.1338 377.6104 315.0903 382.8495 
frame00040.jpg 316.7907 197.1387 539.5286 195.8223 540.5212 374.9395 318.6725 380.8062 
frame00041.jpg 319.0941 195.6575 539.8132 194.1659 541.0397 371.4082 321.3201 377.9073 
frame00042.jpg 323.6503 194.1714 542.3115 192.7250 544.1047 368.3317 326.5291 375.1949 
frame00043.jpg 329.0304 193.1622 545.6083 191.5878 547.3976 365.6165 331.7940 372.6822 
frame00044.jpg 334.9898 191.7811 549.7061 190.2752 551.6277 362.9108 338.1403 370.0019 
frame00045.jpg 341.6074 190.7564 554.4240 189.8609 555.9046 361.2190 344.1288 367.5370 
frame00046.jpg 346.5678 189.9495 557.5805 189.8448 558.0748 359.9238 348.0219 365.1197 
frame00047.jpg 348.8964 188.7769 558.3389 189.7496 558.1906 358.0967 350.1801 362.4927 
frame00048.jpg 350.2274 187.5558 557.4655 189.3262 556.9124 356.3507 350.2858 360.1440 
frame00049.jpg 352.0641 186.8515 557.3797 189.6191 556.5424 355.2638 351.9921 357.9507 
frame00050.jpg 353.8392 189.2069 557.0893 192.5423 555.7580 357.1216 353.0503 359.2004 
frame00051.jpg 353.3507 192.6163 554.8259 196.1695 553.0562 359.0482 352.6014 360.8891 
frame00052.jpg 352.0896 195.4835 551.3392 199.6621 549.4788 360.8729 350.8750 362.1843 
frame00053.jpg 350.8774 198.1112 548.1315 203.1741 545.9490 362.8521 349.2353 363.1827 
frame00054.jpg 350.0685 200.9255 545.3509 206.8165 542.9013 364.9312 347.9266 364.2227 
frame00055.jpg 348.9359 201.8416 542.4954 208.9393 539.4465 365.2538 346.0771 363.4130 
frame00056.jpg 347.3568 201.4142 539.1085 209.4635 535.5248 364.2521 343.9454 361.4124 
frame00057.jpg 344.8868 200.9943 535.0436 209.6992 531.1823 362.9995 341.2957 359.7705 
frame00058.jpg 342.3171 201.2839 530.8505 209.8867 527.0103 361.8767 338.8030 358.7412 
frame00059.jpg 339.6886 202.0926 526.5643 210.1930 523.0026 360.9077 336.3891 358.0807 
frame00060.jpg 338.0195 202.6366 523.2897 210.6664 520.0615 360.0290 334.9851 357.3730 
frame00061.jpg 336.7655 203.2118 520.4611 211.1460 517.0800 359.2461 333.6957 356.3235 
frame00062.jpg 334.9729 203.3861 517.2185 211.8108 513.4931 358.7419 331.7369 355.2153 
frame00063.jpg 333.0962 203.6120 513.8634 212.2931 510.2166 357.7894 329.7904 354.0417 
frame00064.jpg 331.9755 203.6767 511.3090 212.4242 507.6923 356.6742 328.9091 352.8882 
frame00065.jpg 331.0208 203.8451 508.6486 211.8765 505.4035 354.7049 328.1593 351.4346 
frame00066.jpg 330.8304 204.0042 506.9754 210.9168 504.3658 352.4996 328.7816 349.9632 
frame00067.jpg 331.3152 203.8195 505.7956 209.5852 503.6422 349.9170 329.5964 348.1213 
frame00068.jpg 331.9911 203.2427 504.8991 209.0690 502.6556 348.1937 330.1258 346.3528 
frame00069.jpg 331.7452 202.2320 503.1392 208.6149 500.4843 346.6197 329.4338 343.9764 
frame00070.jpg 330.1686 199.3225 500.5132 206.3302 497.3732 341.8572 327.9039 339.0587 
frame00071.jpg 328.5724 193.8625 497.7350 200.8193 494.7052 335.0267 326.6247 332.5516 
frame00072.jpg 329.6165 187.7291 497.3882 193.5599 495.6474 326.8586 329.0372 325.3130 
frame00073.jpg 334.4181 184.6903 501.0993 189.1651 500.0629 322.9770 334.5704 322.0407 
frame00074.jpg 339.1428 184.0509 504.6602 187.6023 503.9344 320.6837 339.4282 320.7987 
frame00075.jpg 343.6117 184.2271 508.0668 186.8631 507.4584 319.2292 344.0062 319.8792 
frame00076.jpg 346.7112 184.0720 510.1748 186.9855 509.2360 318.6471 346.8023 318.9152 
frame00077.jpg 348.5663 183.5997 510.8128 187.4735 509.1846 318.2814 347.6330 317.4781 
frame00078.jpg 349.1191 183.2207 510.5994 188.4848 508.2794 318.6216 347.7809 316.2669 
frame00079.jpg 349.7496 183.4579 510.3107 189.5271 507.8005 318.8187 347.7113 315.8217 
frame00080.jpg 350.0815 182.7644 509.9258 189.6406 506.9384 318.5017 347.5529 314.7036 
frame00081.jpg 349.4946 182.7570 508.9950 189.7693 505.8883 318.1478 347.3575 314.4782 
frame00082.jpg 349.4131 182.3328 508.3543 189.6456 505.1216 317.4993 346.9591 313.4138 
frame00083.jpg 348.3183 181.3106 506.8367 188.9919 503.2939 316.4460 345.4051 312.3023 
frame00084.jpg 345.5865 179.9117 503.7518 187.9655 500.1053 315.0662 342.7488 310.6631 
frame00085.jpg 344.7214 179.0965 502.5703 187.1991 499.0452 314.1488 341.8373 309.7181 
frame00086.jpg 343.5830 178.1990 501.2398 186.4427 497.5179 313.0393 340.7236 308.7032 
frame00087.jpg 341.7367 177.8574 499.1409 185.9828 495.6411 312.8247 339.1290 308.6543 
frame00088.jpg 339.2807 179.8531 496.6421 188.0692 492.8511 314.8658 336.4923 310.7455 
frame00089.jpg 336.6238 182.4338 493.8246 190.6708 490.5074 317.3701 333.8942 313.6917 
frame00090.jpg 335.2027 184.7425 492.4192 192.3006 489.5703 318.9577 332.8709 315.9961 
frame00091.jpg 333.9381 185.9128 491.2120 192.8634 488.8894 319.6178 331.8374 317.8053 
frame00092.jpg 334.1039 189.2140 491.4149 194.8553 489.6880 321.8494 332.7254 321.3632 
frame00093.jpg 333.5605 195.9504 490.9915 200.2194 490.1073 327.3602 333.0842 328.5531 
frame00094.jpg 335.2993 198.9344 492.7874 201.4956 493.3186 328.4454 336.2202 332.1064 
frame00095.jpg 341.2746 200.7721 498.7378 201.0272 500.9214 328.1306 344.0683 334.3828 
frame00096.jpg 348.2709 201.5612 506.1438 199.5596 509.0392 326.9492 352.0996 335.8011 
frame00097.jpg 354.1555 205.3466 511.9875 201.3091 515.3212 329.0538 358.2167 339.6618 
frame00098.jpg 357.4057 209.6201 515.0532 204.8566 518.6259 332.7075 361.7466 344.4655 
frame00099.jpg 359.5636 210.9907 516.7957 206.1048 520.3832 333.7364 363.4753 345.4205 
frame00100.jpg 361.1485 209.0835 518.3869 204.0705 521.9194 331.1917 365.5542 343.4228 
frame00101.jpg 362.3532 206.7999 519.1003 200.8535 522.8329 328.1428 366.6797 341.2809 
frame00102.jpg 362.3877 206.2549 518.7490 199.5429 522.8835 326.7277 367.1719 340.9439 
frame00103.jpg 361.8755 200.8723 518.1510 195.2575 522.0067 319.1096 366.6198 333.6078 
frame00104.jpg 359.6391 191.3895 515.5531 184.6345 519.3069 310.2374 364.6618 325.4767 
frame00105.jpg 359.1922 185.0729 514.4032 179.8857 517.7426 306.1346 363.5687 319.1019 
frame00106.jpg 361.3624 178.5617 516.3859 176.9402 518.5792 303.1703 365.0198 313.1762 
frame00107.jpg 364.7014 172.4613 519.2209 172.6659 520.4581 298.4661 367.2136 306.6949 
frame00108.jpg 366.5584 166.7300 520.8417 167.6885 521.9061 293.3475 369.1243 301.2198 
frame00109.jpg 368.8953 162.4709 522.9171 163.5370 523.7957 289.5628 371.3146 297.7744 
frame00110.jpg 370.2608 160.5059 523.8934 160.8986 524.7978 286.7719 372.3021 295.6756 
frame00111.jpg 369.0584 159.3851 522.2802 158.9130 523.1769 285.2454 371.4343 295.0817 
frame00112.jpg 366.9011 167.1105 519.6437 169.0432 520.0981 294.5417 368.9178 303.2628 
frame00113.jpg 362.4611 174.2386 514.7891 176.9911 514.7319 302.4413 363.8169 310.9008 
frame00114.jpg 359.9254 183.1918 511.6029 184.5221 512.3926 309.9116 361.7649 318.7908 
frame00115.jpg 361.6039 187.9245 512.7661 186.6893 515.3613 311.7541 365.1657 323.3512 
frame00116.jpg 367.9722 189.0587 518.8470 186.4984 522.2843 311.2989 372.6395 324.7070 
frame00117.jpg 374.0010 190.4507 524.7157 187.0713 528.0025 311.9885 378.5229 325.6477 
frame00118.jpg 377.8876 192.4547 528.3575 189.4429 531.0570 314.3259 382.1056 327.8087 
frame00119.jpg 380.0857 197.6405 530.0314 195.2983 532.4111 320.0475 383.5682 332.6798 
frame00120.jpg 379.9745 203.2042 529.5556 201.2813 531.5118 326.0055 383.1401 338.6194 
frame00121.jpg 379.0610 210.1946 528.1716 208.9636 530.0052 333.3727 381.9604 345.3860 
frame00122.jpg 378.4710 215.5561 527.4529 213.7613 529.6024 338.1360 381.5073 350.7189 
frame00123.jpg 379.2574 218.2843 527.7350 215.4666 530.6451 339.5850 382.5811 353.0336 
frame00124.jpg 381.5579 218.8758 529.8559 214.2619 533.7393 338.1847 386.3605 353.6014 
frame00125.jpg 385.2307 218.6665 533.5871 212.5634 538.3087 336.5706 390.8968 353.7292 
frame00126.jpg 388.0768 218.1213 536.2202 210.4874 541.2457 334.4872 394.1319 352.5103 
frame00127.jpg 389.7159 216.0108 538.2738 208.7040 543.1192 332.9908 395.6964 351.1054 
frame00128.jpg 390.2833 214.8696 538.8108 207.5313 542.9460 331.5037 395.7017 349.7530 
frame00129.jpg 385.4872 213.2632 534.1559 205.3397 538.5747 329.1146 391.3409 348.6251 
frame00130.jpg 383.1265 212.7288 531.6181 203.4561 536.9978 327.4716 390.0548 348.0039 
frame00131.jpg 382.2780 212.2475 530.7224 201.6031 536.6358 325.6594 389.5341 347.2292 
frame00132.jpg 381.6022 211.3813 529.9280 200.0252 536.2286 324.2245 389.1887 346.5344 
frame00133.jpg 381.7508 210.0663 530.0456 199.1333 536.2746 323.3195 389.2335 345.0210 
frame00134.jpg 381.8920 206.8743 530.3105 196.7107 536.1506 320.8356 388.9498 341.8712 
frame00135.jpg 381.7907 202.4747 530.5455 193.2326 535.9782 317.0848 388.7333 337.3299 
frame00136.jpg 381.0427 198.6042 530.0308 189.0526 535.2725 313.2357 387.8630 333.4373 
frame00137.jpg 376.8219 195.2823 526.0417 186.0869 530.7363 310.2798 382.9274 331.1107 
frame00138.jpg 371.4708 192.3725 520.7401 183.2678 525.4442 307.5570 377.8029 328.0706 
frame00139.jpg 367.3292 189.1069 516.6099 180.4504 521.5530 304.9487 373.4523 325.1468 
frame00140.jpg 365.0971 185.3351 514.9216 177.7863 519.6741 302.4299 371.7124 321.7537 
frame00141.jpg 365.4102 181.2811 515.1763 174.2251 519.7205 299.0311 371.4159 317.2441 
frame00142.jpg 366.3154 176.5565 516.2374 169.7090 520.9600 294.7438 373.0086 312.9639 
frame00143.jpg 370.1916 170.7020 519.8672 164.8979 525.9913 288.5204 379.2327 306.9290 
frame00144.jpg 380.7990 163.3110 529.4718 157.3541 537.9019 280.7887 390.0688 300.8080 
frame00145.jpg 391.5309 156.5134 542.0106 148.3698 549.2479 273.1756 399.4765 294.8129 
frame00146.jpg 400.9012 150.9811 551.7952 142.0876 558.1282 268.8607 409.4464 288.9143 
frame00147.jpg 407.8114 148.9111 558.7704 140.3442 564.4160 267.6222 415.5069 286.6414 
frame00148.jpg 411.8004 146.5344 563.2148 138.3660 568.5084 265.7995 419.1402 284.8519 
frame00149.jpg 416.5162 143.4026 568.2806 135.0633 574.0497 261.9417 424.4801 281.3286 
frame00150.jpg 422.3504 136.8911 573.8833 128.3168 579.2805 255.9036 429.6847 274.1721 
frame00151.jpg 424.5592 132.3217 576.7106 125.2906 580.8211 253.6518 430.7176 271.0786 
frame00152.jpg 423.5688 130.7016 575.6389 125.4088 578.3384 254.4026 428.1936 269.9807 
frame00153.jpg 419.9895 130.7840 572.1995 127.0411 574.1102 256.2685 423.8113 270.6785 
frame00154.jpg 417.1759 132.8792 569.2016 130.8105 570.7396 260.1021 420.5775 272.9542 
frame00155.jpg 415.5990 134.1267 567.7059 132.4446 569.4035 261.6827 418.8703 274.4731 
frame00156.jpg 415.2886 134.7465 567.4460 132.7567 569.3058 261.7031 418.7695 274.8843 
frame00157.jpg 414.4398 134.8832 567.2203 132.2689 569.2796 261.5215 418.4859 275.4574 
frame00158.jpg 414.9141 136.8028 567.5920 134.6342 569.4465 264.3670 418.4875 277.4564 
frame00159.jpg 415.0344 139.5652 567.6613 137.9480 569.3441 267.6640 418.4306 280.3829 
frame00160.jpg 414.8574 141.9496 567.7679 140.8462 569.0283 270.7213 417.8217 282.7234 
frame00161.jpg 414.3585 143.9680 567.3181 144.2215 567.8870 274.1830 416.3107 285.2653 
frame00162.jpg 411.7804 145.9336 565.0588 148.0994 564.4566 278.0286 413.0360 287.4185 
frame00163.jpg 407.1839 148.4853 560.4017 152.4928 558.9636 282.2538 408.0191 290.0137 
frame00164.jpg 402.6168 151.6680 555.9685 155.8168 554.4999 285.7207 402.7660 293.5360 
frame00165.jpg 398.5921 155.0749 552.1212 157.5858 551.6746 287.6678 399.4079 296.8235 
frame00166.jpg 398.5897 157.9843 552.5676 159.9049 553.0110 290.1519 401.0467 300.2416 
frame00167.jpg 403.5407 160.8084 558.2593 162.1286 559.0503 292.7070 406.0534 303.3093 
frame00168.jpg 407.4171 163.1865 562.6919 163.2706 564.1245 294.2378 410.1968 305.7724 
frame00169.jpg 410.1988 164.4923 565.9736 163.4106 568.0103 294.5743 413.5837 306.8721 
frame00170.jpg 411.2030 161.5800 568.2545 159.8181 570.5575 290.5678 415.5600 303.3883 
frame00171.jpg 412.5347 156.3971 570.2491 154.4836 572.3807 286.1892 416.0220 298.9795 
frame00172.jpg 412.0809 153.5136 571.0057 151.2472 573.0101 284.3497 415.3816 297.2820 
frame00173.jpg 409.5965 152.6562 569.5954 149.0402 572.1968 282.5508 413.2649 297.0133 
frame00174.jpg 407.3693 150.8301 568.6238 145.4447 572.1721 279.5164 412.0195 295.1609 
frame00175.jpg 407.0351 147.8888 569.9316 141.9643 573.7833 277.7681 412.1019 293.5309 
frame00176.jpg 406.3947 147.0242 570.9598 141.9626 574.0376 278.7987 410.6692 293.7205 
frame00177.jpg 403.3842 145.2539 569.6504 140.5698 572.2661 278.4525 407.6332 292.7801 
frame00178.jpg 398.7514 145.8972 566.7838 141.4437 569.1234 280.4902 402.8014 294.6941 
frame00179.jpg 393.8443 148.2855 563.4300 142.8607 566.2965 282.7725 398.6518 297.6840 
frame00180.jpg 390.8992 151.5462 561.9203 144.7074 565.7397 285.5458 396.0763 301.5291 
frame00181.jpg 388.3197 155.5638 560.8444 147.2231 565.1399 289.0109 394.0762 306.0378 
frame00182.jpg 384.1956 158.5905 558.4020 151.4203 561.7595 294.1038 389.4538 310.1438 
frame00183.jpg 377.0587 161.2912 552.5184 156.6644 554.3542 299.9098 380.6151 313.5465 
frame00184.jpg 367.0708 163.4303 542.9513 161.0655 543.5596 304.9078 368.9700 316.4174 
frame00185.jpg 356.3390 165.6717 533.9412 164.0259 534.3792 308.3190 358.5753 318.7401 
frame00186.jpg 349.1737 167.4108 527.8360 167.5125 527.5515 312.5132 350.3529 320.6927 
frame00187.jpg 342.6075 169.0341 522.2705 170.0383 521.8033 315.4321 343.6369 322.7393 
frame00188.jpg 336.5291 168.8727 517.5307 169.8226 516.7736 314.6850 337.2535 322.0175 
frame00189.jpg 330.6423 166.6141 512.4310 165.5487 512.8585 311.3902 332.0857 320.4092 
frame00190.jpg 324.9413 164.7130 507.9553 162.1516 508.7650 307.8484 327.4323 318.0139 
frame00191.jpg 320.0081 160.5974 503.4759 156.9039 504.8052 303.8887 322.7483 314.5681 
frame00192.jpg 314.4771 158.5818 499.0411 153.9820 500.7105 301.2816 317.7596 313.0146 
frame00193.jpg 308.7601 156.4175 494.1004 150.6078 496.3304 298.6781 312.8937 311.2689 
frame00194.jpg 303.9823 154.6065 489.8006 148.1091 492.4035 296.5761 308.0183 309.6919 
frame00195.jpg 299.0492 152.4002 485.6922 144.4058 488.9302 293.0481 303.9259 307.3380 
frame00196.jpg 294.3893 151.0870 481.7414 141.4115 485.8406 291.0756 300.6969 307.0677 
frame00197.jpg 289.9562 151.3653 478.2306 140.8208 482.3385 291.3387 295.6565 307.9152 
frame00198.jpg 283.4370 152.8240 472.7538 141.4783 477.3918 293.2448 290.3116 310.5971 
frame00199.jpg 278.9745 155.9457 469.1628 144.0760 474.2300 296.5981 285.7849 314.2021 
frame00200.jpg 276.5651 157.0141 467.8764 144.7805 473.3596 297.8297 283.5839 315.7994 
frame00201.jpg 275.0115 159.5350 467.3766 145.5171 473.6835 299.6470 283.0707 319.1274 
frame00202.jpg 274.0107 161.4536 467.5201 146.5846 474.3064 301.7649 282.2321 321.9356 
frame00203.jpg 273.4058 164.2329 468.1452 148.8583 475.2536 304.8899 282.0569 325.6816 
frame00204.jpg 272.7283 164.5965 468.8513 148.4088 476.3959 305.2487 281.9991 326.8462 
frame00205.jpg 272.6758 164.6351 470.3006 148.8929 477.7000 307.2897 281.7483 328.3149 
frame00206.jpg 272.8500 164.9211 471.7997 150.4423 478.7471 309.8469 281.0065 329.8948 
frame00207.jpg 272.6140 165.5246 473.0791 150.2096 480.2428 310.7636 281.1083 331.4969 
frame00208.jpg 272.5055 165.8267 474.6800 150.5068 481.8571 312.5438 281.2981 333.1239 
frame00209.jpg 272.2071 166.6015 476.1331 150.7810 483.5441 314.0919 281.0533 335.1063 
frame00210.jpg 271.5599 167.4238 477.3173 150.3366 485.1616 315.1290 280.8472 337.6093 
frame00211.jpg 269.6220 169.1255 477.2602 150.8148 485.1396 317.1395 279.1467 340.7456 
frame00212.jpg 262.9392 171.8030 473.2151 152.5209 480.7947 320.1789 273.6998 345.5653 
frame00213.jpg 257.6059 182.4140 468.8744 163.5692 477.1523 333.1425 268.2354 357.6945 
frame00214.jpg 254.7764 188.8435 467.3870 169.2255 476.3500 339.7616 265.3574 364.9864 
frame00215.jpg 253.7528 192.7435 467.8361 172.7851 477.1506 344.1374 264.5441 369.8441 
frame00216.jpg 253.8185 193.7371 469.2727 173.6719 478.6354 346.0070 264.5390 371.6345 
frame00217.jpg 253.9616 193.3018 470.8370 173.9119 479.7436 347.4269 264.2114 372.1402 
frame00218.jpg 253.7576 193.0356 472.0681 174.1531 480.6600 348.8197 263.4843 373.1808 
frame00219.jpg 250.4574 194.6334 470.5190 176.0051 478.4455 352.3507 259.5778 377.0508 
frame00220.jpg 245.8006 198.6715 467.3380 180.5911 475.2862 358.2971 255.2781 382.6517 
frame00221.jpg 241.3525 204.0463 464.2144 186.0455 472.1273 364.3522 250.4050 389.1259 
frame00222.jpg 237.4703 210.1768 461.2465 191.0125 469.9081 370.4437 247.0786 396.0780 
frame00223.jpg 235.1624 213.8513 459.9021 194.8940 468.9330 374.7325 244.8749 400.1903 
frame00224.jpg 233.6200 217.4029 459.3407 197.3052 469.0529 378.0403 243.7602 405.1444 
frame00225.jpg 232.7683 221.7904 459.1912 200.2486 469.5742 381.4996 243.5929 409.6934 
frame00226.jpg 231.8769 224.3561 458.8940 201.9610 469.6391 383.4100 243.1496 412.4271 
frame00227.jpg 230.9413 224.7382 458.4701 202.1225 469.2387 383.6557 242.2321 412.5891 
frame00228.jpg 230.0539 222.7275 458.3163 201.1509 468.8497 383.1671 240.7988 411.3285 
frame00229.jpg 229.4176 219.3601 458.5993 199.2573 468.4369 381.3851 239.8497 407.9427 
frame00230.jpg 227.5052 215.1695 457.5174 194.7797 466.8936 377.6876 237.4920 404.6637 
frame00231.jpg 221.7267 213.1954 452.4353 192.2081 461.5696 375.7036 231.4434 403.5110 
frame00232.jpg 216.5662 211.3923 447.9237 190.6613 457.5216 374.6941 226.5737 402.3354 
frame00233.jpg 213.6513 210.0298 445.5616 189.0412 455.5779 373.1100 224.5258 400.9629 
frame00234.jpg 210.8927 207.0618 443.2788 185.5239 453.4632 370.1164 221.8959 398.7337 
frame00235.jpg 207.3650 206.7803 440.3668 184.2391 450.6326 369.3346 218.5772 399.1081 
frame00236.jpg 202.1893 207.1081 435.5924 183.3966 446.5434 368.7360 213.9308 400.0748 
frame00237.jpg 198.2356 206.4249 432.0634 182.6523 443.1515 368.1302 210.0431 399.3895 
frame00238.jpg 195.3420 203.1834 429.5722 180.5340 440.2661 366.2352 206.5808 396.2762 
frame00239.jpg 192.8199 199.4454 427.6349 178.0835 437.8788 364.0110 203.7184 392.5067 
frame00240.jpg 190.3721 194.5190 426.0005 174.2355 435.7692 360.7901 201.0033 388.3964 
frame00241.jpg 191.5197 191.7128 427.5514 172.5800 437.9190 360.2759 202.9826 386.2422 
frame00242.jpg 195.6862 190.9757 432.0480 173.0841 441.4741 361.7094 206.2846 385.6040 
frame00243.jpg 200.4773 192.3631 436.9282 174.7590 446.4958 363.9591 211.1430 387.3150 
frame00244.jpg 208.4010 195.2208 444.8856 176.8313 455.8899 366.1139 220.4339 390.5025 
frame00245.jpg 219.6704 195.3496 456.8373 176.5848 466.8251 366.1760 230.6891 388.6263 
frame00246.jpg 226.9099 191.6299 464.0178 173.4440 473.1187 363.6549 237.0367 384.9663 
frame00247.jpg 229.7298 190.3397 467.0837 173.7137 474.6328 365.1301 238.2021 384.2681 
frame00248.jpg 230.8792 188.9852 468.6897 175.4834 475.2682 367.3574 238.2120 383.3542 
frame00249.jpg 235.3848 188.0097 473.5097 176.8893 479.7140 369.3202 242.2598 382.6767 
frame00250.jpg 242.6148 188.6278 481.0840 178.0631 487.3017 371.1454 249.8092 383.3764 
frame00251.jpg 250.3345 187.8322 489.0410 178.7305 494.2617 371.7412 256.0980 382.1469 
frame00252.jpg 256.0317 184.9370 495.0706 175.9129 499.4773 369.2578 261.0056 378.7843 
frame00253.jpg 259.5628 181.2440 498.7689 173.4428 502.0039 367.1843 263.5481 375.0732 
frame00254.jpg 261.3413 177.8391 500.7542 171.4786 503.2784 365.6992 264.7056 372.3746 
frame00255.jpg 263.5166 175.3040 503.0710 170.6734 504.7420 365.3271 266.1399 369.3928 
frame00256.jpg 266.3040 173.4462 505.7440 170.1360 507.0803 365.0226 268.6328 367.4802 
frame00257.jpg 270.3663 172.3396 509.8215 169.5501 510.9979 364.5695 272.6360 366.2703 
frame00258.jpg 273.9615 171.9882 513.3412 168.9879 514.2576 364.2201 276.1443 365.7625 
frame00259.jpg 275.7698 172.0735 514.9653 168.8581 515.3244 364.2194 277.4331 365.6737 
frame00260.jpg 275.2153 171.8213 514.2792 168.8214 514.3188 363.9374 276.4115 365.1840 
frame00261.jpg 274.0023 171.5460 512.9194 168.2566 513.2517 363.2956 275.6025 364.9853 
frame00262.jpg 274.2633 172.5280 512.9322 168.3750 514.1086 363.6904 276.6103 365.7722 
frame00263.jpg 276.0880 172.9289 514.6300 168.9601 515.6692 364.1410 278.2744 365.9012 
frame00264.jpg 277.3889 172.7763 515.9168 168.7970 516.8217 363.8098 279.8236 365.4100 
frame00265.jpg 278.5601 172.4104 517.0665 168.5449 517.8992 363.5248 280.9503 365.0164 
frame00266.jpg 279.3508 172.4920 517.6949 168.6081 518.4831 363.6261 281.2331 365.3214 
frame00267.jpg 279.9949 172.8195 518.2043 169.0135 518.8456 364.1671 281.9101 365.3417 
frame00268.jpg 280.1652 172.1178 518.7014 169.1733 518.9026 364.4341 281.5453 364.7575 
frame00269.jpg 280.2271 170.7817 519.1854 169.1778 518.7557 364.5226 281.1715 363.8960 
frame00270.jpg 280.4359 170.0042 519.5687 169.2972 518.6892 364.7661 280.9453 363.2262 
frame00271.jpg 280.4705 169.8115 519.9382 169.1141 519.0267 364.6215 281.3596 363.3819 
frame00272.jpg 280.5520 169.6698 520.1076 168.6397 519.5552 364.1832 281.2888 363.5599 
frame00273.jpg 280.5105 169.5798 520.2422 167.8636 519.9803 363.4980 281.6916 363.5247 
frame00274.jpg 280.3492 168.5518 520.2562 167.1384 519.8686 362.7369 281.3404 362.8533 
frame00275.jpg 280.4475 167.1228 520.3525 166.2681 519.5894 361.9533 281.0990 361.3582 
frame00276.jpg 280.3468 165.7547 520.1924 165.7289 518.9740 361.5522 280.2139 359.8542 
frame00277.jpg 279.5518 164.6492 519.6339 165.4857 517.8158 361.2202 279.0232 358.8758 
frame00278.jpg 277.0337 164.4837 517.3845 165.4276 515.5058 361.0731 276.7205 358.9909 
frame00279.jpg 274.2448 165.3438 514.5225 165.4626 513.1904 361.2159 274.1530 360.0816 
frame00280.jpg 272.3122 166.8167 512.1032 166.0330 511.2981 361.5435 272.4448 360.9551 
frame00281.jpg 270.5640 166.9075 509.9103 165.7383 508.9835 360.8976 270.5014 360.6261 
frame00282.jpg 266.3120 165.8209 505.5696 165.1172 504.0275 359.7579 265.8430 359.6199 
frame00283.jpg 261.3874 164.1196 500.1395 164.4105 498.0240 358.6922 260.4798 357.5974 
frame00284.jpg 255.9368 161.0082 494.2756 163.8853 491.0997 357.7302 254.1026 354.2557 
frame00285.jpg 250.0751 159.8311 488.2701 163.0595 485.2314 356.6122 248.4150 353.2727 
frame00286.jpg 245.7757 159.2815 483.7046 162.4086 481.2898 355.6876 244.6105 352.7164 
frame00287.jpg 242.5279 159.4805 480.2993 161.7726 478.2130 355.0352 241.7234 352.9362 
frame00288.jpg 239.1851 159.7940 476.7078 161.5988 474.6281 354.6941 238.2575 352.8466 
frame00289.jpg 235.2493 159.0754 472.8862 161.5389 470.6826 354.4590 234.4517 352.4505 
frame00290.jpg 232.0404 159.4615 469.4509 161.5758 467.7549 354.5203 231.5709 352.9564 
frame00291.jpg 229.6505 160.4317 466.9547 162.7400 465.2199 355.5711 229.1264 354.1208 
frame00292.jpg 227.5895 161.9613 464.6305 164.7161 462.8418 357.7119 226.9131 355.5522 
frame00293.jpg 226.6732 163.7891 463.3720 166.8130 461.7006 359.3200 226.0441 356.8675 
frame00294.jpg 226.9745 166.4728 463.1863 168.9797 462.1408 361.4612 226.5575 359.4000 
frame00295.jpg 230.0666 168.5247 465.8459 171.2995 465.2024 363.5168 229.7140 360.7359 
frame00296.jpg 235.1873 169.4043 470.6493 173.4314 469.5054 365.5785 234.2258 361.4866 
frame00297.jpg 240.1940 172.6632 474.9904 177.9159 473.2873 370.4295 238.0797 364.9806 
frame00298.jpg 244.6327 175.3944 479.0594 182.1373 476.6534 374.1948 241.4885 367.2504 
frame00299.jpg 249.6953 178.5991 483.9244 186.1404 481.4738 378.1129 246.6245 370.0041 
frame00300.jpg 255.9820 180.6793 490.1888 187.9746 488.1998 379.7841 253.5585 371.5063 
frame00301.jpg 264.4253 181.7941 498.9539 189.2538 496.6753 381.3669 262.3243 372.0273 
frame00302.jpg 272.9721 181.9028 507.7054 190.9881 504.6396 383.3529 269.9492 372.3365 
frame00303.jpg 280.4425 182.4095 515.2279 192.1422 511.5223 384.6623 276.9446 372.5441 
frame00304.jpg 286.8479 182.8013 521.9339 193.1186 517.9460 385.9411 282.9001 373.2558 
frame00305.jpg 293.6688 183.6189 529.1992 194.2874 525.0591 387.5813 289.8771 374.0916 
frame00306.jpg 300.6540 183.9183 536.5276 195.4990 531.9419 389.1338 296.2970 374.6933 
frame00307.jpg 307.2235 184.2898 543.4254 196.4690 538.4307 390.3330 302.5350 374.9653 
frame00308.jpg 313.0973 184.0352 549.5594 196.8046 543.9362 390.8517 307.6537 374.8234 
frame00309.jpg 317.8443 183.8326 554.5972 195.8371 549.4769 390.0459 313.0739 374.7144 
frame00310.jpg 323.6446 182.5053 560.6406 194.7243 555.1180 388.9919 318.4677 373.0593 
frame00311.jpg 327.6848 180.5322 564.8234 192.9571 558.6494 387.6153 321.9286 371.2979 
frame00312.jpg 329.8860 179.7632 567.1935 192.4133 560.5317 387.5549 323.5935 370.8271 
frame00313.jpg 330.4150 179.6021 567.8903 192.5853 560.5959 387.7666 323.6758 370.7700 
frame00314.jpg 329.5463 180.1731 567.3466 192.5072 560.6627 388.0171 323.4747 371.7981 
frame00315.jpg 330.3599 181.2673 568.2831 193.0476 561.7278 388.6869 324.4694 372.5844 
frame00316.jpg 329.9005 181.8420 567.8190 192.9518 561.5118 388.5524 323.6934 373.7839 
frame00317.jpg 327.7246 182.2761 565.8141 192.9473 559.1878 388.6878 321.1566 374.2314 
frame00318.jpg 324.1430 182.8996 561.9967 193.2880 555.3225 388.7628 317.6531 374.7666 
frame00319.jpg 319.4522 183.2666 557.0478 193.8262 550.0185 388.7177 312.9032 374.9073 
frame00320.jpg 313.6526 182.9801 551.2234 193.7614 544.2777 388.5641 306.8755 375.2040 
frame00321.jpg 308.4456 182.7790 546.0931 193.3888 539.3486 388.0529 301.8810 375.0928 
frame00322.jpg 302.9913 182.1564 540.5498 192.8285 533.7095 387.3867 296.1797 374.7827 
frame00323.jpg 296.3755 180.6025 534.1404 192.0336 526.7006 386.4128 289.0322 373.3917 
frame00324.jpg 288.9832 178.7083 526.7186 190.9529 519.0806 385.2410 281.4318 371.6216 
frame00325.jpg 283.5072 177.1503 521.4924 189.4809 514.5036 383.6316 276.8423 370.1725 
frame00326.jpg 280.4517 174.9378 518.5122 186.8505 512.2372 380.6825 274.1385 368.1219 
frame00327.jpg 277.8951 172.1841 516.2212 182.5154 510.4273 375.9024 272.4872 364.8851 
frame00328.jpg 273.9482 169.0259 512.3638 177.2523 507.0013 371.2593 269.0915 362.0692 
frame00329.jpg 269.2132 167.4273 507.7121 174.3926 503.0321 368.3032 264.9622 360.3182 
frame00330.jpg 264.5452 164.2465 503.0485 170.6753 498.5535 364.3896 260.3741 357.1301 
frame00331.jpg 259.3071 161.0471 497.8110 166.7445 493.2475 360.5999 255.0369 353.9419 
frame00332.jpg 251.3996 157.5934 490.0946 163.1319 485.1730 357.1667 246.9060 351.0815 
frame00333.jpg 242.9118 155.6793 482.0245 160.3698 477.7729 354.6463 239.0356 349.6572 
frame00334.jpg 235.6040 152.5247 475.2861 156.3770 471.5177 350.4845 232.4308 346.5840 
frame00335.jpg 227.8553 149.6132 468.3084 153.1254 464.6522 347.8196 225.0764 344.8628 
frame00336.jpg 219.6264 147.4411 460.5287 149.7962 457.5667 344.7270 217.3220 342.9523 
frame00337.jpg 212.3905 144.1245 454.0258 146.9112 451.1740 342.4192 210.3013 340.4101 
frame00338.jpg 206.7056 141.5843 449.3262 143.9119 447.1119 339.9066 205.7606 338.5255 
frame00339.jpg 204.2600 137.9295 447.6645 139.7480 446.4353 336.1204 204.2841 335.6905 
frame00340.jpg 201.5680 136.2047 445.7537 136.1042 444.8278 333.5294 201.6779 335.1935 
frame00341.jpg 196.9142 136.8295 442.0185 134.5301 441.8804 332.9198 197.8053 336.4910 
frame00342.jpg 193.4690 134.4183 439.2398 133.2778 438.9140 332.0489 194.2034 334.7088 
frame00343.jpg 191.5119 132.2709 438.2030 132.2584 438.0000 331.7791 192.4006 333.4277 
frame00344.jpg 191.5073 131.4456 438.9802 131.3475 439.2673 331.4458 192.9545 332.9653 
frame00345.jpg 194.7568 130.0138 442.6623 130.9783 443.0672 331.6578 196.1358 331.8854 
frame00346.jpg 199.0580 129.9374 447.6278 130.8066 448.0539 332.3653 200.7110 332.8105 
frame00347.jpg 203.7013 132.2568 452.7192 133.5947 453.1447 335.9600 205.2306 336.1801 
frame00348.jpg 208.6117 134.4552 458.1924 136.2217 458.5295 338.6399 210.2980 338.3829 
frame00349.jpg 216.1747 134.8208 465.9606 137.3034 466.8666 339.8120 218.2765 339.0268 
frame00350.jpg 227.5043 135.5987 477.5526 137.9962 478.6082 341.1171 229.9515 339.5827 
frame00351.jpg 239.3426 136.1324 489.2495 139.4622 489.2428 342.5540 240.9924 339.7365 
frame00352.jpg 249.5377 136.5835 499.2414 140.6937 498.7354 343.9323 250.6072 340.0175 
frame00353.jpg 259.5187 139.0317 508.6636 141.9155 508.6988 345.1267 260.7592 342.2152 
frame00354.jpg 271.1737 142.1533 519.9781 142.7725 521.1682 345.7697 273.8037 344.4770 
frame00355.jpg 282.4630 146.1844 530.5859 143.8971 532.5786 346.6271 285.8255 347.6895 
frame00356.jpg 292.8886 150.7938 540.1800 146.2009 542.5866 349.3485 296.8935 351.8470 
frame00357.jpg 301.0262 158.2796 547.2347 153.0208 549.1896 355.7745 304.3450 358.5160 
frame00358.jpg 304.4887 168.4079 549.6670 161.8837 551.5199 364.3080 308.0435 368.3781 
frame00359.jpg 306.0224 180.8096 549.8127 174.1539 551.6420 375.8011 309.0811 379.8860 
frame00360.jpg 306.0451 191.4924 548.5500 183.3544 551.1182 383.3453 309.2377 388.9707 
frame00361.jpg 306.4812 199.2961 547.8406 189.0279 552.0008 388.0099 310.7573 395.6841 
frame00362.jpg 308.5109 203.4604 549.2807 191.8005 554.3906 389.9495 313.8956 399.1679 
frame00363.jpg 311.0023 207.7542 551.2626 194.7160 556.9681 392.6007 316.6589 402.6661 
frame00364.jpg 313.6325 209.7941 553.3854 196.0485 559.3238 393.4837 319.3238 403.9329 
frame00365.jpg 315.5363 211.4185 555.0511 198.3522 560.4004 395.8276 320.5699 405.6671 
frame00366.jpg 316.4280 214.4607 555.4517 201.7957 560.6043 398.9198 320.8936 408.4460 
frame00367.jpg 316.7605 216.4081 555.4844 204.1557 560.6190 400.5638 321.2199 409.4093 
frame00368.jpg 318.1236 215.7760 556.5093 203.8788 561.8136 399.6980 322.7556 408.2827 
frame00369.jpg 319.8689 215.1092 558.2287 202.5855 563.6675 398.3973 325.1575 407.4161 
frame00370.jpg 322.3037 214.8462 560.4013 203.2442 565.5003 398.9408 327.2380 406.8662 
frame00371.jpg 325.6633 216.4392 563.3445 204.7689 568.8138 400.6858 330.8445 408.4488 
frame00372.jpg 330.8363 218.1021 568.3648 207.6896 573.5948 403.2549 336.0731 409.7677 
frame00373.jpg 336.4803 218.5981 573.9500 208.7650 579.2519 403.5497 341.6346 410.0526 
frame00374.jpg 343.8385 217.9261 581.1142 208.9641 586.2963 403.6935 348.8503 409.3099 
frame00375.jpg 352.7442 215.6991 589.6890 209.6709 593.2784 404.4538 356.1796 406.2169 
frame00376.jpg 360.4156 213.5484 597.1350 209.3676 599.1823 404.0883 362.6736 402.7642 
frame00377.jpg 367.0548 210.5359 604.0481 208.9478 605.1619 403.8074 367.9743 400.3974 
frame00378.jpg 373.4927 207.6397 611.4482 207.6096 611.5828 402.3052 374.0987 397.5018 
frame00379.jpg 378.8468 203.1699 617.1605 203.0455 616.7600 397.8842 378.7917 392.1629 
frame00380.jpg 383.0416 197.6580 621.7585 199.8926 619.6667 395.6290 381.0934 387.2475 
frame00381.jpg 383.4478 193.9746 623.1021 198.0307 619.6351 393.2343 380.2895 383.9644 
frame00382.jpg 381.3771 192.2580 621.6327 195.8320 617.6677 392.7470 378.0260 383.6703 
frame00383.jpg 380.6369 189.0968 621.8746 193.5060 618.6912 387.3263 377.4921 379.6099 
frame00384.jpg 382.5355 182.2033 622.8174 183.5096 621.5358 381.2014 377.4931 373.0772 
frame00385.jpg 383.7519 179.2934 624.1338 179.1490 622.6678 379.0804 377.7141 370.1150 
frame00386.jpg 382.1807 174.2504 621.9303 172.9939 622.2449 374.5946 375.5433 366.3042 
frame00387.jpg 377.7156 174.5534 620.6009 176.8248 618.8779 379.3924 372.5445 369.4573 
frame00388.jpg 373.1777 176.1332 616.6677 178.8940 612.1523 382.4335 363.7586 372.2764 
frame00389.jpg 365.3977 178.3387 611.2590 181.3418 608.3417 384.7021 357.5063 376.7994 
frame00390.jpg 361.4554 178.3005 609.2999 181.0023 604.2083 383.0435 354.2903 375.5089 
frame00391.jpg 358.6919 173.4150 607.0704 176.5060 603.3560 382.9144 349.4110 372.4545 
frame00392.jpg 356.6901 172.3854 606.2819 176.7914 601.3786 384.0269 350.3709 373.1175 
frame00393.jpg 353.6957 171.5162 604.3491 175.0264 601.2458 381.9152 346.6149 374.0150 
frame00394.jpg 354.9988 171.1577 606.6962 172.4937 605.6344 381.6180 348.6223 375.3526 
frame00395.jpg 355.0966 169.9304 609.3983 170.3138 608.3538 380.3186 350.0963 375.1964 
frame00396.jpg 357.7643 168.9341 612.4206 170.5147 609.5847 379.6087 350.6836 375.0455 
frame00397.jpg 357.6956 169.3326 611.7291 169.4847 611.0562 378.7405 351.0930 374.9155 
frame00398.jpg 359.3807 169.4149 615.1127 169.2501 615.1100 381.6365 352.5178 376.4530 
frame00399.jpg 365.4279 170.1935 619.9102 170.0491 621.2892 382.6519 359.6156 377.7316 
frame00400.jpg 374.4379 170.4416 632.5203 171.0589 633.2531 383.2924 370.4141 378.4526 
frame00401.jpg 384.4760 168.3555 644.2569 168.3020 643.0038 382.1794 376.2905 375.0085 
frame00402.jpg 393.2853 164.2808 648.8268 163.0774 650.0099 376.7652 385.4685 369.8793 
frame00403.jpg 397.0447 162.7287 653.8658 158.2822 653.0849 373.7153 387.0404 367.1729 
frame00404.jpg 393.9620 161.3190 653.5914 156.7601 653.1194 371.8648 386.5587 367.3763 
frame00405.jpg 392.8348 162.9576 651.8911 156.3599 651.4941 373.7573 381.6732 367.5458 
frame00406.jpg 388.3227 159.4220 647.4846 156.8652 645.8725 371.9907 378.5486 366.6748 
frame00407.jpg 383.8425 161.0207 643.8032 155.4702 645.7507 372.2529 374.8851 366.9637 
frame00408.jpg 383.8315 163.7721 651.3243 149.2790 670.9434 383.1992 370.2908 363.5854 
frame00409.jpg 374.6261 151.8493 634.4089 150.0573 631.6987 361.9505 371.1352 358.8588 
frame00410.jpg 368.6920 148.7115 628.9120 146.8484 624.3123 359.3748 366.0968 355.4516 
frame00411.jpg 360.0163 145.5000 619.9275 145.2431 615.1492 357.8561 357.1964 353.0064 
frame00412.jpg 352.1182 144.1898 611.8682 144.4201 607.1592 356.7804 349.4447 351.9886 
frame00413.jpg 346.2231 143.3072 605.8440 143.9052 602.2637 355.9492 344.5709 351.3045 
frame00414.jpg 343.9960 143.4892 603.8639 143.0845 601.4387 355.0333 343.9163 351.7755 
frame00415.jpg 343.1780 144.8114 603.0244 141.8032 601.9158 353.8585 344.2444 352.8351 
frame00416.jpg 344.3306 145.5309 603.9553 142.5685 602.6826 354.8266 345.6781 353.2502 
frame00417.jpg 343.8478 145.6116 602.9556 143.6144 600.6068 355.3381 343.8920 352.9745 
frame00418.jpg 342.6359 145.5682 601.0027 143.8528 598.8697 355.1582 342.4925 352.5243 
