frame ulx uly urx ury lrx lry llx lly
frame00001.jpg 236.0005 176.0010 462.9998 179.9993 462.0005 405.0018 236.9995 400.9980 
frame00002.jpg 236.2640 175.4809 463.1969 179.4999 462.3413 404.5215 237.1619 400.3862 
frame00003.jpg 236.1673 175.3603 463.3423 179.3305 462.1269 404.4955 237.3306 400.4908 
frame00004.jpg 236.3893 175.1811 463.5159 178.9882 462.4349 404.3174 237.1991 400.2425 
frame00005.jpg 236.3233 174.4909 463.5240 178.4659 462.3938 403.6671 237.3564 399.7627 
frame00006.jpg 236.3929 173.9609 463.5915 177.8911 462.4710 403.2232 237.3568 399.1588 
frame00007.jpg 236.0230 173.3251 463.4874 177.3896 462.4979 402.6927 237.2267 398.5687 
frame00008.jpg 235.9027 172.4212 463.5853 176.7653 462.4003 402.2179 237.2594 397.9943 
frame00009.jpg 235.5610 171.7128 463.7548 176.0264 462.2797 401.6263 237.2432 397.4712 
frame00010.jpg 235.4980 171.1923 463.6077 175.4614 462.4929 401.1940 236.9828 396.9076 
frame00011.jpg 235.1387 170.5835 463.7109 174.9770 462.0300 400.6656 236.6951 396.3810 
frame00012.jpg 234.6617 170.1084 463.3400 174.6086 461.5363 400.5889 236.0854 396.1885 
frame00013.jpg 234.2032 169.8027 462.7966 174.5316 461.3424 400.5707 235.5799 395.8859 
frame00014.jpg 233.4820 169.5489 462.3315 174.2999 460.7676 400.4813 234.9357 395.9131 
frame00015.jpg 232.6009 169.2854 461.7670 174.2508 460.0873 400.5349 234.0447 395.9581 
frame00016.jpg 231.4644 169.4252 460.7871 174.4246 459.0826 400.5938 232.8925 396.2806 
frame00017.jpg 230.3672 169.5834 459.7383 174.7256 458.1261 400.8760 231.7931 396.5278 
frame00018.jpg 229.3263 170.0316 458.5222 175.1575 456.8888 401.5809 230.4878 397.0480 
frame00019.jpg 228.0028 170.6590 457.3748 175.8806 455.5016 402.2834 229.3103 397.8493 
frame00020.jpg 226.9410 171.6104 456.2142 177.0265 454.5130 403.4113 228.0337 399.0669 
frame00021.jpg 225.7565 173.2796 455.1408 178.8385 453.3546 404.8291 226.8425 400.6672 
frame00022.jpg 224.3955 175.0873 453.6145 180.8552 452.4073 406.5942 225.1920 402.8107 
frame00023.jpg 222.5758 176.9924 452.3568 183.0719 450.4175 408.7090 223.2979 404.9863 
frame00024.jpg 220.6759 178.8415 450.5764 185.3667 448.8382 411.1161 220.8696 407.6020 
frame00025.jpg 218.8054 181.9321 448.5397 188.5875 446.7630 413.7453 218.7605 410.2511 
frame00026.jpg 216.0682 183.8512 446.4573 190.7771 444.5481 416.2556 216.1311 412.9581 
frame00027.jpg 213.5361 185.9582 444.2400 193.2433 442.3751 418.7079 213.2801 415.4542 
frame00028.jpg 210.5083 188.1049 441.7404 195.5005 439.8511 421.2773 209.9838 418.1714 
frame00029.jpg 206.9060 190.9330 439.1693 198.3795 436.8276 425.2838 206.5343 421.7838 
frame00030.jpg 203.4591 193.0585 436.5076 200.8352 434.0910 428.4367 202.1588 425.2063 
frame00031.jpg 198.6070 194.9464 433.0532 203.2913 430.9803 431.3743 197.9110 428.2093 
frame00032.jpg 194.5734 196.9035 430.1723 205.5314 428.0054 434.7757 193.8701 431.5643 
frame00033.jpg 190.5883 198.5475 427.4552 207.6667 424.7358 437.4757 189.6360 434.3763 
frame00034.jpg 186.7500 199.9818 424.5253 209.5505 421.7268 440.0262 185.4670 436.7997 
frame00035.jpg 182.6530 201.0636 421.7601 211.2048 418.9728 442.3153 181.4679 439.1626 
frame00036.jpg 178.6568 201.7757 419.1881 212.7051 416.2706 444.1053 177.9326 441.1552 
frame00037.jpg 175.3041 202.5716 417.1442 214.3305 413.8653 446.2060 174.0980 443.4932 
frame00038.jpg 170.6792 202.5242 414.7708 214.7064 410.6551 448.0192 169.0511 445.0440 
frame00039.jpg 166.5437 203.3503 412.0222 215.7250 408.2089 450.2447 164.7771 447.0957 
frame00040.jpg 162.7805 203.5047 409.7066 216.2536 405.9066 451.9742 160.6973 449.2338 
frame00041.jpg 159.9658 204.1113 407.5973 218.2918 404.1586 452.4740 158.1086 449.4486 
frame00042.jpg 158.6526 204.5754 406.8749 217.6441 403.6630 454.8381 155.9034 453.7775 
frame00043.jpg 157.4159 205.3152 405.9659 218.6772 403.7388 455.1329 155.1305 455.4575 
frame00044.jpg 157.4767 205.4121 406.3717 218.7225 404.8182 456.2242 155.3441 457.5109 
frame00045.jpg 158.3216 205.2992 408.3546 218.1730 406.7466 455.8828 157.0048 458.4919 
frame00046.jpg 160.1478 204.9672 411.2169 217.5202 409.3346 455.2343 159.6123 458.7964 
frame00047.jpg 163.2352 203.7367 415.2082 215.6825 413.4568 454.8445 162.4315 459.5841 
frame00048.jpg 166.8733 202.5967 420.1335 213.8124 418.1030 453.2816 167.0435 458.6045 
frame00049.jpg 171.6947 200.8799 424.6904 212.3231 423.3428 451.3927 171.9472 458.2664 
frame00050.jpg 177.4626 198.4774 430.0629 210.0078 429.1753 448.5509 178.4687 457.1064 
frame00051.jpg 184.5027 196.3372 436.5218 207.5198 435.9476 446.1012 185.7510 455.4938 
frame00052.jpg 191.9612 194.3575 442.7769 205.3992 443.0719 443.2752 193.4816 454.4889 
frame00053.jpg 199.4422 192.8674 449.2065 203.3091 450.3931 440.9520 200.8542 453.4570 
frame00054.jpg 206.8032 191.0128 456.6112 202.0205 457.0004 438.6153 208.7655 452.4764 
frame00055.jpg 213.0125 188.1953 461.6808 198.5155 462.8648 435.9807 214.9882 450.8418 
frame00056.jpg 219.1603 186.7086 466.3276 196.0820 468.3218 433.3760 221.7641 449.1258 
frame00057.jpg 224.7746 185.0488 470.9091 194.3085 472.5295 430.7479 227.4355 448.0138 
frame00058.jpg 228.8117 182.3062 474.5805 191.5826 475.8998 427.9663 232.3621 446.2529 
frame00059.jpg 232.8531 180.1318 477.5258 189.1436 478.4838 425.3547 235.9227 445.0016 
frame00060.jpg 235.8266 178.5998 478.8265 187.6896 480.3696 422.9171 238.8122 443.9193 
frame00061.jpg 238.0992 177.0577 480.0103 185.8480 481.2335 420.8060 241.1997 442.5221 
frame00062.jpg 239.7951 175.5383 480.3855 184.1229 481.7101 418.2545 242.9410 440.7731 
frame00063.jpg 240.0964 173.9065 480.0607 181.9845 481.2011 415.5768 244.5444 438.9091 
frame00064.jpg 240.2604 171.8694 479.2051 180.0462 480.3759 413.0800 244.5289 437.9209 
frame00065.jpg 239.4450 170.1918 477.2630 178.3618 478.2261 410.3127 243.8027 436.2887 
frame00066.jpg 237.6770 169.1922 474.5715 177.2622 475.5121 408.4971 242.6723 435.3481 
frame00067.jpg 235.1719 168.5234 470.9767 176.3513 472.1490 406.7835 239.8031 434.8920 
frame00068.jpg 231.9167 169.1650 466.7178 176.3594 468.2932 405.7798 236.4971 435.1354 
frame00069.jpg 228.3299 170.1221 461.9450 176.9822 463.9359 405.1419 232.5057 435.9916 
frame00070.jpg 223.9215 171.2733 457.6983 177.2742 459.2334 405.6034 228.9497 437.5155 
frame00071.jpg 219.6152 173.4692 452.5817 178.6537 455.0789 405.9540 224.8017 439.5957 
frame00072.jpg 214.9236 175.3307 447.6617 179.7615 450.8309 407.1020 220.4812 442.4507 
frame00073.jpg 210.4577 178.3922 443.3384 181.4879 446.8800 408.4715 217.0039 445.2294 
frame00074.jpg 206.5184 180.5159 439.4455 181.9936 443.6374 409.3848 213.7119 448.2360 
frame00075.jpg 203.4286 183.8680 436.2779 183.6761 441.8202 410.6882 211.6364 451.8528 
frame00076.jpg 200.7363 186.7561 434.2737 184.3880 440.8635 411.7690 210.3844 455.2050 
frame00077.jpg 200.4122 190.3074 433.8305 185.7398 441.4951 413.0843 211.8228 459.1548 
frame00078.jpg 202.2115 193.8587 436.2886 185.9894 444.1448 413.7708 216.6984 461.5099 
frame00079.jpg 209.2578 199.6983 439.5060 187.9285 448.8395 413.8510 223.2429 464.2282 
frame00080.jpg 217.5155 205.0630 448.7990 187.6925 461.5412 414.0226 237.7285 465.8269 
frame00081.jpg 232.0939 209.6182 459.3547 187.7073 471.7912 414.8874 251.4649 468.8787 
frame00082.jpg 230.4766 210.8117 462.4558 190.0390 473.9521 414.9891 251.6540 476.9707 
frame00083.jpg 228.3775 207.0364 468.6345 190.4391 482.2040 418.9999 248.1349 486.2232 
frame00084.jpg 228.8843 202.9862 491.4279 184.0561 464.7395 414.7745 235.9841 481.6534 
frame00085.jpg 190.3480 196.4439 472.0958 189.0976 489.0097 421.1151 260.8053 490.3547 
frame00086.jpg 191.2062 195.0336 487.7996 189.1259 504.5141 423.8288 235.8978 515.0624 
frame00087.jpg 199.7045 209.5190 498.9486 179.5862 518.7570 418.1729 242.6208 501.9728 
frame00088.jpg 201.4155 213.7124 507.1645 174.7618 523.8334 414.6450 248.7819 498.5551 
frame00089.jpg 203.7622 210.5991 518.7723 167.9470 516.6381 409.1805 247.8973 497.5699 
frame00090.jpg 200.4597 210.5391 524.4812 161.5958 509.8205 403.5689 247.2588 493.0397 
frame00091.jpg 176.9045 195.2280 518.0701 160.2437 495.6620 392.6873 253.2622 499.0699 
frame00092.jpg 157.7929 181.8438 509.3714 166.5066 482.5777 394.8367 255.0762 504.4989 
frame00093.jpg 180.2704 181.6178 497.1601 160.7531 470.5544 401.2481 251.5051 505.5497 
frame00094.jpg 153.1525 187.0832 485.5308 161.4637 488.3141 381.2560 254.0862 529.2119 
frame00095.jpg 130.1026 186.6547 492.7714 156.0146 488.1406 365.3304 253.2687 518.1641 
frame00096.jpg 149.6745 212.6661 492.5408 155.5606 526.4650 358.1211 236.0531 550.9757 
frame00097.jpg 187.3840 212.3564 470.6703 163.5045 513.4453 366.5989 215.0090 593.9039 
frame00098.jpg 184.3599 208.4840 458.2411 162.5976 501.0418 371.6358 217.0655 567.6607 
frame00099.jpg 189.4887 205.7641 451.4383 158.1781 487.8796 374.9189 248.6228 488.6419 
frame00100.jpg 203.7435 219.0595 444.3104 153.3698 481.4800 380.7331 249.1114 470.6584 
frame00101.jpg 196.6751 214.7107 438.8488 154.8135 472.9573 383.4259 239.1401 467.5700 
frame00102.jpg 193.3732 210.0507 436.7863 155.9548 468.0187 386.5225 231.7647 464.2681 
frame00103.jpg 193.1780 204.0074 438.3701 157.1283 466.1226 389.1698 226.9834 459.4759 
frame00104.jpg 195.4904 197.7287 442.4689 158.0521 466.2994 392.2693 224.8741 454.8386 
frame00105.jpg 200.6704 192.1691 449.0939 159.9140 468.8022 396.5090 225.6469 450.3257 
frame00106.jpg 207.2791 189.3612 456.1014 164.2523 472.2994 401.6529 227.6579 446.2698 
frame00107.jpg 215.5719 188.5635 463.7609 170.3411 476.6362 409.0359 230.9453 445.3606 
frame00108.jpg 222.5238 191.1437 471.6963 179.1660 480.3707 418.8330 233.6823 447.3061 
frame00109.jpg 228.4261 195.9937 477.2472 189.0976 482.4870 430.2479 235.1537 451.5898 
frame00110.jpg 231.0000 201.2922 480.4492 200.0059 482.6526 440.8575 234.5323 456.2731 
frame00111.jpg 231.7350 206.8133 482.1525 209.3183 481.5376 452.2760 232.6790 463.0197 
frame00112.jpg 231.3092 213.9395 481.9948 220.0681 479.1913 464.1716 229.5768 470.1707 
frame00113.jpg 228.0848 222.6986 478.9089 231.6995 474.8194 477.7480 223.5534 479.2364 
frame00114.jpg 221.7534 231.2230 473.9561 242.7633 468.2821 490.1537 215.2787 488.0891 
frame00115.jpg 216.3917 238.4839 471.2461 251.8831 461.5890 500.3549 208.4598 495.9351 
frame00116.jpg 208.5074 247.6714 461.6810 265.2423 454.4194 512.9033 199.0002 506.7781 
frame00117.jpg 201.8589 256.9294 455.3412 275.8347 447.2608 524.0742 190.6385 516.3019 
frame00118.jpg 194.9111 264.6332 450.0061 284.9627 440.3496 534.2164 183.7806 523.9240 
frame00119.jpg 188.9225 270.5088 446.7516 290.0276 433.8357 541.9982 177.8174 529.7687 
frame00120.jpg 183.5635 276.1739 439.6742 297.2943 428.7301 547.8098 171.7850 534.5248 
frame00121.jpg 178.7788 278.2511 435.1528 300.0160 424.0960 550.5121 167.0861 536.3450 
frame00122.jpg 175.1480 278.2659 431.1700 300.1780 420.2281 550.0938 163.3427 535.5219 
frame00123.jpg 172.4297 275.0584 428.4874 296.8846 417.5625 545.9089 161.2433 531.3177 
frame00124.jpg 170.4194 269.3809 427.0663 290.7548 416.2126 539.8614 159.7041 525.1695 
frame00125.jpg 168.6135 260.1609 426.3634 281.1481 414.9480 530.7160 159.0606 516.5274 
frame00126.jpg 167.3571 247.3764 426.2424 269.5025 413.3256 520.6854 158.3708 505.7847 
frame00127.jpg 165.4035 234.2587 424.2974 256.3928 413.5710 505.5333 157.9220 492.0134 
frame00128.jpg 162.8656 219.4276 423.5946 241.0801 414.7046 490.7800 158.2628 477.2442 
frame00129.jpg 161.3485 204.8421 423.0235 225.8674 414.9197 475.9690 157.7272 462.9834 
frame00130.jpg 159.4623 192.1532 422.0090 209.3985 415.3243 459.6950 156.9640 450.0611 
frame00131.jpg 157.9219 178.3056 420.3258 194.5555 414.6984 443.7315 157.1326 435.3817 
frame00132.jpg 155.5674 164.5854 418.2555 179.5988 413.3796 428.0795 155.9290 420.7491 
frame00133.jpg 153.5295 151.2053 415.3830 163.6583 412.1358 411.7470 155.4390 407.0950 
frame00134.jpg 152.3441 139.2954 411.9028 149.7287 409.7802 397.0341 154.8462 394.4414 
frame00135.jpg 149.2687 128.0936 407.6538 136.8555 406.8182 383.5213 152.2681 382.4707 
frame00136.jpg 143.3213 116.1248 402.3481 124.5559 403.1565 371.3225 147.7363 370.9639 
frame00137.jpg 138.3824 106.0576 397.2795 113.2356 398.2748 360.2829 144.2997 361.2399 
frame00138.jpg 135.2640 99.6706 392.6934 106.5957 394.0402 351.7634 141.8888 353.8645 
frame00139.jpg 131.1464 93.4732 388.7848 100.7194 390.7308 345.2365 139.8456 348.4557 
frame00140.jpg 129.6430 89.0306 385.8889 96.0383 388.0551 338.4099 138.2602 341.6863 
frame00141.jpg 131.1026 84.8070 385.6933 91.9228 388.2009 333.7748 138.4772 336.5267 
frame00142.jpg 135.0147 80.6846 388.3275 88.6762 390.3378 329.1693 142.0937 331.7599 
frame00143.jpg 141.7769 78.2349 391.9671 87.6518 394.1526 326.0723 147.9357 328.6095 
frame00144.jpg 155.1459 80.8243 401.6319 91.1197 404.7539 325.9391 161.8964 328.7923 
frame00145.jpg 171.6621 83.7474 415.7417 95.0356 417.2423 326.3759 178.8236 329.2606 
frame00146.jpg 165.9124 114.4171 404.2523 115.3205 435.4776 331.2191 148.5425 332.4803 
frame00147.jpg 183.5287 120.3953 419.3081 110.2338 440.8747 343.5658 170.9684 330.3563 
frame00148.jpg 194.4706 133.7065 431.6946 113.6610 441.8594 348.4253 160.9640 326.3820 
frame00149.jpg 203.6249 146.3605 451.1300 124.4562 453.1717 356.5778 155.1478 326.8373 
frame00150.jpg 212.9037 162.5560 446.0467 121.8712 473.5089 378.1736 192.4017 309.5195 
frame00151.jpg 226.5488 182.5899 433.3954 120.9980 469.1636 381.1850 225.9925 303.9341 
frame00152.jpg 213.8310 175.9392 431.6331 141.5033 444.0127 363.1427 221.0435 309.1172 
frame00153.jpg 194.3761 152.8019 436.4703 147.3233 435.9673 361.9087 220.7495 308.4776 
frame00154.jpg 168.7746 117.3232 438.0623 156.2335 421.9980 355.5169 211.4823 309.9303 
frame00155.jpg 165.4230 118.9709 440.4065 150.8340 420.4935 355.0478 213.5009 313.7469 
frame00156.jpg 143.3886 116.1035 428.3707 140.4645 418.7583 354.7415 207.4266 324.1484 
frame00157.jpg 166.2689 136.3539 422.1566 131.8462 425.7784 362.4198 208.0589 327.7446 
frame00158.jpg 149.2728 135.8674 433.2216 127.3610 435.4673 359.8138 196.2459 343.0677 
frame00159.jpg 143.2580 132.0934 432.6103 122.6257 430.3312 356.1692 199.9275 347.8555 
frame00160.jpg 145.8560 141.9646 428.5753 105.6256 432.0263 355.3321 215.8561 347.3891 
frame00161.jpg 147.7920 147.4362 431.3558 102.5370 433.4813 355.1881 215.7567 346.8029 
frame00162.jpg 159.5695 151.6237 444.2987 67.2069 435.0513 361.9335 225.9148 343.5855 
frame00163.jpg 139.8309 147.9005 433.0616 67.9429 439.4609 363.6097 227.4017 350.2768 
frame00164.jpg 31.7480 80.6468 439.7544 39.1387 418.0242 356.2743 231.2374 365.8194 
frame00165.jpg 17.6501 95.9867 534.3693 -168.8181 428.2162 359.6230 238.8134 347.4782 
frame00166.jpg -12.4530 89.4120 661.7067 -375.7610 426.6863 355.3817 238.7721 348.0334 
frame00167.jpg -76.9054 26.6682 964.6747 -1162.6899 411.1563 355.2441 243.3560 346.8798 
frame00168.jpg -682.9601 -368.3765 -445.8018 2277.1421 403.7281 353.2862 246.7602 354.5633 
frame00169.jpg 1098.2660 793.8389 112.3723 839.3155 395.3036 350.1713 250.0643 361.1818 
frame00170.jpg 824.8345 586.7710 175.9362 695.9008 397.3038 345.8490 250.8263 358.9215 
frame00171.jpg 784.1055 567.0894 180.3416 667.3146 394.0043 346.8272 248.6186 360.1759 
frame00172.jpg 680.2905 506.5336 256.6599 521.7490 398.3116 350.4221 264.7101 350.6614 
frame00173.jpg 730.8528 527.8088 254.2041 485.4141 394.2877 349.7946 262.2095 344.6448 
frame00174.jpg 875.5463 618.2900 258.1365 474.6192 400.0820 362.4679 262.1558 346.3676 
frame00175.jpg 853.6472 637.5112 255.6881 478.2559 397.2615 369.9315 261.1032 349.5569 
frame00176.jpg 1012.4061 786.6322 248.3815 500.7748 399.8333 385.0838 257.6301 356.2371 
frame00177.jpg 732.5641 573.7254 250.5935 497.4960 392.6189 380.0439 256.4921 366.2359 
frame00178.jpg 763.5580 524.3558 237.0251 530.2428 404.2881 374.8908 249.8088 377.0510 
frame00179.jpg 850.9590 555.4704 230.6363 554.3615 411.5500 378.1398 246.3468 379.5665 
frame00180.jpg 725.2703 493.1891 224.7224 570.0975 417.0372 378.0486 241.6586 383.9325 
frame00181.jpg 724.0554 487.7097 220.9822 573.8634 417.4794 377.2355 239.9923 384.5285 
frame00182.jpg 699.4612 477.5181 195.4267 577.7507 410.2284 378.4261 228.6047 386.7636 
frame00183.jpg 670.6432 474.5623 166.1809 604.3877 405.4246 381.4231 218.8896 390.1018 
frame00184.jpg 637.1310 460.0138 127.0800 631.6823 396.9467 383.4068 206.5078 399.7479 
frame00185.jpg 608.4113 440.9562 76.9422 670.9030 393.1706 382.5102 189.8794 408.9045 
frame00186.jpg 583.7525 422.6902 38.7368 676.3057 391.0239 379.1502 176.5823 411.2827 
frame00187.jpg 552.6649 412.6536 77.6398 584.6508 385.3077 375.0386 181.9944 396.4792 
frame00188.jpg 519.4106 387.4958 82.3419 535.4105 385.5048 363.3254 175.6091 384.7234 
frame00189.jpg 521.9357 381.6922 59.2618 562.2600 388.7582 362.7769 166.4543 393.7064 
frame00190.jpg 521.9446 365.6911 59.8326 597.5876 396.8470 357.4945 168.9178 407.7753 
frame00191.jpg 521.5734 360.3868 40.0827 623.3906 397.2264 355.3081 162.3736 414.7008 
frame00192.jpg 529.6074 347.1503 64.4526 598.2257 398.2878 347.5870 168.1267 413.0077 
frame00193.jpg 517.8560 337.1330 43.3061 649.2802 399.9438 344.7097 160.1389 431.2612 
frame00194.jpg 493.9366 323.4105 61.4725 620.5361 395.3497 337.0200 157.1547 435.5259 
frame00195.jpg 491.5908 323.5096 61.3304 621.8559 394.8932 337.1917 156.6131 436.6426 
frame00196.jpg 484.2942 324.5654 53.6881 655.3122 394.8090 339.3477 152.3162 450.2718 
frame00197.jpg 472.6262 333.6213 105.9428 608.3401 394.5540 345.7694 166.2197 448.1894 
frame00198.jpg 471.8503 334.8474 148.9537 560.6667 396.7740 347.0491 181.5450 440.4986 
frame00199.jpg 469.6957 334.3735 182.8656 531.7468 399.0991 346.9520 197.8282 435.6159 
frame00200.jpg 457.5770 336.7182 209.7246 535.1963 400.4732 349.8290 211.2675 448.0714 
frame00201.jpg 453.4489 333.9738 225.0391 527.2559 401.9720 348.0249 220.1419 450.3165 
frame00202.jpg 449.1157 331.7248 253.0427 535.0645 408.0800 345.5941 237.2384 460.8369 
frame00203.jpg 449.4067 326.5193 272.8763 510.4166 412.1450 339.7610 250.2568 450.4646 
frame00204.jpg 442.2617 324.2589 289.2888 482.5824 410.8701 337.0629 263.1625 442.2363 
frame00205.jpg 438.4385 334.2574 293.0109 475.6312 409.2835 344.1189 266.4937 436.7814 
frame00206.jpg 443.4326 328.5240 309.0620 463.5155 414.2968 340.0876 281.4149 432.6495 
frame00207.jpg 440.7748 333.8267 325.4128 462.6735 415.4182 344.8461 296.8696 436.0381 
frame00208.jpg 435.7810 326.8304 333.8146 456.6557 413.3572 340.5311 308.0310 440.2480 
frame00209.jpg 429.7024 326.0406 338.7422 447.5789 409.4306 340.0258 315.7424 436.1728 
frame00210.jpg 432.7516 321.6682 343.1436 457.2141 412.8316 337.1628 318.2903 445.9567 
frame00211.jpg 440.3434 311.9565 354.4575 472.9984 420.2841 329.9998 324.9244 459.6794 
frame00212.jpg 447.4871 305.7612 362.5054 490.9294 426.9616 325.9314 328.3142 475.2201 
frame00213.jpg 451.4295 301.4432 366.4786 493.6810 430.3691 322.5588 330.1986 477.5606 
frame00214.jpg 453.3668 298.7962 368.6330 494.8084 431.9825 320.5243 331.2583 478.5544 
frame00215.jpg 460.5122 291.4427 378.8230 495.1042 438.4349 314.0005 336.7938 477.3867 
frame00216.jpg 470.0154 284.2756 400.6856 516.9277 449.1231 307.1404 346.5355 495.6397 
frame00217.jpg 474.5498 282.5226 411.9310 530.7509 454.0520 305.3622 350.3997 506.6945 
frame00218.jpg 475.3285 280.7151 414.6701 505.6735 455.2069 302.5238 353.9173 490.1695 
frame00219.jpg 468.5493 279.8257 409.1599 477.5182 451.1086 299.9034 357.5911 474.9868 
frame00220.jpg 466.1621 280.7036 404.7254 471.2491 449.3432 300.4561 356.8055 472.3256 
frame00221.jpg 456.8268 286.2499 393.1494 440.2710 440.6769 304.2614 355.2841 444.9910 
frame00222.jpg 457.5453 284.0074 393.6890 441.3852 441.3628 302.5770 355.2173 447.5968 
frame00223.jpg 459.5784 284.1621 394.2008 443.7483 442.7099 303.4706 355.5036 449.5782 
frame00224.jpg 466.2736 285.2792 394.1671 436.2744 447.1863 303.5224 352.4583 438.0450 
frame00225.jpg 481.4782 280.9916 395.7550 427.7498 457.8380 299.6586 348.6240 426.9002 
frame00226.jpg 490.2527 279.4564 407.5577 423.2003 467.6129 297.6214 360.0389 425.0788 
frame00227.jpg 495.1190 275.4858 409.0139 421.4891 471.2803 294.4286 360.2190 423.7023 
frame00228.jpg 489.9854 272.8265 403.1901 414.0082 466.3486 291.7336 356.7570 417.4871 
frame00229.jpg 479.3889 272.0539 394.1062 397.3126 456.0092 290.9362 354.8670 402.7275 
frame00230.jpg 477.3898 272.0201 393.3561 395.5616 454.3427 290.7878 354.8549 401.2841 
frame00231.jpg 468.3946 266.0500 390.9881 385.4057 446.6842 285.4965 355.8081 393.7344 
frame00232.jpg 460.8381 262.8091 388.8215 381.0827 440.3971 283.8455 359.0008 391.4937 
frame00233.jpg 450.6111 268.6462 384.2471 378.6804 432.4902 289.2078 360.6964 389.8584 
frame00234.jpg 449.8374 269.9699 383.3401 377.4519 431.7397 290.3698 360.6647 388.4836 
frame00235.jpg 450.4302 271.3137 383.4976 375.1282 432.2926 291.4485 361.8646 386.0078 
frame00236.jpg 451.9604 271.7876 378.1177 371.3838 432.4233 291.5206 356.9670 381.6560 
frame00237.jpg 454.4143 271.4385 374.9030 369.0678 433.5928 290.9615 353.7216 378.7067 
frame00238.jpg 456.6565 268.7698 374.3289 369.0855 435.2425 288.8471 352.7556 379.0792 
frame00239.jpg 459.6928 268.8395 383.1894 369.4261 440.3934 288.2624 361.9874 380.5206 
frame00240.jpg 460.2334 269.3253 388.9810 369.9395 442.6339 288.1418 368.0945 381.8138 
frame00241.jpg 460.0753 272.1325 393.1222 368.9510 443.8493 289.9636 373.4662 380.7407 
frame00242.jpg 459.4322 272.7145 393.2211 369.2076 443.4897 290.4010 373.7911 381.0723 
frame00243.jpg 456.9806 275.0432 392.2195 368.3347 441.4986 292.2087 373.8347 379.7200 
frame00244.jpg 454.9519 276.9099 389.8232 367.9347 439.3992 293.8333 372.1652 378.7101 
frame00245.jpg 452.7661 280.0994 388.2554 367.4182 437.3630 296.5577 371.7240 377.3993 
frame00246.jpg 449.6763 282.2925 387.9416 367.3992 435.1224 298.3589 372.6597 377.2408 
frame00247.jpg 446.0390 283.2236 385.8515 366.5151 431.9705 299.0089 371.4323 376.1877 
frame00248.jpg 441.4282 282.7820 384.7779 365.7628 428.3070 298.4391 371.2595 375.5778 
frame00249.jpg 439.8360 282.8344 385.1311 365.0577 427.1793 298.3308 372.0372 374.8423 
frame00250.jpg 437.6208 283.0199 386.5836 363.0658 425.7481 298.2512 374.4464 372.6776 
frame00251.jpg 437.2886 287.1481 385.9397 359.7192 425.2422 301.3367 374.5258 368.2102 
frame00252.jpg 438.1146 291.1261 386.6742 357.1963 426.1117 304.1323 375.7719 364.7886 
frame00253.jpg 439.0921 297.0721 382.6456 354.4627 425.7827 308.5797 371.6429 360.4502 
frame00254.jpg 438.7532 298.1398 379.7409 352.5618 424.7574 309.1569 368.6478 358.0127 
frame00255.jpg 437.3586 297.2552 379.2093 350.4774 423.5014 308.2280 368.6479 355.8870 
frame00256.jpg 434.7258 297.3994 382.0148 349.0175 422.2113 308.1504 372.5611 354.5441 
frame00257.jpg 433.2981 297.5709 382.2202 349.0364 421.2091 308.2720 373.0567 354.5910 
frame00258.jpg 426.7293 292.7410 378.6696 345.9785 415.2388 304.1497 370.4523 351.8767 
frame00259.jpg 419.2146 293.5275 372.3936 346.4656 407.5636 305.5643 365.1085 352.1036 
frame00260.jpg 416.6182 291.4664 372.3969 346.4940 405.5475 304.0923 365.5901 352.3560 
frame00261.jpg 414.9838 284.4698 372.4914 345.2141 404.3399 298.4675 365.9528 351.8008 
frame00262.jpg 412.9772 280.9393 371.7534 346.1798 402.3225 296.5021 365.6249 353.0378 
frame00263.jpg 412.8502 280.8378 371.6115 346.3076 402.1718 296.4922 365.5005 353.1768 
frame00264.jpg 411.4627 281.2084 371.0288 347.6374 400.8537 297.3314 365.1493 354.4919 
frame00265.jpg 409.6783 279.5760 371.0609 350.4203 399.2739 297.3138 365.6215 357.5900 
frame00266.jpg 408.5223 280.0049 370.2049 351.1118 398.1023 298.0109 364.9049 358.2112 
frame00267.jpg 406.7514 277.0645 368.6118 352.2733 396.1284 296.6626 363.5557 359.5520 
frame00268.jpg 405.8660 275.7505 368.3406 353.2130 395.3412 296.0892 363.4133 360.6411 
frame00269.jpg 405.3345 275.6623 368.0703 353.7727 394.8484 296.2433 363.2010 361.2234 
frame00270.jpg 403.6828 274.4252 367.5549 355.1094 393.4248 295.8740 362.8751 362.7131 
frame00271.jpg 402.8613 273.1836 368.7118 356.6787 393.1071 295.4751 364.2690 364.5174 
frame00272.jpg 401.3039 271.5859 369.1525 358.0528 392.0608 294.7710 364.9521 366.1179 
frame00273.jpg 397.9871 267.1623 369.5588 359.0041 389.7605 291.7557 365.7175 367.5766 
frame00274.jpg 395.5957 263.1743 368.7678 357.1993 387.8259 288.2015 365.0052 366.0884 
frame00275.jpg 393.5932 259.8996 366.9892 354.5102 385.8934 285.0143 363.2058 363.5256 
frame00276.jpg 391.7158 254.1334 358.2101 346.5017 382.1342 278.7216 353.7283 355.2884 
frame00277.jpg 392.1341 250.3957 353.4873 342.7229 381.0876 275.2389 348.5800 351.4552 
frame00278.jpg 395.0034 246.3001 351.4090 339.4644 382.5225 271.6221 346.0887 348.2473 
frame00279.jpg 398.8359 242.1346 348.8173 334.2269 384.3350 267.7239 343.0436 342.7789 
frame00280.jpg 402.9388 239.0607 347.6860 330.8131 386.5800 265.2900 341.6342 339.1584 
frame00281.jpg 403.7464 238.4454 347.6849 330.1898 387.1289 264.7242 341.5703 338.5326 
frame00282.jpg 408.3177 234.0526 347.4291 327.0758 389.7433 261.6290 341.1390 335.2805 
frame00283.jpg 408.3111 233.4132 347.6487 326.8026 389.7719 261.1609 341.3991 335.0348 
frame00284.jpg 408.3029 233.1411 348.4417 327.1262 389.9594 261.1443 342.2884 335.3957 
frame00285.jpg 407.9511 232.9474 348.3803 327.2037 389.6910 261.0396 342.2570 335.4966 
frame00286.jpg 407.5503 232.7841 348.2555 327.3321 389.3589 260.9857 342.1639 335.6410 
frame00287.jpg 407.2594 232.2663 348.2666 327.4016 389.1586 260.6460 342.2039 335.7652 
frame00288.jpg 407.0384 231.6532 348.3748 327.4153 389.0507 260.2003 342.3368 335.8479 
frame00289.jpg 406.9352 231.1507 348.4738 327.4732 389.0109 259.8658 342.4572 335.9598 
frame00290.jpg 406.8208 230.6669 348.2387 327.5047 388.8257 259.5956 342.2305 336.0128 
frame00291.jpg 406.9583 230.2710 348.3626 327.5534 388.9451 259.3588 342.3619 336.0926 
frame00292.jpg 407.5840 229.1725 349.6693 328.4259 389.6832 259.0300 343.7985 337.0693 
frame00293.jpg 411.1278 226.8969 353.7368 329.7704 393.1232 258.3537 348.0802 338.5251 
frame00294.jpg 415.4446 225.8459 357.1346 329.1169 397.0223 257.6800 351.4776 337.8036 
frame00295.jpg 416.8864 224.3783 358.9646 328.5070 398.5901 256.4801 353.3477 337.2775 
frame00296.jpg 417.2222 224.3636 359.3734 328.4540 398.9541 256.4454 353.7618 337.2258 
frame00297.jpg 417.9684 224.7716 360.2746 328.4168 399.7490 256.7200 354.6820 337.1499 
frame00298.jpg 421.9514 222.8113 362.9103 327.3173 403.2047 255.2464 357.2789 336.0393 
frame00299.jpg 426.3102 214.4108 363.7479 326.6166 405.8344 250.4243 358.1561 335.5063 
frame00300.jpg 426.9797 211.1026 364.1482 326.6095 406.1824 248.6257 358.6513 335.5913 
frame00301.jpg 425.9784 199.8778 369.3765 324.6767 407.1908 240.5624 364.4462 334.3815 
frame00302.jpg 423.2182 194.2632 370.7988 324.0075 405.7371 236.7632 366.2517 334.0572 
frame00303.jpg 422.5645 194.0957 370.5535 324.1140 405.2105 236.7053 366.0429 334.1786 
frame00304.jpg 419.0664 193.6320 369.6412 324.4201 402.5573 236.5036 365.3338 334.5410 
frame00305.jpg 413.9388 192.4492 368.6830 322.5619 399.0273 234.4417 364.6004 332.8966 
frame00306.jpg 412.5031 191.7048 368.4679 322.0215 398.0617 233.5444 364.4512 332.4663 
frame00307.jpg 411.8384 191.2347 368.1659 321.9655 397.5203 233.1869 364.1750 332.4529 
frame00308.jpg 411.6382 190.5675 367.8789 321.9352 397.2617 232.8148 363.8926 332.4408 
frame00309.jpg 412.1099 190.0376 368.0371 321.6173 397.6319 232.3561 364.0252 332.1436 
frame00310.jpg 412.6112 189.2962 368.2456 321.4059 398.0232 231.8333 364.2163 331.9604 
frame00311.jpg 413.0645 188.6875 368.4229 321.0681 398.3901 231.3065 364.3701 331.6504 
frame00312.jpg 413.5205 188.1108 368.5179 320.8536 398.7276 230.8540 364.4370 331.4650 
frame00313.jpg 413.8685 187.7082 368.5779 320.6716 398.9778 230.5369 364.4750 331.2975 
frame00314.jpg 413.9938 187.2267 368.5114 320.4946 399.0389 230.1596 364.3929 331.1445 
frame00315.jpg 414.2174 186.9903 368.4922 320.2181 399.1888 229.8957 364.3508 330.8720 
frame00316.jpg 414.2946 186.7808 368.4536 320.0602 399.2359 229.6807 364.2988 330.7274 
frame00317.jpg 414.2170 186.5755 368.3207 319.8787 399.1458 229.4672 364.1588 330.5546 
frame00318.jpg 414.1530 186.2958 368.0209 319.7335 398.9964 229.2570 363.8432 330.4095 
frame00319.jpg 413.8792 186.2110 367.7950 319.4539 398.7703 229.0173 363.6077 330.1512 
frame00320.jpg 413.5456 186.0873 367.4791 319.2667 398.4543 228.8379 363.2878 329.9725 
frame00321.jpg 413.2541 185.7515 367.1544 319.1354 398.1550 228.5613 362.9605 329.8600 
frame00322.jpg 412.9438 185.4315 366.9832 318.9678 397.9058 228.2438 362.7944 329.7226 
frame00323.jpg 412.7406 185.2309 366.6464 318.7821 397.6558 228.0603 362.4495 329.5323 
frame00324.jpg 412.3874 184.9454 366.2994 318.5853 397.3116 227.7836 362.1008 329.3499 
frame00325.jpg 412.2129 184.5697 365.8606 318.3331 397.0512 227.4497 361.6404 329.1063 
frame00326.jpg 411.9395 184.5455 366.0406 318.1614 396.9405 227.3278 361.8495 328.9425 
frame00327.jpg 411.7843 184.5225 365.6481 317.8851 396.7239 227.1807 361.4316 328.6606 
frame00328.jpg 411.7587 184.4037 365.1455 317.6771 396.5352 227.0601 360.8935 328.4327 
frame00329.jpg 411.4969 184.4724 364.7256 317.5245 396.2303 227.0339 360.4563 328.2699 
frame00330.jpg 410.8643 184.1858 364.4729 317.2054 395.7405 226.6765 360.2249 327.9735 
frame00331.jpg 410.7810 184.1474 364.6108 316.8315 395.7470 226.4743 360.3705 327.5976 
frame00332.jpg 410.2217 184.0713 364.4705 316.5948 395.3332 226.3111 360.2574 327.3633 
frame00333.jpg 410.2949 184.0022 364.6171 316.1596 395.4410 226.0901 360.4025 326.9140 
frame00334.jpg 409.7422 184.3502 364.5342 315.6647 395.0770 226.0519 360.3375 326.3983 
frame00335.jpg 409.8885 183.9763 364.1270 315.4461 395.0117 225.8298 359.9003 326.1518 
frame00336.jpg 409.6749 184.0781 363.7585 315.1945 394.7538 225.8023 359.5148 325.8788 
frame00337.jpg 409.3042 184.0361 363.5395 314.8984 394.4434 225.6463 359.3033 325.5767 
frame00338.jpg 409.0615 183.8168 363.5776 314.7238 394.2942 225.4305 359.3630 325.4112 
frame00339.jpg 409.2616 183.4562 363.7204 314.7164 394.4689 225.2048 359.5059 325.4230 
frame00340.jpg 410.4551 181.9299 364.3796 313.9690 395.5215 223.8496 360.1144 324.7670 
frame00341.jpg 410.4613 181.9623 364.3633 313.8728 395.5405 223.7855 360.0883 324.6835 
frame00342.jpg 409.2016 183.0506 360.0655 312.4943 393.2946 224.1307 355.5381 323.0787 
frame00343.jpg 399.9327 186.4219 353.0127 308.5948 384.7797 225.0375 348.6293 318.6341 
frame00344.jpg 397.8873 188.3049 350.9564 305.9163 382.8111 225.2649 346.5232 315.6734 
frame00345.jpg 396.9093 188.7469 350.4461 305.3756 382.0177 225.3050 346.0337 315.0941 
frame00346.jpg 391.4503 190.7664 348.3475 303.6931 377.6716 226.0192 344.1728 313.2244 
frame00347.jpg 395.9241 186.8533 354.5112 300.6690 382.5592 222.6941 350.5268 310.1558 
frame00348.jpg 404.0829 175.5131 356.8877 297.7283 388.4973 215.0253 352.6022 307.4731 
frame00349.jpg 421.7180 164.3774 359.4017 297.4260 399.5729 210.8956 354.5307 306.7121 
frame00350.jpg 424.5443 162.9822 359.5844 297.9923 401.1149 210.9262 354.6494 307.1712 
frame00351.jpg 425.2638 162.0610 360.1183 297.9533 401.6674 210.5264 355.2037 307.1247 
frame00352.jpg 428.0832 156.8015 364.1016 297.0855 404.3582 208.0215 359.4498 306.1737 
frame00353.jpg 433.0187 153.3477 366.7471 297.1665 408.0514 206.7404 362.0763 306.2242 
frame00354.jpg 434.1145 153.2231 366.8878 297.0903 408.7337 206.7574 362.1737 306.1141 
frame00355.jpg 434.3939 152.9445 367.0533 296.9250 408.9519 206.5611 362.3384 305.9436 
frame00356.jpg 434.7912 152.1289 367.3209 296.9510 409.2403 206.1887 362.6163 305.9851 
frame00357.jpg 435.7518 151.9425 367.5176 296.9850 409.8581 206.2059 362.7823 305.9979 
frame00358.jpg 436.0825 151.7417 367.5855 296.9231 410.0645 206.1103 362.8409 305.9282 
frame00359.jpg 436.4260 151.8317 367.7108 296.8299 410.3031 206.1810 362.9604 305.8088 
frame00360.jpg 436.8556 152.0401 368.1012 296.7956 410.7310 206.2726 363.3463 305.7655 
frame00361.jpg 437.0692 151.7163 368.0627 296.6862 410.8198 206.0947 363.3029 305.6504 
frame00362.jpg 437.2745 151.3616 368.1237 296.7040 410.9442 205.9369 363.3641 305.6745 
frame00363.jpg 437.2022 151.0868 368.2730 296.7405 410.9441 205.8039 363.5316 305.7236 
frame00364.jpg 437.1657 150.8703 368.3497 296.7393 410.9453 205.6786 363.6168 305.7329 
frame00365.jpg 437.1437 150.6860 368.4969 296.5009 411.0310 205.3829 363.7628 305.5176 
frame00366.jpg 436.8206 150.6751 368.6664 296.3034 410.9425 205.1972 363.9493 305.3373 
frame00367.jpg 436.3171 150.7063 368.8928 296.0380 410.7794 204.9740 364.2018 305.0937 
frame00368.jpg 436.1382 150.3168 368.8408 295.8373 410.6582 204.6338 364.1556 304.9102 
frame00369.jpg 436.1600 149.6556 368.6139 295.7301 410.5618 204.2345 363.9217 304.8210 
frame00370.jpg 436.0999 148.9217 368.4091 295.6260 410.4271 203.7816 363.7156 304.7419 
frame00371.jpg 435.5769 148.4065 368.3366 295.4804 410.0827 203.3843 363.6699 304.6239 
frame00372.jpg 434.9019 148.1957 368.3131 295.3650 409.6791 203.1496 363.6800 304.5309 
frame00373.jpg 434.2912 148.2443 368.4512 295.1656 409.4138 202.9618 363.8467 304.3575 
frame00374.jpg 434.3246 147.6398 368.4802 295.0634 409.4325 202.5751 363.8804 304.2783 
frame00375.jpg 434.5864 146.9908 368.3214 295.1299 409.4760 202.3295 363.7137 304.3503 
frame00376.jpg 434.1829 146.8676 368.4718 295.0912 409.2916 202.2115 363.8958 304.3239 
frame00377.jpg 434.2815 147.1247 369.5389 294.7305 409.8135 202.1033 365.0114 303.9572 
frame00378.jpg 434.7946 146.9429 369.4828 294.7620 410.0638 202.1142 364.9347 303.9683 
frame00379.jpg 434.7245 147.1967 369.7146 294.6489 410.1208 202.1992 365.1817 303.8412 
frame00380.jpg 435.0511 147.0609 369.9978 294.6033 410.4209 202.1208 365.4657 303.7941 
frame00381.jpg 435.2013 146.7787 370.4468 294.6124 410.6860 201.9418 365.9338 303.8234 
frame00382.jpg 435.2977 146.4296 370.8561 294.5489 410.9164 201.6631 366.3598 303.7881 
frame00383.jpg 435.8891 145.5176 371.0244 294.3831 411.3141 201.1135 366.5138 303.6451 
frame00384.jpg 436.2883 144.8756 371.0540 294.2801 411.5427 200.7478 366.5308 303.5539 
frame00385.jpg 436.8407 143.9967 371.1932 294.1007 411.8990 200.2259 366.6569 303.3915 
frame00386.jpg 437.2814 143.3406 371.3109 293.8655 412.2057 199.7579 366.7595 303.1730 
frame00387.jpg 437.7999 142.9575 371.4642 293.6775 412.5692 199.4890 366.8960 302.9848 
frame00388.jpg 438.0950 142.6676 371.7027 293.3206 412.8595 199.1377 367.1270 302.6335 
frame00389.jpg 438.3675 142.4609 371.8595 293.0135 413.1024 198.8627 367.2733 302.3280 
frame00390.jpg 438.3068 142.1012 371.9905 292.7159 413.1215 198.5106 367.4155 302.0387 
frame00391.jpg 438.0217 142.3079 372.2010 292.6654 413.0446 198.5725 367.6527 301.9846 
frame00392.jpg 438.2072 142.3256 372.4482 292.5862 413.2501 198.5620 367.9059 301.8959 
frame00393.jpg 438.2049 142.6406 372.7315 292.4511 413.3867 198.6371 368.1994 301.7513 
frame00394.jpg 438.3947 142.6495 373.0214 292.2814 413.6359 198.5306 368.4906 301.5826 
frame00395.jpg 438.6198 142.6573 373.2264 292.2066 413.8532 198.5090 368.6958 301.5005 
frame00396.jpg 438.6055 142.6161 373.3226 292.1740 413.8975 198.4335 368.7959 301.4775 
frame00397.jpg 438.4576 142.1220 373.0608 292.2059 413.6823 198.1953 368.5370 301.5246 
frame00398.jpg 438.9500 141.9027 373.2158 292.2694 413.9948 198.2046 368.6871 301.5707 
frame00399.jpg 439.7787 141.6970 373.2145 292.2021 414.4490 198.1925 368.6523 301.4717 
frame00400.jpg 440.4428 141.7709 373.6018 292.1649 414.9984 198.2488 369.0260 301.4200 
frame00401.jpg 440.9779 142.2163 374.0567 292.1262 415.5234 198.4668 369.4707 301.3616 
frame00402.jpg 440.7962 142.6133 374.3287 292.1737 415.5270 198.6980 369.7668 301.3944 
frame00403.jpg 440.3929 142.4300 374.5450 292.0230 415.3795 198.4740 370.0152 301.2595 
frame00404.jpg 439.8897 142.3530 374.7724 292.0147 415.1648 198.3900 370.2842 301.2637 
frame00405.jpg 439.4542 142.1895 374.9265 291.9956 414.9509 198.2803 370.4764 301.2522 
frame00406.jpg 439.0921 142.3181 375.1530 291.9961 414.8284 198.3168 370.7345 301.2560 
frame00407.jpg 438.6752 142.4486 375.3584 291.9132 414.6750 198.2961 370.9707 301.1782 
frame00408.jpg 438.1001 142.5928 375.5981 291.7700 414.4457 198.2358 371.2501 301.0428 
frame00409.jpg 438.1206 142.6161 375.9488 291.7821 414.5977 198.2355 371.6200 301.0579 
frame00410.jpg 438.5704 142.5622 376.4088 291.7285 415.0501 198.1854 372.0819 301.0024 
frame00411.jpg 439.6754 142.5149 376.8130 291.7598 415.8545 198.2599 372.4547 301.0108 
frame00412.jpg 440.8737 142.4487 377.2632 291.7614 416.7277 198.3235 372.8712 300.9857 
frame00413.jpg 442.0435 142.0686 377.4073 291.7872 417.4222 198.3051 372.9781 300.9774 
frame00414.jpg 442.8505 141.6104 377.5694 291.8746 417.9106 198.2271 373.1232 301.0494 
frame00415.jpg 444.0802 141.2171 377.5890 291.8262 418.5894 198.1757 373.0951 300.9627 
frame00416.jpg 444.7452 141.4645 378.1258 291.7815 419.1973 198.3316 373.6270 300.8936 
frame00417.jpg 445.2292 141.7159 378.5255 291.7121 419.6448 198.4708 374.0231 300.8003 
frame00418.jpg 445.9364 141.8176 378.8567 291.6692 420.1860 198.5690 374.3382 300.7322 
frame00419.jpg 446.6942 141.7569 379.1165 291.5269 420.7370 198.5173 374.5734 300.5726 
frame00420.jpg 446.8371 141.1359 379.1176 291.5494 420.7638 198.2784 374.5843 300.5956 
frame00421.jpg 446.9684 140.6782 378.9592 291.4943 420.7412 198.0703 374.4218 300.5365 
frame00422.jpg 447.6348 140.3485 378.7837 291.4982 421.0211 198.0111 374.2150 300.5188 
frame00423.jpg 448.1931 140.1117 378.6465 291.3693 421.2609 197.9284 374.0507 300.3639 
frame00424.jpg 448.7089 139.8007 378.5771 291.1785 421.5094 197.7561 373.9588 300.1538 
frame00425.jpg 449.2857 139.7903 378.6119 291.2300 421.8312 197.8695 373.9752 300.1793 
frame00426.jpg 450.5168 139.6162 378.5077 291.3386 422.4529 198.0052 373.8188 300.2471 
frame00427.jpg 451.9040 139.2665 378.3399 291.3882 423.1247 198.0475 373.5909 300.2551 
frame00428.jpg 452.6224 138.4707 378.1853 291.4602 423.3958 197.8108 373.4150 300.3181 
frame00429.jpg 452.5672 138.2959 378.2705 291.4436 423.3777 197.7347 373.5153 300.2993 
frame00430.jpg 452.2534 138.0155 378.2832 291.4535 423.1649 197.6225 373.5564 300.3098 
frame00431.jpg 452.5048 137.7984 378.3845 291.5890 423.3030 197.6577 373.6658 300.4344 
frame00432.jpg 452.7499 137.7625 378.6536 291.6567 423.5341 197.7127 373.9451 300.4933 
frame00433.jpg 453.2251 137.6229 378.7816 291.7430 423.8159 197.7820 374.0706 300.5593 
frame00434.jpg 454.0067 137.5340 378.8044 291.7074 424.2336 197.8506 374.0679 300.4896 
frame00435.jpg 454.0695 137.0866 378.9603 291.6672 424.2955 197.6405 374.2404 300.4521 
frame00436.jpg 454.6243 136.3124 379.0682 291.7127 424.5767 197.3880 374.3488 300.4920 
frame00437.jpg 455.1576 135.9439 379.0881 291.7184 424.8423 197.3004 374.3577 300.4830 
frame00438.jpg 455.8418 135.3706 378.9675 291.7038 425.1160 197.1344 374.2156 300.4505 
frame00439.jpg 455.8861 134.6016 379.0645 291.6838 425.1304 196.7670 374.3305 300.4460 
frame00440.jpg 456.6957 133.9126 378.9676 291.6456 425.4830 196.5336 374.2087 300.3937 
frame00441.jpg 457.6725 133.9110 379.1844 291.7165 426.1093 196.6586 374.3972 300.4421 
frame00442.jpg 469.7089 131.5148 382.0611 293.4181 433.5291 197.6988 377.0307 301.9173 
frame00443.jpg 484.4520 129.3206 386.0580 294.8112 442.6111 199.1506 380.8143 302.9889 
frame00444.jpg 495.7196 124.8298 387.3334 295.6403 448.1693 199.2853 381.9426 303.5873 
frame00445.jpg 500.1723 123.7762 388.1177 296.3267 450.3512 200.0367 382.7041 304.1483 
frame00446.jpg 500.5343 124.7304 388.7621 296.5572 450.7364 200.8322 383.3868 304.3137 
frame00447.jpg 499.9134 123.8641 389.3760 296.4174 450.5157 200.5245 384.0917 304.1623 
frame00448.jpg 489.3659 124.7901 392.6339 296.6710 446.0744 201.2502 388.0092 304.3715 
frame00449.jpg 485.4565 124.3814 393.8806 296.2758 444.1688 201.4185 389.5616 303.8710 
frame00450.jpg 487.1900 124.3768 393.7418 296.3262 444.8043 201.9195 389.3938 303.8333 
frame00451.jpg 487.6148 123.4684 394.2456 296.4487 444.9489 202.0771 389.9720 303.8909 
frame00452.jpg 487.4326 123.6531 394.1112 297.1324 444.5758 202.8916 389.8853 304.5223 
frame00453.jpg 482.1680 126.6967 394.8681 299.1665 441.8409 205.9334 390.9576 306.4251 
frame00454.jpg 481.2714 122.8636 394.8098 300.4119 440.6017 205.9468 391.0756 307.6245 
frame00455.jpg 482.2441 118.6533 392.4077 302.0406 439.0222 206.4609 388.7069 309.1590 
frame00456.jpg 511.0245 93.6127 382.4439 308.5546 441.2789 209.8231 378.3820 315.0013 
frame00457.jpg 519.7002 89.4737 381.6031 309.5350 443.3283 210.8056 377.4381 315.8456 
frame00458.jpg 533.1456 63.2072 376.4142 311.1275 441.6363 207.5895 372.2692 317.3761 
frame00459.jpg 581.5425 -17.0111 372.4564 311.7614 445.0510 197.2527 368.3721 317.9173 
frame00460.jpg 610.8295 -97.4686 377.7902 310.1314 450.9262 181.8540 373.8901 316.7008 
frame00461.jpg 630.5148 -128.1813 377.4044 310.6756 452.9190 179.3891 373.4747 317.2449 
frame00462.jpg 649.7920 -162.4590 377.1346 311.2351 454.3705 176.6967 373.2069 317.8204 
frame00463.jpg 649.5417 -164.9378 377.1677 311.3080 454.1558 176.3398 373.2561 317.9093 
frame00464.jpg 659.4000 -200.7053 377.2404 312.0991 453.6573 172.8579 373.4251 318.7962 
frame00465.jpg 665.2921 -220.5092 377.9547 312.4510 454.0612 170.9258 374.1878 319.2017 
frame00466.jpg 666.4639 -225.1800 378.4527 312.5676 454.2410 170.7011 374.7106 319.3183 
frame00467.jpg 668.8808 -231.3141 378.2809 312.4283 454.2302 169.9564 374.5402 319.1911 
frame00468.jpg 671.7187 -235.5719 377.9755 312.3194 454.3105 169.5762 374.2239 319.0810 
frame00469.jpg 669.0525 -231.3932 378.2721 312.1654 454.2444 169.7868 374.5305 318.9233 
frame00470.jpg 669.9503 -231.5993 378.5478 312.1579 454.5268 170.0181 374.8086 318.8993 
frame00471.jpg 669.6832 -233.3559 378.6851 312.1056 454.3694 169.8741 374.9629 318.8454 
frame00472.jpg 674.2870 -243.4518 378.6075 312.0895 454.4540 169.2169 374.8956 318.8260 
frame00473.jpg 685.6382 -268.5452 378.3332 312.4438 454.4670 168.1337 374.6523 319.1655 
frame00474.jpg 685.0441 -271.3616 378.2784 312.4076 454.1176 167.7126 374.6136 319.1426 
frame00475.jpg 686.7480 -275.1146 378.2402 312.2365 454.1838 167.2759 374.5753 318.9745 
frame00476.jpg 688.8823 -284.4469 378.4930 311.8317 454.3105 165.8015 374.8428 318.6028 
frame00477.jpg 694.8859 -298.3494 378.4338 311.3774 454.7098 164.0310 374.7780 318.1801 
frame00478.jpg 697.7697 -299.5481 378.7864 310.2318 455.6454 162.9281 375.1038 317.0331 
frame00479.jpg 694.9000 -293.8455 378.9307 309.8107 455.6213 162.9183 375.2470 316.6101 
frame00480.jpg 694.9778 -291.4123 379.0421 309.3994 455.8435 162.9734 375.3514 316.1808 
frame00481.jpg 695.3544 -290.1934 379.0515 309.1104 455.9433 163.0491 375.3563 315.8747 
frame00482.jpg 697.4426 -291.7694 379.0524 308.9749 456.1112 163.2076 375.3550 315.7158 
frame00483.jpg 700.9678 -295.3390 379.0281 308.8545 456.3979 163.2822 375.3248 315.5705 
frame00484.jpg 703.5960 -297.9113 378.9551 308.7939 456.5302 163.4481 375.2491 315.4868 
frame00485.jpg 706.5672 -300.2478 378.9013 308.6753 456.7575 163.6218 375.1891 315.3421 
frame00486.jpg 713.9332 -308.0067 378.8048 308.5642 457.4676 163.4746 375.0698 315.2065 
frame00487.jpg 717.8322 -312.9265 378.9368 308.3785 457.9495 163.1582 375.1938 315.0126 
frame00488.jpg 725.3056 -321.4854 378.9031 308.1712 458.7267 162.7132 375.1365 314.7917 
frame00489.jpg 729.0774 -328.9266 378.9115 307.9460 459.0727 161.7885 375.1371 314.5853 
frame00490.jpg 728.9941 -331.8901 378.8988 307.6895 458.9080 161.1600 375.1333 314.3430 
frame00491.jpg 723.8746 -329.1576 378.9671 307.3855 458.3244 160.5630 375.2236 314.0669 
frame00492.jpg 716.1223 -322.7860 379.0863 306.9851 457.5583 159.9878 375.3693 313.7003 
frame00493.jpg 713.8412 -321.0991 379.1005 306.6714 457.3439 159.5658 375.3894 313.4003 
frame00494.jpg 708.2819 -320.2083 379.1103 306.4973 456.4832 158.8159 375.4327 313.2654 
frame00495.jpg 699.7583 -312.8006 379.0183 306.1943 455.4921 158.2327 375.3656 313.0070 
frame00496.jpg 696.3493 -313.3301 378.9410 306.0101 454.9092 157.4007 375.3076 312.8618 
frame00497.jpg 693.6349 -313.2908 378.9895 305.9325 454.5378 156.8728 375.3715 312.8125 
frame00498.jpg 696.6669 -318.7179 379.0064 305.8080 454.8389 156.3389 375.3817 312.6937 
frame00499.jpg 699.5223 -322.4047 379.2371 305.6366 455.3141 156.0762 375.6063 312.5153 
frame00500.jpg 704.6636 -328.0844 379.3854 305.6572 456.0200 155.9679 375.7381 312.5234 
frame00501.jpg 709.6933 -332.9766 379.6011 305.6603 456.7503 156.0182 375.9394 312.5068 
frame00502.jpg 711.3243 -336.1884 379.8207 305.7256 456.9345 156.0237 376.1659 312.5644 
frame00503.jpg 713.3098 -341.6143 379.9727 305.8766 456.9068 156.0545 376.3353 312.7039 
frame00504.jpg 713.8602 -346.7353 380.1052 305.8908 456.7270 155.6813 376.4883 312.7249 
frame00505.jpg 714.9525 -350.0804 380.0973 305.7434 456.7069 155.3189 376.4850 312.5802 
frame00506.jpg 719.7939 -357.0106 379.9988 305.6844 457.0200 155.0914 376.3784 312.5093 
frame00507.jpg 726.6166 -362.2219 380.3026 305.6608 458.0931 155.2608 376.6571 312.4577 
frame00508.jpg 902.7154 -491.7977 385.3074 305.2740 479.5463 159.7721 381.1503 311.4874 
frame00509.jpg -7097.6455 8507.1025 381.9919 306.5277 529.1963 144.8450 376.8626 312.0166 
frame00510.jpg -507.2575 1200.9365 377.1383 308.2513 563.2532 120.0850 371.7151 313.6058 
frame00511.jpg -444.6592 1130.2585 376.9438 308.4918 566.7689 118.3204 371.5086 313.8100 
frame00512.jpg -188.1085 837.7927 375.7552 310.4660 593.1031 106.8822 370.2492 315.5069 
frame00513.jpg -89.1031 695.0740 373.9833 310.8818 622.3657 104.4982 368.3306 315.4747 
frame00514.jpg -88.0408 691.2892 373.8033 310.7152 623.6892 104.4851 368.1345 315.2903 
frame00515.jpg -75.6254 675.2360 373.2216 310.4633 628.5911 102.6104 367.5345 314.9904 
frame00516.jpg -73.8978 672.1810 373.1211 310.3865 630.0267 102.1431 367.4215 314.9052 
frame00517.jpg -47.3551 636.0352 371.9313 309.7390 645.9063 96.2022 366.1500 314.1463 
frame00518.jpg 13.4960 547.1919 367.6220 311.2185 695.0735 92.6696 361.7105 315.0728 
frame00519.jpg 14.0575 546.4165 367.5563 311.2451 695.5518 92.6903 361.6451 315.0930 
frame00520.jpg 13.7989 546.0676 367.5367 311.1781 695.4094 93.1129 361.6245 315.0190 
frame00521.jpg 14.2201 545.3226 367.5290 311.2139 696.3533 92.9779 361.6118 315.0499 
frame00522.jpg 13.9496 545.9095 367.6157 311.2092 695.9119 92.9943 361.7003 315.0500 
frame00523.jpg 17.6401 542.8829 367.5392 310.7484 696.3520 92.2494 361.6497 314.5707 
frame00524.jpg 25.4815 536.8809 367.4947 309.6190 691.5949 93.9021 361.7124 313.3755 
frame00525.jpg 25.3137 536.5775 367.3779 309.5450 691.0883 94.3366 361.5986 313.2951 
frame00526.jpg 25.6140 538.1268 367.5643 309.4837 687.4716 95.2235 361.8205 313.2386 
frame00527.jpg 4.2893 570.6277 370.0108 309.2912 623.5529 127.7935 364.7915 312.9318 
frame00528.jpg 2.9086 609.8871 373.4084 308.9532 596.0131 127.8382 368.5546 312.8059 
frame00529.jpg 14.9793 610.0596 373.6014 309.2137 595.6613 122.6205 368.8163 313.1387 
frame00530.jpg 19.1416 614.2376 374.1710 309.5030 592.9656 121.3960 369.4477 313.4681 
frame00531.jpg 35.8264 612.9708 376.1624 310.5053 589.3364 120.7534 371.5915 314.4818 
frame00532.jpg 43.3765 611.3730 376.6031 310.7272 589.8488 118.0310 372.0698 314.7317 
frame00533.jpg 43.9514 613.0566 376.8302 310.5522 589.2888 117.1823 372.3092 314.5757 
frame00534.jpg 46.5442 636.6224 378.7282 307.6858 572.7800 115.2333 374.4551 311.8291 
frame00535.jpg 28.2739 679.7565 381.7470 305.5534 548.1722 129.0897 377.7935 309.6501 
frame00536.jpg 27.8482 694.7322 382.6617 305.3050 543.0395 129.0059 378.8015 309.4528 
frame00537.jpg 17.8288 734.3080 387.9435 302.9848 529.7221 137.4984 384.3572 307.0757 
frame00538.jpg 13.7430 740.8708 388.3154 302.5809 528.8209 137.9148 384.7405 306.6752 
frame00539.jpg 24.3602 718.3892 388.6180 302.4285 534.0532 136.0918 384.9846 306.4910 
frame00540.jpg 37.2403 692.9633 387.6901 302.2699 539.1844 133.1214 383.9969 306.3028 
frame00541.jpg 59.2348 648.8059 385.1084 302.8669 547.9304 129.7664 381.3260 306.8033 
frame00542.jpg 139.0876 531.1877 377.5960 306.2787 604.3209 92.2083 373.5785 310.0019 
frame00543.jpg 151.4133 514.8159 376.3608 307.4987 620.9633 81.7864 372.3169 311.1632 
frame00544.jpg 157.9685 508.0290 376.2252 308.1881 627.3947 77.9288 372.1978 311.8145 
frame00545.jpg 162.9502 505.4432 379.1732 309.7236 620.2149 91.2696 375.2422 313.2224 
frame00546.jpg 170.0335 504.2334 381.0088 311.5774 615.9091 96.8069 377.1770 315.0179 
frame00547.jpg 173.3031 503.4443 380.6230 311.8737 616.9515 93.2265 376.8166 315.3320 
frame00548.jpg 174.4126 502.7964 380.1147 311.9082 618.2633 90.6371 376.3115 315.3787 
frame00549.jpg 179.0951 494.6909 378.1192 311.7039 626.8719 82.7151 374.3134 315.1452 
frame00550.jpg 185.5884 490.8259 374.5877 310.5628 629.2020 67.4302 370.8576 314.0636 
frame00551.jpg 201.4962 505.5442 376.1385 313.4250 609.0151 56.9587 372.7085 317.1415 
frame00552.jpg 205.7795 501.4942 376.6062 313.9827 612.9922 54.2231 373.1999 317.6661 
frame00553.jpg 216.1346 491.8262 375.3936 314.3234 620.1660 41.2105 372.0833 317.9579 
frame00554.jpg 217.6361 494.3847 376.3356 314.4413 609.7196 49.5272 373.0938 318.0627 
frame00555.jpg 218.2488 496.2838 376.2602 314.2256 605.9101 49.3359 373.0473 317.8724 
frame00556.jpg 222.4665 493.7017 376.4327 314.0535 605.7829 46.1664 373.2727 317.6883 
frame00557.jpg 222.6304 493.1996 376.1611 313.9380 605.8714 45.4462 373.0043 317.5711 
frame00558.jpg 223.2030 493.1736 376.0824 314.0408 605.3184 45.1548 372.9364 317.6742 
frame00559.jpg 236.1268 472.8793 374.0634 317.1957 635.7146 21.5842 370.9738 320.6355 
frame00560.jpg 236.4256 471.9646 373.9734 317.2235 637.5840 20.3675 370.8821 320.6545 
frame00561.jpg 248.3973 449.3336 372.2216 319.6708 696.5306 -20.2436 369.1666 322.8298 
frame00562.jpg 262.6162 435.6472 373.7181 321.7770 730.0898 -43.8014 370.8361 324.6949 
frame00563.jpg 264.2787 434.9987 374.0194 321.9523 729.0112 -44.0580 371.1672 324.8549 
frame00564.jpg 266.0818 433.8116 374.1024 322.1989 731.3064 -47.2103 371.2809 325.0794 
frame00565.jpg 276.6810 421.0614 374.9654 324.0079 757.9853 -54.5524 372.3082 326.6002 
frame00566.jpg 284.2073 418.0808 377.7444 325.0856 722.1906 -17.6706 375.2453 327.5403 
frame00567.jpg 293.3008 416.8906 381.0178 327.4781 690.7048 11.5070 378.6947 329.8156 
frame00568.jpg 305.4856 414.6171 386.0196 328.9729 640.8033 57.7645 383.9382 331.1578 
frame00569.jpg 313.9305 412.7139 389.8459 328.7513 635.7800 56.4841 387.8725 330.9051 
frame00570.jpg 314.1779 412.7681 389.9548 328.6176 634.7108 56.5549 387.9867 330.7749 
frame00571.jpg 314.2031 412.6656 390.0112 328.4469 634.5186 56.5524 388.0428 330.6051 
frame00572.jpg 314.2206 412.6203 389.9958 328.3304 634.7002 55.8667 388.0276 330.4911 
frame00573.jpg 314.2813 412.3353 390.0397 328.1427 635.2396 55.3844 388.0711 330.3021 
frame00574.jpg 313.8472 411.1931 389.7809 327.6311 636.4252 55.9493 387.8062 329.7760 
frame00575.jpg 313.0113 408.3333 389.2544 326.6938 639.1442 58.8575 387.2675 328.7933 
frame00576.jpg 312.4951 400.5352 387.6917 323.5849 644.2619 60.7933 385.7159 325.5820 
frame00577.jpg 312.6180 398.6551 386.9208 324.0297 650.5382 59.0229 384.9521 325.9822 
frame00578.jpg 312.5907 398.0183 386.6606 324.0479 652.5604 58.2588 384.6930 325.9882 
frame00579.jpg 314.0993 396.8258 386.7684 323.7907 640.2706 68.7770 384.8504 325.6943 
frame00580.jpg 315.1123 396.6501 387.1870 323.6392 633.4040 74.0039 385.2938 325.5339 
frame00581.jpg 323.5652 394.9502 391.3251 322.2863 600.8044 97.4469 389.5853 324.1295 
frame00582.jpg 323.1823 391.9012 390.0219 322.5571 604.9788 99.3485 388.2899 324.3324 
frame00583.jpg 318.7794 387.1529 384.7017 322.8746 628.5165 84.9319 382.9415 324.5704 
frame00584.jpg 317.8372 383.1538 379.7644 323.5315 633.3771 79.1491 378.0778 325.1364 
frame00585.jpg 319.6918 382.9122 378.2215 322.7458 608.6530 85.6663 376.6401 324.3523 
frame00586.jpg 319.8275 382.9908 378.4195 322.5086 607.2397 86.0972 376.8387 324.1207 
frame00587.jpg 319.8354 383.1687 378.3497 322.4593 606.6031 85.4347 376.7714 324.0771 
frame00588.jpg 319.7387 383.2544 378.2812 322.4454 606.8127 84.8635 376.7024 324.0662 
frame00589.jpg 319.9075 383.3783 378.3626 322.3638 607.1934 83.3085 376.7852 323.9910 
frame00590.jpg 320.1581 383.3788 378.5461 322.2741 607.5036 82.4531 376.9698 323.9040 
frame00591.jpg 321.6714 381.3787 375.9537 324.4231 651.5687 34.9814 374.4188 326.0144 
frame00592.jpg 323.7331 380.0626 375.3881 325.5926 666.5903 18.2543 373.9037 327.1395 
frame00593.jpg 326.4652 374.4784 371.0084 328.2438 718.0668 -32.2958 369.6748 329.6122 
frame00594.jpg 328.2996 370.4893 369.1780 327.4060 699.6374 -21.1953 367.9491 328.6852 
frame00595.jpg 328.5674 364.5196 367.6066 324.0221 652.3839 28.2982 366.4457 325.2093 
frame00596.jpg 328.6527 364.4326 367.6669 323.9143 650.9465 29.4123 366.5075 325.1014 
frame00597.jpg 328.8030 364.4705 367.7249 323.8645 649.4091 29.6832 366.5686 325.0537 
frame00598.jpg 328.8712 364.4271 367.7637 323.7396 648.4137 29.8251 366.6085 324.9308 
frame00599.jpg 333.7565 361.3730 368.7712 319.5504 609.1465 32.1356 367.7370 320.7680 
frame00600.jpg 334.4243 359.6408 368.2234 317.8193 602.3752 27.7858 367.2238 319.0385 
frame00601.jpg 334.4195 359.5620 368.1205 317.6696 600.9957 27.8868 367.1243 318.8903 
frame00602.jpg 334.4001 359.5156 368.0066 317.6016 600.4731 27.3622 367.0129 318.8230 
frame00603.jpg 334.4459 359.4712 367.9339 317.4888 599.0661 27.4264 366.9442 318.7120 
frame00604.jpg 334.5614 359.3600 367.9423 317.3035 597.0820 28.3096 366.9565 318.5279 
frame00605.jpg 334.6739 359.2843 367.9547 317.1248 595.3848 28.7152 366.9723 318.3516 
frame00606.jpg 334.8402 359.1789 368.0292 316.9493 593.2881 30.0272 367.0501 318.1771 
frame00607.jpg 334.9972 359.0410 368.1033 316.7372 591.4064 31.0921 367.1273 317.9663 
frame00608.jpg 335.1819 358.9407 368.1644 316.5277 589.3644 31.7837 367.1929 317.7592 
frame00609.jpg 335.3139 358.7867 368.2254 316.3057 587.8160 32.5743 367.2567 317.5385 
frame00610.jpg 335.4626 358.7352 368.2802 316.1870 586.3622 33.1443 367.3145 317.4210 
frame00611.jpg 335.4594 358.6339 368.2454 316.0435 585.3840 33.6854 367.2814 317.2784 
frame00612.jpg 335.3144 358.5480 368.0385 315.9131 584.7879 33.2256 367.0761 317.1490 
frame00613.jpg 335.1123 358.5060 367.7917 315.8969 585.3983 31.8755 366.8301 317.1329 
frame00614.jpg 335.0275 358.2449 367.7088 315.6905 585.3544 32.0023 366.7472 316.9250 
frame00615.jpg 334.9909 358.1394 367.6350 315.5966 584.6547 32.4685 366.6747 316.8302 
frame00616.jpg 334.9334 358.1290 367.5195 315.6280 584.1552 32.7752 366.5608 316.8603 
frame00617.jpg 334.6228 358.0193 367.2153 315.6420 585.3901 31.6742 366.2559 316.8719 
frame00618.jpg 334.4617 357.9959 367.0328 315.6575 585.6371 31.2012 366.0736 316.8865 
frame00619.jpg 334.6636 357.9714 367.1024 315.5806 583.8457 32.0563 366.1480 316.8108 
frame00620.jpg 334.8151 357.7932 367.1752 315.3828 582.8521 32.4405 366.2234 316.6133 
frame00621.jpg 334.8163 357.6552 367.1620 315.2369 582.1452 33.0261 366.2110 316.4670 
frame00622.jpg 334.6590 357.4954 367.0120 315.1293 582.6364 32.4873 366.0604 316.3583 
frame00623.jpg 334.3490 357.3672 366.7682 315.0793 584.2521 31.1023 365.8139 316.3069 
frame00624.jpg 334.0567 357.1964 366.5642 315.0227 585.9238 30.1533 365.6066 316.2482 
frame00625.jpg 333.8383 357.0540 366.4023 315.0389 588.2841 28.4829 365.4421 316.2612 
frame00626.jpg 333.9063 356.8770 366.4553 315.0454 588.9644 28.8020 365.4952 316.2632 
frame00627.jpg 333.8628 356.6602 366.3907 315.0826 590.4360 28.4301 365.4303 316.2941 
frame00628.jpg 333.6856 356.3453 366.2393 315.0685 592.7631 27.5758 365.2772 316.2729 
frame00629.jpg 333.3240 356.0410 365.9717 315.0813 596.1779 25.9962 365.0053 316.2784 
frame00630.jpg 333.0177 355.8498 365.7214 315.1613 599.0762 24.5701 364.7523 316.3523 
frame00631.jpg 332.7969 355.7711 365.5500 315.1081 600.1491 23.6033 364.5792 316.2992 
frame00632.jpg 332.5557 355.5896 365.3832 314.8504 599.2468 24.3760 364.4109 316.0430 
frame00633.jpg 332.3930 355.4897 365.2656 314.6420 598.1923 24.9490 364.2923 315.8369 
frame00634.jpg 332.3370 355.4265 365.2654 314.4637 596.9113 26.0397 364.2913 315.6608 
frame00635.jpg 332.1556 355.4110 365.1073 314.3366 595.8807 26.4232 364.1331 315.5364 
frame00636.jpg 332.0519 355.2173 365.0333 314.1405 595.4856 26.8741 364.0586 315.3402 
frame00637.jpg 332.5641 355.2721 365.4440 314.1408 592.9879 29.2467 364.4734 315.3408 
frame00638.jpg 332.8174 355.2405 365.6381 314.2576 592.4247 30.8287 364.6694 315.4530 
frame00639.jpg 332.5605 354.5799 365.0045 315.3070 611.3395 16.8722 364.0365 316.4652 
frame00640.jpg 332.0473 355.5974 364.0568 316.7486 640.6389 -19.1908 363.0887 317.9111 
frame00641.jpg 327.4277 357.5754 359.4703 318.0941 717.8196 -123.7600 358.4785 319.3043 
frame00642.jpg 323.9586 358.1183 355.9928 319.8676 859.6460 -281.9356 354.9785 321.0676 
frame00643.jpg 321.7409 358.0294 352.4901 322.6279 1391.4659 -874.2899 351.4859 323.7743 
frame00644.jpg 318.9767 355.5589 349.1931 322.9611 4668.0386 -4338.9795 348.1851 324.0400 
frame00645.jpg 322.9210 355.0706 350.6625 325.9298 -644.0610 1371.4860 349.7042 326.9279 
frame00646.jpg 320.7663 354.0532 348.7547 324.1860 -233.1958 945.5052 347.7691 325.2306 
frame00647.jpg 313.7034 348.3049 344.1018 316.6004 -200.2450 884.5284 343.0241 317.7192 
frame00648.jpg 313.4712 348.0569 344.0904 316.1445 -218.8862 903.1037 343.0066 317.2687 
frame00649.jpg 313.5592 348.0569 344.2115 316.0594 -220.2580 905.5072 343.1264 317.1866 
frame00650.jpg 313.8436 347.7958 344.4435 315.9315 -215.4257 899.1326 343.3599 317.0545 
frame00651.jpg 314.0196 347.5997 344.6577 315.7739 -219.2593 901.7533 343.5732 316.8951 
frame00652.jpg 314.0666 347.4358 344.7458 315.5571 -226.7897 909.6226 343.6607 316.6798 
frame00653.jpg 314.1787 347.2867 344.8770 315.3696 -233.4350 916.8209 343.7922 316.4927 
frame00654.jpg 314.2939 347.0810 345.0354 314.9334 -250.5681 937.9563 343.9507 316.0632 
frame00655.jpg 314.3471 346.8597 345.1597 314.5762 -259.6508 948.4407 344.0732 315.7102 
frame00656.jpg 314.5327 346.7821 345.3230 314.3400 -269.0784 961.8791 344.2381 315.4788 
frame00657.jpg 314.8585 347.0416 345.5100 314.4528 -261.6736 960.1935 344.4295 315.5972 
frame00658.jpg 315.0553 347.0526 345.6651 314.3819 -260.0023 960.9697 344.5866 315.5296 
frame00659.jpg 314.9092 346.9709 345.5138 314.2735 -249.4472 950.0718 344.4344 315.4229 
frame00660.jpg 314.7755 346.8130 345.4533 314.1337 -247.7926 946.2505 344.3711 315.2826 
frame00661.jpg 314.7377 346.6563 345.5070 313.9731 -252.6653 949.5201 344.4219 315.1216 
frame00662.jpg 314.7800 346.4708 345.6086 313.8521 -252.5849 946.9693 344.5212 314.9979 
frame00663.jpg 314.7681 346.2039 345.6648 313.6682 -254.5685 945.9249 344.5750 314.8112 
frame00664.jpg 314.7855 346.0675 345.7134 313.6136 -252.6428 941.6707 344.6223 314.7540 
frame00665.jpg 314.7947 345.8303 345.7879 313.4330 -254.9521 941.5751 344.6946 314.5710 
frame00666.jpg 315.1370 345.7093 346.1323 313.2925 -262.2411 949.7543 345.0398 314.4305 
frame00667.jpg 315.4562 345.6973 346.4153 313.1316 -269.5362 961.2446 345.3248 314.2739 
frame00668.jpg 315.4310 345.5837 346.4654 312.8416 -276.7434 970.5353 345.3728 313.9897 
frame00669.jpg 315.5887 345.4976 346.6540 312.5644 -287.8158 985.3952 345.5610 313.7182 
frame00670.jpg 315.5623 345.3148 346.6693 312.2692 -297.2206 996.4924 345.5756 313.4263 
frame00671.jpg 315.6450 345.1443 346.7368 312.0834 -306.1595 1006.5400 345.6441 313.2405 
frame00672.jpg 315.5394 344.9619 346.6054 311.9366 -302.3279 1001.9810 345.5135 313.0930 
frame00673.jpg 315.9252 344.8531 346.9785 311.7926 -315.9783 1017.7826 345.8883 312.9490 
frame00674.jpg 316.2988 344.6412 347.3885 311.5623 -323.5047 1025.5403 346.2977 312.7194 
frame00675.jpg 316.4352 344.5264 347.4911 311.2873 -323.9816 1030.1202 346.4014 312.4501 
frame00676.jpg 316.5166 344.1840 347.6362 310.8236 -338.9680 1046.9978 346.5456 311.9899 
frame00677.jpg 316.6138 344.0845 347.7695 310.6128 -347.7853 1058.0259 346.6781 311.7820 
frame00678.jpg 316.7492 344.1204 347.9594 310.5137 -360.0156 1073.0116 346.8668 311.6868 
frame00679.jpg 316.9247 343.9964 348.1118 310.4066 -357.6035 1070.6628 347.0197 311.5792 
frame00680.jpg 316.9490 343.7569 348.1103 310.3889 -340.7502 1048.1848 347.0179 311.5555 
frame00681.jpg 316.9433 343.4248 348.1028 310.3878 -320.0078 1018.9022 347.0090 311.5442 
frame00682.jpg 317.1789 343.2799 348.2973 310.5016 -303.5914 997.2854 347.2040 311.6504 
frame00683.jpg 317.5797 343.3226 348.5956 310.7525 -290.0012 981.4821 347.5051 311.8945 
frame00684.jpg 318.0511 343.3725 348.9920 310.8870 -283.2030 974.7798 347.9037 312.0264 
frame00685.jpg 318.4781 343.4616 349.3738 310.9056 -286.0697 980.6267 348.2876 312.0471 
frame00686.jpg 318.7751 343.4512 349.5922 310.7986 -287.2759 985.7380 348.5089 311.9435 
frame00687.jpg 318.8946 343.1075 349.7451 310.4216 -299.5108 998.4530 348.6611 311.5665 
frame00688.jpg 318.7831 342.7918 349.7805 310.0396 -311.6943 1009.1163 348.6921 311.1862 
frame00689.jpg 318.8896 342.6249 349.9432 309.8236 -317.8939 1015.3677 348.8535 310.9719 
frame00690.jpg 318.8604 342.2981 349.9632 309.5960 -315.3823 1009.2784 348.8716 310.7410 
frame00691.jpg 318.7831 341.9943 349.9819 309.3477 -318.9811 1009.4903 348.8869 310.4906 
frame00692.jpg 318.7753 341.7869 349.9995 309.2418 -313.1355 1000.5676 348.9031 310.3815 
frame00693.jpg 318.9649 341.7072 350.2036 309.1465 -324.6360 1012.7017 349.1074 310.2856 
frame00694.jpg 319.1218 341.6308 350.3698 309.0312 -338.3171 1027.6714 349.2742 310.1707 
frame00695.jpg 319.1008 341.4743 350.3452 308.9114 -338.2789 1026.7743 349.2497 310.0493 
frame00696.jpg 319.3131 341.2490 350.5887 308.6395 -356.8073 1046.3835 349.4934 309.7778 
frame00697.jpg 319.1237 341.1290 350.3950 308.5195 -345.2723 1034.1354 349.2991 309.6584 
frame00698.jpg 319.1697 341.0460 350.4778 308.4658 -347.5165 1034.9885 349.3809 309.6037 
frame00699.jpg 319.2802 340.9241 350.5709 308.2336 -361.1518 1051.9718 349.4756 309.3742 
frame00700.jpg 319.2111 340.8361 350.5235 308.1010 -359.6776 1050.7383 349.4273 309.2434 
frame00701.jpg 319.3507 340.8069 350.6729 308.0440 -358.8335 1050.3650 349.5761 309.1874 
frame00702.jpg 319.6732 340.8344 350.9807 308.1116 -362.6825 1054.2214 349.8846 309.2534 
frame00703.jpg 319.8204 340.6723 351.1229 308.1074 -353.4667 1041.3107 350.0263 309.2440 
frame00704.jpg 320.1008 340.5945 351.3739 308.0949 -351.1605 1038.3817 350.2781 309.2293 
frame00705.jpg 320.4066 340.6056 351.6781 308.0770 -354.1989 1042.5604 350.5825 309.2119 
frame00706.jpg 320.6977 340.5230 351.9824 308.0152 -364.5446 1052.7937 350.8870 309.1484 
frame00707.jpg 320.7710 340.3695 352.1069 307.7926 -380.8897 1070.0922 351.0107 308.9268 
frame00708.jpg 320.6638 340.2207 352.0432 307.6279 -384.7281 1073.1432 350.9457 308.7626 
frame00709.jpg 320.4178 340.1558 351.8623 307.6062 -378.7527 1064.1471 350.7622 308.7398 
frame00710.jpg 320.1211 339.9800 351.6701 307.4043 -384.3064 1067.5803 350.5663 308.5388 
frame00711.jpg 320.0788 339.9689 351.6802 307.3303 -391.1166 1074.7524 350.5752 308.4666 
frame00712.jpg 320.2201 340.0227 351.8387 307.3164 -401.6022 1086.9250 350.7339 308.4544 
frame00713.jpg 320.3514 340.0863 351.9262 307.3647 -394.6674 1081.3107 350.8224 308.5038 
frame00714.jpg 320.3982 340.0833 351.9108 307.3195 -389.7919 1078.6957 350.8090 308.4604 
frame00715.jpg 320.2443 340.2719 351.6885 307.4582 -363.4723 1053.9988 350.5873 308.6024 
frame00716.jpg 320.1533 340.2774 351.6385 307.3846 -361.1917 1052.3411 350.5353 308.5316 
frame00717.jpg 319.9755 340.2284 351.5247 307.2757 -352.5125 1042.8931 350.4187 308.4254 
frame00718.jpg 319.9990 340.0179 351.5786 306.9101 -372.9831 1066.7845 350.4730 308.0639 
frame00719.jpg 320.0783 339.9563 351.6602 306.7536 -384.8053 1081.2690 350.5554 307.9099 
frame00720.jpg 319.9891 339.8875 351.5599 306.6415 -383.6645 1081.1271 350.4554 307.7995 
frame00721.jpg 319.8484 339.8047 351.4442 306.5229 -384.1019 1081.5745 350.3389 307.6819 
frame00722.jpg 319.7302 339.7036 351.3628 306.3653 -388.8801 1086.7822 350.2566 307.5258 
frame00723.jpg 319.7910 339.5953 351.4301 306.1476 -402.7804 1103.7299 350.3248 307.3109 
frame00724.jpg 319.8627 339.4668 351.4799 305.9446 -413.5646 1117.3627 350.3759 307.1096 
frame00725.jpg 319.9535 339.2246 351.5963 305.5639 -443.0845 1151.2266 350.4929 306.7320 
frame00726.jpg 320.1780 339.1068 351.7595 305.2041 -472.9899 1190.8607 350.6601 306.3791 
frame00727.jpg 320.1168 339.0893 351.7086 305.0405 -478.0759 1199.6327 350.6091 306.2206 
frame00728.jpg 320.0972 339.1489 351.6692 304.9894 -473.2189 1197.7373 350.5701 306.1740 
frame00729.jpg 319.9190 339.4094 351.4213 305.2883 -431.7756 1153.8230 350.3225 306.4740 
frame00730.jpg 320.0163 339.4130 351.4613 305.3856 -419.2068 1139.5715 350.3640 306.5687 
frame00731.jpg 320.0756 339.2467 351.5302 305.0707 -443.9762 1169.6499 350.4337 306.2574 
frame00732.jpg 320.0075 339.0312 351.5643 304.7229 -470.6871 1198.9291 350.4656 305.9128 
frame00733.jpg 320.0562 338.9158 351.6898 304.4931 -484.2620 1214.4280 350.5887 305.6863 
frame00734.jpg 320.3168 338.9677 351.9096 304.4068 -490.5985 1226.3335 350.8104 305.6046 
frame00735.jpg 320.4353 339.0833 351.9688 304.4374 -477.2284 1215.7240 350.8712 305.6390 
frame00736.jpg 320.5516 339.0717 351.9869 304.3103 -483.7393 1228.6786 350.8933 305.5158 
frame00737.jpg 320.6398 338.9674 352.0919 303.8068 -533.6569 1294.1993 350.9998 305.0241 
frame00738.jpg 320.8358 339.0148 352.2868 303.5590 -549.8940 1320.8550 351.1952 304.7856 
frame00739.jpg 320.7758 339.1620 352.2172 303.7053 -514.8780 1281.8042 351.1241 304.9333 
frame00740.jpg 320.8263 339.2037 352.1744 303.8182 -490.7710 1255.5701 351.0836 305.0453 
frame00741.jpg 320.9234 339.3781 352.1554 303.8687 -482.0394 1252.5234 351.0685 305.1008 
frame00742.jpg 321.0912 339.6001 352.1930 303.8887 -487.1173 1267.8146 351.1108 305.1273 
frame00743.jpg 321.1618 339.7966 352.1884 303.8881 -500.0430 1290.4326 351.1096 305.1328 
frame00744.jpg 321.2698 340.0740 352.1960 303.9691 -506.5135 1306.6981 351.1211 305.2202 
frame00745.jpg 321.4580 340.3185 352.2626 303.9715 -519.8402 1333.1826 351.1928 305.2305 
frame00746.jpg 321.5743 340.5303 352.2394 303.9893 -524.5778 1349.0062 351.1750 305.2547 
frame00747.jpg 321.6942 340.6819 352.2074 304.0561 -514.8724 1344.9943 351.1483 305.3248 
frame00748.jpg 321.7402 340.7544 352.1394 304.1028 -502.8446 1335.0970 351.0838 305.3729 
frame00749.jpg 321.8389 340.9951 352.1307 304.1707 -483.7748 1320.5177 351.0781 305.4473 
frame00750.jpg 321.9112 340.9307 352.2418 303.7433 -514.5793 1366.7183 351.1892 305.0307 
frame00751.jpg 322.1184 340.6281 352.4641 303.2811 -555.3277 1420.6898 351.4126 304.5725 
frame00752.jpg 322.3670 340.8325 352.5348 303.3327 -531.0415 1401.8240 351.4886 304.6305 
frame00753.jpg 322.6801 340.8770 352.7646 303.2159 -537.7144 1418.1107 351.7216 304.5192 
frame00754.jpg 322.8987 340.8583 352.9724 303.0101 -553.2689 1443.6680 351.9305 304.3192 
frame00755.jpg 323.0249 340.7216 353.1394 302.7076 -589.4327 1492.7191 352.0972 304.0204 
frame00756.jpg 323.1115 340.6380 353.2526 302.5349 -598.6296 1506.0785 352.2098 303.8499 
frame00757.jpg 323.1477 340.5197 353.3175 302.2628 -616.5689 1532.3661 352.2743 303.5822 
frame00758.jpg 323.2437 340.2622 353.4881 301.7919 -668.1494 1601.5659 352.4438 303.1164 
frame00759.jpg 323.4464 339.9926 353.7617 301.3303 -747.2363 1705.7629 352.7174 302.6584 
frame00760.jpg 323.6962 339.8494 353.9889 301.0175 -800.1841 1780.8813 352.9464 302.3498 
frame00761.jpg 323.8567 339.6642 354.1183 300.7043 -849.7198 1850.9199 353.0781 302.0393 
frame00762.jpg 324.0101 339.3738 354.2616 300.3057 -921.3263 1948.0424 353.2230 301.6426 
frame00763.jpg 324.0632 339.1062 354.3992 299.9138 -1009.2765 2062.1167 353.3593 301.2531 
frame00764.jpg 324.0924 338.9022 354.4835 299.6409 -1076.9658 2149.2739 353.4429 300.9814 
frame00765.jpg 324.0610 338.7824 354.4957 299.4528 -1085.1843 2160.3101 353.4535 300.7953 
frame00766.jpg 324.0668 338.6716 354.4777 299.3075 -1099.0017 2181.1201 353.4367 300.6508 
frame00767.jpg 324.0705 338.5597 354.5123 299.1135 -1150.9830 2250.3877 353.4709 300.4584 
frame00768.jpg 324.0107 338.4850 354.4723 299.0009 -1180.3506 2288.8867 353.4307 300.3467 
frame00769.jpg 324.0179 338.2930 354.4807 298.7585 -1244.1300 2373.8962 353.4398 300.1053 
frame00770.jpg 323.9883 338.1040 354.4789 298.5110 -1280.1411 2421.5981 353.4375 299.8590 
frame00771.jpg 324.0092 337.9008 354.5417 298.2167 -1346.4238 2509.4795 353.4997 299.5671 
frame00772.jpg 324.0383 337.6669 354.6447 297.9395 -1441.7777 2630.1895 353.6012 299.2902 
frame00773.jpg 324.0383 337.4402 354.6997 297.6319 -1537.0106 2754.1658 353.6551 298.9844 
frame00774.jpg 323.9877 337.1567 354.7025 297.3073 -1650.1763 2898.9468 353.6569 298.6601 
frame00775.jpg 323.9767 337.0256 354.7112 297.1144 -1682.1567 2942.5959 353.6653 298.4695 
frame00776.jpg 323.9116 336.8970 354.6696 296.9512 -1737.4413 3014.5659 353.6232 298.3065 
frame00777.jpg 323.8841 336.8193 354.6521 296.8129 -1787.6655 3082.9880 353.6056 298.1696 
frame00778.jpg 323.9411 336.7277 354.7296 296.6197 -1865.5818 3189.5908 353.6831 297.9792 
frame00779.jpg 323.8938 336.5374 354.7061 296.3498 -1922.6389 3267.3057 353.6591 297.7112 
frame00780.jpg 323.8420 336.2392 354.7884 295.9586 -2113.0928 3508.9104 353.7377 297.3221 
frame00781.jpg 323.9523 335.9902 354.9064 295.5724 -2434.5906 3938.6360 353.8570 296.9387 
frame00782.jpg 324.1913 335.7761 355.1618 295.1949 -2863.0139 4512.8584 354.1136 296.5648 
frame00783.jpg 324.4331 335.5178 355.4430 294.6987 -3692.2944 5623.8848 354.3955 296.0739 
frame00784.jpg 324.4861 335.2235 355.5562 294.2309 -4777.7002 7068.3237 354.5080 295.6096 
frame00785.jpg 324.6039 334.9604 355.7028 293.8252 -6087.5137 8818.4883 354.6545 295.2070 
frame00786.jpg 324.6853 334.8943 355.7881 293.6700 -6443.1074 9307.1348 354.7402 295.0546 
frame00787.jpg 324.7000 334.8361 355.8243 293.5349 -6097.4351 8858.7031 354.7755 294.9223 
frame00788.jpg 324.8487 334.6024 356.0390 293.1714 -8421.5371 11955.1230 354.9893 294.5617 
frame00789.jpg 325.0711 334.3874 356.2889 292.7753 -13030.2012 18140.4180 355.2395 294.1699 
frame00790.jpg 325.2580 334.2274 356.5180 292.4409 -19830.1719 27282.7441 355.4679 293.8402 
frame00791.jpg 325.3512 334.1366 356.6821 292.2249 -24271.5996 33244.8867 355.6299 293.6283 
frame00792.jpg 325.6143 333.9543 356.9943 291.7901 154071.0938 -206294.3281 355.9418 293.2000 
frame00793.jpg 325.7687 333.7484 357.2238 291.3574 20632.0195 -27038.3496 356.1702 292.7729 
frame00794.jpg 325.7049 333.5648 357.2001 291.0393 17703.6797 -23135.9512 356.1454 292.4589 
frame00795.jpg 325.4937 333.3342 356.9902 290.7809 18852.3184 -24702.9980 355.9355 292.2015 
frame00796.jpg 325.2968 333.1945 356.8550 290.6312 24685.0723 -32529.2637 355.7977 292.0526 
frame00797.jpg 325.2788 332.9772 356.8639 290.3653 16528.2637 -21531.3301 355.8066 291.7876 
frame00798.jpg 325.4337 332.6372 357.0269 289.9683 9122.8535 -11551.5078 355.9711 291.3900 
frame00799.jpg 325.5822 332.3905 357.1981 289.6715 7043.0718 -8746.3135 356.1426 291.0933 
frame00800.jpg 325.6081 332.1158 357.2394 289.3153 6143.9341 -7542.3213 356.1842 290.7390 
frame00801.jpg 325.6247 331.8684 357.2881 289.0621 5538.6606 -6717.2686 356.2323 290.4852 
frame00802.jpg 325.6552 331.6620 357.3730 288.8571 5146.3062 -6175.3848 356.3161 290.2795 
frame00803.jpg 325.6451 331.4307 357.4454 288.6557 4891.9468 -5812.0464 356.3861 290.0765 
frame00804.jpg 325.6174 331.2205 357.5529 288.5240 4841.5166 -5707.5527 356.4893 289.9422 
frame00805.jpg 325.5998 330.9971 357.6543 288.3371 4564.5103 -5311.4150 356.5875 289.7534 
frame00806.jpg 325.5911 330.7783 357.7472 288.1581 4246.6777 -4867.1387 356.6777 289.5724 
frame00807.jpg 325.6150 330.6433 357.8456 288.0317 4188.1885 -4776.7969 356.7738 289.4457 
