frame ulx uly urx ury lrx lry llx lly
frame00001.jpg 241.0003 168.0023 430.9996 172.9978 426.9997 442.0021 244.9991 437.9980 
frame00002.jpg 241.3850 167.8253 431.7054 172.8163 427.5659 442.1256 245.4710 438.0632 
frame00003.jpg 242.0440 167.7555 432.4018 172.7829 428.1568 442.2872 245.9235 438.1582 
frame00004.jpg 242.4984 168.2171 432.9007 173.1956 428.7048 442.6241 246.5074 438.4795 
frame00005.jpg 243.0105 168.4324 433.4056 173.3699 429.1642 443.0184 246.8545 438.7257 
frame00006.jpg 243.2911 168.7092 433.7382 173.7818 429.4124 443.4501 247.1701 439.2522 
frame00007.jpg 243.8075 169.4891 434.0647 174.4841 429.7350 444.1113 247.6495 439.7756 
frame00008.jpg 243.8762 169.8842 434.0870 174.9781 429.7306 444.5623 247.6698 440.2057 
frame00009.jpg 243.8839 170.0376 434.1091 175.1510 429.7122 444.5764 247.6740 440.1609 
frame00010.jpg 244.1269 170.5018 434.1628 175.5543 429.6375 444.9711 247.8309 440.4413 
frame00011.jpg 243.9912 170.8131 433.9661 175.8761 429.6226 445.1186 247.7756 440.5142 
frame00012.jpg 244.0580 171.3078 433.9129 176.3664 429.6468 445.7570 247.7373 441.1884 
frame00013.jpg 244.3662 172.5246 434.0513 177.6109 429.7153 446.8419 248.0416 442.1850 
frame00014.jpg 244.9631 174.1828 434.3223 179.1913 430.1673 448.0609 248.5675 443.2870 
frame00015.jpg 245.4320 175.7073 434.6623 180.6933 430.3445 449.2408 249.0098 444.3588 
frame00016.jpg 245.8728 176.7607 434.9443 181.7390 430.6387 450.1689 249.5246 445.2882 
frame00017.jpg 246.6217 177.6871 435.6273 182.6874 431.3306 451.0148 250.1180 446.1425 
frame00018.jpg 247.3860 178.4667 436.2263 183.5592 432.0137 451.7271 250.7150 446.7862 
frame00019.jpg 248.1683 179.3016 436.9703 184.3145 432.8320 452.5679 251.6038 447.5173 
frame00020.jpg 248.8886 179.8131 437.7579 184.7704 433.5124 452.9285 252.2632 448.0745 
frame00021.jpg 249.5691 180.1551 438.5270 185.0166 434.3003 453.5996 252.9950 448.3957 
frame00022.jpg 250.3381 180.4194 439.3085 185.2799 435.1727 453.6980 253.8445 448.5678 
frame00023.jpg 251.2758 180.3285 440.2766 185.1443 436.0308 453.6664 254.7255 448.4219 
frame00024.jpg 252.3676 180.3574 441.1248 185.1768 436.9633 453.4438 255.7764 448.3845 
frame00025.jpg 253.5885 180.0849 442.2617 184.8053 438.1873 452.8753 257.2344 447.7417 
frame00026.jpg 255.3936 179.8350 443.6729 184.4665 439.3984 452.0680 258.8507 446.8944 
frame00027.jpg 256.9677 178.6447 445.0474 183.2829 440.7615 450.5775 260.4658 445.2955 
frame00028.jpg 258.9689 177.8963 446.6687 182.6001 442.2787 449.2926 262.5102 443.9655 
frame00029.jpg 261.5016 178.2713 448.4551 182.9092 444.1437 448.9261 265.0243 443.5793 
frame00030.jpg 265.0375 181.1788 450.6621 185.7905 446.2173 449.8344 268.7327 444.4263 
frame00031.jpg 269.5724 187.2278 452.8005 191.8187 448.4268 452.8960 272.9609 447.3472 
frame00032.jpg 274.9754 197.4281 454.3141 201.8573 449.7554 457.4875 278.0710 451.7314 
frame00033.jpg 279.4831 207.8514 454.8667 212.3353 450.1360 461.6917 282.0648 455.8775 
frame00034.jpg 283.1557 216.2603 454.4622 220.7781 449.7362 463.2159 285.9938 457.4272 
frame00035.jpg 287.5446 223.8037 454.2941 228.2900 449.5874 463.7685 290.1506 457.7984 
frame00036.jpg 292.4254 230.5074 454.0976 235.1019 449.4834 463.0807 294.6123 457.3416 
frame00037.jpg 297.4333 236.6363 454.3383 241.2552 449.7290 462.0868 299.3742 456.3048 
frame00038.jpg 302.3712 243.0939 454.5105 247.7453 449.9324 461.3975 304.1577 455.5803 
frame00039.jpg 307.7853 248.6893 455.0749 253.4088 450.3527 459.6492 309.2018 453.8091 
frame00040.jpg 313.2065 252.8665 455.7623 257.5280 450.9042 456.9047 314.2574 450.9978 
frame00041.jpg 318.2014 254.7103 456.6129 259.3708 451.5698 451.9402 319.1859 445.9341 
frame00042.jpg 322.8727 253.8334 456.9992 258.5709 451.8350 444.7307 323.5206 438.7140 
frame00043.jpg 326.8700 250.8308 457.3021 255.6161 451.8118 436.2229 327.2559 430.3620 
frame00044.jpg 330.2405 246.6918 456.8899 251.3991 451.1326 426.3386 330.5709 420.5250 
frame00045.jpg 333.0953 241.7132 456.0844 246.3940 450.0085 416.6042 333.2509 410.5034 
frame00046.jpg 333.9228 235.8290 453.7339 240.4438 447.3052 405.6324 333.8075 400.0602 
frame00047.jpg 333.7293 229.9997 450.3145 234.7086 444.0558 395.3329 333.5854 389.8336 
frame00048.jpg 332.5362 225.2775 445.9464 230.0377 439.6119 386.0481 332.1393 380.9600 
frame00049.jpg 330.2622 221.7364 440.5753 226.3670 434.3643 378.1154 330.0063 373.1559 
frame00050.jpg 327.2892 220.0389 434.4926 224.7175 428.5273 372.3345 326.7096 367.7492 
frame00051.jpg 323.9059 220.4416 428.1671 225.0247 422.5480 368.2705 323.4198 364.0041 
frame00052.jpg 319.9838 221.3904 421.7949 225.9103 416.3051 365.5018 319.4531 361.6851 
frame00053.jpg 316.5304 222.4888 415.9860 226.9630 410.5457 363.1563 315.9754 359.7000 
frame00054.jpg 312.4266 226.0188 409.5490 230.2918 404.3097 362.8689 311.8465 359.9787 
frame00055.jpg 308.7183 230.1444 403.6471 234.0108 398.5362 363.3471 308.1170 361.0156 
frame00056.jpg 305.5436 234.6504 398.3402 238.1680 393.3943 364.4478 304.9539 362.5610 
frame00057.jpg 301.9783 239.3746 392.5542 242.4088 387.8314 365.4037 301.2697 364.0652 
frame00058.jpg 299.0534 243.2291 387.7245 245.7708 382.9664 365.7021 298.4598 364.9935 
frame00059.jpg 296.4542 245.4543 383.5785 247.4137 378.7338 364.7458 296.0986 364.8484 
frame00060.jpg 295.6551 247.6938 380.6162 248.9153 376.0010 363.7408 295.4072 364.5249 
frame00061.jpg 296.3128 249.4683 379.1986 250.1964 374.9231 362.0468 295.9792 363.7045 
frame00062.jpg 298.9118 250.8129 379.6379 250.9112 375.5370 359.9311 298.7447 362.3332 
frame00063.jpg 302.6781 251.5135 381.2395 250.8432 377.1284 357.5201 302.3355 360.3991 
frame00064.jpg 306.7162 250.7059 383.3224 249.6321 379.1278 353.6485 306.3563 357.3178 
frame00065.jpg 310.9639 249.4276 385.6049 247.7469 381.4357 349.4391 310.9705 353.8956 
frame00066.jpg 316.0374 247.4283 389.0246 245.0423 384.6116 344.3974 316.2006 349.5630 
frame00067.jpg 322.4365 244.6191 393.0904 241.6408 388.7973 338.7789 322.9377 344.9612 
frame00068.jpg 329.4983 242.3310 398.0355 238.4440 393.9096 333.4945 330.5099 339.7402 
frame00069.jpg 338.2511 240.8252 403.5068 234.8728 399.1440 328.4953 339.1475 333.9148 
frame00070.jpg 340.9745 239.6621 408.9924 227.7728 395.4063 338.2917 335.2074 337.4688 
frame00071.jpg 344.2464 235.0558 406.8282 225.1346 399.0957 335.1285 337.4154 333.2666 
frame00072.jpg 344.2901 232.2286 403.7315 224.2339 402.8043 331.3770 338.5097 330.0435 
frame00073.jpg 344.3535 230.3723 406.1950 224.0952 410.0823 330.1041 337.4539 327.6582 
frame00074.jpg 345.1135 229.9845 407.6769 223.8675 415.4230 328.2164 338.1455 326.4158 
frame00075.jpg 343.4833 230.5807 404.6462 227.2103 421.6626 328.8765 336.5350 323.0032 
frame00076.jpg 343.6212 229.8362 404.8951 229.4930 427.4998 331.1792 335.6750 321.2892 
frame00077.jpg 344.7625 230.0034 406.7859 234.3555 433.0266 334.0834 333.4142 319.7119 
frame00078.jpg 346.5076 228.6503 411.6239 235.8837 436.1518 332.8652 327.9240 318.4042 
frame00079.jpg 346.4352 226.6274 413.5767 236.0793 437.2422 329.2329 317.9932 317.3872 
frame00080.jpg 347.3819 224.9891 412.6924 239.3640 431.9083 324.4749 309.6826 318.8377 
frame00081.jpg 348.3415 224.9105 414.0605 245.3746 426.1658 323.7518 302.6243 324.8849 
frame00082.jpg 348.4917 224.3533 414.1804 246.1029 424.9539 322.7292 300.2839 326.1114 
frame00083.jpg 349.0564 222.6411 418.3762 244.9024 426.5246 321.2670 295.2546 328.3209 
frame00084.jpg 346.2437 218.4858 423.4133 246.7307 425.4578 322.1704 278.8136 338.0803 
frame00085.jpg 340.3173 212.2096 426.4128 246.4423 423.1664 326.5496 274.7944 343.0217 
frame00086.jpg 336.9835 205.7679 428.4986 246.6682 423.0645 326.3416 273.9925 345.9225 
frame00087.jpg 335.4717 204.2943 429.8099 247.7117 424.0839 328.0933 273.2178 346.5536 
frame00088.jpg 333.3961 201.5238 431.7640 248.9259 424.6552 326.8379 270.4349 348.3158 
frame00089.jpg 330.3261 199.0073 433.9285 249.3755 425.7730 322.5422 264.3813 353.7915 
frame00090.jpg 327.9850 197.2427 435.9402 250.2693 427.8549 323.3391 260.8227 355.1908 
frame00091.jpg 325.5172 192.9566 437.7076 249.9372 428.2764 323.9418 264.0476 354.0811 
frame00092.jpg 320.9744 187.2710 439.1845 250.0407 429.3215 322.6405 267.9267 356.2684 
frame00093.jpg 312.2927 178.9809 439.4892 250.7510 428.2753 323.0878 272.1037 357.6909 
frame00094.jpg 304.5740 173.6377 441.4530 250.4939 427.7090 323.4822 267.8836 359.8465 
frame00095.jpg 295.7186 166.7346 438.9733 253.0597 425.3127 323.2454 265.1643 362.1671 
frame00096.jpg 278.8574 146.8065 433.1076 259.2229 419.2957 322.8975 261.5021 367.9810 
frame00097.jpg 251.2135 117.7695 434.1726 263.6871 418.8444 321.2653 255.7327 370.5717 
frame00098.jpg 266.3381 102.7906 429.9191 263.9955 412.4647 318.3505 239.1883 373.1439 
frame00099.jpg 244.0341 76.7500 441.3323 268.1708 417.0988 319.4507 202.3676 378.1520 
frame00100.jpg 192.6444 37.9630 451.9400 272.1754 424.8070 320.7609 184.2019 380.1820 
frame00101.jpg 144.5126 -16.8740 458.0195 273.4907 428.7767 320.1023 164.0457 385.9553 
frame00102.jpg 69.4233 -78.9771 479.8917 271.7245 439.6907 321.4616 154.0973 386.6975 
frame00103.jpg 31.9797 -91.3769 489.0547 269.3444 445.7463 319.3840 138.4766 388.6471 
frame00104.jpg -25.3799 -149.1241 484.6018 269.6164 445.5462 316.6437 102.4106 402.1367 
frame00105.jpg -27.1280 -123.2059 484.5920 269.0998 446.7426 315.7201 97.3590 402.4490 
frame00106.jpg -19.5016 -95.9823 485.6956 268.9294 448.0254 315.4961 95.3582 400.8941 
frame00107.jpg 2.3212 -70.5635 484.9498 271.9055 447.6262 317.6743 95.4910 391.3264 
frame00108.jpg 10.6795 -58.6848 487.4811 270.6328 449.5341 317.1081 99.2910 389.6394 
frame00109.jpg -7.3357 -75.0188 489.7185 270.9042 451.0128 317.7314 100.1477 389.3895 
frame00110.jpg -16.1776 -71.8852 493.6827 267.5508 454.3380 315.5244 106.4429 388.4409 
frame00111.jpg -11.3226 -60.4793 497.5175 262.4457 455.9461 312.9986 113.5870 386.7849 
frame00112.jpg -12.5543 -71.2948 496.4836 261.9286 455.1472 312.7604 112.2147 388.5226 
frame00113.jpg -43.9576 -91.9080 496.9361 258.7254 454.7281 311.0517 95.9296 393.6049 
frame00114.jpg -66.4697 -124.4747 492.2946 261.2143 452.4557 311.8289 70.7336 394.9644 
frame00115.jpg -51.5236 -97.0991 496.7775 259.9236 455.0183 311.5475 58.0130 392.3737 
frame00116.jpg 5.3048 -35.1412 497.2346 256.6830 456.8484 309.0334 48.0125 388.4399 
frame00117.jpg 52.4016 -0.8122 493.5323 256.5815 456.7403 307.4599 15.5626 384.8002 
frame00118.jpg 60.7823 -4.0867 491.3709 257.6704 456.5028 308.4703 3.5871 378.3488 
frame00119.jpg 62.2740 -12.6188 492.1074 258.6109 456.0204 310.0562 10.0127 374.7672 
frame00120.jpg 51.3359 -21.9199 498.0034 259.9190 459.7053 312.2011 -2.0920 373.2851 
frame00121.jpg 44.7261 -24.8352 498.5753 259.6087 460.5900 311.9771 -7.7994 372.8828 
frame00122.jpg 41.2680 -37.4249 500.7971 259.7877 460.9977 313.5373 -1.1387 369.2997 
frame00123.jpg 22.1010 -76.2240 506.9363 260.2907 464.0224 315.6594 4.8297 362.2468 
frame00124.jpg -15.8437 -121.1506 509.1291 257.3467 464.8029 314.1074 8.9656 368.9708 
frame00125.jpg -6.2925 -113.1094 510.4462 255.5618 464.8093 314.1519 28.4582 368.5687 
frame00126.jpg -140.7607 -293.7796 518.1483 249.7192 463.6940 315.9373 92.4113 372.0939 
frame00127.jpg -88.8945 -254.4355 522.1355 245.0116 463.6031 316.3546 110.7060 370.8312 
frame00128.jpg -193.2985 -423.0377 535.7720 241.8108 465.8325 317.3428 107.2466 378.4076 
frame00129.jpg -184.1932 -436.3609 529.6112 240.7968 458.3073 319.4561 128.0821 381.2154 
frame00130.jpg -197.6976 -436.2531 533.3684 241.0034 463.1507 318.0056 133.8865 382.3665 
frame00131.jpg -192.2997 -445.0776 531.8444 241.0952 462.2101 318.4923 140.9928 381.8064 
frame00132.jpg -107.8432 -423.5422 535.6271 239.1886 459.7950 321.5654 152.1132 384.9519 
frame00133.jpg -44.3331 -359.4948 537.7121 233.9429 457.1713 321.3607 152.4111 390.0335 
frame00134.jpg -48.7231 -392.5162 534.7738 231.1335 455.1389 321.3100 158.4690 391.4477 
frame00135.jpg -59.2328 -475.2128 536.0339 226.3708 453.4700 323.0297 174.8325 387.3604 
frame00136.jpg -80.2325 -533.1991 532.2653 227.7857 452.0605 322.9626 173.8842 387.1989 
frame00137.jpg -111.0929 -605.2631 533.8752 227.2805 452.2944 323.2741 174.3913 387.6365 
frame00138.jpg -603.8641 -1530.1412 547.5431 215.5740 450.0378 327.3403 207.0129 380.2517 
frame00139.jpg -1059.7133 -2288.9011 574.1972 192.3636 451.2903 329.1588 228.0589 375.4518 
frame00140.jpg -7244.1201 -13254.0371 560.9678 184.6325 448.3801 325.0491 238.8634 376.2830 
frame00141.jpg 4821.4521 8505.2969 558.0499 175.9727 446.6693 322.6769 246.6534 377.6367 
frame00142.jpg 6024.0933 11540.4463 571.0921 164.9877 446.5260 322.4665 246.4949 377.0989 
frame00143.jpg 11846.7246 23424.0605 594.5089 135.7110 448.4405 318.9815 252.9960 378.0838 
frame00144.jpg -1587.1208 -3684.2825 615.0881 112.8838 449.5560 319.7305 255.9220 377.3687 
frame00145.jpg -2745.4470 -6221.0986 608.2662 114.4287 447.9067 319.2780 259.7785 376.4959 
frame00146.jpg 3134.4414 6745.8657 622.4661 102.0107 443.8922 323.8986 267.6824 374.3387 
frame00147.jpg 1753.5076 3495.6123 646.7195 74.7110 445.3183 324.7173 276.2029 373.3331 
frame00148.jpg 925.2822 1681.8152 693.3928 37.3758 440.3918 334.9401 285.3615 373.0551 
frame00149.jpg 674.5489 991.4509 680.2100 45.9933 438.4795 336.6941 298.1693 370.2499 
frame00150.jpg 633.6321 889.2087 691.1381 23.1522 436.4836 335.3770 302.3864 368.6341 
frame00151.jpg 625.1599 857.3609 701.7414 9.9555 437.0820 334.6587 303.6702 368.4264 
frame00152.jpg 595.0040 768.4969 718.9448 -9.2969 438.8336 333.7408 308.4121 367.5294 
frame00153.jpg 581.0099 753.4927 753.8087 -34.8379 438.7927 336.3491 308.4776 367.8134 
frame00154.jpg 555.1516 725.8186 775.1894 -50.9899 436.0891 338.2437 308.0826 368.7000 
frame00155.jpg 492.5132 673.9428 724.0544 15.5059 428.3921 339.1167 301.1066 372.4305 
frame00156.jpg 459.8658 687.8390 687.4780 54.9904 425.6830 333.6691 286.0322 377.1015 
frame00157.jpg 456.8579 704.7792 673.1864 74.2329 425.1335 333.1207 280.1596 377.6327 
frame00158.jpg 454.6010 725.7759 659.4894 75.0952 426.1350 329.2820 278.8232 379.2881 
frame00159.jpg 457.6986 725.9836 650.9138 82.7020 426.0279 328.8801 278.8788 378.5889 
frame00160.jpg 457.8515 708.8768 643.2677 84.2731 428.8315 323.2511 276.5354 381.2607 
frame00161.jpg 467.9316 702.9444 640.8548 75.1721 432.4459 315.2852 274.7423 384.1373 
frame00162.jpg 454.8146 686.4573 628.5088 97.2147 433.3637 314.3925 267.5860 389.9382 
frame00163.jpg 445.2958 673.4559 617.7461 110.2110 434.4473 309.8984 265.8917 389.8547 
frame00164.jpg 433.4828 658.6988 603.9949 139.0832 431.6001 317.3689 264.3755 391.9885 
frame00165.jpg 429.1024 640.7847 590.7341 164.1729 429.9041 321.8371 262.5580 390.5989 
frame00166.jpg 430.6527 610.2416 582.2038 174.7154 430.0090 322.7490 264.7154 390.3192 
frame00167.jpg 433.1936 590.0947 576.3118 178.6466 430.1118 319.8754 264.5089 387.4456 
frame00168.jpg 429.0382 593.1804 570.4282 178.9967 428.2110 318.7817 264.9557 386.0250 
frame00169.jpg 424.3113 579.0583 565.0568 172.2925 426.1049 317.1638 270.5492 387.0570 
frame00170.jpg 408.7239 569.4694 596.9240 143.5012 424.5869 317.4065 272.5793 387.2389 
frame00171.jpg 403.2950 574.4988 624.7491 123.4455 425.7532 316.3401 277.1729 381.2654 
frame00172.jpg 390.0110 561.5277 637.2378 121.6362 421.5969 321.1837 278.1523 380.6948 
frame00173.jpg 370.6473 547.5784 642.1030 115.5116 414.3221 325.5894 279.1413 383.8836 
frame00174.jpg 375.6575 521.2107 620.5919 124.3715 414.3072 325.7140 289.4544 384.8612 
frame00175.jpg 379.5667 512.1233 612.6047 120.0655 415.4420 322.7774 294.5771 384.7979 
frame00176.jpg 375.1922 500.4399 644.5410 86.7747 409.8138 328.6806 300.0530 383.6555 
frame00177.jpg 371.5471 486.4158 692.6421 34.7444 404.1567 337.2007 308.2328 384.8177 
frame00178.jpg 371.5237 479.8748 718.1450 13.2326 403.5147 339.6489 310.8967 385.0898 
frame00179.jpg 372.6690 466.4159 793.5861 -77.0432 400.0082 343.9335 319.2567 383.7239 
frame00180.jpg 373.6637 460.1110 814.2093 -110.0050 398.8495 344.8401 323.4563 382.3047 
frame00181.jpg 373.7379 460.2658 834.8334 -132.5568 398.3743 346.4289 324.4016 382.7118 
frame00182.jpg 376.8277 447.9717 931.6292 -284.3585 396.5925 346.4668 332.1367 380.0144 
frame00183.jpg 379.1878 441.3854 1045.0352 -521.0970 395.1614 343.2689 337.3130 377.5870 
frame00184.jpg 379.2499 443.9509 1059.6963 -555.1351 395.2463 343.6181 337.0872 378.7218 
frame00185.jpg 379.9026 443.1706 1076.9857 -600.4691 395.3439 343.0471 337.9316 378.6841 
frame00186.jpg 384.3116 434.0147 924.1209 -502.0570 396.8739 333.3983 342.1263 374.3109 
frame00187.jpg 382.7825 435.7520 988.4601 -577.1812 396.6772 334.8747 340.5841 375.8877 
frame00188.jpg 381.9872 440.2062 1135.8290 -759.9276 396.7773 338.8579 339.3959 378.6151 
frame00189.jpg 376.2684 430.6742 1904.0981 -1654.8491 394.7046 344.0493 338.3314 380.5757 
frame00190.jpg 371.3268 424.8329 3919.9526 -3865.9036 392.6823 349.1749 337.2659 383.0319 
frame00191.jpg 366.8419 421.8874 2680.2273 -2287.6135 390.5891 351.2881 335.3253 386.0434 
frame00192.jpg 365.5524 423.6781 2669.3198 -2223.3940 390.4906 353.1074 334.3482 388.0879 
frame00193.jpg 364.3344 427.6452 1094.6964 -505.4073 391.9857 347.3261 331.5197 389.5549 
frame00194.jpg 363.2386 423.9946 897.5361 -297.0051 392.2492 342.1211 331.1204 389.0638 
frame00195.jpg 358.9942 428.4547 928.7316 -294.8733 390.4245 347.0818 328.0289 391.9926 
frame00196.jpg 355.4915 428.2121 925.8070 -327.7648 388.6002 343.4022 326.4669 392.1082 
frame00197.jpg 351.7162 432.3695 1200.8459 -690.9965 386.2180 343.9900 323.7619 394.2057 
frame00198.jpg 351.1311 434.2487 1078.9734 -653.3011 385.7498 336.9196 323.5589 394.9206 
frame00199.jpg 349.4379 432.7682 8540.1357 -11291.4580 382.6291 341.5286 324.9962 395.2277 
frame00200.jpg 351.8733 431.1971 -4764.3760 7699.4795 383.5589 343.9194 327.2369 396.6003 
frame00201.jpg 351.4667 431.4317 -4015.5212 6646.1011 383.2780 344.4460 326.8782 397.6701 
frame00202.jpg 352.3999 433.2794 1403.4565 -1182.8949 386.2562 337.0714 325.8889 397.1649 
frame00203.jpg 348.5079 437.5366 984.0182 -591.1167 385.7925 333.3268 322.5473 400.2917 
frame00204.jpg 346.2277 438.3776 1084.4542 -710.5331 385.1586 335.8043 321.1172 402.1628 
frame00205.jpg 342.3747 444.4830 919.3217 -495.0335 384.8918 332.1208 316.9519 406.4650 
frame00206.jpg 336.5352 448.3089 1006.7821 -600.3013 382.7074 334.2124 312.3136 409.8340 
frame00207.jpg 329.7110 457.4918 830.3485 -335.2159 383.3694 329.2887 304.5616 414.7346 
frame00208.jpg 326.2404 459.3471 783.3395 -239.5459 384.2884 328.3611 299.9747 416.5239 
frame00209.jpg 319.5903 460.6526 790.8914 -197.0912 385.6207 329.7633 290.9529 422.4287 
frame00210.jpg 308.9515 469.5177 658.1031 -7.9767 386.2462 328.3759 276.5702 432.4591 
frame00211.jpg 305.2455 472.3647 644.8311 21.8187 386.5775 329.9978 271.4359 435.5953 
frame00212.jpg 292.7446 481.8125 627.4976 48.2686 386.9140 325.8707 253.8125 445.7785 
frame00213.jpg 285.6321 481.4035 628.3907 78.7678 389.0984 328.7466 240.9906 450.6100 
frame00214.jpg 284.5314 484.0056 624.7003 83.2160 389.5620 328.2906 236.6672 453.1432 
frame00215.jpg 286.6767 493.0521 593.6735 88.4205 392.2120 319.8790 231.8253 464.8316 
frame00216.jpg 290.3444 498.3886 579.2234 84.5410 393.1994 315.0482 232.0013 472.1287 
frame00217.jpg 294.8970 498.8233 575.0166 78.9484 394.1833 312.5183 235.0884 473.5501 
frame00218.jpg 297.7429 498.8543 566.2476 82.6512 394.7299 310.5199 235.1994 476.3296 
frame00219.jpg 306.7830 490.3754 527.1617 133.7716 397.7162 307.9733 227.5157 485.4651 
frame00220.jpg 307.9967 492.4459 519.0643 139.4543 398.9789 304.7135 222.1362 493.1140 
frame00221.jpg 310.5918 493.3463 512.5836 131.5110 398.6539 297.9757 215.2523 504.9281 
frame00222.jpg 312.9716 490.8704 513.8174 121.3952 397.6202 296.6130 213.8858 510.5898 
frame00223.jpg 320.8858 488.0694 493.0132 142.1930 398.4500 293.4260 203.0629 531.7798 
frame00224.jpg 325.7612 474.6329 492.7715 168.0722 401.8833 300.8802 194.4553 531.6531 
frame00225.jpg 335.3400 468.9031 474.2211 187.5014 403.5475 296.6648 167.6337 568.6764 
frame00226.jpg 341.8651 458.1747 474.5063 188.2034 402.8564 300.3612 189.9489 547.4572 
frame00227.jpg 348.5360 443.1896 474.8821 197.1635 404.9245 303.3736 200.4973 534.8066 
frame00228.jpg 343.9204 445.0752 475.8672 207.0935 407.2256 302.3236 154.1669 563.6727 
frame00229.jpg 347.2789 444.8740 471.2301 201.5459 407.5463 295.9015 126.4207 603.1837 
frame00230.jpg 347.7440 442.9312 472.4945 201.8136 407.7135 296.8754 133.6610 594.1221 
frame00231.jpg 346.9308 443.2142 472.5717 205.2317 408.7280 296.7562 119.2111 603.4940 
frame00232.jpg 340.9202 444.2928 484.3275 195.6705 410.2473 295.3801 119.3029 589.6739 
frame00233.jpg 340.4674 443.6513 484.8909 188.7865 410.1772 291.8687 120.9927 593.7486 
frame00234.jpg 338.5070 446.3049 487.2826 181.2480 409.9438 289.3343 127.5196 588.7518 
frame00235.jpg 338.1713 449.0396 484.0215 177.7787 409.1572 285.5616 126.1977 591.9454 
frame00236.jpg 336.7463 446.6324 488.1579 178.7554 410.2319 285.8351 138.4056 565.7935 
frame00237.jpg 327.3065 448.5959 493.9661 186.5632 410.5727 289.1143 117.5897 559.6046 
frame00238.jpg 318.7425 454.5496 490.2562 190.0468 406.8324 290.9291 97.2432 572.7557 
frame00239.jpg 314.8663 454.2626 493.0172 189.0715 403.9603 294.9911 111.4474 559.0022 
frame00240.jpg 315.4608 449.4670 489.2016 196.9638 401.7664 299.6802 115.9666 555.9396 
frame00241.jpg 313.9158 446.5413 491.7722 205.9857 403.3527 302.8281 95.5606 560.1622 
frame00242.jpg 312.3917 446.6841 494.4544 202.7057 402.7625 302.9894 100.6601 556.3752 
frame00243.jpg 311.3427 446.2668 499.3331 199.3896 402.8973 304.0252 107.8548 551.8649 
frame00244.jpg 311.0128 443.1605 498.9995 203.4864 401.4589 307.3542 114.8611 545.2911 
frame00245.jpg 312.0380 442.3325 500.1721 201.3247 401.4641 307.5431 123.1341 542.2029 
frame00246.jpg 309.6237 440.2140 500.1722 207.8400 400.6214 310.8586 118.9094 541.4284 
frame00247.jpg 310.3911 439.8513 501.9773 206.9552 400.9203 311.6301 123.4216 539.7260 
frame00248.jpg 310.6115 440.0495 504.8531 207.8324 400.8442 314.3220 129.1868 535.5792 
frame00249.jpg 307.3007 443.4122 501.0593 204.3424 398.1697 313.4564 119.2355 550.2612 
frame00250.jpg 304.1840 443.4550 501.1176 211.1061 398.2437 315.1039 100.9810 554.9791 
frame00251.jpg 299.5432 443.4649 502.8446 218.0448 401.0219 314.2472 42.4552 585.0684 
frame00252.jpg 294.5433 445.3397 504.7123 221.2565 401.1780 315.2332 14.0168 596.2710 
frame00253.jpg 292.6559 445.8671 505.9414 223.2520 401.5988 315.9013 -0.0999 601.0696 
frame00254.jpg 282.5380 439.6316 521.6969 246.8895 403.2229 327.2415 -49.6589 566.1584 
frame00255.jpg 283.8003 433.9514 538.2852 257.8992 403.6479 336.2494 -10.0563 519.2218 
frame00256.jpg 280.7467 427.2352 553.1560 267.7488 405.6120 340.4406 -23.6108 499.2577 
frame00257.jpg 280.2937 424.7251 560.7944 276.0299 405.9408 344.6689 -15.6210 481.7909 
frame00258.jpg 279.5572 423.3694 567.6469 283.3236 406.7140 349.2930 -30.1080 481.9279 
frame00259.jpg 275.4196 423.3576 569.7861 286.3362 408.2213 349.8950 -74.8964 492.0695 
frame00260.jpg 284.3708 417.6127 575.4821 272.8687 408.4266 345.0867 -16.3212 488.4570 
frame00261.jpg 295.3149 411.7465 587.6361 255.4632 411.4408 339.4429 33.9816 485.2246 
frame00262.jpg 301.4425 407.5010 613.7974 251.4018 413.4610 341.7390 76.2281 465.4096 
frame00263.jpg 303.7134 403.5552 599.6512 264.8203 419.5723 340.9694 8.2634 485.0101 
frame00264.jpg 305.5381 402.2414 604.8513 254.4741 420.1301 338.2336 18.4688 493.9512 
frame00265.jpg 304.4566 397.9190 644.5368 254.0353 422.4944 341.2229 53.9868 465.4728 
frame00266.jpg 307.6253 395.9500 652.7539 254.4421 423.7113 342.1268 68.1846 459.9623 
frame00267.jpg 306.0486 396.1159 650.1331 259.0858 424.6867 342.6997 51.5312 462.2525 
frame00268.jpg 304.2943 396.2963 648.9532 255.0162 422.1962 341.8621 57.1951 463.2788 
frame00269.jpg 303.0092 398.6778 668.8259 250.9180 420.6222 345.0068 80.5579 457.0186 
frame00270.jpg 302.9920 400.2639 710.0503 245.0689 418.8972 349.8407 113.4485 444.9084 
frame00271.jpg 304.7676 399.1974 815.0769 246.4117 413.9406 360.2507 163.1075 419.5027 
frame00272.jpg 314.2356 397.4173 945.7755 223.0361 413.2003 364.1064 201.7057 410.2196 
frame00273.jpg 315.6367 400.4555 988.2518 202.3187 410.3991 366.7224 211.6883 413.9321 
frame00274.jpg 316.0055 401.8491 1050.3340 198.4593 408.9920 370.3535 217.1967 412.8381 
frame00275.jpg 313.7831 403.2067 1212.2694 186.5660 406.8267 374.7607 220.5309 409.4383 
frame00276.jpg 313.9094 403.1656 1282.1362 179.8358 406.3836 375.8042 222.7540 408.1637 
frame00277.jpg 314.0788 403.5213 1310.8785 207.8931 407.3526 379.4147 221.6406 406.2626 
frame00278.jpg 309.9730 405.1477 1208.9766 237.8707 406.5623 381.9225 209.9839 409.2831 
frame00279.jpg 309.7848 405.5752 1198.2493 247.6527 406.2265 383.1755 209.6557 408.8500 
frame00280.jpg 311.2050 404.2849 962.4249 281.3314 407.9005 381.6595 198.3741 412.1900 
frame00281.jpg 311.5891 405.0168 855.2044 273.7930 411.0689 377.1992 182.4199 423.3278 
frame00282.jpg 314.5698 404.4828 745.7958 288.3290 409.4682 375.9716 174.8333 430.8737 
frame00283.jpg 314.8816 405.4938 724.6848 299.1316 407.8733 378.6297 174.3470 431.3009 
frame00284.jpg 317.7430 402.3065 698.6863 318.3326 405.8758 380.5142 181.5758 422.9002 
frame00285.jpg 319.5345 401.2524 696.2621 337.6599 405.1819 384.7610 187.6357 415.4751 
frame00286.jpg 322.3394 399.8018 695.4825 349.3807 403.6265 386.9851 200.0782 409.2696 
frame00287.jpg 327.4434 397.7927 696.2260 340.2478 406.1828 383.8630 209.5112 409.9345 
frame00288.jpg 330.7697 397.0182 715.0898 324.1234 407.3990 380.9427 220.2427 412.3477 
frame00289.jpg 335.7702 393.4753 669.1726 312.4579 409.6400 374.1586 220.9931 415.9977 
frame00290.jpg 337.1665 392.7200 665.9490 312.5770 410.9031 373.3925 221.4354 415.5612 
frame00291.jpg 339.9366 391.1401 657.7220 309.2899 413.0381 371.0128 222.7086 416.0765 
frame00292.jpg 341.3205 390.2819 653.5610 307.6283 413.7653 369.8371 224.2202 416.1115 
frame00293.jpg 345.2015 389.2448 625.8096 317.3865 413.9710 370.5553 228.4621 414.5248 
frame00294.jpg 350.8191 386.1057 610.6434 317.2912 417.5689 367.4858 232.0407 413.3517 
frame00295.jpg 352.2748 385.5418 607.6538 324.7850 419.1902 368.7450 230.7725 410.4435 
frame00296.jpg 352.6559 385.3307 611.5046 326.5630 420.2724 369.1141 230.2118 409.1894 
frame00297.jpg 352.5212 385.7419 641.7021 330.1909 423.8327 371.2102 230.0189 405.6776 
frame00298.jpg 349.3219 386.8922 667.4151 337.4175 425.3528 374.3023 222.0881 403.4648 
frame00299.jpg 353.3091 382.3640 657.7577 324.1482 431.5237 366.7191 213.4383 406.0138 
frame00300.jpg 354.3657 380.9381 654.0812 321.8380 433.1340 364.7477 210.2404 406.3311 
frame00301.jpg 353.2697 381.6385 666.6660 323.9406 433.5931 366.1909 209.8968 405.0751 
frame00302.jpg 350.3140 384.1487 690.8920 338.3441 432.7444 372.4326 210.6146 400.2523 
frame00303.jpg 343.6614 390.4733 747.0240 362.4973 429.1276 383.8706 212.9008 396.9437 
frame00304.jpg 338.0753 394.4836 770.2459 396.9757 424.5866 394.3046 210.6854 391.2338 
frame00305.jpg 338.0279 394.3458 762.1247 396.1466 424.5448 394.0375 209.1180 391.2617 
frame00306.jpg 338.1645 394.0833 761.6792 385.4901 425.8716 391.6064 206.2339 394.1173 
frame00307.jpg 336.4217 393.6387 762.4344 371.0497 427.9484 388.0345 195.3923 398.2004 
frame00308.jpg 334.0265 391.5232 757.8248 358.3524 429.4220 383.2795 182.2574 400.2837 
frame00309.jpg 333.7066 390.1873 752.6595 352.6445 430.0271 380.7756 178.0411 400.9543 
frame00310.jpg 333.4907 390.1895 754.7893 352.6294 429.9320 380.8033 178.1920 400.8321 
frame00311.jpg 333.1860 389.9008 772.2287 358.2394 429.1379 382.1696 184.0094 397.4726 
frame00312.jpg 332.8201 390.1452 781.6534 359.1781 428.9444 382.6912 185.5167 397.1277 
frame00313.jpg 328.1791 393.7517 807.3866 347.3830 424.7596 383.5473 186.2112 404.2952 
frame00314.jpg 326.3826 395.5893 816.4631 341.3424 422.7594 384.0711 186.9453 407.9095 
frame00315.jpg 328.5689 395.6531 809.0273 337.2757 422.2015 383.4766 193.7345 409.1211 
frame00316.jpg 328.7126 395.3032 811.4688 336.0167 422.1490 383.0388 194.6994 408.8947 
frame00317.jpg 330.7399 394.0833 725.3910 347.9974 421.9934 382.7603 182.7888 408.6259 
frame00318.jpg 328.6439 392.7646 715.0325 358.0997 421.4690 383.8463 173.2728 404.2034 
frame00319.jpg 328.0636 392.8041 720.9170 369.7583 421.8229 386.7417 171.9048 399.5962 
frame00320.jpg 330.5850 389.6460 694.1838 362.1024 425.0881 382.0180 160.1225 400.4204 
frame00321.jpg 328.3317 387.5033 695.4253 382.0270 424.5694 385.6208 153.2591 388.0604 
frame00322.jpg 331.9464 381.6162 661.9398 350.9629 427.4019 372.3240 138.1257 397.4381 
frame00323.jpg 331.8763 376.2173 688.2628 328.4451 429.4105 362.7091 146.1288 399.0273 
frame00324.jpg 330.4196 375.6950 707.0497 330.9320 429.0861 363.5251 150.9547 394.9879 
frame00325.jpg 332.0038 373.8356 712.4116 317.2373 430.2695 358.7882 155.5724 398.1486 
frame00326.jpg 333.0071 371.5584 708.3348 301.6023 430.8329 352.9040 155.7722 402.6667 
frame00327.jpg 332.6169 371.7224 720.0234 303.5318 430.4541 354.0776 160.6142 400.1170 
frame00328.jpg 338.9013 370.8116 662.2051 296.1763 428.0875 349.8630 166.9881 408.7486 
frame00329.jpg 343.7615 369.5352 637.3514 294.4341 427.0239 347.9309 177.7624 410.4627 
frame00330.jpg 343.9941 370.8224 643.5579 295.6750 425.1133 350.1844 190.3276 407.9917 
frame00331.jpg 343.6733 370.2751 646.8481 293.3425 426.4718 348.9761 185.3675 409.0568 
frame00332.jpg 341.2996 374.5291 644.9670 320.1481 422.5321 359.7265 189.2520 400.5533 
frame00333.jpg 340.0613 377.8595 639.9776 340.0925 420.7145 367.4792 188.1685 395.9235 
frame00334.jpg 343.8572 375.6887 629.2912 336.0777 424.8128 364.2586 181.8326 397.1885 
frame00335.jpg 344.8094 377.6552 633.7649 356.5991 426.3141 371.5422 182.6013 388.6048 
frame00336.jpg 344.0623 382.5818 629.5977 379.0125 424.7994 381.4213 182.8277 383.8368 
frame00337.jpg 345.3040 383.2180 622.7477 377.8150 425.3761 381.5175 181.3436 385.6839 
frame00338.jpg 349.0248 382.6611 609.3721 376.4201 428.4210 380.6343 174.0584 386.1707 
frame00339.jpg 349.0426 385.9576 616.8698 387.4940 429.4683 386.3107 175.4389 384.3737 
frame00340.jpg 350.0731 387.6469 613.4944 385.8150 429.3483 387.0023 178.3611 388.3325 
frame00341.jpg 350.8253 390.1601 613.5496 393.0648 431.2676 390.9707 172.2512 387.7458 
frame00342.jpg 351.1568 391.0890 611.0097 394.3724 431.3980 392.0309 170.8056 388.4038 
frame00343.jpg 350.5026 393.4066 614.5082 398.8672 432.1371 395.0269 166.6155 389.2168 
frame00344.jpg 350.0562 394.3601 613.4952 404.6750 431.9200 397.5005 164.2886 386.7159 
frame00345.jpg 348.0475 396.8540 621.9454 414.2832 432.4211 402.1614 158.9780 384.4756 
frame00346.jpg 348.0467 397.9865 631.8040 417.6709 434.4899 403.9255 157.3535 384.4384 
frame00347.jpg 347.0531 400.0712 636.2957 423.6755 434.5109 407.1512 156.1138 384.1752 
frame00348.jpg 350.8637 396.1812 610.2595 401.2102 436.4960 397.7915 136.7597 391.7166 
frame00349.jpg 348.8997 398.8093 611.9955 406.4581 434.9248 401.2623 137.2691 392.3602 
frame00350.jpg 353.7815 393.0122 574.4678 377.5319 433.5675 387.3746 115.0166 409.4534 
frame00351.jpg 354.4163 393.0737 550.5356 376.0612 427.8488 386.6693 115.3296 413.5312 
frame00352.jpg 352.9240 395.9523 555.7278 383.6348 427.4209 391.3935 121.5194 409.7402 
frame00353.jpg 354.2745 394.8597 543.7401 381.9753 425.2758 390.0002 122.5304 410.3633 
frame00354.jpg 352.9218 396.3721 544.6732 383.2387 423.9487 391.4754 127.7192 411.5415 
frame00355.jpg 353.1906 395.1904 531.0217 378.6638 420.2529 388.9312 130.6728 415.6461 
frame00356.jpg 355.1214 391.6608 513.6035 363.3040 418.1572 380.3573 111.0149 435.0988 
frame00357.jpg 355.8176 390.5496 509.7688 359.6393 417.7676 378.0874 106.5278 440.3609 
frame00358.jpg 357.0091 388.5080 505.5509 353.2060 417.7242 374.0555 98.9153 449.5991 
frame00359.jpg 360.4458 383.1241 492.9258 337.7199 417.4324 363.5746 61.3153 485.3979 
frame00360.jpg 357.5603 384.5234 485.9001 337.4962 413.4002 364.0452 47.7115 497.8248 
frame00361.jpg 356.4110 384.2397 483.3268 337.5263 411.9196 363.7919 40.0829 500.4269 
frame00362.jpg 353.8052 384.1298 485.4547 333.4302 411.0255 362.0760 37.9659 505.5187 
frame00363.jpg 347.9211 385.6737 483.1107 327.9700 406.9037 360.4795 16.0941 527.0499 
frame00364.jpg 342.3698 386.9697 481.7350 324.8675 402.7992 360.0232 12.8772 533.5377 
frame00365.jpg 336.6575 391.4110 484.0498 331.4700 398.2038 366.3632 52.9152 506.5893 
frame00366.jpg 335.8872 390.0144 478.3516 332.2175 396.6794 365.3343 28.5615 514.4771 
frame00367.jpg 334.6464 387.9695 475.4554 326.0526 395.1336 361.3542 19.3778 526.3681 
frame00368.jpg 329.7943 386.7788 472.5528 315.8977 392.0011 355.8760 -17.8020 559.1343 
frame00369.jpg 324.9854 388.1834 471.3379 310.1591 387.7574 354.7016 0.1900 561.1266 
frame00370.jpg 324.3865 388.5070 471.0797 309.3979 387.2545 354.5873 0.2977 563.0759 
frame00371.jpg 323.3181 388.6899 471.5251 307.4136 386.3373 354.1143 9.7835 560.4305 
frame00372.jpg 323.2083 389.0025 471.9263 307.7943 386.0220 354.6865 19.6648 554.5560 
frame00373.jpg 322.5156 389.4090 471.1870 302.5010 385.9746 352.2978 1.3305 576.9672 
frame00374.jpg 323.1122 390.1290 465.9588 300.9313 385.0674 351.4273 -15.0754 601.0969 
frame00375.jpg 323.7312 390.5456 464.1190 299.7224 384.9040 350.9547 -18.1083 611.4801 
frame00376.jpg 332.2592 387.5587 457.8738 297.5255 388.1062 347.5172 -15.8307 636.8347 
frame00377.jpg 333.5930 387.1036 457.2979 298.6915 388.6866 347.7151 -13.2857 634.8110 
frame00378.jpg 334.7269 386.8835 455.6301 305.3773 388.6690 350.5066 -8.5444 618.1050 
frame00379.jpg 336.4068 385.0832 453.0477 311.3461 390.0425 351.1653 -80.7767 648.6028 
frame00380.jpg 336.4769 386.7527 451.9784 313.7155 390.0967 352.8357 -112.7028 670.5681 
frame00381.jpg 336.3744 388.1858 450.4703 317.7437 390.6671 354.6566 -234.4485 740.3616 
frame00382.jpg 334.0943 390.7826 450.2940 321.5199 390.2879 357.2786 -377.7707 814.8157 
frame00383.jpg 334.3220 391.0477 449.9202 320.9292 390.5447 356.9356 -434.2108 856.9070 
frame00384.jpg 336.5551 392.1328 449.5967 320.5598 391.9050 357.0790 -498.2764 920.3856 
frame00385.jpg 337.2635 392.2244 449.2964 320.3553 392.2719 356.9282 -529.6129 947.9973 
frame00386.jpg 338.3592 392.3026 448.5378 320.2206 392.7536 356.7076 -602.3359 1007.3584 
frame00387.jpg 339.3181 392.3516 447.3643 319.6257 392.9958 356.2130 -706.5847 1095.9497 
frame00388.jpg 343.5573 390.2037 446.1068 321.6524 395.7274 355.3217 -1632.6500 1710.4978 
frame00389.jpg 344.1930 389.7784 445.9762 321.1607 396.2119 354.7015 -2075.1682 2019.8682 
frame00390.jpg 344.6165 389.5110 446.0036 320.7231 396.5695 354.2546 -2435.9980 2275.0066 
frame00391.jpg 349.1754 387.0334 444.9850 320.8660 398.7640 352.7798 -5920.3364 4714.6191 
frame00392.jpg 349.9492 386.1990 444.5403 320.4113 399.0285 352.0573 -9042.0908 6914.8896 
frame00393.jpg 354.7658 382.5137 441.4386 320.8616 400.2010 350.1885 7958.5693 -5023.5854 
frame00394.jpg 360.3274 378.1319 439.5399 324.4873 402.5699 349.5198 2055.6067 -769.5039 
frame00395.jpg 360.8192 377.6156 439.6562 324.3085 402.9005 349.1576 1982.4156 -718.4741 
frame00396.jpg 361.9271 376.5708 439.9419 324.8116 403.6341 348.8961 1868.4749 -622.5892 
frame00397.jpg 365.1537 373.2225 440.4936 325.4551 405.7523 347.4788 1474.4772 -329.8955 
frame00398.jpg 366.8314 371.3044 440.3755 325.7519 406.7202 346.5946 1274.9985 -191.0291 
frame00399.jpg 367.6212 370.7327 440.8074 325.6053 407.3199 346.2515 1269.2683 -185.0811 
frame00400.jpg 368.1017 369.9008 441.0434 324.4863 407.6940 345.2474 1252.1080 -180.3427 
frame00401.jpg 366.0278 370.5459 442.2065 323.8572 407.4731 345.1428 1240.2585 -165.1539 
frame00402.jpg 366.3060 370.5348 442.2865 325.3633 407.7289 345.9063 1198.8033 -124.2886 
frame00403.jpg 365.7884 370.7433 442.1856 326.0897 407.4395 346.3963 1202.3434 -118.1057 
frame00404.jpg 362.2405 371.7102 442.9083 330.5575 406.1281 349.3177 1287.8800 -100.3362 
frame00405.jpg 361.7038 371.4461 443.2030 331.5840 406.0146 349.7708 1311.3667 -92.9068 
frame00406.jpg 360.6056 371.6946 443.1487 333.6513 405.5522 350.9763 1289.3306 -56.1977 
frame00407.jpg 356.3492 373.3994 443.5173 335.1316 403.7815 352.5730 1352.4753 -63.7521 
frame00408.jpg 358.2695 371.6416 441.4047 337.9327 403.5354 353.2853 1295.0273 -8.0663 
frame00409.jpg 358.3587 371.4485 441.5343 337.6704 403.6374 353.0580 1299.8539 -10.7639 
frame00410.jpg 357.9480 372.3081 441.8665 339.5981 403.6312 354.4987 1307.7190 2.2546 
frame00411.jpg 357.5454 373.4598 443.2439 340.4304 404.3920 355.4013 1243.9210 31.9849 
frame00412.jpg 358.0322 373.3985 443.2915 340.7867 404.8497 355.4870 1164.8300 64.9637 
frame00413.jpg 363.4518 370.9763 445.9119 340.6947 408.6941 354.3591 1156.2178 79.9844 
frame00414.jpg 364.0389 370.8219 446.4543 340.8045 409.2768 354.3424 1149.7386 84.7810 
frame00415.jpg 365.9332 372.9592 451.5615 344.4130 412.9027 357.2986 1192.8513 97.3809 
frame00416.jpg 369.2697 373.6920 458.7308 347.6131 418.1629 359.4382 1298.3302 102.9022 
frame00417.jpg 370.9471 373.2842 460.1403 346.8560 419.9126 358.7752 1218.8253 122.0738 
frame00418.jpg 372.9538 372.6628 461.0042 345.8035 421.7750 357.7693 1078.2681 157.5399 
frame00419.jpg 375.9630 371.5024 459.8884 344.2206 423.1679 356.1566 925.3676 192.9287 
frame00420.jpg 380.0280 370.2844 458.5110 342.0663 424.8788 354.1574 808.1811 216.3715 
frame00421.jpg 383.8003 369.8953 458.8445 341.1404 427.0525 353.3217 760.0424 225.7397 
frame00422.jpg 386.8870 369.6530 456.2817 341.1893 427.3999 353.0349 697.2866 242.3535 
frame00423.jpg 388.0697 370.4630 454.5895 341.4305 427.3096 353.3371 662.0062 250.8985 
frame00424.jpg 389.0812 369.9796 454.0912 340.9500 427.8338 352.6756 637.1599 259.1903 
frame00425.jpg 388.9287 370.3648 453.7086 341.2740 427.6672 352.9685 630.7663 261.7603 
frame00426.jpg 389.4974 370.8979 454.8356 342.7843 428.7745 353.9970 625.0531 269.5542 
frame00427.jpg 390.0852 369.1401 451.7724 339.3235 427.5950 351.0091 597.0654 269.1031 
frame00428.jpg 392.2617 365.9052 451.7977 336.1130 428.6801 347.6817 585.1382 269.3830 
frame00429.jpg 392.2741 365.4614 452.3352 335.3121 428.8141 347.1189 593.1777 264.6156 
frame00430.jpg 392.1398 365.6954 452.3403 335.4954 428.7549 347.3270 593.8336 264.5158 
frame00431.jpg 394.1096 364.2110 453.0457 332.4378 430.1544 344.7786 585.2487 261.1667 
frame00432.jpg 396.1889 363.8125 452.3039 332.7019 430.6502 344.7063 573.9537 265.2648 
frame00433.jpg 397.7277 362.8101 452.1325 332.2613 431.2526 343.9847 566.8476 267.8589 
frame00434.jpg 399.6097 362.7151 452.9659 332.8763 432.5005 344.3208 565.1414 270.1512 
frame00435.jpg 400.3862 362.8650 453.6132 333.3441 433.1634 344.6859 566.4583 270.7597 
frame00436.jpg 401.1154 363.0466 454.6915 333.9204 434.0973 345.1162 568.5666 272.0150 
frame00437.jpg 404.0259 363.9683 459.4465 336.3477 438.0980 346.9871 578.5183 277.0074 
frame00438.jpg 407.1313 363.8383 462.0186 337.4549 441.0776 347.5203 574.3997 283.4438 
frame00439.jpg 410.5158 363.6411 466.2769 338.5933 445.1015 348.1041 577.8688 288.4813 
frame00440.jpg 411.3882 363.2082 466.6831 338.4453 445.7451 347.8211 575.8198 289.5823 
frame00441.jpg 412.5298 363.1464 468.4471 338.5625 447.2797 347.8676 578.6529 290.1240 
frame00442.jpg 415.4741 362.1818 471.3145 337.7122 450.2900 346.9247 578.6001 290.7053 
frame00443.jpg 418.3058 360.9930 472.7473 336.8549 452.4088 345.8708 573.6364 292.1413 
frame00444.jpg 421.0444 358.9726 472.7693 335.6038 453.6104 344.2572 565.0135 293.9547 
frame00445.jpg 423.1799 357.6440 472.7192 334.9506 454.4662 343.3096 559.0450 295.4332 
frame00446.jpg 424.2232 358.2539 474.9072 336.0385 456.2485 344.2143 562.8987 297.4983 
frame00447.jpg 423.5037 359.7199 478.8065 336.8950 458.3049 345.3546 577.8016 296.0582 
frame00448.jpg 424.8835 358.5777 481.1018 335.0173 460.2166 343.7681 582.6845 292.4673 
frame00449.jpg 427.5827 356.9149 479.6428 335.5538 460.5770 343.3754 568.0300 299.3018 
frame00450.jpg 430.2021 358.0211 480.6960 338.8957 462.2569 345.8778 565.3853 306.8399 
frame00451.jpg 435.9348 358.8748 485.7198 342.5685 467.5578 348.5160 568.8723 315.3474 
frame00452.jpg 438.4576 359.7761 489.8429 343.6533 471.0830 349.5381 575.9346 316.6554 
frame00453.jpg 443.3951 357.7482 493.4641 342.3533 475.2648 347.9476 575.8196 317.0471 
frame00454.jpg 450.8156 355.8992 501.0397 340.7515 482.9103 346.2175 581.3242 316.5569 
frame00455.jpg 456.5206 356.1091 507.3077 341.7875 489.1098 346.9175 586.1205 319.5792 
frame00456.jpg 462.5938 355.5699 512.9736 341.6020 495.0757 346.5634 588.5667 320.6509 
frame00457.jpg 466.0205 351.6857 511.0584 338.1411 495.3527 342.8630 574.0513 319.2088 
frame00458.jpg 472.1923 350.6558 515.5826 338.1768 500.6065 342.4822 574.0396 321.3798 
frame00459.jpg 478.3891 350.8499 521.0963 339.3308 506.4023 343.2918 577.9871 324.0066 
frame00460.jpg 483.1636 352.6405 525.0953 342.0883 510.6983 345.7095 580.5394 328.1519 
frame00461.jpg 484.5006 352.5272 525.0875 342.1358 511.1775 345.6952 578.4097 328.5007 
frame00462.jpg 487.5030 354.0012 528.6072 344.0497 514.4864 347.4661 583.0650 330.8859 
frame00463.jpg 490.7591 358.5707 531.7750 350.1836 517.6804 353.0634 586.1711 339.0813 
frame00464.jpg 493.1432 360.0485 534.9442 352.1208 520.5729 354.8441 590.4766 341.6087 
frame00465.jpg 495.6480 359.0170 535.8471 351.7054 522.1005 354.2032 588.2497 342.1959 
frame00466.jpg 503.1448 362.3219 546.2485 356.0387 531.4695 358.1906 602.9631 347.7930 
frame00467.jpg 502.3951 359.5292 545.8174 353.0961 530.8979 355.3045 603.3803 344.5853 
frame00468.jpg 501.3742 360.0303 546.3998 353.5892 530.8267 355.8152 607.5125 344.8622 
frame00469.jpg 502.3732 364.9094 551.4394 359.6003 534.3436 361.4482 619.8450 352.2163 
frame00470.jpg 503.6346 367.2825 554.3111 362.7866 536.5970 364.3570 625.8130 356.4547 
frame00471.jpg 514.0607 367.8833 570.3491 363.9950 550.5191 365.3633 652.1231 358.3617 
frame00472.jpg 531.6973 376.0276 603.4558 373.9712 577.5822 374.7114 717.6281 370.7127 
frame00473.jpg 536.4930 380.2773 612.8838 379.3854 585.1408 379.7079 738.0672 377.9382 
frame00474.jpg 541.9048 377.5323 620.9811 376.2437 592.0986 376.7132 753.6909 374.0943 
frame00475.jpg 548.8436 375.9136 632.8014 373.0063 602.0488 374.0696 775.4002 368.0852 
frame00476.jpg 551.1744 374.8725 635.3817 371.5059 604.5826 372.7359 777.5200 365.8379 
frame00477.jpg 551.7921 371.1992 630.5735 366.4865 602.1075 368.1881 756.9943 358.9374 
frame00478.jpg 556.5032 364.6041 630.6782 358.3232 604.1812 360.5665 744.3737 348.7005 
frame00479.jpg 547.2918 355.7116 607.3984 347.8315 586.3930 350.5847 692.1216 336.7306 
frame00480.jpg 544.0057 353.5139 597.3441 345.8082 578.8923 348.4737 669.7836 335.3444 
frame00481.jpg 545.7401 354.4177 595.7400 347.6223 578.5497 349.9579 662.1607 338.6019 
frame00482.jpg 546.1486 354.6372 595.5766 347.9642 578.6040 350.2547 660.9470 339.1462 
frame00483.jpg 547.3687 354.5967 593.2699 348.4616 577.6347 350.5503 652.2914 340.5824 
frame00484.jpg 552.0306 354.0911 596.9840 348.0062 581.7234 350.0712 654.1158 340.2785 
frame00485.jpg 552.3602 353.5664 596.2946 347.5366 581.4180 349.5775 651.6462 339.9469 
frame00486.jpg 553.1520 354.1830 595.1882 348.4630 581.0292 350.3889 647.2083 341.3908 
frame00487.jpg 566.6151 357.1803 610.0807 352.4564 595.4841 354.0429 663.3353 346.6674 
frame00488.jpg 567.4823 356.8271 610.8906 352.0457 596.3220 353.6509 663.9679 346.1955 
frame00489.jpg 579.7285 360.6557 624.7457 356.6480 609.6641 357.9910 679.4615 351.7741 
frame00490.jpg 607.3559 367.1973 663.4540 363.9079 644.4548 365.0224 734.1840 359.7575 
frame00491.jpg 610.4730 361.6015 662.5140 357.3149 645.0565 358.7533 726.0439 352.0778 
frame00492.jpg 618.1161 357.1426 670.4817 351.8745 652.9354 353.6402 734.1655 345.4626 
frame00493.jpg 641.9932 364.9714 703.3625 360.8649 682.6143 362.2542 780.2827 355.7092 
frame00494.jpg 645.4315 367.1296 708.4587 363.3896 687.1008 364.6580 788.0795 358.6564 
frame00495.jpg 679.4477 374.3603 758.6672 371.3947 731.4553 372.4140 863.5869 367.4618 
frame00496.jpg 690.9183 372.5029 769.3699 368.8818 742.5929 370.1176 870.9729 364.1944 
frame00497.jpg 690.2990 373.7169 765.5482 370.0267 739.9957 371.2794 861.2850 365.3353 
frame00498.jpg 695.8445 373.7929 767.2613 370.0609 743.2039 371.3172 855.6739 365.4484 
frame00499.jpg 699.4537 373.1217 765.6572 369.7827 743.5524 370.8965 845.2289 365.7781 
frame00500.jpg 699.6703 375.2627 759.9775 372.5795 740.0271 373.4669 830.2978 369.4531 
frame00501.jpg 700.2230 374.3542 755.0461 371.8044 737.0675 372.6402 817.2094 368.9171 
frame00502.jpg 694.8813 368.5591 745.7700 365.3311 729.1664 366.3837 802.5488 361.7351 
frame00503.jpg 704.2577 367.7315 755.6651 364.3503 738.9207 365.4507 812.7201 360.6047 
frame00504.jpg 715.7961 364.4477 766.3179 360.6974 749.9310 361.9128 821.6560 356.5967 
frame00505.jpg 734.1113 367.9265 785.8174 364.6065 769.0786 365.6807 842.1166 360.9959 
frame00506.jpg 737.4728 366.2657 789.3657 362.7105 772.5745 363.8603 845.7860 358.8498 
frame00507.jpg 747.9561 365.1190 801.9260 361.3208 784.4445 362.5502 860.7932 357.1845 
frame00508.jpg 765.5443 367.6154 824.2864 363.9627 805.1981 365.1484 888.9997 359.9479 
frame00509.jpg 803.7924 373.4965 872.8460 370.2864 850.2694 371.3342 950.3882 366.6945 
frame00510.jpg 812.0452 374.6650 883.4393 371.5616 860.0652 372.5758 963.9602 368.0759 
frame00511.jpg 846.9882 379.3293 927.6119 376.7592 901.0953 377.6029 1019.8695 373.8308 
frame00512.jpg 861.2567 381.4727 945.7618 379.1886 917.9189 379.9396 1043.0155 376.5718 
frame00513.jpg 869.2532 382.5037 955.9377 380.3450 927.3488 381.0556 1056.0144 377.8642 
frame00514.jpg 907.3984 389.0150 1005.5325 387.8098 972.9961 388.2081 1120.7852 386.4058 
frame00515.jpg 917.7135 390.1114 1019.0970 389.0637 985.4337 389.4099 1138.7371 387.8401 
frame00516.jpg 928.9092 391.5194 1033.9480 390.6873 999.0129 390.9620 1158.5750 389.7174 
frame00517.jpg 943.5845 393.9031 1053.5587 393.4657 1016.9008 393.6092 1184.9930 392.9616 
frame00518.jpg 953.9009 395.6077 1067.3562 395.4572 1029.4823 395.5050 1203.6125 395.2956 
frame00519.jpg 961.3939 397.1355 1077.2419 397.2398 1038.5337 397.2022 1216.7977 397.3879 
frame00520.jpg 968.9351 398.5909 1087.1873 398.9356 1047.6399 398.8174 1230.0673 399.3773 
frame00521.jpg 972.1691 399.4430 1091.2965 399.9210 1051.4463 399.7577 1235.3529 400.5268 
frame00522.jpg 989.0520 403.5241 1113.8910 404.7356 1072.0389 404.3259 1265.9570 406.2412 
frame00523.jpg 1009.9529 408.6149 1142.5402 410.8102 1097.9536 410.0685 1305.7216 413.5423 
frame00524.jpg 1020.3896 410.1944 1157.0179 412.7122 1110.9985 411.8605 1326.0837 415.8594 
frame00525.jpg 1034.3077 412.7248 1176.3889 415.7669 1128.4318 414.7363 1353.4580 419.5898 
frame00526.jpg 1047.7749 414.9075 1195.4065 418.4333 1145.4691 417.2369 1380.7402 422.8920 
frame00527.jpg 1091.3512 421.9673 1257.6018 427.1545 1200.9786 425.3833 1471.2953 433.8609 
frame00528.jpg 1112.8809 425.5695 1288.2139 431.6087 1228.3190 429.5415 1515.9370 439.4894 
frame00529.jpg 1141.3486 430.3238 1329.7975 437.6397 1265.1379 435.1256 1578.3672 447.3243 
frame00530.jpg 1177.3375 436.4930 1383.3214 445.6042 1312.2405 442.4558 1660.5911 457.9073 
frame00531.jpg 1210.9735 442.7341 1433.3523 453.6886 1356.2410 449.8858 1737.9679 468.7332 
frame00532.jpg 1219.3842 444.9478 1445.6040 456.5079 1367.0837 452.4912 1756.5931 472.4386 
frame00533.jpg 1231.4099 448.2163 1463.1195 460.6781 1382.5823 456.3426 1783.2676 477.9342 
frame00534.jpg 1264.9016 455.1440 1513.9639 469.8185 1426.9795 464.6891 1864.1980 490.4952 
frame00535.jpg 1280.7499 457.9556 1538.2777 473.5938 1448.1320 468.1150 1903.4805 495.8141 
frame00536.jpg 1296.4905 460.9359 1562.6130 477.6132 1469.2480 471.7577 1943.2052 501.5068 
frame00537.jpg 1313.8114 464.6734 1589.8208 482.6870 1492.7317 476.3461 1988.4712 508.7472 
frame00538.jpg 1342.1179 470.8179 1634.2456 491.0550 1531.0707 483.9035 2062.6921 520.7746 
frame00539.jpg 1354.5143 473.6024 1653.6234 494.8407 1547.8080 487.3230 2095.0918 526.2283 
frame00540.jpg 1384.2006 479.4306 1701.7877 503.0587 1588.9150 494.6567 2178.9480 538.6002 
frame00541.jpg 1414.9879 485.1781 1752.4728 511.3117 1631.9502 501.9745 2269.1560 551.3653 
frame00542.jpg 1479.3617 496.8217 1861.5383 528.5464 1723.6320 517.0938 2471.4309 579.2244 
frame00543.jpg 1504.4325 500.9699 1904.6403 534.8443 1759.6572 522.5677 2553.6626 589.8293 
frame00544.jpg 1536.5105 507.2570 1960.2483 544.3027 1805.9849 530.8110 2661.5647 605.6692 
frame00545.jpg 1584.7615 515.8727 2045.6311 557.6596 1876.5890 542.3275 2832.9167 629.0974 
frame00546.jpg 1617.8483 522.6664 2105.1157 568.1986 1925.4833 551.4083 2955.8867 647.7498 
frame00547.jpg 1660.2900 531.0559 2183.7241 581.6304 1989.4324 562.8530 3125.6047 672.6912 
frame00548.jpg 1691.3097 537.2123 2242.1794 591.6626 2036.6780 571.3453 3255.9485 691.9220 
frame00549.jpg 1761.2175 550.6908 2378.2034 614.4010 2145.3479 590.3513 3576.3425 738.1808 
frame00550.jpg 1795.8354 557.3812 2446.9487 625.9332 2199.8228 599.9097 3745.9006 762.7538 
frame00551.jpg 1833.4175 564.6772 2522.9849 638.7389 2259.6445 610.4504 3940.7156 791.0692 
frame00552.jpg 1898.3558 577.0251 2658.8032 661.1985 2365.1978 628.6946 4311.1909 844.1639 
frame00553.jpg 1939.5109 585.3502 2746.8467 676.5292 2432.9951 641.0782 4565.2632 881.9676 
frame00554.jpg 1975.1565 592.5343 2823.9778 689.9437 2492.0813 651.8506 4796.4526 916.3756 
frame00555.jpg 2016.3237 600.6719 2915.3538 705.5839 2561.4160 664.2761 5085.1279 958.8566 
frame00556.jpg 2051.9109 607.4638 2995.0366 718.8647 2621.6086 674.7499 5346.7437 996.7297 
frame00557.jpg 2244.5303 645.2837 3466.9138 799.0196 2966.1809 736.0366 7245.1289 1274.3201 
frame00558.jpg 2398.7642 674.6153 3888.0457 868.8914 3260.4629 787.0156 9595.1572 1613.5485 
frame00559.jpg 2563.1167 703.9950 4381.5840 947.4042 3591.5134 841.6414 13688.5420 2193.4172 
frame00560.jpg 2702.0535 729.9920 4843.7490 1023.1549 3888.1091 892.3340 20164.4414 3120.6580 
frame00561.jpg 2789.0342 747.2677 5155.3779 1076.2137 4081.5007 926.9242 27627.7129 4200.5615 
frame00562.jpg 2930.1970 774.7546 5696.3682 1167.2706 4406.4175 984.2177 59960.6602 8868.3350 
frame00563.jpg 3019.4597 791.2483 6068.5918 1228.0309 4621.4053 1020.7131 190068.4531 27588.9141 
frame00564.jpg 3121.2249 810.2853 6527.3018 1303.4198 4876.9268 1064.4655 -141368.5938 -20111.4473 
frame00565.jpg 3233.9739 830.4487 7080.6016 1392.2040 5172.6411 1113.5566 -50454.8711 -7011.0068 
frame00566.jpg 3547.5566 887.0375 8962.6729 1695.4548 6082.9233 1265.5270 -19320.4609 -2527.1963 
frame00567.jpg 3700.3435 915.7333 10096.3018 1881.4406 6572.7300 1349.4124 -15349.4502 -1960.7803 
frame00568.jpg 4122.6660 1000.4681 14482.7881 2621.0952 8138.7861 1628.6887 -10265.3643 -1250.4100 
frame00569.jpg 4332.7603 1040.7415 17738.1816 3162.0188 9051.4053 1787.3999 -9011.3389 -1070.9834 
frame00570.jpg 4604.3013 1091.8427 24017.9590 4200.0830 10406.6250 2020.8036 -7885.4053 -907.9687 
frame00571.jpg 4864.4292 1140.8043 34253.0586 5892.3286 11917.7568 2281.1499 -7140.0918 -800.1990 
frame00572.jpg 5279.4302 1219.9208 84115.9453 14153.5996 14934.6162 2803.8840 -6310.5518 -681.6083 
frame00573.jpg 5640.2192 1289.1952 -877629.8750 -145266.7188 18445.2402 3413.8147 -5801.2866 -609.3250 
frame00574.jpg 6460.4092 1444.5006 -39525.6758 -6327.2412 32714.4492 5881.4082 -5047.1294 -500.3839 
frame00575.jpg 6976.6025 1541.0402 -26643.2891 -4186.8511 53831.4297 9523.6631 -4736.8076 -454.6822 
frame00576.jpg 7539.6489 1647.4854 -20438.7578 -3159.3296 135208.0781 23581.1504 -4481.0532 -417.8053 
frame00577.jpg 8163.6479 1767.1267 -16749.1777 -2551.9729 -314057.3438 -54095.0625 -4263.5630 -387.4364 
frame00578.jpg 8987.9648 1926.0397 -13940.3564 -2090.9353 -66813.7891 -11354.0391 -4043.0200 -357.0230 
frame00579.jpg 9843.5098 2092.7024 -12194.4502 -1806.7268 -39916.7930 -6711.8623 -3873.3071 -334.4391 
frame00580.jpg 11059.7256 2325.5146 -10646.2734 -1550.4210 -27215.5527 -4509.0532 -3692.4529 -308.7728 
frame00581.jpg 12766.3096 2651.8569 -9356.4912 -1336.6073 -20232.9629 -3297.4534 -3513.7026 -283.2834 
frame00582.jpg 15274.6885 3129.2090 -8284.6787 -1157.5754 -15885.2744 -2540.5198 -3340.4502 -257.9925 
frame00583.jpg 19175.8320 3865.0496 -7407.0181 -1008.2742 -12995.8301 -2032.8203 -3178.4849 -233.1242 
frame00584.jpg 26098.9141 5177.6221 -6669.6738 -884.6555 -10925.0947 -1671.8934 -3024.7581 -210.3877 
frame00585.jpg 60765.2773 11722.0225 -5760.8403 -729.4207 -8724.0820 -1284.0186 -2808.8787 -176.9609 
frame00586.jpg 401416.0000 76070.6562 -5300.7344 -651.4063 -7731.0215 -1109.8322 -2687.0601 -158.4133 
frame00587.jpg -95088.9844 -17717.0625 -4934.6948 -589.2623 -6991.2549 -979.9601 -2583.3003 -142.5741 
frame00588.jpg -38606.7734 -7048.2402 -4565.8193 -526.6995 -6285.2334 -856.0920 -2472.7417 -125.7420 
frame00589.jpg -27969.5234 -5028.2852 -4359.4917 -489.9450 -5906.2695 -787.2576 -2408.2026 -114.8968 
frame00590.jpg -20937.3945 -3696.5405 -4128.8096 -449.6272 -5498.2085 -714.1441 -2331.8948 -102.5475 
frame00591.jpg -16798.6621 -2919.7498 -3924.7988 -415.7120 -5149.0181 -653.8203 -2261.3467 -92.1901 
frame00592.jpg -12579.9629 -2123.8083 -3623.2034 -364.3078 -4650.3804 -566.0822 -2152.3862 -75.4023 
frame00593.jpg -9113.8438 -1472.0980 -3237.9121 -299.4384 -4047.5740 -461.0150 -1999.9672 -52.4084 
frame00594.jpg -8293.3740 -1316.7506 -3121.6094 -279.4627 -3870.4539 -429.6496 -1952.6425 -45.0318 
frame00595.jpg -7567.1289 -1179.6722 -3006.0049 -259.7817 -3697.4517 -399.2269 -1904.1998 -37.5922 
frame00596.jpg -6182.2720 -915.0872 -2739.4348 -212.8129 -3311.7100 -329.5403 -1784.8477 -18.1183 
frame00597.jpg -5846.3433 -851.8148 -2668.4197 -200.7569 -3209.7971 -311.6621 -1753.2659 -13.2947 
frame00598.jpg -5554.3643 -800.0414 -2605.2820 -191.6691 -3119.0779 -297.6546 -1725.7222 -10.2485 
frame00599.jpg -4841.6240 -668.4521 -2424.8899 -162.5092 -2869.2512 -255.5299 -1639.3053 1.9270 
frame00600.jpg -4697.4863 -643.5442 -2387.7266 -157.4780 -2817.5271 -247.9187 -1622.1389 3.6047 
frame00601.jpg -4470.7124 -600.8393 -2324.3679 -146.8206 -2731.1404 -232.8595 -1591.1870 8.2439 
frame00602.jpg -4256.4771 -560.4073 -2261.7273 -136.2269 -2646.4775 -218.0376 -1560.0841 12.9518 
frame00603.jpg -3764.8115 -469.5018 -2103.2856 -110.4935 -2436.9658 -182.5868 -1477.3778 24.7239 
frame00604.jpg -3588.4355 -438.4184 -2044.3544 -101.8878 -2359.3047 -170.5254 -1446.8151 28.3210 
frame00605.jpg -3419.2048 -407.3998 -1984.2294 -92.3238 -2281.2529 -157.5358 -1414.4504 32.7597 
frame00606.jpg -3289.2163 -384.4159 -1936.8235 -85.3205 -2220.0005 -147.9429 -1388.7644 35.8663 
frame00607.jpg -3161.1394 -361.1160 -1888.7078 -77.7952 -2158.2195 -137.8000 -1362.3678 39.3780 
frame00608.jpg -3063.1831 -343.5852 -1851.4742 -72.1757 -2110.4619 -130.1810 -1342.0045 41.9171 
frame00609.jpg -2960.1958 -326.0992 -1810.8986 -66.6518 -2058.8765 -122.6264 -1319.3245 44.2953 
frame00610.jpg -2783.9558 -292.9211 -1738.3263 -54.5588 -1967.5896 -106.8172 -1277.7307 50.4176 
frame00611.jpg -2638.7754 -265.8234 -1676.4849 -44.4194 -1890.3492 -93.6209 -1241.8251 55.5659 
frame00612.jpg -2352.7668 -210.8523 -1545.9109 -21.8307 -1730.0096 -64.9554 -1162.9006 67.8773 
frame00613.jpg -2299.4602 -201.2478 -1521.5269 -18.0871 -1699.9818 -60.0997 -1148.4307 69.7382 
frame00614.jpg -2252.9812 -191.8556 -1500.1936 -14.0919 -1673.7101 -55.0624 -1135.8103 71.9354 
frame00615.jpg -2173.0735 -176.2262 -1461.4694 -7.2105 -1626.7615 -46.4658 -1111.8463 75.8111 
frame00616.jpg -2094.9268 -162.0634 -1422.5858 -1.1124 -1579.9305 -38.7752 -1087.4004 79.1086 
frame00617.jpg -2035.3776 -150.8519 -1392.7823 3.8556 -1544.0536 -32.5599 -1068.7039 81.8600 
frame00618.jpg -1981.7412 -140.2227 -1365.6650 8.7625 -1511.4760 -26.4954 -1051.6450 84.6842 
frame00619.jpg -1943.6018 -132.2351 -1346.5902 12.5265 -1488.4622 -21.8707 -1039.8372 86.8896 
frame00620.jpg -1831.2607 -109.0193 -1288.0863 23.8359 -1418.6571 -8.0971 -1002.5145 93.6675 
frame00621.jpg -1769.3090 -97.0835 -1255.0862 29.5475 -1379.4923 -1.0852 -981.2206 96.9731 
frame00622.jpg -1713.1714 -86.0352 -1224.2198 35.0813 -1343.1787 5.6175 -960.8287 100.3093 
frame00623.jpg -1659.9060 -75.7643 -1194.4424 40.2574 -1308.2921 11.8822 -940.9639 103.4242 
frame00624.jpg -1610.4558 -66.7676 -1166.8586 44.6206 -1275.9241 17.2369 -922.7049 105.9134 
frame00625.jpg -1583.5950 -61.9708 -1151.9032 46.9061 -1258.3514 20.0614 -912.8693 107.1789 
frame00626.jpg -1563.7971 -58.1225 -1141.1338 48.7797 -1245.5988 22.3605 -905.9728 108.2438 
frame00627.jpg -1547.7450 -54.6501 -1132.6110 50.5245 -1235.4224 24.4798 -900.6713 109.2731 
frame00628.jpg -1538.1442 -52.3969 -1127.9844 51.6078 -1229.7119 25.8151 -898.1304 109.8791 
frame00629.jpg -1517.6951 -47.9141 -1116.7035 53.9657 -1216.3981 28.6387 -890.8555 111.3348 
frame00630.jpg -1485.3475 -41.3736 -1097.9237 57.4563 -1194.5771 32.8029 -878.1471 113.5077 
frame00631.jpg -1430.1428 -30.6117 -1065.0328 63.2611 -1156.6360 39.7113 -855.4465 117.1364 
frame00632.jpg -1400.5537 -24.1287 -1047.4799 66.9215 -1136.3463 44.0066 -843.4353 119.5302 
frame00633.jpg -1377.7443 -18.5944 -1034.1230 70.1377 -1120.8386 47.7476 -834.4341 121.6915 
frame00634.jpg -1332.1772 -8.6684 -1006.3645 75.8763 -1088.9833 54.4397 -815.0792 125.5023 
frame00635.jpg -1306.9359 -3.4870 -990.9497 78.8042 -1071.2976 57.8816 -804.3430 127.3905 
frame00636.jpg -1282.8248 1.5239 -976.1685 81.6598 -1054.3517 61.2309 -794.0391 129.2430 
frame00637.jpg -1270.6471 4.0791 -969.0909 83.0361 -1046.0962 62.8758 -789.3794 130.0788 
frame00638.jpg -1262.2670 5.3753 -964.4290 83.5582 -1040.5776 63.5711 -786.4687 130.2619 
frame00639.jpg -1250.4517 7.0914 -957.4389 84.2923 -1032.4661 64.5265 -781.7981 130.5586 
frame00640.jpg -1239.4126 8.6765 -950.9258 84.9565 -1024.9000 65.3986 -777.4643 130.8116 
frame00641.jpg -1236.7523 8.5296 -949.9789 84.5402 -1023.5652 65.0376 -777.2875 130.3028 
frame00642.jpg -1225.6288 9.5046 -943.6561 84.6342 -1016.1273 65.3269 -773.2664 130.0225 
frame00643.jpg -1214.2325 10.9209 -936.7906 85.1562 -1008.1992 66.0512 -768.6187 130.1436 
frame00644.jpg -1200.9818 12.5748 -928.6166 85.8076 -998.8291 66.9308 -762.9568 130.3402 
frame00645.jpg -1181.8878 14.8397 -916.7266 86.6663 -985.2375 68.1102 -754.6528 130.5570 
frame00646.jpg -1171.4901 16.0989 -910.3998 87.1159 -977.9493 68.7445 -750.3499 130.6381 
frame00647.jpg -1162.6722 17.4559 -905.1532 87.7079 -971.8593 69.5122 -746.8753 130.8757 
frame00648.jpg -1152.9626 18.8719 -899.5876 88.2428 -965.3166 70.2488 -743.3573 131.0071 
frame00649.jpg -1152.6709 18.3688 -900.1250 87.6397 -965.6695 69.6633 -744.2476 130.3853 
frame00650.jpg -1149.1595 18.6915 -898.4603 87.5941 -963.5756 69.7001 -743.4644 130.1806 
frame00651.jpg -1137.4736 20.8487 -891.1590 88.7509 -955.2286 71.0912 -738.3878 130.8518 
frame00652.jpg -1123.7906 22.9316 -882.3751 89.7842 -945.2695 72.3701 -732.1243 131.3776 
frame00653.jpg -1107.5784 25.2890 -871.7405 90.9621 -933.2902 73.8250 -724.3905 131.9806 
frame00654.jpg -1075.0052 30.4457 -849.7770 93.8074 -908.7521 77.2190 -708.0306 133.6696 
frame00655.jpg -1042.0092 36.3657 -827.3206 97.3081 -883.7239 81.2998 -691.2062 135.9322 
frame00656.jpg -1022.3324 40.5785 -813.9695 99.9601 -868.8252 84.3292 -681.2528 137.7694 
frame00657.jpg -1008.1772 43.5794 -804.4724 101.8144 -858.1870 86.4608 -674.2630 139.0258 
frame00658.jpg -991.0889 46.8893 -792.7927 103.8350 -845.1776 88.7938 -665.5189 140.3710 
frame00659.jpg -980.1312 48.9421 -785.4824 105.0250 -836.9711 90.1922 -660.1837 141.1135 
frame00660.jpg -956.7576 53.4367 -769.3305 107.7913 -819.0324 93.3796 -648.0058 142.9639 
frame00661.jpg -936.2339 57.5598 -755.1331 110.3713 -803.2659 96.3373 -637.3096 144.7181 
frame00662.jpg -917.6227 61.1942 -741.9788 112.6832 -788.7500 98.9747 -627.2153 146.3133 
frame00663.jpg -898.1868 64.7666 -728.1234 114.9278 -773.4974 101.5465 -616.5135 147.8360 
frame00664.jpg -876.8724 69.0627 -713.0266 117.6878 -756.8416 104.6866 -604.9406 149.7537 
frame00665.jpg -864.1003 71.5451 -703.9787 119.2589 -746.8583 106.4836 -598.0109 150.8236 
frame00666.jpg -852.2076 73.9264 -695.5611 120.7795 -737.5664 108.2179 -591.5772 151.8681 
frame00667.jpg -841.2667 76.1775 -687.8328 122.2258 -729.0289 109.8645 -585.6880 152.8677 
frame00668.jpg -828.3898 78.6681 -678.5898 123.8227 -718.8670 111.6843 -578.5428 153.9657 
frame00669.jpg -816.5471 81.0960 -670.0901 125.4090 -709.5201 113.4813 -571.9826 155.0787 
frame00670.jpg -808.3206 82.7459 -664.2917 126.4510 -703.1069 114.6753 -567.5897 155.7801 
frame00671.jpg -797.3003 84.6964 -656.3094 127.6691 -694.3515 116.0766 -561.3859 156.5874 
frame00672.jpg -784.5897 86.7472 -646.9745 128.9275 -684.1544 117.5336 -554.0437 157.3996 
frame00673.jpg -773.3574 88.6022 -638.7464 130.0692 -675.1585 118.8544 -547.5932 158.1378 
frame00674.jpg -760.0251 90.8566 -629.0367 131.4536 -664.5217 120.4576 -540.0305 159.0283 
frame00675.jpg -755.4344 91.5742 -625.8918 131.8269 -661.0092 120.9167 -537.7300 159.2105 
frame00676.jpg -751.1063 92.4090 -622.9495 132.3126 -657.7137 121.4900 -535.6004 159.5001 
frame00677.jpg -745.6245 93.2555 -619.0823 132.7756 -653.4337 122.0491 -532.6882 159.7471 
frame00678.jpg -738.4269 94.5255 -613.8734 133.5568 -647.7144 122.9538 -528.6652 160.2479 
frame00679.jpg -730.9494 95.8526 -608.4267 134.3822 -641.7453 123.9063 -524.4365 160.7844 
frame00680.jpg -721.8508 97.4384 -601.6842 135.3882 -634.3950 125.0595 -519.1171 161.4540 
frame00681.jpg -713.6094 98.8921 -595.5901 136.3098 -627.7463 126.1163 -514.3231 162.0661 
frame00682.jpg -705.0569 100.3418 -589.2241 137.2228 -620.8147 127.1661 -509.2849 162.6656 
frame00683.jpg -696.0741 101.8338 -582.4913 138.1638 -613.4988 128.2477 -503.9258 163.2836 
frame00684.jpg -685.0270 103.8940 -574.1133 139.5453 -604.4272 129.8031 -497.1865 164.2621 
frame00685.jpg -675.4740 105.7710 -566.8939 140.8168 -596.6009 131.2303 -491.4030 165.1723 
frame00686.jpg -665.0985 107.6904 -558.9782 142.1076 -588.0436 132.6828 -485.0110 166.0869 
frame00687.jpg -655.5420 109.5233 -551.6896 143.3521 -580.1627 134.0789 -479.1311 166.9777 
frame00688.jpg -640.9401 112.2884 -540.4506 145.2448 -568.0428 136.1971 -469.9955 168.3430 
frame00689.jpg -633.0376 113.7702 -534.4110 146.2426 -561.5153 137.3202 -465.1205 169.0473 
frame00690.jpg -625.3090 115.2761 -528.4923 147.2708 -555.1218 138.4721 -460.3372 169.7850 
frame00691.jpg -617.4639 116.7951 -522.4592 148.3112 -548.6126 139.6367 -455.4456 170.5334 
frame00692.jpg -609.2110 118.2966 -516.0717 149.3280 -541.7340 140.7794 -450.2378 171.2536 
frame00693.jpg -600.8689 119.8219 -509.5894 150.3677 -534.7617 141.9454 -444.9356 171.9951 
frame00694.jpg -592.8231 121.2956 -503.3283 151.3742 -528.0298 143.0738 -439.8089 172.7134 
frame00695.jpg -585.0333 122.7184 -497.2541 152.3455 -521.5020 144.1627 -434.8309 173.4063 
frame00696.jpg -577.0970 124.1588 -491.0395 153.3328 -514.8318 145.2684 -429.7192 174.1127 
frame00697.jpg -569.9033 125.4931 -485.4152 154.2495 -508.7913 146.2943 -425.1040 174.7701 
frame00698.jpg -562.7446 126.8081 -479.8016 155.1534 -502.7681 147.3058 -420.4855 175.4183 
frame00699.jpg -555.6161 128.1082 -474.1959 156.0488 -496.7580 148.3074 -415.8624 176.0598 
frame00700.jpg -548.5469 129.4106 -468.6226 156.9504 -490.7871 149.3142 -411.2573 176.7104 
frame00701.jpg -541.6028 130.6829 -463.1344 157.8323 -484.9110 150.2988 -406.7154 177.3463 
frame00702.jpg -533.8654 132.0661 -456.9691 158.7955 -478.3263 151.3726 -401.5761 178.0441 
frame00703.jpg -526.4247 133.3752 -451.0310 159.7031 -471.9871 152.3861 -396.6214 178.6980 
frame00704.jpg -520.0195 134.5283 -445.9413 160.5018 -466.5461 153.2783 -392.3911 179.2714 
frame00705.jpg -513.7385 135.6545 -440.9386 161.2826 -461.2016 154.1504 -388.2274 179.8321 
frame00706.jpg -508.6255 136.6138 -436.9052 161.9453 -456.8797 154.8915 -384.9016 180.3061 
frame00707.jpg -502.0110 137.7425 -431.5943 162.7240 -451.2191 155.7627 -380.4528 180.8617 
frame00708.jpg -496.1319 138.7706 -426.8912 163.4336 -446.2005 156.5568 -376.5264 181.3667 
frame00709.jpg -490.6377 139.8145 -422.5055 164.1692 -441.5174 157.3742 -372.8734 181.9044 
frame00710.jpg -485.7917 140.7594 -418.6584 164.8338 -437.4024 158.1131 -369.6868 182.3887 
frame00711.jpg -481.0488 141.6772 -414.8889 165.4782 -433.3715 158.8302 -366.5629 182.8571 
frame00712.jpg -477.3063 142.5352 -411.9606 166.0961 -430.2245 159.5120 -364.1744 183.3196 
frame00713.jpg -473.1375 143.4773 -408.6612 166.7821 -426.6912 160.2661 -361.4530 183.8404 
frame00714.jpg -468.7308 144.4262 -405.1484 167.4708 -422.9375 161.0242 -358.5374 184.3601 
frame00715.jpg -465.1146 145.2777 -402.3026 168.0926 -419.8840 161.7071 -356.2060 184.8326 
frame00716.jpg -463.3797 145.8680 -401.0588 168.5241 -418.5086 162.1809 -355.2852 185.1615 
frame00717.jpg -461.7140 146.4498 -399.8689 168.9513 -417.1913 162.6493 -354.4090 185.4886 
frame00718.jpg -459.7539 147.0598 -398.4250 169.3987 -415.6092 163.1402 -353.3039 185.8288 
frame00719.jpg -457.9601 147.6416 -397.1191 169.8245 -414.1725 163.6076 -352.3203 186.1533 
frame00720.jpg -456.2100 148.2140 -395.8479 170.2435 -412.7726 164.0676 -351.3660 186.4720 
frame00721.jpg -453.0047 148.9375 -393.3236 170.7666 -410.0650 164.6445 -349.2961 186.8630 
frame00722.jpg -449.0393 149.7440 -390.1394 171.3478 -406.6694 165.2860 -346.6386 187.2956 
frame00723.jpg -443.8469 150.6900 -385.8899 172.0276 -402.1638 166.0372 -343.0306 187.8005 
