frame ulx uly urx ury lrx lry llx lly
frame00001.jpg 328.0500 215.0400 543.0400 214.9600 543.0000 441.0000 328.0300 440.9600 
frame00002.jpg 328.3767 213.5147 543.4200 213.0340 543.6730 438.8100 329.2238 439.4397 
frame00003.jpg 329.5202 213.5438 543.8558 212.2219 544.3577 438.5715 330.3404 439.9684 
frame00004.jpg 329.8336 214.5718 543.8788 213.0507 544.4600 438.4083 330.7187 440.0503 
frame00005.jpg 329.4995 214.8091 543.0116 212.5957 543.4768 438.1593 329.9123 440.4455 
frame00006.jpg 327.7859 216.0401 541.1642 214.0794 541.8723 439.2105 328.7837 441.9795 
frame00007.jpg 327.1936 217.8646 540.1038 216.0401 541.1117 440.9346 328.5179 443.7500 
frame00008.jpg 327.6925 220.7099 539.9811 218.8680 541.1953 443.3280 328.9809 446.0582 
frame00009.jpg 327.7099 223.1413 539.2874 221.5220 540.0053 444.7443 328.0907 447.4501 
frame00010.jpg 326.2883 224.5771 537.5085 223.2403 538.2136 445.9761 326.9058 448.9199 
frame00011.jpg 325.6540 226.0085 536.3369 224.1397 537.5543 445.9471 326.8126 449.7438 
frame00012.jpg 324.9273 227.1796 535.0105 224.1058 536.9268 444.7414 326.7041 449.8132 
frame00013.jpg 324.3706 227.4567 533.8293 222.9352 536.6953 443.2061 327.2753 450.0948 
frame00014.jpg 324.2269 228.6756 532.7078 222.8427 536.0503 441.5148 327.4195 449.9509 
frame00015.jpg 322.6519 228.1351 530.4514 221.0146 534.2831 438.7145 326.4382 448.8530 
frame00016.jpg 320.8676 226.9239 528.1937 218.7606 532.8273 435.0958 325.4753 446.3252 
frame00017.jpg 319.1573 224.3853 526.2515 215.8342 531.4198 432.5797 324.2474 444.9779 
frame00018.jpg 318.1537 224.9693 525.0568 215.9946 530.5941 433.3381 323.5641 445.8302 
frame00019.jpg 318.0268 225.2801 524.7811 216.7097 530.4084 433.4453 323.4968 445.6205 
frame00020.jpg 318.6340 224.7914 525.2637 216.1702 530.9233 432.3862 324.4942 444.8210 
frame00021.jpg 318.8517 224.7877 525.5599 215.8198 531.1425 432.1576 324.9266 445.5331 
frame00022.jpg 318.6677 225.2142 525.1630 215.8996 530.8976 431.3967 324.8743 445.0983 
frame00023.jpg 319.2527 224.4213 525.5706 214.7629 531.7527 430.6677 325.9955 445.1568 
frame00024.jpg 319.7541 225.0723 526.2405 215.2128 532.2774 430.5078 326.5491 445.4121 
frame00025.jpg 320.0255 225.1351 526.2635 214.7874 532.5992 430.0147 327.0742 445.2828 
frame00026.jpg 320.6237 224.5720 526.4734 213.5937 533.1643 428.2526 327.8349 444.0389 
frame00027.jpg 320.4333 224.2281 525.8995 212.2134 532.6018 426.7328 327.4722 443.5531 
frame00028.jpg 319.0479 223.6967 524.3961 211.1105 531.3848 425.9451 326.3145 443.7379 
frame00029.jpg 317.2472 224.7560 522.7118 211.7306 530.0420 425.8324 325.4492 444.3069 
frame00030.jpg 316.6741 223.7882 521.9199 210.7189 529.3720 424.1225 325.1678 442.9536 
frame00031.jpg 316.1240 223.1249 520.9810 209.7008 528.5502 422.6233 324.8695 442.3939 
frame00032.jpg 315.4649 222.6957 520.0403 208.3700 528.2579 420.4759 325.1422 441.1631 
frame00033.jpg 315.0242 221.9264 519.3865 206.9994 528.1601 419.0733 325.1784 441.0710 
frame00034.jpg 314.9967 221.9569 519.1307 206.0878 528.6174 418.1157 326.0937 440.7616 
frame00035.jpg 316.0323 222.2767 520.0262 205.7398 530.0040 417.7642 327.7818 440.9157 
frame00036.jpg 317.4154 222.2870 521.1617 205.6255 531.1095 417.3706 329.1470 440.7634 
frame00037.jpg 318.5437 222.0417 522.1910 205.6015 531.8857 417.0807 330.1446 440.6715 
frame00038.jpg 319.3045 222.5142 522.7779 205.7119 532.3892 416.5545 330.8180 440.6722 
frame00039.jpg 319.3769 222.5589 522.5649 205.2973 532.2118 415.7083 331.1061 440.6255 
frame00040.jpg 318.7383 221.8872 521.8861 204.0615 531.6083 413.3869 330.9011 439.3408 
frame00041.jpg 317.4042 221.3342 520.6716 202.4025 530.8387 411.9248 330.1127 438.9211 
frame00042.jpg 315.6446 220.1531 518.8679 200.3130 529.4322 410.0023 328.6486 438.0981 
frame00043.jpg 313.3606 220.1447 516.7574 199.3754 527.8604 408.8871 327.3762 438.5091 
frame00044.jpg 311.8419 220.2722 515.2386 198.1689 527.2381 407.8556 326.9485 438.7729 
frame00045.jpg 310.9306 220.2642 514.5436 196.5091 527.4168 405.3022 327.4384 437.6223 
frame00046.jpg 310.3914 219.3633 513.8142 193.9178 527.6703 403.1089 327.6294 437.3840 
frame00047.jpg 309.9026 219.2156 513.3841 192.1062 527.9838 400.9720 328.4063 436.5410 
frame00048.jpg 310.2625 217.7333 513.6010 189.8631 528.6043 398.7351 329.1822 434.9945 
frame00049.jpg 310.3670 216.8376 513.7403 188.2062 528.8879 397.1974 329.5537 434.7441 
frame00050.jpg 309.6264 217.1332 512.9881 187.5244 528.3121 396.3645 329.1312 434.4561 
frame00051.jpg 309.0836 216.7238 512.3822 186.4692 528.1815 395.5341 328.9678 434.3923 
frame00052.jpg 308.1747 216.6899 511.5070 185.2950 527.8360 393.8817 328.7224 434.3409 
frame00053.jpg 306.8727 216.5687 510.4876 183.3105 527.7617 391.7457 329.0346 433.9669 
frame00054.jpg 305.9500 217.1434 509.6191 182.0936 527.5607 390.8943 328.9668 435.0970 
frame00055.jpg 304.6700 217.3629 508.3616 180.4869 527.5203 388.4319 329.2290 434.3419 
frame00056.jpg 303.9957 216.6582 507.6012 177.3244 528.2262 385.5378 330.0810 433.7834 
frame00057.jpg 303.1612 216.5033 507.0574 174.8797 528.4300 382.9926 330.6294 433.6220 
frame00058.jpg 301.9936 216.6406 506.3256 173.3345 527.8989 381.3644 330.3310 433.5627 
frame00059.jpg 300.2558 215.9160 504.7507 170.9931 527.3389 378.6484 330.1016 432.5092 
frame00060.jpg 299.8461 215.2621 503.9838 168.7682 527.5887 376.5272 330.5726 431.6777 
frame00061.jpg 298.7842 215.4707 502.9872 167.4690 526.9468 375.6610 330.0272 432.5624 
frame00062.jpg 297.2504 216.1384 501.5949 166.5684 526.4404 373.9862 329.9586 432.6961 
frame00063.jpg 296.5457 216.8912 501.0895 165.8771 526.5654 373.4593 330.3323 433.8857 
frame00064.jpg 295.7654 217.6682 500.8406 165.1828 526.6078 372.0355 330.5254 433.6656 
frame00065.jpg 294.6975 216.4999 500.3021 162.5170 526.5667 369.8400 330.3631 433.1596 
frame00066.jpg 294.2393 216.8340 500.0134 161.2020 527.0652 368.3654 331.0540 432.9297 
frame00067.jpg 294.5299 216.0471 500.5811 159.2610 527.8724 366.3941 332.0807 431.7393 
frame00068.jpg 294.8291 214.7669 501.0621 156.6065 528.4904 363.6486 333.0283 430.4400 
frame00069.jpg 294.6514 214.5233 501.0379 154.8359 528.6418 361.6985 333.5312 430.0994 
frame00070.jpg 294.1201 214.5939 500.4412 153.6975 528.3214 359.8390 333.6458 429.3114 
frame00071.jpg 293.4631 212.2910 499.8726 150.4021 528.0236 356.4998 333.6252 427.2714 
frame00072.jpg 293.2130 211.2165 499.5141 148.2831 527.8232 353.8789 334.1665 425.5372 
frame00073.jpg 292.8264 209.1673 499.3188 145.5294 527.7311 351.2017 334.1187 423.9410 
frame00074.jpg 291.9101 207.8474 498.8262 143.5433 527.1624 349.3560 333.6016 422.8131 
frame00075.jpg 291.3262 206.6553 498.3562 141.7049 526.6728 347.9084 333.1189 422.3413 
frame00076.jpg 290.0247 206.7428 497.5745 141.0583 525.7213 347.2211 332.1691 422.0818 
frame00077.jpg 288.5190 205.4571 496.4151 139.3227 524.8349 345.7332 331.2567 421.3027 
frame00078.jpg 288.3856 205.1262 496.2026 139.0097 524.1528 345.4330 330.9478 421.2048 
frame00079.jpg 288.7191 205.6239 496.4844 140.8555 522.9790 347.2311 330.1849 421.8983 
frame00080.jpg 289.8087 206.0204 497.1414 144.1478 521.6617 349.4810 329.6972 421.7305 
frame00081.jpg 292.2154 206.2758 498.6289 147.4567 520.8369 351.4215 330.1091 421.7308 
frame00082.jpg 294.6833 206.6883 499.9587 150.0533 520.0818 352.6544 330.5400 421.3802 
frame00083.jpg 295.8838 208.4520 499.9705 153.2557 518.3484 354.3983 329.9999 422.2273 
frame00084.jpg 295.6661 208.2938 498.7437 153.7180 516.6849 353.3621 329.2412 420.8544 
frame00085.jpg 295.5634 206.8147 497.3990 152.7988 514.8174 351.8009 328.6065 419.0165 
frame00086.jpg 295.8472 205.2126 496.4206 152.2362 512.4425 349.6127 328.0799 416.5488 
frame00087.jpg 296.5591 202.8908 495.6263 151.6703 510.3440 348.1608 327.2818 413.6210 
frame00088.jpg 297.6843 199.3989 495.4236 150.7869 509.1483 346.9078 327.0575 410.5086 
frame00089.jpg 298.8999 196.9553 495.6737 150.3081 508.0446 345.9380 327.0210 408.1352 
frame00090.jpg 299.8296 194.4264 495.6429 149.6409 506.8199 345.0012 326.5086 405.7432 
frame00091.jpg 300.5716 192.3407 495.5199 149.1037 505.9114 343.4315 326.3224 403.1937 
frame00092.jpg 301.4257 190.0904 495.8250 147.7175 505.8428 342.5516 326.5809 401.6784 
frame00093.jpg 302.0521 188.5263 496.2552 147.8556 504.8843 342.1737 325.9732 400.0983 
frame00094.jpg 301.7399 186.3434 496.0659 146.6626 503.8342 341.4197 324.5969 398.3664 
frame00095.jpg 301.4160 184.3371 495.8041 146.1107 503.3305 340.9935 324.1548 397.0768 
frame00096.jpg 302.8288 183.3953 497.0746 146.6132 503.6239 341.9258 324.8427 396.7409 
frame00097.jpg 305.6274 182.8124 499.5283 148.0851 504.4707 343.2603 325.9387 396.1738 
frame00098.jpg 308.7758 183.2613 502.3183 150.6917 505.8531 345.5378 327.4969 396.3980 
frame00099.jpg 312.0910 182.6310 505.2295 152.0230 507.7875 346.8303 329.5160 396.0236 
frame00100.jpg 315.4079 181.9279 508.2350 154.0072 509.5459 348.7920 330.9890 395.6265 
frame00101.jpg 318.1509 181.6728 510.5393 156.3733 510.5202 351.8745 331.9022 396.2780 
frame00102.jpg 320.7224 180.9037 512.4233 159.5387 511.0492 354.5827 332.5410 395.5173 
frame00103.jpg 323.5067 179.3842 514.5175 161.8283 511.7398 357.6386 333.3932 395.7070 
frame00104.jpg 326.8700 180.1204 516.6375 165.6018 512.1483 360.8585 334.3687 396.1036 
frame00105.jpg 330.5283 180.3781 519.0234 169.7182 512.7905 364.5822 335.8102 396.8923 
frame00106.jpg 334.2418 181.8892 521.5781 175.1164 513.6027 370.2692 336.7489 398.3445 
frame00107.jpg 338.0457 181.9376 524.6346 180.7500 514.7477 374.9852 337.9959 398.2308 
frame00108.jpg 342.4512 182.1304 527.8553 185.4157 516.3657 380.0833 339.6064 399.1782 
frame00109.jpg 346.5458 182.7447 531.1447 190.6571 517.7461 385.2958 340.9915 399.9827 
frame00110.jpg 351.3183 184.0076 535.2338 197.0280 518.9970 391.1669 342.6378 401.5338 
frame00111.jpg 356.5201 186.1053 539.1837 203.1005 519.8893 395.6352 344.2482 401.8920 
frame00112.jpg 361.4473 186.2301 542.6840 208.5896 520.2884 400.7850 345.5757 402.2308 
frame00113.jpg 366.1260 187.8553 545.9615 214.9294 519.7594 405.6230 346.3102 403.3527 
frame00114.jpg 371.4081 190.7042 548.8948 221.2294 519.7098 411.0844 347.1601 404.5674 
frame00115.jpg 377.3420 192.3532 553.0092 228.1267 520.0688 416.9185 348.9768 405.9387 
frame00116.jpg 383.5931 196.0461 557.1500 236.4427 519.6388 422.1752 351.0296 407.8024 
frame00117.jpg 389.8791 200.2498 561.1411 244.5524 519.8322 427.9321 353.3347 410.6679 
frame00118.jpg 396.0572 199.2473 578.1129 242.9776 520.3507 433.6432 357.6599 411.5057 
frame00119.jpg 402.6317 187.9285 595.9590 237.5401 517.4902 437.6358 359.8523 413.9614 
frame00120.jpg 400.8664 169.8313 619.3142 230.3935 514.3910 439.4802 362.9203 414.4263 
frame00121.jpg 409.8283 173.6909 620.1146 228.5246 517.2625 444.5673 360.9221 418.4751 
frame00122.jpg 410.6075 169.9964 625.9090 225.8801 518.7415 447.6425 363.4357 420.1245 
frame00123.jpg 410.5750 175.4573 631.3353 238.7216 518.5653 448.1151 365.5842 418.9533 
frame00124.jpg 408.3664 168.6779 650.2116 236.3719 519.2188 449.7364 367.5417 417.9053 
frame00125.jpg 408.0940 168.9803 652.0637 240.0593 520.7535 451.1855 368.9002 418.0139 
frame00126.jpg 412.9238 173.8633 639.2423 248.0012 520.6874 451.1936 369.9313 419.3849 
frame00127.jpg 410.7916 164.0265 657.8228 247.1601 521.6179 452.9555 370.9912 419.0131 
frame00128.jpg 411.5188 155.8068 664.0951 250.4015 519.6190 452.5086 371.5239 419.5465 
frame00129.jpg 411.3146 155.2481 664.5970 255.0552 519.4329 452.0217 372.3349 419.5014 
frame00130.jpg 409.9830 148.5863 676.4256 247.4725 519.5219 450.8773 373.7965 419.7228 
frame00131.jpg 409.6770 148.6439 673.9855 248.5122 520.6851 449.5929 373.6119 419.3961 
frame00132.jpg 409.9666 151.8198 671.4598 241.2063 523.6096 448.6758 373.1263 420.5858 
frame00133.jpg 410.2587 157.6792 666.1953 239.4649 525.9543 445.1776 373.9434 418.7943 
frame00134.jpg 410.3564 153.8664 658.0457 236.0402 526.9984 439.6725 374.8585 418.1809 
frame00135.jpg 403.8105 159.7875 646.0501 226.4880 531.6942 437.1366 377.1235 419.0307 
frame00136.jpg 401.9534 166.9799 642.9418 224.0491 534.3347 434.4207 377.9234 419.3429 
frame00137.jpg 398.6594 166.7919 642.2983 215.4638 536.0678 429.7766 378.8110 420.1555 
frame00138.jpg 394.2832 165.3543 640.7432 207.1412 538.4395 425.6502 380.0070 420.4426 
frame00139.jpg 391.6227 167.9513 635.6158 203.5169 538.8242 422.5736 380.0598 420.7277 
frame00140.jpg 388.3673 170.9680 624.8085 202.2885 538.9976 419.2659 380.8954 424.0308 
frame00141.jpg 386.0561 166.8740 619.5585 199.9292 538.8073 417.2147 382.8179 426.8962 
frame00142.jpg 382.2281 169.1307 619.9535 193.5766 542.2806 417.1342 383.7121 428.0134 
frame00143.jpg 381.5428 175.7385 616.1509 193.6600 544.5214 417.7967 383.7881 430.9056 
frame00144.jpg 379.1551 179.2065 615.1898 190.6939 546.9898 417.8260 384.2321 433.2295 
frame00145.jpg 377.2412 182.8293 615.0106 185.3190 548.7255 416.9783 384.1436 434.5900 
frame00146.jpg 374.3609 191.5401 600.4294 189.4373 551.5552 415.1310 383.2987 436.6660 
frame00147.jpg 372.8812 193.6924 596.1647 185.4420 553.4861 411.9346 383.3388 436.8463 
frame00148.jpg 370.3943 195.7421 589.4529 182.9763 555.9959 408.2959 383.3123 436.7947 
frame00149.jpg 368.5865 202.9505 581.1921 184.9451 558.4929 405.4044 382.7328 437.6930 
frame00150.jpg 371.5654 222.1894 562.8497 202.4224 564.2228 401.7281 381.4082 438.3510 
frame00151.jpg 369.1312 221.0862 560.4438 198.4746 565.5032 398.1877 382.0500 437.8114 
frame00152.jpg 366.7429 220.6985 558.6348 195.0817 566.9265 395.5050 382.4990 437.4181 
frame00153.jpg 364.8177 220.0061 556.9042 192.7175 568.2753 393.3391 382.7908 436.9508 
frame00154.jpg 363.4411 220.1032 555.8821 190.3322 570.1400 392.3198 383.1823 437.0693 
frame00155.jpg 362.3748 220.1652 555.3404 190.1645 571.8453 393.1996 383.0807 437.4648 
frame00156.jpg 361.7733 220.1015 554.9697 190.9463 572.6074 395.0816 382.1864 438.2323 
frame00157.jpg 361.2982 221.8866 555.0257 192.9394 573.2482 397.7094 381.8658 439.8517 
frame00158.jpg 362.3647 222.2600 556.1606 194.9451 574.0602 401.1206 381.6662 441.0652 
frame00159.jpg 363.5381 223.7435 557.7865 199.6994 574.4044 406.4506 381.1212 443.2280 
frame00160.jpg 365.8269 224.2091 560.1459 203.5155 575.4151 410.2533 381.4673 443.4645 
frame00161.jpg 368.2057 224.1315 562.5248 206.5238 576.2155 413.7704 381.4463 443.3977 
frame00162.jpg 368.2729 223.9218 563.3173 208.5728 576.4681 415.7388 380.7432 442.9479 
frame00163.jpg 368.4783 222.9855 563.5491 208.8734 577.1868 416.3179 379.7868 440.8694 
frame00164.jpg 368.1521 221.4767 562.8289 207.5706 577.9647 415.8183 378.1531 438.5984 
frame00165.jpg 366.1020 220.1714 561.3976 205.7416 577.6170 413.9183 376.4314 436.6400 
frame00166.jpg 364.3814 218.7647 559.5601 204.5446 576.5490 413.2440 374.4365 435.3160 
frame00167.jpg 362.2901 218.6777 557.8283 204.7761 575.4611 413.2279 372.7060 435.2637 
frame00168.jpg 361.8875 219.6892 557.0535 206.5306 574.7508 414.7672 371.9297 435.8971 
frame00169.jpg 362.2854 220.7529 556.9649 208.7279 574.8112 416.4717 372.1724 436.3526 
frame00170.jpg 363.8225 222.8549 557.6268 211.3324 576.0771 418.5670 373.1947 437.5271 
frame00171.jpg 365.2261 224.5432 558.8993 213.2478 577.3736 419.6223 374.1819 437.9393 
frame00172.jpg 364.9280 225.4314 558.4697 213.7856 576.9066 419.3866 373.1005 437.4662 
frame00173.jpg 362.4920 226.6562 555.5964 214.2455 574.8040 419.3252 370.6860 437.9349 
frame00174.jpg 359.7628 228.9490 552.2146 215.3899 572.6510 419.3624 368.3195 439.0850 
frame00175.jpg 357.4862 230.6828 549.0107 214.9595 571.1658 417.8322 366.8031 439.3631 
frame00176.jpg 355.7036 232.0419 546.1584 213.8978 570.3789 415.5085 366.0788 439.2551 
frame00177.jpg 354.8056 232.9262 544.3948 212.6362 570.5008 412.9407 366.5502 439.0706 
frame00178.jpg 354.8500 234.1269 543.6124 211.8668 571.0828 411.0411 367.2801 438.9901 
frame00179.jpg 354.8689 235.8668 542.8058 212.4428 571.4074 411.2164 368.0539 440.3824 
frame00180.jpg 354.8469 239.1425 541.8640 213.8843 571.3710 411.2741 368.4616 442.1746 
frame00181.jpg 354.3956 241.7364 540.7202 214.5080 571.4899 410.8087 369.1602 443.5478 
frame00182.jpg 354.0030 243.1584 539.7582 214.2258 571.3897 409.7095 369.8354 444.6212 
frame00183.jpg 353.1186 244.8767 538.3657 214.2458 571.0218 408.7739 370.2122 445.6036 
frame00184.jpg 352.7466 245.4168 537.5486 213.2631 571.1391 407.5877 371.0655 446.1866 
frame00185.jpg 351.8038 245.4838 536.3820 212.0185 570.5649 405.9018 371.1768 445.9865 
frame00186.jpg 350.8043 245.0190 534.8474 210.2794 569.8350 403.8026 371.2531 445.7983 
frame00187.jpg 349.4684 245.3020 533.0298 208.5723 568.8466 400.9796 371.3749 445.6059 
frame00188.jpg 347.8186 246.0899 530.4835 206.5489 568.2870 397.1671 371.4968 444.8231 
frame00189.jpg 346.1870 246.7118 527.3666 203.6333 567.2159 391.7825 371.1861 443.4043 
frame00190.jpg 343.8665 248.2578 523.4704 201.7437 565.1627 387.3541 369.4652 442.7698 
frame00191.jpg 341.1421 250.5365 518.6546 199.9110 562.8165 382.6440 367.4102 441.9955 
frame00192.jpg 337.8033 252.5466 513.7606 198.2968 560.1190 377.4159 365.4216 441.3189 
frame00193.jpg 334.9080 254.5075 509.3610 196.3735 558.0881 373.2657 364.0395 440.6905 
frame00194.jpg 332.4099 255.7067 505.4113 194.3867 555.9611 368.7509 363.1947 440.1422 
frame00195.jpg 329.7910 257.3320 501.3794 193.5700 553.6086 365.3752 361.9824 439.5815 
frame00196.jpg 327.6753 258.7411 497.8891 193.2463 551.5402 363.0382 360.7831 439.7744 
frame00197.jpg 326.1422 260.0269 495.4428 193.0368 550.1083 361.4508 360.4104 439.3119 
frame00198.jpg 325.6528 259.4609 493.9981 192.9311 549.1341 360.5030 360.7379 438.7182 
frame00199.jpg 326.2469 260.2273 494.0962 193.8294 549.5831 361.1892 362.5706 439.1180 
frame00200.jpg 327.0471 260.3547 494.8960 195.0238 549.9825 362.0092 364.0210 439.3178 
frame00201.jpg 327.2156 260.0377 495.0836 196.7100 549.3216 364.8151 364.2019 440.0002 
frame00202.jpg 326.6284 258.8830 495.3161 198.1505 547.9024 366.8984 364.1767 440.2186 
frame00203.jpg 326.3222 256.8724 495.3202 198.7059 546.6050 368.5241 363.5616 439.8583 
frame00204.jpg 325.8100 255.6879 494.9454 200.0680 545.1102 371.0007 363.0121 440.4791 
frame00205.jpg 325.7503 254.7719 494.7752 201.0734 543.8934 372.7978 363.1014 440.8488 
frame00206.jpg 326.8864 253.4791 495.4058 200.9027 544.1115 372.3451 364.9699 439.4189 
frame00207.jpg 327.9414 252.1903 496.2401 199.7352 544.0831 371.5655 366.5835 438.7221 
frame00208.jpg 327.2866 253.2612 495.2438 200.5233 542.3727 372.8445 366.3010 440.2191 
frame00209.jpg 326.2692 253.6455 493.6129 201.8725 540.5734 373.6596 366.0245 441.2571 
frame00210.jpg 325.9059 253.4798 492.5459 202.0044 539.3567 373.4719 366.1820 440.7795 
frame00211.jpg 325.9068 252.9310 491.8985 201.2197 538.6243 372.5484 366.7185 440.1725 
frame00212.jpg 325.6566 252.6646 491.3116 201.2236 537.6627 372.8575 366.7958 440.5923 
frame00213.jpg 325.1758 251.8989 490.4244 201.4618 536.1588 373.0722 366.3170 440.3723 
frame00214.jpg 324.7782 250.7155 489.3727 201.0538 534.6535 372.7708 366.1016 439.9427 
frame00215.jpg 324.7995 249.9465 488.9553 200.6029 533.9024 371.8401 366.3966 438.5742 
frame00216.jpg 323.7255 248.8281 487.4302 199.5679 531.6256 371.1472 365.2416 438.5433 
frame00217.jpg 321.9478 249.1067 484.7626 199.5629 528.8772 371.5551 364.2791 439.1120 
frame00218.jpg 321.0098 246.4962 483.7288 196.7054 527.0229 370.7074 364.6751 438.1456 
frame00219.jpg 317.0385 238.0806 491.1525 174.3339 523.9416 370.5240 366.0077 435.6687 
frame00220.jpg 313.9495 232.6356 491.8433 168.6959 520.1214 370.2709 364.6768 434.9539 
frame00221.jpg 311.5204 227.1371 490.1572 166.5868 516.7551 370.9039 363.5568 434.7450 
frame00222.jpg 300.4501 221.6256 486.6635 169.5997 513.4421 372.3980 363.6232 434.2255 
frame00223.jpg 300.8031 220.7518 485.3823 174.9196 511.2075 374.2986 362.1588 433.3170 
frame00224.jpg 300.0636 214.5611 490.5251 172.2654 508.7560 375.2013 361.4078 430.0945 
frame00225.jpg 306.9052 211.0834 493.4864 175.6406 507.4975 376.6109 360.5060 427.9573 
frame00226.jpg 306.3276 206.1609 497.9444 172.2060 508.1249 375.1165 362.1857 421.7701 
frame00227.jpg 310.3874 202.8359 501.1694 179.9329 507.9542 374.9379 360.8724 418.4044 
frame00228.jpg 331.5711 212.4778 503.1496 176.4702 510.2678 378.8489 357.9730 418.7989 
frame00229.jpg 331.3231 204.9818 515.1366 162.8835 506.7993 379.3930 356.7856 415.6017 
frame00230.jpg 328.2775 203.4857 516.7703 166.2933 502.9023 378.4029 358.9146 405.5535 
frame00231.jpg 329.4994 201.5286 505.3504 187.3856 501.7435 377.6194 350.7328 413.0912 
frame00232.jpg 331.1510 208.7083 491.8484 201.7297 505.0836 378.6069 349.4635 415.1664 
frame00233.jpg 333.2806 211.5870 493.0199 202.8637 505.2635 380.6586 348.8727 415.1642 
frame00234.jpg 335.0086 211.5014 494.5337 205.4969 504.6882 383.5107 348.1088 414.9284 
frame00235.jpg 337.5815 209.6128 496.9459 207.3938 504.5872 385.4824 348.0535 413.3181 
frame00236.jpg 340.0417 206.8735 499.0243 208.8339 504.1314 387.4474 347.4180 411.5063 
frame00237.jpg 342.0981 206.4280 500.4266 210.6265 503.2834 389.3369 346.7071 410.3539 
frame00238.jpg 343.3100 203.9238 501.6764 211.6562 502.1563 390.1987 345.8260 408.3921 
frame00239.jpg 344.0011 201.2456 502.2119 211.9696 500.7753 390.8056 344.3676 406.6109 
frame00240.jpg 343.2355 199.6061 501.4372 212.5007 498.7767 391.3748 342.4551 405.3517 
frame00241.jpg 343.2693 197.8258 500.9683 213.7783 496.5703 392.0222 340.7871 403.9001 
frame00242.jpg 344.0640 195.3311 500.9401 214.2566 494.9660 391.9802 339.9662 401.4781 
frame00243.jpg 345.5752 193.1790 501.2987 214.8176 493.6974 391.8839 339.0988 398.5299 
frame00244.jpg 346.5314 189.7595 501.5056 215.5863 491.7579 391.8334 337.6683 395.0167 
frame00245.jpg 347.0535 187.1650 500.8329 216.9890 488.3659 393.3074 334.9856 392.9378 
frame00246.jpg 346.7920 186.8096 499.3380 219.9243 485.1070 395.6691 332.6195 391.5985 
frame00247.jpg 348.7925 186.1367 499.6176 223.0364 483.6518 398.2416 332.2553 390.2496 
frame00248.jpg 351.8573 185.2705 501.1615 226.3869 482.4938 401.2660 332.5354 388.9714 
frame00249.jpg 354.4950 185.1173 501.8493 230.8198 480.1654 405.6209 331.8314 388.9598 
frame00250.jpg 356.0188 185.1998 501.7346 235.3556 477.5299 409.3525 330.3732 388.8038 
frame00251.jpg 356.7874 186.2419 501.2955 239.2068 476.0601 412.6257 329.0959 387.5078 
frame00252.jpg 357.9823 185.6329 501.3390 243.5262 475.0192 416.0056 328.2857 385.5137 
frame00253.jpg 360.4567 186.2621 502.6827 247.9733 474.9333 419.6245 328.0817 383.7102 
frame00254.jpg 363.4213 186.8539 503.7586 252.6813 474.3561 423.3442 328.2376 382.5885 
frame00255.jpg 366.5410 187.2750 505.1654 257.3205 473.0934 427.1427 328.8648 382.3068 
frame00256.jpg 370.2420 187.9712 506.5179 261.8178 472.3330 430.1665 329.7153 381.7152 
frame00257.jpg 373.3560 187.5776 508.0827 265.3474 471.5450 433.3363 330.2700 380.4883 
frame00258.jpg 375.8589 188.4050 508.6994 270.2704 470.4495 437.5123 330.0787 379.5330 
frame00259.jpg 377.6581 189.6302 508.6387 275.3172 469.3098 440.5004 329.7001 377.8149 
frame00260.jpg 379.7322 189.1390 509.2140 278.6972 468.4680 442.3997 329.7987 375.4573 
frame00261.jpg 382.8875 187.6990 510.7591 280.3725 468.2083 443.3385 330.6718 372.5476 
frame00262.jpg 385.3669 188.5592 511.5818 283.9301 467.6318 445.5516 331.0806 371.3991 
frame00263.jpg 387.2473 188.5461 512.3528 286.9839 466.8939 448.6060 330.9661 370.5676 
frame00264.jpg 388.4232 189.6001 512.3723 290.8482 465.6357 451.4908 330.3471 369.8272 
frame00265.jpg 389.0000 190.6856 511.6195 295.1154 463.8817 455.6753 329.3180 369.9298 
frame00266.jpg 389.7226 193.4887 511.0265 299.9358 462.7549 459.7997 329.3725 372.0134 
frame00267.jpg 391.1785 198.2885 510.8480 306.0563 461.9254 464.2285 329.8404 374.5417 
frame00268.jpg 392.8322 201.6595 511.3054 310.8798 462.0237 468.1423 330.5862 375.6943 
frame00269.jpg 394.0437 204.5993 511.9699 314.8875 462.7942 471.0817 331.4113 376.6224 
frame00270.jpg 394.1087 207.1252 512.4346 318.6249 464.1988 474.4694 331.7064 377.5593 
frame00271.jpg 394.3361 208.4354 513.8608 321.8633 466.6731 477.3489 332.6090 377.3921 
frame00272.jpg 395.3363 209.4822 515.7214 324.5196 468.7554 480.3052 333.1795 377.9460 
frame00273.jpg 395.4259 211.1413 516.7377 327.8366 469.4810 484.5671 332.5434 380.3118 
frame00274.jpg 394.7566 213.3161 516.4199 330.5752 469.5103 487.4124 331.7974 381.6036 
frame00275.jpg 394.7493 218.5888 514.9710 335.4769 469.6199 491.2034 330.2510 383.1741 
frame00276.jpg 397.2295 224.8451 515.2819 338.5406 469.3380 495.4940 328.6714 384.4938 
frame00277.jpg 394.6749 224.0352 515.6795 341.1528 470.1315 497.7187 328.6327 385.8867 
frame00278.jpg 393.0525 220.2230 516.9127 340.5147 470.8963 497.3759 329.1414 385.7141 
frame00279.jpg 393.0780 220.7114 518.9141 340.5153 472.5360 498.6537 329.6745 385.5080 
frame00280.jpg 392.5090 221.7843 519.4608 340.7383 473.7099 499.2967 329.3397 385.8817 
frame00281.jpg 390.8976 222.8990 519.2416 339.6181 474.9794 498.9062 327.9750 385.2469 
frame00282.jpg 388.4267 222.9831 518.3244 336.9652 476.6830 496.7430 326.2196 384.0966 
frame00283.jpg 389.3427 227.4687 516.4209 335.3774 477.8383 496.1924 322.9997 383.1945 
frame00284.jpg 386.4620 227.2697 516.3300 333.3104 479.7418 495.4025 321.8834 382.8420 
frame00285.jpg 385.7234 229.1038 516.3597 332.4012 481.7285 495.2302 321.3597 383.4767 
frame00286.jpg 385.2527 227.6374 518.6142 331.1807 483.2910 494.1825 322.5375 383.8275 
frame00287.jpg 386.2289 230.1556 519.6393 332.4765 485.2180 495.5910 323.1431 384.6334 
frame00288.jpg 386.0909 231.4705 520.0200 334.0271 486.3681 497.4063 323.0514 385.5715 
frame00289.jpg 386.4031 233.8785 521.1218 335.8499 488.0797 499.2212 323.3044 387.1097 
frame00290.jpg 387.4756 235.3070 523.4718 336.5531 490.1295 499.3849 324.0323 387.4506 
frame00291.jpg 386.9276 236.5080 523.9540 335.7685 491.7936 499.6771 323.5990 388.4797 
frame00292.jpg 384.6969 237.6016 521.6271 333.9116 493.4962 499.3947 321.6534 388.9973 
frame00293.jpg 382.7471 239.1857 520.9696 332.3678 494.9602 498.6664 319.8860 389.9148 
frame00294.jpg 380.0087 241.2421 519.4164 329.3474 498.3020 498.1816 319.3851 391.3272 
frame00295.jpg 373.3797 229.1469 520.4310 324.0093 499.2236 492.1462 320.3920 391.7216 
frame00296.jpg 373.0356 224.8499 524.9059 317.0346 501.7515 486.8884 320.9945 391.4194 
frame00297.jpg 372.5439 222.4358 533.4023 308.4622 503.9267 482.8523 322.1811 391.8001 
frame00298.jpg 370.8267 221.2639 534.5641 303.1704 506.6443 479.1857 322.2775 393.0071 
frame00299.jpg 369.2154 222.0292 535.2145 298.9654 509.1613 476.5576 321.6971 394.9676 
frame00300.jpg 366.5787 222.2176 535.4094 294.4423 510.4575 473.7362 320.8807 396.8446 
frame00301.jpg 364.4233 222.6874 535.1819 289.5829 512.5321 469.9519 320.8152 398.2850 
frame00302.jpg 362.3835 222.7225 535.1716 284.5945 513.7307 467.6310 320.0638 400.2744 
frame00303.jpg 359.1161 223.1129 533.4357 280.8287 513.6424 465.5567 317.9427 402.5757 
frame00304.jpg 355.6584 224.1130 530.9161 278.4025 512.8228 463.8450 315.4210 405.0813 
frame00305.jpg 353.1104 224.7726 530.0973 275.0638 513.5873 462.3917 314.1332 406.6096 
frame00306.jpg 351.5976 224.4944 530.1149 270.9889 515.1807 460.1677 314.0937 407.7549 
frame00307.jpg 350.7890 225.2207 530.2770 268.1901 516.9353 458.0883 314.8462 409.4352 
frame00308.jpg 349.7977 226.3606 530.1406 265.9678 518.3693 457.1499 315.4178 411.8177 
frame00309.jpg 349.3293 227.6404 530.9376 263.1953 521.5596 455.3199 317.4862 413.8306 
frame00310.jpg 350.5041 227.9793 532.8408 260.2866 524.7916 453.3714 320.1005 414.8214 
frame00311.jpg 351.1140 228.6061 533.8735 258.5992 526.9814 453.1025 321.6255 416.8539 
frame00312.jpg 351.1880 229.3514 534.9638 256.6861 529.1415 452.5702 322.9274 418.8211 
frame00313.jpg 351.2025 229.1548 535.6841 254.5326 531.1991 451.0566 324.1467 419.7627 
frame00314.jpg 351.1978 228.8595 536.6329 250.2707 533.9207 447.7516 326.0082 420.2540 
frame00315.jpg 350.4499 227.9114 536.6747 244.5228 535.9781 442.5797 327.0088 419.9321 
frame00316.jpg 348.9796 226.5970 535.6349 239.5644 537.4673 437.6091 327.1221 419.4846 
frame00317.jpg 347.0325 224.9236 535.0511 233.1147 539.0242 432.5016 327.9231 419.1325 
frame00318.jpg 345.2589 223.0801 534.2200 227.2014 540.2784 427.1838 328.7193 418.7929 
frame00319.jpg 343.5075 222.0484 532.9832 222.1198 541.4833 423.0209 329.6342 419.7507 
frame00320.jpg 341.4091 222.6094 531.6224 217.2694 542.8390 419.8622 331.0325 421.9096 
frame00321.jpg 339.8026 224.0091 530.0406 214.5202 544.0306 416.8672 332.4016 423.7409 
frame00322.jpg 339.2638 225.0347 529.4667 212.0181 545.7712 415.3425 334.4491 425.7153 
frame00323.jpg 339.4210 226.6954 529.6480 212.0969 547.5856 416.0553 336.4272 428.7546 
frame00324.jpg 339.2959 228.8106 529.5552 213.8728 548.4512 418.6313 337.7758 432.5827 
frame00325.jpg 339.3345 231.0335 529.9419 216.1315 549.3928 421.4720 339.6399 435.8730 
frame00326.jpg 340.9089 232.3754 531.8367 217.8635 551.1704 423.6799 342.7805 438.3444 
frame00327.jpg 341.9963 233.8870 533.2424 218.6646 552.3852 424.0683 344.9233 440.3528 
frame00328.jpg 341.1143 234.4968 532.5598 217.7398 551.9902 422.9607 344.8946 441.4250 
frame00329.jpg 338.5969 235.0140 530.3941 216.1377 550.7750 421.4068 343.7429 442.3825 
frame00330.jpg 335.7906 234.7247 528.0854 213.0463 550.1618 419.0270 343.1050 443.3841 
frame00331.jpg 333.3398 234.0083 526.7018 210.2730 549.9589 416.6823 343.1604 443.9325 
frame00332.jpg 331.9128 232.7053 526.0342 206.5271 550.3508 413.3322 343.6614 443.3038 
frame00333.jpg 331.1313 230.6384 525.9009 202.2876 551.6517 409.8676 344.9276 442.2330 
frame00334.jpg 331.1237 229.0935 526.6026 198.8328 553.0928 407.0389 346.2673 441.2803 
frame00335.jpg 331.4020 227.2697 527.5768 196.0771 554.5802 405.1499 347.6832 440.5164 
frame00336.jpg 331.8515 225.3678 529.0749 193.6460 556.2974 403.5431 349.2473 439.9991 
frame00337.jpg 332.6872 223.8245 530.5951 191.3088 557.9353 402.2917 350.7930 439.9274 
frame00338.jpg 333.1690 222.1444 532.5056 190.0570 559.3326 401.7082 351.9172 439.4700 
frame00339.jpg 333.6707 219.8761 534.3433 187.9294 560.6981 400.8108 352.8146 438.8612 
frame00340.jpg 334.3561 216.6374 536.4510 185.8769 561.9705 399.1444 353.9357 436.9877 
frame00341.jpg 334.9336 213.1756 538.2719 182.3550 563.1797 396.3830 354.9368 434.8198 
frame00342.jpg 335.2931 209.5091 539.3905 178.3802 564.1552 393.3106 355.5961 432.1111 
frame00343.jpg 336.4025 205.6487 541.0803 174.2977 565.6428 390.0316 357.4274 429.1143 
frame00344.jpg 338.3518 202.2537 543.2389 170.9212 567.1535 386.8933 359.5034 426.3579 
frame00345.jpg 339.4383 199.7126 544.4380 168.4158 567.1332 384.6738 360.5393 425.4162 
frame00346.jpg 338.4767 198.0424 544.1589 167.2655 565.4561 383.3108 359.3104 424.1303 
frame00347.jpg 336.8532 196.0983 542.8466 166.1416 563.5187 382.5594 357.1600 423.0941 
frame00348.jpg 335.1252 194.0819 541.5588 165.1677 561.5877 381.9021 355.1300 421.9825 
frame00349.jpg 333.6945 191.6763 540.6037 163.8406 560.0975 380.7042 353.9751 420.5845 
frame00350.jpg 333.4701 189.5033 540.6660 162.2410 559.7546 378.8025 354.1596 418.9478 
frame00351.jpg 333.7706 187.3530 541.3823 160.8828 559.6554 378.0687 353.9551 418.1387 
frame00352.jpg 332.9678 186.0957 541.2928 159.9874 558.9972 377.4970 352.9143 417.8833 
frame00353.jpg 331.2915 184.8379 540.5050 158.3023 557.9863 376.3313 351.5424 417.1055 
frame00354.jpg 330.1001 183.0002 539.7924 156.6506 557.3293 374.8096 350.5532 415.6115 
frame00355.jpg 329.7976 180.7688 539.9295 154.5423 557.5178 373.7656 350.2916 414.4916 
frame00356.jpg 330.1013 179.6594 540.6722 154.4314 557.4410 374.1433 350.0596 414.1195 
frame00357.jpg 330.6731 178.1279 541.2606 153.7454 557.3262 373.2826 349.9464 412.5144 
frame00358.jpg 330.9055 175.9651 541.9259 152.4372 556.9844 372.1754 350.0576 411.4193 
frame00359.jpg 331.0802 174.4359 542.1614 151.4413 556.2681 371.2543 349.2980 409.8226 
frame00360.jpg 330.3434 171.5148 541.8594 149.1175 555.3127 369.3547 348.0216 407.3826 
frame00361.jpg 329.0317 168.1808 541.0268 146.1248 553.8928 366.6828 346.4686 405.0313 
frame00362.jpg 327.9529 164.8598 540.4854 143.4888 552.9264 364.5829 345.6108 402.2954 
frame00363.jpg 328.1478 161.1236 541.2268 140.6864 552.9746 362.2822 345.5111 399.1110 
frame00364.jpg 328.0985 157.3399 541.7848 136.8935 552.8459 359.8584 344.6822 396.7119 
frame00365.jpg 327.0624 154.7448 541.6500 135.2454 551.6193 358.5437 343.2992 395.3403 
frame00366.jpg 325.9345 153.0865 541.1075 134.6635 549.9401 358.8461 341.5695 395.1500 
frame00367.jpg 324.9149 152.1017 540.5472 134.6593 548.5642 359.5191 339.9537 395.2905 
frame00368.jpg 324.2076 150.6695 540.4197 134.3100 547.6640 359.1880 339.0631 394.2827 
frame00369.jpg 324.1304 148.8636 540.8616 133.7402 547.2764 359.2508 338.8434 393.7559 
frame00370.jpg 325.0797 147.8756 542.0192 134.3398 547.4783 360.1924 338.9247 393.4347 
frame00371.jpg 326.6072 147.3049 543.7549 136.0267 547.5448 362.2953 338.8797 393.3589 
frame00372.jpg 328.0078 147.3730 544.9553 138.4092 546.8147 364.5733 338.2942 393.7056 
frame00373.jpg 328.6005 146.9668 545.2643 141.6248 544.5471 366.9583 336.7968 393.7196 
frame00374.jpg 329.0915 145.9321 545.0368 144.2941 542.0414 368.3247 335.2650 393.0365 
frame00375.jpg 329.5935 145.0048 545.0740 146.0559 540.4990 369.4350 334.2908 392.4785 
frame00376.jpg 330.3102 144.1911 545.5533 148.0080 539.1442 371.4785 333.1453 392.1604 
frame00377.jpg 330.8727 144.3451 545.9372 150.2832 537.8511 373.3867 331.9344 392.0827 
frame00378.jpg 331.3893 143.8384 546.6420 151.6007 537.5731 374.4693 331.7888 391.9649 
frame00379.jpg 332.5081 142.5508 548.2733 152.0992 538.2296 374.8874 332.0093 390.9347 
frame00380.jpg 333.1784 141.3062 549.3823 152.0764 538.4126 375.7379 331.6187 390.6682 
frame00381.jpg 333.2919 141.0375 549.6224 152.9810 537.6432 376.7470 330.6346 390.7309 
frame00382.jpg 333.5912 140.3938 550.0878 154.3420 536.6132 378.7249 329.5086 390.7568 
frame00383.jpg 335.3446 139.9490 551.1520 156.8257 535.8876 380.3832 329.3329 389.9384 
frame00384.jpg 337.9294 139.3348 553.1915 158.7910 536.2874 381.7377 330.6450 389.5442 
frame00385.jpg 340.8713 139.2864 555.7213 161.2801 537.1932 384.0617 331.7808 389.7626 
frame00386.jpg 342.8321 139.6949 557.5926 163.6147 537.7824 386.0064 332.0330 389.9666 
frame00387.jpg 343.6899 139.6458 558.7915 165.0526 538.2844 388.1010 331.7115 390.3867 
frame00388.jpg 344.6483 139.4545 559.7625 167.6860 537.4113 391.1628 330.9169 391.3405 
frame00389.jpg 346.1883 140.4660 560.7541 171.9455 536.4359 394.1864 330.6311 391.8864 
frame00390.jpg 349.1545 140.8775 562.7549 175.0495 536.2979 396.2483 331.5773 391.9926 
frame00391.jpg 352.8622 140.8865 565.1135 178.5226 536.1904 398.5568 332.6767 392.0499 
frame00392.jpg 355.9853 141.3441 567.3576 182.3708 536.1903 401.1085 333.4714 392.0144 
frame00393.jpg 358.8112 140.5090 569.4470 184.1424 536.8701 401.7076 334.3983 390.2485 
frame00394.jpg 361.5166 138.6560 571.4776 184.4676 537.2134 401.4445 335.5730 388.6024 
frame00395.jpg 364.1478 138.0723 573.1628 185.1132 537.3462 401.5764 336.1632 387.2046 
frame00396.jpg 365.5483 136.1902 574.5399 185.4508 537.5999 401.7792 336.3581 385.4661 
frame00397.jpg 366.7947 134.0995 575.5485 184.8395 538.0900 401.1057 336.8111 383.6270 
frame00398.jpg 368.2640 132.2798 576.7524 183.7484 538.7254 400.3739 337.8078 382.5065 
frame00399.jpg 370.3782 130.9482 578.7059 184.0427 539.5226 400.4440 338.8572 381.2456 
frame00400.jpg 372.4762 129.9611 580.9334 184.4174 540.7936 401.4548 339.8272 380.3843 
