frame ulx uly urx ury lrx lry llx lly
frame00001.jpg      234.940002      217.089996      584.419983      179.740005      630.280029      460.790009      280.799988      498.200012
frame00002.jpg      237.238388      215.677099      587.479993      180.688442      629.739141      463.497554      279.524136      497.457754
frame00003.jpg      244.758342      210.799857      596.577677      180.947512      628.341244      468.106736      275.754600      492.779337
frame00004.jpg      252.788486      207.447830      607.798373      180.502315      628.451609      477.688738      275.960460      494.213006
frame00005.jpg      259.736012      202.506466      617.552311      180.302435      629.327858      484.180211      276.112548      492.683333
frame00006.jpg      265.524888      197.554498      625.574720      180.825596      629.460201      489.765686      276.588299      490.592491
frame00007.jpg      270.146518      192.376942      632.758673      180.852131      629.150435      494.976125      276.315602      488.498996
frame00008.jpg      269.375159      190.866504      633.669174      181.428688      627.805727      497.625192      274.146390      488.877583
frame00009.jpg      267.142842      188.937568      629.550958      178.616367      627.546062      486.825188      267.432811      480.531001
frame00010.jpg      270.531529      176.669513      628.103963      172.419626      633.668173      491.136731      265.136684      466.580447
frame00011.jpg      257.947169      161.985547      627.008679      179.493468      639.527683      472.951961      271.388072      450.721525
frame00012.jpg      267.014542      156.701508      634.331357      174.355236      651.923410      483.811477      279.947520      439.477810
frame00013.jpg      269.265187      154.249422      633.349366      171.732908      659.405225      484.897676      280.294878      441.285686
frame00014.jpg      270.385357      156.724215      631.521920      171.362932      661.103166      484.304753      280.460849      442.250494
frame00015.jpg      270.270863      163.400842      629.835375      170.863074      667.481145      480.236091      286.296845      445.941620
frame00016.jpg      268.958856      169.945993      628.348302      168.790216      677.358032      470.198189      301.362225      449.514255
frame00017.jpg      273.160302      175.369913      630.740131      169.375476      685.979494      463.483359      307.170793      448.866897
frame00018.jpg      276.251248      181.726887      630.712378      170.402212      694.613632      461.839772      309.295971      451.139162
frame00019.jpg      274.901526      193.752382      626.093007      171.254310      703.187414      454.718670      314.655152      454.928340
frame00020.jpg      273.547883      202.647422      619.316895      172.785682      708.895138      447.567605      320.566715      451.859766
frame00021.jpg      263.836033      208.572531      613.945161      173.325914      710.635712      438.297216      319.139392      455.056853
frame00022.jpg      253.185316      211.924266      605.697630      173.142585      709.391755      428.501141      316.018434      457.076984
frame00023.jpg      244.278147      215.189070      596.955011      171.346406      706.565936      418.363303      311.227275      454.444781
frame00024.jpg      239.608401      217.115514      591.398844      169.026456      704.894965      409.702356      309.078083      452.049271
frame00025.jpg      233.353386      219.496081      584.057804      166.930931      702.856978      399.383879      305.533515      447.419066
frame00026.jpg      226.165159      221.140514      576.653192      166.278400      703.138836      391.428563      301.468177      440.598156
frame00027.jpg      213.616076      218.575813      570.978076      170.450927      704.324506      389.619114      296.902810      432.877479
frame00028.jpg      208.294560      218.045428      562.579593      169.700477      715.164482      393.187430      293.790426      432.670490
frame00029.jpg      202.277240      219.783512      557.719859      169.765498      723.914367      393.251913      289.322131      430.702014
frame00030.jpg      202.455504      223.657990      554.137161      170.199660      735.337689      394.948981      283.724159      430.197843
frame00031.jpg      206.793558      228.685456      555.793947      170.311516      741.084660      392.121174      281.812921      430.046884
frame00032.jpg      207.117334      228.903239      556.294520      170.114212      740.638196      391.268975      283.139612      430.063110
frame00033.jpg      213.192647      229.770523      558.986542      168.398381      741.062520      392.456124      288.654484      429.268338
frame00034.jpg      218.995346      229.420215      558.106942      167.801282      740.450963      394.497455      296.889869      427.511451
frame00035.jpg      224.023568      229.230454      556.276228      167.929043      739.395863      395.464431      304.087277      425.217996
frame00036.jpg      228.484638      229.895830      554.943122      166.349405      742.216780      396.068974      310.132908      421.801508
frame00037.jpg      228.628226      229.950080      554.878493      166.323289      742.231743      396.072146      310.378887      421.853032
frame00038.jpg      230.432181      230.069768      553.660846      166.853835      739.736652      395.214961      316.354146      421.646237
frame00039.jpg      230.471205      230.083756      553.633537      166.838930      739.742582      395.202774      316.420710      421.649916
frame00040.jpg      230.492599      230.093901      553.630027      166.828945      739.744945      395.189720      316.513370      421.643062
frame00041.jpg      230.569690      230.171224      553.630361      166.815777      739.432016      394.942548      317.238069      421.685804
frame00042.jpg      230.582818      230.176372      553.626121      166.810661      739.430982      394.929378      317.331599      421.697885
frame00043.jpg      230.596553      230.173141      553.589714      166.822829      739.444445      394.909725      317.401981      421.747315
frame00044.jpg      232.027767      229.261528      551.782637      168.427925      743.076659      395.773017      314.839802      425.179167
frame00045.jpg      231.719164      228.716064      550.791157      169.988441      744.016019      397.821817      306.735692      436.604283
frame00046.jpg      233.050983      228.321244      548.036778      171.886616      747.105333      401.090794      297.677217      449.866284
frame00047.jpg      234.999990      228.493181      543.676713      173.370700      748.001246      403.670178      290.307316      465.646047
frame00048.jpg      235.216777      227.788021      541.579537      173.640580      749.183789      406.666569      281.759379      480.988468
frame00049.jpg      236.700810      226.328386      540.276627      173.755091      750.538049      409.473009      273.265701      497.020206
frame00050.jpg      238.022721      226.000641      538.423109      175.054261      752.288441      409.042008      264.264752      516.655827
frame00051.jpg      243.805341      225.791954      537.313268      176.583384      757.145572      410.633854      252.101720      538.774865
frame00052.jpg      251.741523      226.081750      535.642878      178.285556      761.865116      413.567011      240.779456      558.638982
frame00053.jpg      260.223817      226.552620      533.303602      179.298223      768.932890      417.040376      235.605436      575.245083
frame00054.jpg      267.719543      227.201139      533.048556      179.999018      773.509008      418.464635      231.506255      580.971738
frame00055.jpg      279.861422      225.259808      533.787842      180.825944      779.795040      426.836546      218.616495      575.982588
frame00056.jpg      287.050730      224.332664      536.191158      181.343769      776.469779      428.558903      214.978144      570.396029
frame00057.jpg      292.733616      221.356679      540.323169      181.448977      770.617253      429.982182      213.780792      560.063179
frame00058.jpg      295.469164      215.462583      541.341971      183.612561      771.329212      432.899046      208.174540      563.872833
frame00059.jpg      299.760677      215.112963      540.992708      184.531433      772.973303      430.102785      204.630150      568.317775
frame00060.jpg      306.105868      216.952873      540.994886      184.798909      770.451376      426.712914      210.655355      573.516260
frame00061.jpg      314.413250      219.388724      542.439542      185.216279      764.729231      419.875039      215.554314      571.430340
frame00062.jpg      320.083115      220.018926      545.313222      185.276637      767.092296      422.547737      220.767681      559.846672
frame00063.jpg      322.812141      220.120166      547.663564      185.052601      768.511697      423.674337      223.561985      549.860648
frame00064.jpg      323.871479      221.201083      550.671389      184.606441      766.347610      420.985276      229.746076      538.437262
frame00065.jpg      322.881083      221.570644      553.981575      183.995615      755.711050      413.354837      242.824393      525.914642
frame00066.jpg      325.094394      223.238345      558.510605      183.245874      743.122159      402.637932      258.692843      504.107811
frame00067.jpg      324.757131      225.087027      563.066564      183.461685      729.012348      387.953200      261.049272      501.027291
frame00068.jpg      331.776898      224.317781      566.782818      183.208513      724.907701      391.790957      247.524662      515.637272
frame00069.jpg      337.875030      224.110450      570.251753      181.834485      714.739137      392.601966      218.106373      547.040745
frame00070.jpg      338.885495      223.217768      571.690529      179.214391      709.761844      399.453556      208.095246      571.280949
frame00071.jpg      336.607986      220.507522      572.787904      176.865374      715.118195      408.576891      228.943770      561.638795
frame00072.jpg      336.011465      222.270391      571.838264      174.977879      720.190086      411.184854      239.186793      555.324750
frame00073.jpg      334.141411      221.537681      568.643983      174.237671      726.980215      416.391105      248.907740      551.067289
frame00074.jpg      331.958374      220.098149      566.417935      174.593066      726.330831      415.862839      255.771920      547.433758
frame00075.jpg      326.981609      218.307032      564.027081      175.366167      719.002044      409.904007      260.691682      547.245506
frame00076.jpg      321.411844      216.345804      561.377996      176.085918      715.434756      404.888971      266.393367      545.164171
frame00077.jpg      321.269596      216.167029      561.196785      176.140102      715.547138      404.853755      266.796212      545.025344
frame00078.jpg      321.265585      216.142968      561.172193      176.152243      715.551485      404.836543      266.843721      545.054505
frame00079.jpg      321.247771      216.134816      561.178371      176.167517      715.582874      404.811430      266.885663      545.012933
frame00080.jpg      318.806469      218.903657      557.517194      178.277406      719.538275      394.768619      270.552659      547.877425
frame00081.jpg      318.681698      217.246949      552.436281      180.558580      724.026539      389.033035      270.661273      555.799091
frame00082.jpg      318.668042      217.287593      552.485193      180.534651      724.072882      389.028294      270.845596      555.781630
frame00083.jpg      318.775232      218.153039      552.190814      180.157156      727.055449      388.363021      275.697367      554.429611
frame00084.jpg      319.133062      218.640171      551.146044      180.356916      727.112914      387.472670      277.543516      556.639992
frame00085.jpg      317.483475      220.884381      548.298297      180.647614      725.856220      382.627372      284.640734      558.821990
frame00086.jpg      317.492346      220.908118      545.114314      181.997494      725.442457      378.043289      292.780918      562.256803
frame00087.jpg      316.366109      221.805856      543.410650      182.693843      726.379919      374.605924      299.148247      563.524557
frame00088.jpg      315.841018      222.855490      542.453372      183.130252      729.730755      371.341741      307.484349      561.291002
frame00089.jpg      314.370530      223.526539      542.790364      183.116163      730.727864      368.716589      312.634291      557.335620
frame00090.jpg      314.140646      224.549552      543.584940      182.787533      730.991590      366.425346      316.323285      553.458667
frame00091.jpg      314.177587      224.558260      543.603987      182.790803      731.037300      366.426823      316.316501      553.418142
frame00092.jpg      314.220264      224.563328      543.611920      182.797829      731.038215      366.427131      316.284758      553.430930
frame00093.jpg      314.260077      224.567598      543.621896      182.802497      731.036801      366.431354      316.273946      553.387570
frame00094.jpg      314.290666      224.572531      543.629618      182.805438      731.037603      366.437306      316.230756      553.398372
frame00095.jpg      314.313863      224.574900      543.630311      182.809224      731.025145      366.436116      316.254699      553.380766
frame00096.jpg      314.339111      224.579428      543.629953      182.812228      731.014140      366.436052      316.277194      553.370417
frame00097.jpg      314.361060      224.583823      543.630706      182.813956      731.009124      366.436486      316.288204      553.349530
frame00098.jpg      314.371891      224.585142      543.626225      182.819194      731.009060      366.439434      316.284441      553.376114
frame00099.jpg      314.397341      224.593951      543.626658      182.819146      731.042157      366.454809      316.268737      553.390462
frame00100.jpg      314.422875      224.603153      543.632364      182.815934      731.055388      366.459028      316.253899      553.371315
frame00101.jpg      314.410990      224.591620      543.638952      182.824506      731.029950      366.458005      316.240535      553.357288
frame00102.jpg      314.412360      224.574371      543.640197      182.827545      730.997801      366.458899      316.268390      553.326793
frame00103.jpg      318.161784      224.689516      542.626218      183.040951      737.482463      370.283823      316.895606      552.230859
frame00104.jpg      318.282502      224.765690      542.634601      183.038391      737.356007      370.221787      317.015047      551.627113
frame00105.jpg      318.047740      224.522944      543.065032      182.888902      734.692689      368.393691      320.543992      545.090766
frame00106.jpg      317.806310      224.275961      542.222366      183.196024      732.915890      367.384167      324.507441      541.097828
frame00107.jpg      319.049983      224.658567      542.206095      182.916136      731.417047      367.033309      328.812690      531.676518
frame00108.jpg      320.591144      225.042778      542.680029      182.335800      730.646990      367.420033      334.851438      517.956609
frame00109.jpg      322.038499      225.935834      543.711626      181.542361      731.621301      367.763635      341.650434      502.209570
frame00110.jpg      324.122033      227.326221      543.961230      180.783718      736.000966      368.699947      349.590902      487.932245
frame00111.jpg      326.521316      228.662421      544.522221      180.011416      743.540339      370.776391      355.877556      474.323507
frame00112.jpg      327.915811      229.405723      545.422966      179.740566      748.730324      372.118243      360.365712      463.181221
frame00113.jpg      329.155803      230.497574      546.397639      179.428313      752.825460      372.395192      365.242869      451.577469
frame00114.jpg      329.335479      231.699388      547.509166      179.183412      753.576051      370.726800      368.783488      442.302464
frame00115.jpg      329.638820      232.683185      548.743936      179.113328      755.825565      370.000547      370.971920      435.181709
frame00116.jpg      329.557867      234.074747      549.857652      178.780388      757.979322      368.380608      373.885703      427.858346
frame00117.jpg      329.652643      234.458208      549.903120      178.619615      758.525049      367.761705      374.498672      426.530221
frame00118.jpg      329.021393      235.823691      550.439081      177.828343      761.521630      365.514271      378.016006      420.813298
frame00119.jpg      332.468353      237.538657      552.201934      176.213966      780.224601      375.790830      378.231922      411.911831
frame00120.jpg      338.165855      237.202882      550.598818      177.515085      781.837667      383.395843      371.345490      412.884193
frame00121.jpg      340.416904      237.100667      549.548379      177.572630      765.261381      385.038454      368.045620      410.490326
frame00122.jpg      342.011425      237.695603      550.151135      176.355599      751.967046      388.170830      365.858301      405.928932
frame00123.jpg      343.282063      239.229479      551.664302      175.505582      735.731692      385.773335      363.004059      401.163149
frame00124.jpg      342.733934      240.590495      552.173222      175.929206      721.465363      381.324120      361.856169      395.720932
frame00125.jpg      341.631213      244.518380      551.228629      173.082589      731.406784      383.283398      364.309690      388.383120
frame00126.jpg      338.510284      246.517212      552.660442      173.888991      755.739968      386.757622      361.979828      382.945562
frame00127.jpg      336.649995      246.150750      557.369782      172.705926      771.174330      390.065587      361.514853      382.726928
frame00128.jpg      333.801817      246.044270      562.858055      170.457515      776.882175      386.094475      361.552493      384.015618
frame00129.jpg      329.143575      246.772118      570.383801      166.430551      782.982328      379.115307      362.108609      385.506175
frame00130.jpg      322.280576      244.518443      572.427959      164.110568      791.494098      378.537749      365.353089      387.742654
frame00131.jpg      315.276841      243.351997      579.874872      163.721743      785.625299      369.749322      364.049350      388.922931
frame00132.jpg      310.332323      241.658324      588.984299      159.052565      773.665647      364.734596      366.044420      387.565433
frame00133.jpg      307.621252      241.514595      588.166271      158.852638      768.728457      363.136459      366.905598      386.811640
frame00134.jpg      307.796700      241.923043      593.480919      155.843161      763.955957      361.545150      369.272779      384.702247
frame00135.jpg      309.347169      242.346853      596.366724      154.834004      758.326568      360.307345      369.089663      382.469855
frame00136.jpg      309.340307      242.344085      596.376070      154.826878      758.254876      360.295959      369.086201      382.442145
frame00137.jpg      309.591954      242.191970      595.573768      155.676606      757.841439      360.345106      368.152251      382.873755
frame00138.jpg      309.623341      242.201003      595.610836      155.653436      757.773359      360.355394      368.159265      382.826778
frame00139.jpg      310.875027      243.331295      598.293198      152.305442      754.140169      360.601816      369.329498      379.825904
frame00140.jpg      312.663160      243.662846      602.473493      148.734773      747.182023      361.417910      369.542520      377.771154
frame00141.jpg      314.067761      243.875271      604.978080      147.084426      742.525357      362.357412      368.492490      376.901651
frame00142.jpg      314.596767      244.372646      607.734866      145.330634      740.480832      362.261229      368.579227      375.375812
frame00143.jpg      314.620270      244.384480      607.784951      145.296661      740.429077      362.256685      368.576140      375.349467
frame00144.jpg      314.643523      244.385722      607.809053      145.289496      740.406472      362.268643      368.559967      375.327856
frame00145.jpg      314.672569      244.389583      607.823772      145.279570      740.423369      362.287049      368.542965      375.318883
frame00146.jpg      314.743601      244.377356      607.706192      145.370375      740.353639      362.344912      368.487879      375.334513
frame00147.jpg      315.200708      244.209102      607.194430      145.526627      738.708382      362.697644      368.729725      375.078341
frame00148.jpg      313.674899      241.809259      604.886610      145.069988      729.025612      363.484214      369.562705      375.923409
frame00149.jpg      312.179508      239.755675      600.541248      147.258612      717.608813      363.049253      368.875824      378.004887
frame00150.jpg      311.694230      237.952282      600.032957      145.832237      704.705055      362.674639      370.011531      378.416970
frame00151.jpg      311.007684      235.459951      598.683159      147.153875      690.936522      361.996120      370.463724      378.921657
frame00152.jpg      309.776953      234.178753      598.969203      147.075632      681.531887      361.780083      370.011025      379.098474
frame00153.jpg      309.795582      234.167968      598.977585      147.079965      681.462256      361.778116      369.993932      379.086528
frame00154.jpg      309.841420      234.160353      598.947810      147.091646      681.398640      361.795333      369.988006      379.083728
frame00155.jpg      309.837259      234.161485      598.937139      147.074503      681.402388      361.794630      370.011079      379.064307
frame00156.jpg      309.845022      234.162584      598.903435      147.077510      681.440129      361.803114      370.028001      379.051182
frame00157.jpg      309.857467      234.166708      598.842422      147.095795      681.475546      361.824689      370.026258      379.067872
frame00158.jpg      309.864734      234.172532      598.784287      147.116278      681.517869      361.839733      370.016217      379.086371
frame00159.jpg      309.887052      234.182111      598.746627      147.130176      681.561001      361.861310      370.006059      379.095792
frame00160.jpg      309.923483      234.196600      598.706522      147.148572      681.602754      361.882517      369.989827      379.110390
frame00161.jpg      309.952051      234.204549      598.691531      147.148995      681.636557      361.902592      369.979839      379.102272
frame00162.jpg      309.966203      234.212377      598.697072      147.131835      681.665838      361.916948      369.970100      379.091726
frame00163.jpg      309.972019      234.194994      598.651600      147.126623      681.668831      361.937361      370.014155      379.062927
frame00164.jpg      309.937866      234.163425      598.627022      147.121890      681.674567      361.932508      370.019357      379.064177
frame00165.jpg      309.891475      234.146426      598.624084      147.107916      681.655897      361.916963      370.032409      379.048848
frame00166.jpg      309.872992      234.136708      598.632128      147.086636      681.659565      361.919684      370.061393      379.008489
frame00167.jpg      309.873433      234.146110      598.623923      147.083124      681.677435      361.915933      370.067358      379.003371
frame00168.jpg      309.874426      234.146523      598.629539      147.074705      681.695064      361.920473      370.085614      378.982032
frame00169.jpg      309.869021      234.152109      598.650296      147.049884      681.691076      361.917719      370.109717      378.957643
frame00170.jpg      309.873847      234.154825      598.668178      147.031727      681.674226      361.915531      370.123048      378.940542
frame00171.jpg      309.856204      234.143666      598.675529      147.017449      681.659133      361.904146      370.136290      378.926002
frame00172.jpg      309.823415      234.131967      598.677319      147.011409      681.662134      361.884007      370.153270      378.913286
frame00173.jpg      309.796477      234.121221      598.683545      147.001357      681.674106      361.872290      370.151326      378.904176
frame00174.jpg      309.761148      234.096811      598.676372      146.999432      681.671076      361.864991      370.164022      378.887817
frame00175.jpg      309.770365      234.054340      598.681556      146.985109      681.669249      361.898127      370.174110      378.869006
frame00176.jpg      309.750253      234.012703      598.713357      146.957321      681.641845      361.898840      370.215682      378.846785
frame00177.jpg      309.730770      233.972361      598.677965      146.985674      681.628812      361.912183      370.200967      378.891748
frame00178.jpg      309.698188      233.937967      598.657628      146.994028      681.624658      361.919392      370.219099      378.904210
frame00179.jpg      309.697707      233.930203      598.670191      146.993297      681.628889      361.927306      370.240158      378.884922
frame00180.jpg      309.707230      233.914137      598.658024      147.008076      681.610440      361.929326      370.228711      378.916424
frame00181.jpg      310.043461      232.235138      594.706734      148.937996      678.030636      362.687609      367.613312      383.473751
frame00182.jpg      311.881707      230.687805      589.612509      151.713102      674.437753      364.281131      364.382900      389.268889
frame00183.jpg      311.881299      230.673864      589.625491      151.696697      674.388916      364.297835      364.413373      389.248305
frame00184.jpg      311.898308      230.676596      589.647449      151.691461      674.404156      364.328590      364.396503      389.232907
frame00185.jpg      311.039333      230.850154      595.419342      149.001154      669.704186      363.538176      364.715958      384.884849
frame00186.jpg      309.198586      233.644105      604.491152      143.533288      667.075706      361.423610      366.463156      379.719599
frame00187.jpg      306.269234      233.055444      613.255711      139.141051      666.422691      361.714235      366.770393      375.639272
frame00188.jpg      306.242082      233.041598      613.336528      139.118895      666.402306      361.728684      366.763749      375.621749
frame00189.jpg      309.032717      234.061716      618.379829      136.738051      667.305067      362.570609      368.518956      371.036927
frame00190.jpg      309.086320      234.066563      618.366149      136.751265      667.325516      362.600672      368.533121      371.015644
frame00191.jpg      309.135811      234.077912      618.365823      136.756842      667.390412      362.639266      368.538379      371.000667
frame00192.jpg      309.182248      234.082812      618.367780      136.765970      667.397257      362.662491      368.526024      370.985412
frame00193.jpg      309.237821      234.102404      618.386923      136.760419      667.443994      362.700326      368.524848      370.952880
frame00194.jpg      309.287026      234.114522      618.401867      136.740829      667.496817      362.737223      368.530658      370.931088
frame00195.jpg      312.453179      235.088140      621.789955      134.918655      671.494740      364.785467      370.522096      367.350167
frame00196.jpg      313.116495      235.405245      622.963543      134.132001      672.576470      365.320283      371.290733      366.664577
frame00197.jpg      313.135111      235.421709      622.938906      134.113761      672.589580      365.328960      371.304937      366.712774
frame00198.jpg      313.130979      235.429344      622.911635      134.109142      672.592556      365.317043      371.340913      366.728361
frame00199.jpg      313.127756      235.415954      622.859642      134.108333      672.566822      365.299437      371.409857      366.723386
frame00200.jpg      313.134632      235.382382      622.795268      134.141887      672.550191      365.297476      371.434725      366.732391
frame00201.jpg      313.022653      235.264348      622.512454      134.320304      672.423394      365.243783      371.454670      366.818961
frame00202.jpg      313.770485      235.537246      623.516280      133.992968      672.464213      365.283149      371.078333      366.531231
frame00203.jpg      313.472831      235.389821      623.957356      134.006431      672.293392      365.121023      370.981584      366.455361
frame00204.jpg      307.439086      232.045798      625.138117      134.409745      672.916923      363.981483      371.188432      365.490311
frame00205.jpg      307.418996      232.041793      625.210644      134.420181      672.946795      363.964542      371.170440      365.476980
frame00206.jpg      307.476077      232.060461      625.225594      134.422134      672.939964      363.954642      371.174863      365.509239
frame00207.jpg      311.268072      233.459382      626.329848      135.333590      675.483850      364.535425      368.937860      364.420072
frame00208.jpg      314.666742      234.909014      624.451360      137.504528      679.889166      365.444779      368.406859      365.170695
frame00209.jpg      314.724824      234.918123      624.438123      137.518751      679.945101      365.454821      368.440953      365.204363
frame00210.jpg      314.744216      234.926598      624.427088      137.513691      680.000408      365.481748      368.428932      365.244131
frame00211.jpg      316.915043      234.094837      621.671790      141.555991      682.634421      367.569545      365.773438      366.937323
frame00212.jpg      319.027939      233.006307      613.180812      145.669001      683.079228      369.596987      364.737562      367.588273
frame00213.jpg      325.558095      235.117860      615.073670      145.862641      685.179305      371.919158      362.447527      367.063854
frame00214.jpg      329.331067      235.995560      612.013358      147.787082      684.584540      373.598569      360.772662      366.961677
frame00215.jpg      329.349438      235.998264      611.946630      147.803752      684.608506      373.622192      360.782653      366.965531
frame00216.jpg      329.369677      236.003466      611.919827      147.842888      684.583473      373.631894      360.783103      366.931891
frame00217.jpg      330.537589      234.750225      606.637990      152.660024      678.830191      373.355482      360.838331      367.399732
frame00218.jpg      329.955578      232.153296      599.740791      157.706313      672.546284      373.175812      360.722676      368.826152
frame00219.jpg      329.967150      232.148569      599.781972      157.687970      672.526334      373.187851      360.719632      368.811335
frame00220.jpg      329.955798      232.154326      599.804659      157.683939      672.616001      373.206806      360.702979      368.826270
frame00221.jpg      329.953667      232.161760      599.829229      157.685481      672.636325      373.197251      360.690414      368.830223
frame00222.jpg      329.940602      232.165025      599.841887      157.686778      672.700199      373.208202      360.674239      368.838171
frame00223.jpg      327.467609      232.099352      605.563736      152.941227      678.282079      375.432753      363.211480      366.649268
frame00224.jpg      326.646368      232.478068      611.086904      146.166822      684.697452      377.997812      366.342325      364.381268
frame00225.jpg      326.621135      232.436021      611.112846      146.167933      684.720392      377.991082      366.309840      364.412187
frame00226.jpg      326.013568      231.310741      607.219866      146.963751      681.675271      377.112178      366.875933      364.535983
frame00227.jpg      326.014840      231.308490      607.206683      146.986786      681.641000      377.114857      366.857866      364.526556
frame00228.jpg      326.035350      231.298387      607.220405      147.004181      681.566956      377.122566      366.829717      364.511499
frame00229.jpg      326.040106      231.289865      607.223159      147.025502      681.510302      377.131019      366.813233      364.500548
frame00230.jpg      326.043798      231.282060      607.203277      147.051625      681.440686      377.117072      366.817178      364.502941
frame00231.jpg      326.033483      231.277242      607.202720      147.050691      681.395613      377.099409      366.835235      364.498929
frame00232.jpg      326.020071      231.266802      607.161969      147.074589      681.407517      377.095047      366.845841      364.505041
frame00233.jpg      325.996420      231.279442      607.163637      147.033060      681.467859      377.096670      366.872830      364.502235
frame00234.jpg      327.926691      233.461803      606.587522      145.398440      697.412668      381.813244      367.861938      363.632512
frame00235.jpg      330.487959      235.754698      604.355635      146.039362      712.862859      385.832416      367.891229      362.822514
frame00236.jpg      334.869907      238.619455      614.135502      139.688348      725.933905      392.203615      368.973115      357.454572
frame00237.jpg      337.422349      238.812655      619.794129      138.536955      731.073556      397.809596      367.871752      353.600982
frame00238.jpg      338.205202      239.335467      622.741501      136.437089      736.731384      403.554358      368.994315      350.618202
frame00239.jpg      341.387067      239.878373      622.097265      136.607065      738.256297      409.146922      369.563685      348.195451
frame00240.jpg      341.571996      239.566827      620.557579      136.761776      736.759596      410.507587      369.697644      348.031244
frame00241.jpg      342.247280      239.161684      622.082190      133.879555      730.822750      413.154966      371.015708      346.409922
frame00242.jpg      342.747008      239.003771      621.381774      133.541007      728.566819      414.271667      371.484040      345.738296
frame00243.jpg      342.766227      239.003871      621.365757      133.527780      728.500787      414.311593      371.503661      345.721340
frame00244.jpg      342.777835      239.001620      621.372287      133.510856      728.450320      414.354582      371.527057      345.698678
frame00245.jpg      342.791065      239.001609      621.393759      133.493283      728.418649      414.407053      371.543148      345.662194
frame00246.jpg      342.803561      238.998885      621.415308      133.468044      728.400946      414.463124      371.564310      345.628891
frame00247.jpg      343.179763      239.187109      624.107019      131.642281      728.666540      416.562273      372.435260      344.227332
frame00248.jpg      344.091183      239.420205      636.065289      125.183295      728.666133      420.854048      373.317606      341.029230
frame00249.jpg      345.191252      239.651373      643.121194      123.674139      733.844092      426.764019      373.298309      338.202381
frame00250.jpg      347.385204      241.171409      650.487692      119.658881      744.393103      434.047069      373.317837      334.674509
frame00251.jpg      349.101635      241.761744      647.390450      121.322472      751.990767      441.651016      373.702629      332.880208
frame00252.jpg      350.972471      242.135596      641.580490      123.293818      752.205654      447.454127      373.763295      331.505923
frame00253.jpg      352.098789      242.658772      654.804959      115.107055      739.872648      446.239063      374.343393      329.216270
frame00254.jpg      353.016037      243.739490      679.994101       98.079780      729.735850      444.140886      375.362906      326.757212
frame00255.jpg      353.938409      244.613696      690.153178       88.363451      726.905755      444.959537      375.993162      325.439790
frame00256.jpg      353.918694      244.587462      689.413341       88.743307      726.891412      444.979635      375.975242      325.468944
frame00257.jpg      353.889377      244.598938      689.937236       88.321807      726.580967      444.781400      376.002773      325.390658
frame00258.jpg      353.803002      244.590808      690.271560       87.752472      724.430195      443.843776      376.059761      325.468325
frame00259.jpg      353.645267      244.627845      692.034251       86.220414      722.282929      443.026481      376.123577      325.478138
frame00260.jpg      353.640845      244.631326      692.085580       86.164007      722.242108      443.012187      376.126592      325.478445
frame00261.jpg      353.619175      244.530549      692.602762       85.510668      719.962863      442.474735      376.138817      325.499983
frame00262.jpg      353.615494      244.529932      692.597417       85.518201      719.886754      442.435007      376.139720      325.496324
frame00263.jpg      353.613833      244.535544      692.569688       85.552552      719.875855      442.414619      376.139371      325.493868
frame00264.jpg      353.621168      244.535596      692.520770       85.612832      719.904533      442.438271      376.130096      325.491280
frame00265.jpg      355.141518      245.165119      694.006020       84.505002      727.554741      448.038072      376.803290      324.461395
frame00266.jpg      355.683519      245.539342      694.398869       83.886563      729.370476      449.494811      377.022615      324.391439
frame00267.jpg      355.912986      245.693930      694.905588       83.260316      729.762504      450.171876      377.154825      324.333473
frame00268.jpg      357.228488      246.683610      698.843987       78.623983      730.703127      452.985502      378.247515      324.039226
frame00269.jpg      357.242628      246.693538      698.864697       78.586257      730.676156      453.009732      378.256427      324.043356
frame00270.jpg      357.245432      246.697481      698.855516       78.573558      730.658606      453.021318      378.262949      324.046494
frame00271.jpg      357.241536      246.702254      698.866154       78.552925      730.608736      452.997849      378.271015      324.048911
frame00272.jpg      357.237041      246.700936      698.899740       78.534103      730.538120      452.970523      378.270106      324.048530
frame00273.jpg      357.117457      246.747135      700.979642       77.325334      729.369153      451.947136      378.480330      323.808458
frame00274.jpg      357.114026      246.748120      700.993492       77.320887      729.381345      451.939762      378.482302      323.803371
frame00275.jpg      357.116734      246.746211      701.021890       77.310839      729.379753      451.967254      378.475499      323.798055
frame00276.jpg      357.098087      246.570781      703.794076       75.993038      725.830795      450.669035      378.359945      323.502321
frame00277.jpg      357.030730      246.434203      705.395666       75.169920      723.445837      449.709400      378.490428      323.453021
frame00278.jpg      357.052794      246.414336      706.274737       74.717268      723.549653      449.773903      378.557418      323.368785
frame00279.jpg      357.256516      246.872773      714.816193       68.057550      723.091655      448.248463      379.270098      322.288312
frame00280.jpg      357.757659      247.320478      723.430527       62.853939      719.974081      445.663943      379.226238      321.246705
frame00281.jpg      357.870580      247.403509      724.090077       62.331834      720.503554      445.788184      379.227347      321.178305
frame00282.jpg      358.024950      247.709836      728.624918       59.909249      722.193113      446.454076      379.195921      320.882283
frame00283.jpg      357.877247      247.753085      731.118480       58.756458      724.285262      446.896971      379.394169      320.714210
