frame ulx uly urx ury lrx lry llx lly
frame00001.jpg      265.000000      119.000000      581.000000      119.000000      581.000000      411.000000      265.000000      411.000000
frame00002.jpg      266.586359      118.734768      582.992812      120.670407      581.230394      412.878200      265.361913      411.306823
frame00003.jpg      267.621018      118.745062      583.736761      122.428562      581.358754      413.446758      265.821666      411.054585
frame00004.jpg      269.431703      118.458587      585.075052      123.232282      582.155563      412.928422      267.294928      410.471440
frame00005.jpg      271.074170      118.993852      586.213839      124.233417      582.457977      413.033710      268.325451      410.981245
frame00006.jpg      271.613785      119.323738      586.343996      125.094733      582.094727      412.580982      268.475062      411.182353
frame00007.jpg      271.519900      119.301768      585.996026      124.929161      581.336231      411.742631      267.908007      411.223460
frame00008.jpg      269.856786      119.647197      584.470574      125.508288      579.266190      413.055701      265.776466      412.839574
frame00009.jpg      267.633508      120.587764      582.528265      126.850348      577.728025      413.666023      263.938613      413.766855
frame00010.jpg      266.156140      120.850600      581.603176      127.454727      576.633521      413.607601      262.822022      414.134472
frame00011.jpg      264.733592      119.882885      580.804438      126.533072      575.794223      412.440346      261.839311      413.969719
frame00012.jpg      263.965946      119.176854      580.539304      125.402715      575.563853      410.643320      261.658516      413.129678
frame00013.jpg      263.530728      117.915415      580.369562      124.631826      574.595865      410.848739      260.635686      413.278438
frame00014.jpg      262.289050      118.026148      579.427260      125.687332      573.133009      411.575079      259.127016      413.694379
frame00015.jpg      261.474211      117.631061      578.648651      126.573434      572.062128      412.018697      257.991028      413.208682
frame00016.jpg      261.452034      116.706766      578.640735      126.996188      571.403754      412.552559      257.427330      413.249646
frame00017.jpg      261.097832      117.210787      578.544729      128.960550      569.925513      414.141361      256.187572      414.313983
frame00018.jpg      260.493413      117.464167      577.976670      131.312570      568.569816      415.158111      255.070708      414.734911
frame00019.jpg      260.913058      116.783690      578.297592      132.006976      568.560631      414.905120      255.192770      414.251474
frame00020.jpg      261.889857      116.210514      579.519717      132.151674      569.005163      414.552150      255.887216      413.984952
frame00021.jpg      262.632538      115.887966      580.530060      132.664925      569.010380      415.138669      255.897862      414.238267
frame00022.jpg      262.721707      115.168284      581.006041      133.015424      568.459783      414.965228      255.202677      413.742957
frame00023.jpg      262.256730      113.725503      581.215370      132.716013      567.838573      414.283679      254.477145      412.646253
frame00024.jpg      262.248505      111.547019      581.774588      131.891570      567.571360      413.547816      254.131957      411.633978
frame00025.jpg      262.490240      110.742892      582.464215      131.632617      567.573703      412.652706      254.207484      411.224835
frame00026.jpg      262.658083      108.853264      583.118473      130.418653      567.403308      411.600082      253.819607      410.357579
frame00027.jpg      262.635372      107.776424      583.903096      130.024628      567.643513      411.546402      253.806959      410.256419
frame00028.jpg      263.496347      107.782705      585.311111      130.713548      568.354110      413.179951      254.150607      411.176186
frame00029.jpg      263.599971      107.587163      586.280973      131.675346      568.335246      413.969983      253.375643      411.147361
frame00030.jpg      263.039893      107.864468      586.605143      132.061871      568.497509      414.967704      253.247591      412.407588
frame00031.jpg      263.086978      108.815853      587.231157      132.951347      568.780578      415.932767      253.282217      413.580396
frame00032.jpg      263.240618      109.568603      587.830692      134.368537      568.681404      417.258205      253.108049      414.507638
frame00033.jpg      263.746817      109.786043      588.507741      135.231619      568.989681      417.238762      253.529694      414.388837
frame00034.jpg      264.745517      108.932716      589.365766      134.986439      569.049133      416.531232      253.738979      413.621566
frame00035.jpg      265.025107      108.332699      589.688661      135.356486      568.416999      416.386558      253.513059      413.973913
frame00036.jpg      265.387939      107.882878      590.120132      134.963787      568.364435      414.519340      254.077618      413.299064
frame00037.jpg      266.421812      106.656783      591.222238      133.691630      568.921838      412.993964      255.134792      412.759522
frame00038.jpg      267.455191      106.393023      592.305150      133.364296      569.472389      412.748491      255.794675      413.255866
frame00039.jpg      267.637268      107.050396      592.944430      133.613128      569.573481      412.701680      255.908877      414.209908
frame00040.jpg      267.521573      107.131446      593.313285      133.094748      570.005700      412.000105      256.135445      414.347330
frame00041.jpg      267.913661      106.983710      594.114694      132.314572      571.015488      411.093884      257.234120      414.408506
frame00042.jpg      269.104581      106.617397      595.485220      131.492483      571.796562      410.658386      258.261402      414.892659
frame00043.jpg      270.062321      106.935776      596.353767      132.070601      571.804663      410.260483      258.678777      415.041775
frame00044.jpg      270.917634      105.670674      596.993382      131.694350      571.402113      409.249624      258.789155      413.874406
frame00045.jpg      271.981794      104.295554      597.539708      131.489779      570.845557      408.386695      258.984144      412.857984
frame00046.jpg      273.135153      103.349180      597.753694      132.200422      569.600650      408.886541      258.553076      412.523130
frame00047.jpg      274.096400      103.046429      597.565260      134.379451      568.020358      410.046563      258.069901      412.667853
frame00048.jpg      275.670203      103.730496      597.933416      137.518878      566.680142      411.226341      258.024564      413.171262
frame00049.jpg      277.504606      104.178920      598.687326      139.826801      565.808980      411.798357      258.577249      413.655710
frame00050.jpg      280.379804      105.379541      600.067231      142.463789      565.622021      412.691963      259.806821      414.196858
frame00051.jpg      283.096913      106.537765      601.680482      144.955566      565.232037      414.682163      260.628960      415.738386
frame00052.jpg      285.138924      109.312854      602.661583      149.390228      564.873045      417.844757      261.005896      418.123982
frame00053.jpg      287.568799      111.469794      604.107282      153.338262      565.262143      420.560695      261.932030      419.571092
frame00054.jpg      289.991983      112.701704      605.735489      156.697795      565.414441      422.919482      262.650983      420.247656
frame00055.jpg      292.509449      113.281899      607.434001      159.571289      565.621721      423.853815      263.499497      419.995550
frame00056.jpg      295.555026      113.282453      609.483873      161.060033      565.821307      424.270821      264.694502      419.849576
frame00057.jpg      298.169672      112.309036      611.284450      162.056025      565.709889      423.605974      265.436473      417.952824
frame00058.jpg      300.171243      109.969000      613.046190      161.232096      566.039246      422.436454      266.070606      416.511140
frame00059.jpg      301.960380      108.994036      614.723953      160.564674      566.721577      421.507714      266.870822      416.032461
frame00060.jpg      302.707673      107.672134      616.082289      159.526189      566.977621      420.496568      266.684640      414.906342
frame00061.jpg      302.104465      105.981886      616.350634      158.078039      566.869785      419.319561      266.174651      414.087409
frame00062.jpg      301.580304      105.055339      616.486388      156.170849      566.840186      417.559922      266.043161      413.658069
frame00063.jpg      300.807324      103.787774      615.933760      154.854714      565.686190      416.306022      264.856880      413.138293
frame00064.jpg      299.774193      102.935560      615.019832      154.310963      564.218630      415.395315      263.501153      412.727821
frame00065.jpg      298.923443      102.107885      614.031711      153.811550      562.781522      414.902852      262.058038      412.675957
frame00066.jpg      297.719986      100.654612      612.735440      153.750812      560.663191      414.313805      259.963899      411.581678
frame00067.jpg      297.008604       99.357462      611.882872      153.793131      559.379333      413.952115      258.988042      410.709784
frame00068.jpg      297.205721       98.505828      611.696693      153.633355      558.565581      413.417079      258.641126      410.306993
frame00069.jpg      297.534758       98.336072      611.391044      153.801677      557.767245      412.898905      258.343784      410.339032
frame00070.jpg      298.203448       97.989013      611.346361      153.708503      556.878510      411.925373      258.385557      409.829247
frame00071.jpg      299.267516       96.591583      611.022379      152.519760      555.651931      409.531895      258.386079      408.569930
frame00072.jpg      300.121814       95.833259      610.861614      151.749196      554.346333      407.432290      258.604170      407.449303
frame00073.jpg      301.656220       94.226323      610.834357      150.747542      553.658399      406.492930      259.078274      406.966427
frame00074.jpg      303.326970       96.808277      611.180144      153.359557      553.266914      409.287753      260.214788      410.516045
frame00075.jpg      304.918132      100.536953      611.440636      157.212291      553.128434      411.829399      260.524648      412.971848
frame00076.jpg      306.055134      103.708271      611.344284      160.235054      553.540120      413.513936      261.330734      415.394954
frame00077.jpg      307.941216      106.100825      612.577563      161.621413      554.827114      414.453736      263.197359      417.527781
frame00078.jpg      309.499605      108.760530      613.427123      163.148098      555.638778      415.639032      264.320453      419.299336
frame00079.jpg      310.854163      110.016258      613.845094      164.358935      555.494050      416.755924      264.958253      420.415121
frame00080.jpg      312.561487      112.132035      613.899281      167.600291      554.259968      419.242654      265.088403      421.954292
frame00081.jpg      314.394627      113.009963      613.536540      170.344822      552.771750      419.842943      264.882024      421.615481
frame00082.jpg      316.732840      112.797351      613.335812      172.197637      551.325080      419.546177      265.187443      420.513057
frame00083.jpg      319.791766      112.840642      613.831887      173.773003      550.126980      420.045771      266.231263      420.434520
frame00084.jpg      322.835494      114.414994      613.933972      176.587172      548.942217      420.998858      266.742105      420.732487
frame00085.jpg      324.497842      115.037587      613.825022      178.306370      548.500087      421.552113      266.943667      420.662502
frame00086.jpg      325.388248      115.637922      614.057910      179.030950      548.932595      421.750418      267.563458      420.982647
frame00087.jpg      326.100453      115.992943      614.852591      178.926318      549.499119      421.305390      268.350104      420.822933
frame00088.jpg      326.588268      115.450073      615.347297      178.366884      549.882805      420.570149      269.011967      419.935863
frame00089.jpg      326.892490      114.294094      615.748697      176.598187      550.624842      419.095647      269.599594      419.261298
frame00090.jpg      327.053330      114.153564      615.684074      175.347825      550.767815      418.172641      270.225919      419.676797
frame00091.jpg      327.517549      115.267527      615.518358      175.527544      550.647508      417.842451      271.248262      420.678506
frame00092.jpg      329.367651      116.441727      614.933035      175.303689      550.316097      415.604218      273.135437      420.668959
frame00093.jpg      332.740282      117.591509      614.853172      174.125592      549.996592      412.253915      276.591426      420.617284
frame00094.jpg      336.864765      119.299774      614.612583      173.664021      549.133275      410.172940      279.430303      420.951768
frame00095.jpg      339.729937      120.494145      612.821354      173.891118      547.473975      408.677990      280.823553      420.105871
frame00096.jpg      341.412115      119.684940      611.285430      173.487411      546.347786      407.479690      281.779295      418.842439
frame00097.jpg      342.425915      118.477731      609.799513      172.527025      544.740076      405.739514      281.828589      417.357904
frame00098.jpg      342.699831      117.864540      607.642539      172.705551      542.503652      405.276405      281.190986      416.638598
frame00099.jpg      343.456276      118.174871      605.712283      173.505322      540.047034      404.641150      281.157139      416.308308
frame00100.jpg      345.205129      119.269718      603.681631      174.489359      536.960091      404.266519      280.847092      416.158945
frame00101.jpg      347.280084      120.542648      601.367037      177.016670      533.690360      405.653265      281.075951      416.122803
frame00102.jpg      350.601804      121.540850      600.126036      181.603831      531.517897      406.852766      282.614429      415.583486
frame00103.jpg      356.978341      123.749542      600.664242      185.481194      531.111775      407.583930      286.139449      415.346022
frame00104.jpg      363.728144      126.000832      602.100911      189.418262      530.720694      409.870985      289.771211      414.780799
frame00105.jpg      369.544717      128.897623      602.941320      195.039334      529.899573      413.297009      292.643032      415.338574
frame00106.jpg      374.478567      132.280308      603.713637      200.456560      530.175367      416.432307      295.717473      416.507981
frame00107.jpg      377.844367      136.517280      604.264406      206.082930      530.040907      420.404334      298.020790      418.730626
frame00108.jpg      378.699126      141.796606      603.782147      211.471469      529.387927      423.432964      299.655590      422.114216
frame00109.jpg      378.285406      146.579152      602.468630      215.989763      528.790182      426.757521      301.425702      424.597064
frame00110.jpg      377.261337      151.005956      599.941016      218.857581      530.156721      432.236308      301.631132      427.540518
frame00111.jpg      374.663844      153.529557      596.724653      219.549864      531.674320      433.945758      300.358410      432.069365
frame00112.jpg      371.304303      154.854627      594.452006      217.545438      533.223969      433.033486      300.895476      433.740799
frame00113.jpg      366.708626      153.967405      591.431395      214.416938      534.645692      431.812583      301.131285      434.652089
frame00114.jpg      361.478894      153.114548      588.201831      210.513816      536.295063      430.249373      301.460489      434.826089
frame00115.jpg      356.382204      152.412138      585.511098      205.637660      538.815476      427.843370      302.373298      435.106715
frame00116.jpg      351.474768      150.500073      583.577716      200.020699      542.047355      425.184225      303.734444      434.004937
frame00117.jpg      346.677993      147.914492      583.038587      194.689422      546.246585      423.333444      303.771652      432.698491
frame00118.jpg      342.075360      146.224131      584.080404      189.407925      552.002003      421.912334      304.822422      431.658106
frame00119.jpg      336.782660      144.139288      585.464943      183.581944      558.484022      420.202743      304.662293      431.624751
frame00120.jpg      331.079410      143.560028      586.915607      178.779784      564.495027      419.856709      303.910503      432.580039
frame00121.jpg      326.140169      144.412613      588.848698      174.715593      571.004002      420.092127      303.668878      434.492602
frame00122.jpg      322.285404      144.412668      591.466696      170.524465      577.249476      420.561459      303.520237      435.537878
frame00123.jpg      319.129231      146.396290      593.921982      168.564153      583.552809      423.124704      303.640759      438.788572
frame00124.jpg      317.334947      148.014495      597.133111      166.525383      589.986771      424.762842      304.288956      439.442732
frame00125.jpg      316.451355      147.990198      600.547484      164.320844      596.119252      426.960237      305.440444      439.906880
frame00126.jpg      317.252682      149.436129      604.707029      163.765471      602.400181      430.070570      307.486527      440.940520
frame00127.jpg      319.538668      150.253872      609.820264      163.789974      608.357344      433.085096      310.134051      441.072416
frame00128.jpg      322.886231      150.572745      614.926253      164.356857      614.097895      436.225144      312.989103      440.866779
frame00129.jpg      326.429930      151.153133      620.382231      165.788972      619.376434      440.577875      315.394649      440.898426
frame00130.jpg      329.386056      151.805244      625.175373      166.673492      624.398510      443.744604      317.136112      440.531308
frame00131.jpg      331.110646      153.490410      628.976099      167.021760      628.913451      447.817304      318.470535      442.306827
frame00132.jpg      332.162753      156.047648      631.879561      168.586324      632.763392      451.984210      319.369486      443.817250
frame00133.jpg      333.633351      157.359673      635.402860      168.014031      637.657594      453.745771      321.326741      444.211092
frame00134.jpg      334.869912      158.675090      638.726207      166.613260      641.209350      456.272735      322.018548      445.608981
frame00135.jpg      334.297507      160.587401      639.880181      166.763161      642.655817      459.518514      321.068946      447.073970
frame00136.jpg      333.098554      161.794427      640.121206      166.474438      643.384401      461.823027      319.712429      448.017044
frame00137.jpg      331.622193      162.666709      639.551924      165.669748      643.374381      463.263711      318.043998      448.343102
frame00138.jpg      329.743609      164.072719      638.064003      164.252478      643.453446      463.345981      317.068715      449.253293
frame00139.jpg      328.177629      165.242403      636.531878      161.465954      643.866611      462.454372      316.588107      450.109124
frame00140.jpg      326.805515      167.122357      634.871450      159.277127      644.141749      461.608097      316.435663      450.956781
frame00141.jpg      325.836133      168.325408      633.401450      156.693995      643.861589      461.386137      315.865793      451.514725
frame00142.jpg      323.780799      169.965867      630.696023      155.344321      641.870330      462.087027      313.772603      452.844249
frame00143.jpg      320.979688      172.134939      627.106110      154.099299      639.616470      462.714371      311.495133      454.013323
frame00144.jpg      318.350661      174.050119      623.632468      152.403142      637.302107      463.791108      309.140072      455.767959
frame00145.jpg      315.203311      175.817307      619.768999      151.358641      633.972064      465.509366      306.174558      457.211721
frame00146.jpg      311.881764      177.560945      615.708809      150.545778      630.640520      466.616166      303.149444      458.233872
frame00147.jpg      309.623519      177.445076      612.350818      147.561265      628.335813      464.898719      301.267179      456.745582
frame00148.jpg      308.237176      175.341067      609.878268      142.076611      626.619787      462.480483      300.058716      454.364354
frame00149.jpg      306.803442      173.941623      607.473229      137.126743      624.815921      460.116410      299.041787      452.859288
frame00150.jpg      304.968822      172.067638      604.736448      131.222288      622.813789      456.434767      297.697100      450.652643
frame00151.jpg      303.087273      169.723199      601.801034      124.696315      621.115288      452.631876      296.762455      448.358809
frame00152.jpg      301.498008      168.239480      598.984958      117.934683      619.680792      449.942732      296.479514      447.975938
frame00153.jpg      299.841746      168.004086      595.449521      112.213037      617.258957      446.983739      295.639143      447.542690
frame00154.jpg      297.966035      168.296713      591.018876      106.471329      614.729507      445.057011      295.210101      448.175350
frame00155.jpg      296.892707      169.469950      586.794605      101.376098      612.525573      443.650776      295.618027      449.416443
frame00156.jpg      296.466353      171.205784      582.226788       96.865667      608.832843      443.035704      295.704601      450.599887
frame00157.jpg      295.621784      173.276008      576.294092       92.983122      604.006127      442.325910      294.981864      452.329963
frame00158.jpg      293.978032      175.994199      570.006811       89.537853      599.282192      441.740148      294.252266      454.418083
frame00159.jpg      292.385350      177.950182      563.610195       86.488890      594.728596      441.557417      293.690728      456.430601
frame00160.jpg      291.259966      180.154448      558.952797       84.906199      592.231611      441.195539      294.053871      458.295113
frame00161.jpg      290.532627      182.045201      555.426602       83.534916      590.028564      440.804263      294.185654      459.751410
frame00162.jpg      289.757641      183.461891      552.129017       82.600849      587.517118      440.356639      293.835992      460.742625
frame00163.jpg      288.990562      184.961628      549.136460       82.154429      585.108776      439.386445      293.200275      461.683261
frame00164.jpg      288.538886      186.062248      546.371873       81.427504      583.029765      437.983866      293.095131      461.982538
frame00165.jpg      288.677901      186.915347      544.283512       80.528505      581.973187      436.066958      293.654718      462.256958
frame00166.jpg      288.794729      187.987422      543.093760       79.733143      581.460883      434.366670      293.958220      462.845891
frame00167.jpg      287.979790      189.220524      541.367952       79.101722      580.277924      433.038575      293.232046      464.175215
frame00168.jpg      286.895111      191.156349      539.185404       79.840829      579.195554      432.072616      292.798581      465.473527
frame00169.jpg      286.192859      192.540355      537.790896       80.039378      579.031632      430.031131      292.838626      466.288039
frame00170.jpg      285.511318      194.600478      536.113910       79.274878      578.743246      427.010611      293.029807      468.094448
frame00171.jpg      284.415115      197.270485      533.502330       78.409219      577.842617      423.269613      292.856203      469.806271
frame00172.jpg      283.541940      200.064050      530.604145       76.955653      577.023488      419.040850      293.185737      471.754318
frame00173.jpg      282.197492      202.660556      527.360481       75.115320      576.283817      413.191656      293.464298      473.103841
frame00174.jpg      279.982815      205.707973      523.507338       72.350204      576.033236      406.430151      293.464509      475.412892
frame00175.jpg      277.036226      209.038586      519.150557       69.294654      575.901303      398.780167      293.362816      478.413964
frame00176.jpg      274.248592      213.811451      514.420221       66.683986      576.423513      390.331542      294.088279      482.034501
frame00177.jpg      271.733184      219.022709      510.250036       64.132743      577.864572      381.502932      295.308058      486.165039
frame00178.jpg      269.028695      225.046741      506.091826       62.232434      578.587687      373.810255      296.133740      491.163261
frame00179.jpg      266.260847      231.443930      500.808978       61.381932      577.850486      366.065344      296.866944      495.157141
frame00180.jpg      263.891059      236.969123      495.031228       59.425284      576.212635      357.910173      297.636941      498.699214
frame00181.jpg      262.207608      241.804424      489.124531       57.882520      574.369585      350.129528      299.257449      500.850115
frame00182.jpg      260.919112      246.779682      483.826033       56.161971      572.497900      342.846327      300.719235      503.633078
frame00183.jpg      258.088249      252.302008      477.635835       55.347451      568.719036      336.221741      299.959884      507.019766
frame00184.jpg      253.737343      257.806238      469.808818       55.472704      563.628513      329.630442      297.878269      509.891165
frame00185.jpg      247.590516      262.301011      460.989450       54.719306      557.962104      321.781951      294.862526      512.373133
frame00186.jpg      240.917375      266.828157      452.479475       54.154973      552.955144      314.760369      291.966401      514.949696
frame00187.jpg      234.237573      269.829483      444.526729       53.932720      548.643199      306.960696      289.106126      515.730916
frame00188.jpg      228.109875      272.570339      437.153307       52.316896      544.896093      299.154643      287.060757      516.246841
frame00189.jpg      222.633946      274.164796      430.822886       50.961354      541.705150      292.138219      285.002927      516.128326
frame00190.jpg      218.083605      276.031962      425.773028       50.202588      539.300303      286.784214      283.689400      516.768989
frame00191.jpg      214.414124      278.807845      421.573873       50.249974      537.732549      282.840626      283.345466      518.500355
frame00192.jpg      210.664045      281.803723      417.858094       51.458334      536.418564      280.690240      282.761918      520.611608
frame00193.jpg      206.302361      284.474693      414.632155       52.924338      535.984665      280.235085      281.926419      523.482874
frame00194.jpg      201.285375      285.861252      412.154235       54.420443      535.716122      281.499679      280.109444      524.942058
frame00195.jpg      195.151335      284.901884      410.209802       54.676856      534.612762      283.261340      275.834355      525.672865
frame00196.jpg      187.437287      282.818305      408.177069       55.035486      532.852318      286.064182      270.046189      526.602996
frame00197.jpg      179.770700      279.608295      407.220157       55.177969      531.946851      290.733008      264.163839      527.589694
frame00198.jpg      173.024465      275.135692      409.147269       57.155276      532.326397      297.686409      258.564005      528.310638
frame00199.jpg      167.850230      268.764660      413.866575       58.511809      534.242862      304.765546      254.340608      526.970999
frame00200.jpg      165.018734      261.053046      421.323860       60.389478      537.272876      312.744940      250.971318      524.987727
frame00201.jpg      164.633965      253.236111      430.702154       63.524071      541.882739      321.899382      249.154663      522.940739
frame00202.jpg      166.546874      244.718611      441.626153       66.448922      547.068371      330.269203      248.703577      519.943898
frame00203.jpg      170.135594      236.968403      452.423787       69.635514      550.971960      337.746349      249.728906      517.697536
frame00204.jpg      176.233618      230.942478      461.354081       73.373840      549.638105      339.772901      253.258275      515.399060
frame00205.jpg      186.524381      223.787222      466.089890       73.310205      548.397520      342.117967      258.124631      513.824312
frame00206.jpg      196.094238      218.579029      466.456139       73.827731      547.994282      344.637202      262.115383      512.141731
frame00207.jpg      203.281110      213.499319      465.929743       74.963677      546.999112      346.772948      265.375877      512.155453
frame00208.jpg      208.008495      208.940885      465.152359       76.013979      546.253207      348.490525      267.994484      511.831953
frame00209.jpg      212.633702      202.713661      464.140692       78.689426      545.044126      350.612679      270.112633      512.239314
frame00210.jpg      216.787313      195.842693      462.786115       81.552984      543.392130      352.417744      270.719892      513.515382
frame00211.jpg      218.510430      189.317472      462.294625       84.073800      542.325696      353.869413      269.877323      513.279784
frame00212.jpg      215.235920      183.627207      462.173574       85.681657      540.558558      354.016491      268.989971      513.749044
frame00213.jpg      212.037162      179.717571      461.695567       88.837288      540.181149      353.557584      265.293293      519.159128
frame00214.jpg      210.228433      176.698308      460.113287       92.947688      540.388041      353.408420      260.843445      525.574293
frame00215.jpg      208.514638      172.894612      459.607224       96.797246      539.573030      353.146271      254.382231      532.712912
frame00216.jpg      205.504481      169.944168      459.172126      100.867358      538.139583      352.589150      248.895314      538.229054
frame00217.jpg      202.246861      165.743122      459.207046      103.154475      536.899429      353.310573      244.005886      544.319569
frame00218.jpg      198.045201      161.895450      459.620934      103.900042      535.512280      353.774796      242.554113      544.720884
frame00219.jpg      194.930926      159.696491      459.719391      104.558306      534.393513      353.988494      241.332224      546.037203
frame00220.jpg      193.271074      156.269297      459.612431      105.482560      532.885613      355.123467      239.746878      547.578974
frame00221.jpg      193.003363      151.538377      459.612483      108.261590      530.196588      355.490962      236.183881      551.846767
frame00222.jpg      195.015686      148.336461      459.545377      109.804917      529.107035      355.861550      234.434853      554.490762
frame00223.jpg      195.320302      145.508855      459.746165      110.690251      527.669141      355.528655      232.961961      556.423227
frame00224.jpg      194.956761      145.126123      459.775949      110.757963      527.400845      355.437743      232.964630      556.329637
frame00225.jpg      193.738396      143.969346      459.891295      111.236145      526.751407      355.763837      232.548201      556.374338
frame00226.jpg      192.949132      144.513915      459.950373      112.065095      526.345582      355.903952      231.122753      557.160679
frame00227.jpg      194.404061      145.411498      459.827315      113.034299      525.818384      356.873138      229.672870      557.778436
frame00228.jpg      198.229661      146.597822      459.881978      113.989341      525.687441      357.524467      228.417751      558.352052
frame00229.jpg      203.989474      146.044979      459.845334      115.781902      525.432141      358.876089      225.247147      561.276607
frame00230.jpg      208.858713      143.722557      459.343132      117.843914      524.511662      360.047840      220.668380      567.127911
frame00231.jpg      211.814539      141.716897      458.825337      119.207335      523.815209      361.250157      217.786287      570.760574
frame00232.jpg      213.276538      138.296562      458.037187      120.641139      522.522760      362.784009      213.619387      575.246833
frame00233.jpg      214.821304      134.379700      457.481779      121.683554      521.133452      364.049679      209.717993      581.778288
frame00234.jpg      217.441816      130.001248      457.106721      122.597580      519.555004      364.787570      205.806179      590.238134
frame00235.jpg      221.406191      127.496787      457.137915      123.141288      518.552918      365.411935      203.848751      596.262771
frame00236.jpg      226.882727      124.585097      457.086516      123.584149      517.645594      367.111994      203.043901      601.878877
frame00237.jpg      232.169646      120.518598      457.169370      124.633676      516.429751      368.399993      200.021345      614.437044
frame00238.jpg      237.615856      117.170777      456.917685      125.907108      515.869102      369.488859      198.702205      621.794574
frame00239.jpg      242.992732      116.629425      456.817303      126.759233      515.901720      370.782006      197.233598      628.979600
frame00240.jpg      247.522584      116.797239      456.508165      127.686246      515.839915      371.009495      194.889954      637.143884
frame00241.jpg      252.328013      116.652565      456.460810      128.685090      514.822646      370.893984      195.259328      642.484331
frame00242.jpg      258.858580      116.843991      456.249848      128.911578      514.069378      371.823241      196.125085      648.251574
frame00243.jpg      263.707199      117.134594      455.951636      128.868147      513.640477      372.453729      197.099411      652.699314
frame00244.jpg      266.957753      118.483609      455.858870      128.853340      513.913330      373.091863      196.414383      655.728653
frame00245.jpg      272.179952      120.088161      455.460056      128.990032      513.900183      374.241909      196.402557      660.027039
frame00246.jpg      276.878132      120.791482      454.626119      129.286137      513.230949      374.564432      197.267825      665.236920
frame00247.jpg      281.986566      120.583668      453.965804      129.388247      512.374250      375.599412      199.330921      669.481220
frame00248.jpg      287.873432      122.309978      453.346741      129.965735      513.079477      377.976382      201.155044      672.241587
frame00249.jpg      294.437507      124.584734      452.823076      130.244693      513.225691      379.573059      201.146017      679.896634
frame00250.jpg      300.019575      127.324439      452.706895      130.842184      512.513403      378.240255      199.869075      689.097338
frame00251.jpg      300.254624      127.548205      452.724284      130.851625      512.529218      378.281698      200.071460      688.853512
frame00252.jpg      300.283056      127.598772      452.719333      130.859856      512.512973      378.255375      200.082597      688.847446
frame00253.jpg      300.317083      127.639923      452.716097      130.863404      512.517413      378.258171      200.088204      688.815431
frame00254.jpg      300.309082      127.638968      452.717709      130.867699      512.504348      378.225257      200.062354      688.853709
frame00255.jpg      300.296251      127.639663      452.718652      130.867198      512.501903      378.191708      200.057740      688.862121
frame00256.jpg      300.284955      127.646683      452.719060      130.864498      512.500149      378.164774      200.079492      688.814065
frame00257.jpg      300.276411      127.664004      452.720729      130.861900      512.499156      378.128709      200.097121      688.760006
frame00258.jpg      300.268413      127.662154      452.722678      130.861842      512.493723      378.103435      200.100086      688.759804
frame00259.jpg      300.260972      127.658550      452.725311      130.859794      512.487867      378.079296      200.130747      688.692055
frame00260.jpg      300.246103      127.659663      452.731792      130.850210      512.484813      378.068281      200.153427      688.644831
frame00261.jpg      300.236587      127.647699      452.734496      130.839094      512.485763      378.080334      200.168457      688.634150
frame00262.jpg      300.227032      127.641440      452.737302      130.828261      512.484733      378.088402      200.213854      688.561967
frame00263.jpg      300.211405      127.633413      452.743726      130.817056      512.482039      378.083335      200.259516      688.482865
frame00264.jpg      300.206126      127.640327      452.749052      130.810635      512.482782      378.083362      200.289911      688.404242
frame00265.jpg      300.202783      127.651459      452.752014      130.806704      512.479338      378.067438      200.325447      688.322170
frame00266.jpg      300.234043      127.832640      452.775026      130.776462      512.437715      377.901265      200.712136      687.498028
frame00267.jpg      300.232456      127.849692      452.778973      130.774258      512.422832      377.863904      200.727247      687.465203
frame00268.jpg      300.231623      127.863223      452.782773      130.776486      512.410547      377.824296      200.711004      687.451197
frame00269.jpg      300.222612      127.865312      452.783157      130.776187      512.403965      377.789516      200.721510      687.434453
frame00270.jpg      300.238326      127.868868      452.784170      130.776932      512.403066      377.772249      200.696545      687.483971
frame00271.jpg      300.247015      127.794156      452.818238      130.772303      512.359807      377.678679      200.445757      688.102982
frame00272.jpg      300.243236      127.793068      452.819559      130.770918      512.357067      377.659276      200.451894      688.131484
frame00273.jpg      300.232743      127.795853      452.823538      130.772038      512.355818      377.639378      200.458038      688.130813
frame00274.jpg      300.209690      127.793693      452.826888      130.770699      512.352985      377.616947      200.490303      688.095885
frame00275.jpg      300.190446      127.810053      452.827742      130.769519      512.349974      377.580271      200.497980      688.078387
frame00276.jpg      299.823542      127.844872      452.875630      130.668481      512.198727      377.096154      201.846334      685.505836
frame00277.jpg      299.798311      127.842934      452.877255      130.670624      512.192162      377.067683      201.867874      685.440199
frame00278.jpg      299.793075      127.827235      452.876404      130.677424      512.186235      377.051418      201.835754      685.473805
frame00279.jpg      299.781665      127.802758      452.875515      130.679337      512.181076      377.046693      201.809974      685.509699
frame00280.jpg      299.764909      127.778934      452.876869      130.677869      512.177849      377.040651      201.789613      685.542521
frame00281.jpg      299.752435      127.759802      452.879250      130.680423      512.172616      377.029661      201.753555      685.559318
frame00282.jpg      299.748874      127.763783      452.881686      130.682815      512.165515      377.013441      201.749155      685.555625
frame00283.jpg      299.747075      127.766743      452.886053      130.686276      512.156097      377.003688      201.726587      685.610874
frame00284.jpg      299.765648      127.770502      452.888586      130.692084      512.151192      377.006075      201.709754      685.608174
frame00285.jpg      299.792631      127.786856      452.890126      130.693032      512.149486      377.024022      201.750025      685.540589
frame00286.jpg      299.814820      127.813272      452.885836      130.699120      512.159904      377.040434      201.740595      685.547798
frame00287.jpg      299.825825      127.830646      452.882259      130.708092      512.171271      377.051934      201.691044      685.602430
frame00288.jpg      299.831977      127.855111      452.879764      130.717019      512.180522      377.060933      201.669369      685.590295
frame00289.jpg      299.840125      127.888119      452.879677      130.726735      512.187524      377.070663      201.623376      685.632834
frame00290.jpg      299.880737      128.164106      452.884284      130.801877      512.266269      377.107332      201.098460      686.357081
frame00291.jpg      299.858983      128.178699      452.882582      130.804937      512.268263      377.097583      201.077977      686.373883
frame00292.jpg      299.835324      128.307360      452.868242      130.822040      512.296418      377.091212      201.290211      685.896128
frame00293.jpg      299.830714      128.327346      452.867684      130.821247      512.300801      377.095050      201.270012      685.953525
frame00294.jpg      299.797883      128.328258      452.874571      130.818714      512.296258      377.083947      201.286848      685.922984
frame00295.jpg      299.155809      128.416477      453.007449      130.504464      512.038252      376.823001      204.375551      681.831334
frame00296.jpg      298.479887      128.484163      453.078253      130.377425      511.946198      376.387725      206.337463      678.618742
frame00297.jpg      298.451916      128.494321      453.083640      130.377863      511.942386      376.357472      206.368244      678.560507
frame00298.jpg      298.433240      128.497211      453.087926      130.381591      511.936827      376.329442      206.356631      678.615992
frame00299.jpg      298.439354      128.504426      453.091133      130.384831      511.936154      376.316715      206.348869      678.666585
frame00300.jpg      298.444692      128.519266      453.094138      130.385286      511.932942      376.299622      206.392352      678.628578
frame00301.jpg      298.421583      128.517309      453.093387      130.383425      511.930758      376.283334      206.439667      678.577005
frame00302.jpg      298.407420      128.526426      453.091013      130.384253      511.935040      376.278619      206.483418      678.514396
frame00303.jpg      298.387368      128.540084      453.093340      130.382572      511.930088      376.265271      206.502540      678.559319
frame00304.jpg      297.811974      128.614900      453.165866      130.468419      511.689798      375.928043      205.252375      682.032298
frame00305.jpg      297.392440      128.848972      453.245696      130.816655      511.502601      375.610999      203.992410      683.989445
frame00306.jpg      297.395521      128.859569      453.247932      130.828941      511.501226      375.612344      203.944477      684.058417
frame00307.jpg      297.531563      129.040721      453.341671      131.196556      511.444617      375.614457      202.537512      686.081948
frame00308.jpg      297.586248      129.052833      453.381328      131.288551      511.371218      375.542068      202.350988      686.540790
frame00309.jpg      298.329605      129.118954      453.373586      131.995014      511.270188      375.613131      199.676404      690.225100
frame00310.jpg      298.354582      129.135050      453.370852      132.002167      511.271549      375.621568      199.669571      690.214026
frame00311.jpg      298.382761      129.163356      453.370719      131.997686      511.267377      375.622144      199.671898      690.261170
frame00312.jpg      298.429838      129.252871      453.355910      131.974040      511.223113      375.584454      199.554470      690.802758
frame00313.jpg      298.495261      129.299040      453.346701      131.957240      511.215960      375.613655      199.518853      690.972748
frame00314.jpg      298.804663      129.436147      453.279504      131.832024      511.158323      375.776209      199.372306      692.181085
frame00315.jpg      298.881964      129.482459      453.259401      131.770007      511.146732      375.848244      199.403623      692.433197
frame00316.jpg      298.902099      129.468105      453.255326      131.753961      511.135865      375.871446      199.425903      692.436093
frame00317.jpg      298.914455      129.465513      453.249786      131.734830      511.129457      375.890648      199.410941      692.472980
frame00318.jpg      298.924267      129.458252      453.234612      131.709726      511.121455      375.914402      199.372411      692.613397
frame00319.jpg      298.931785      129.451792      453.221154      131.676046      511.114171      375.951141      199.399921      692.680037
frame00320.jpg      298.927124      129.425129      453.211283      131.637506      511.095385      375.963248      199.470730      692.663157
frame00321.jpg      298.929341      129.390099      453.203150      131.609207      511.084081      375.997355      199.519542      692.608195
frame00322.jpg      298.935432      129.368018      453.195779      131.591474      511.074597      376.036064      199.540369      692.593743
frame00323.jpg      298.939568      129.346722      453.189971      131.572416      511.072401      376.088049      199.532254      692.572992
frame00324.jpg      298.939366      129.267203      453.141914      131.489414      511.073583      376.299080      199.711659      692.231035
frame00325.jpg      298.777613      129.009024      453.042807      131.219301      511.007183      377.116945      200.238505      689.886488
frame00326.jpg      298.777722      128.998077      453.040302      131.214131      511.000024      377.132553      200.251016      689.852603
frame00327.jpg      298.773193      128.984541      453.038346      131.206328      510.987192      377.163458      200.284346      689.774717
frame00328.jpg      298.380582      128.506972      453.120392      130.935675      510.404638      378.263587      202.134728      686.025154
frame00329.jpg      297.783866      127.320406      453.394385      130.680868      509.772908      379.650706      203.222972      681.848306
frame00330.jpg      297.029917      125.869459      453.995023      130.571425      508.788245      382.675405      205.055558      671.605323
frame00331.jpg      295.858850      124.475721      454.519588      130.419345      507.591364      385.357671      207.630641      662.135305
frame00332.jpg      295.851385      124.453790      454.525389      130.422411      507.571117      385.389656      207.626408      662.077581
frame00333.jpg      295.851364      124.442770      454.526750      130.426767      507.562816      385.406449      207.633045      662.045738
frame00334.jpg      295.851017      124.434594      454.529273      130.429456      507.554708      385.414952      207.644463      662.000042
frame00335.jpg      295.721615      123.945004      454.562086      130.464496      507.271450      385.649855      208.428947      660.712937
frame00336.jpg      295.353894      123.294196      454.700432      130.473312      506.894914      385.878960      209.408737      658.838698
frame00337.jpg      293.874006      120.756552      455.404797      130.592448      505.429314      387.300757      213.496333      650.339930
frame00338.jpg      293.214937      119.669446      455.606086      130.638897      504.794056      387.829852      215.224922      646.971128
frame00339.jpg      291.659919      116.762805      456.233438      130.906752      503.070575      389.432137      218.964766      639.126437
frame00340.jpg      291.658426      116.749558      456.234076      130.909521      503.057441      389.441575      218.976716      639.089732
frame00341.jpg      290.492637      113.847072      456.822497      131.179476      501.046399      390.337977      222.641185      631.143296
frame00342.jpg      290.394548      113.616479      456.865991      131.234040      500.861158      390.449469      222.790179      630.570676
frame00343.jpg      290.391847      113.604932      456.871937      131.238665      500.836140      390.469186      222.779654      630.505807
frame00344.jpg      290.383820      113.589708      456.884044      131.249022      500.813569      390.486412      222.767544      630.428053
frame00345.jpg      289.451931      112.450632      457.489548      131.338296      499.761224      391.503702      225.050644      622.829656
frame00346.jpg      289.468905      112.457756      457.492540      131.329143      499.754005      391.529728      225.043726      622.795081
frame00347.jpg      288.727441      111.590589      457.449367      130.282381      499.468882      392.239058      227.502464      618.248208
frame00348.jpg      288.720592      111.600032      457.444199      130.262670      499.468769      392.244532      227.551540      618.175145
frame00349.jpg      288.716727      111.596926      457.447871      130.263205      499.465735      392.242746      227.550015      618.128094
frame00350.jpg      288.711200      111.581951      457.445391      130.260254      499.459040      392.238053      227.561184      618.115441
frame00351.jpg      288.703869      111.569794      457.442561      130.253712      499.455997      392.234790      227.587576      618.081459
frame00352.jpg      288.702787      111.568721      457.440268      130.244574      499.453943      392.228996      227.607969      618.051028
frame00353.jpg      288.707905      111.558553      457.439325      130.240903      499.448062      392.220757      227.616905      618.049906
frame00354.jpg      288.699198      111.564751      457.439663      130.242874      499.444122      392.202910      227.603238      618.081214
frame00355.jpg      288.685577      111.583302      457.440631      130.250617      499.440448      392.180726      227.603180      618.074543
frame00356.jpg      288.689496      111.609121      457.443106      130.263211      499.437741      392.162181      227.578728      618.113561
frame00357.jpg      288.690214      111.620676      457.447409      130.278054      499.431633      392.141977      227.543280      618.168912
frame00358.jpg      288.720362      111.789454      457.473400      130.381951      499.386370      391.983170      227.207657      618.863187
frame00359.jpg      288.716503      111.812958      457.475470      130.394728      499.381010      391.958627      227.198198      618.887367
frame00360.jpg      288.698339      111.832670      457.476844      130.411129      499.375220      391.923933      227.156211      618.956892
frame00361.jpg      288.670998      111.847544      457.477863      130.420909      499.370284      391.896693      227.146720      618.971626
frame00362.jpg      288.651143      111.869682      457.477878      130.427140      499.366151      391.871320      227.171026      618.924803
frame00363.jpg      288.636944      111.852454      457.478880      130.419763      499.358894      391.846846      227.155559      618.977922
frame00364.jpg      288.624789      111.831738      457.481301      130.406146      499.349801      391.812426      227.151874      619.008220
frame00365.jpg      288.605148      111.817901      457.485278      130.390327      499.340967      391.778057      227.174167      618.983174
frame00366.jpg      288.588115      111.808459      457.489803      130.375623      499.332529      391.740576      227.177737      618.977485
frame00367.jpg      288.577406      111.813864      457.496938      130.367611      499.330235      391.714131      227.175990      618.975624
frame00368.jpg      288.564974      111.807003      457.506298      130.355957      499.321196      391.690886      227.181150      618.949993
frame00369.jpg      288.549768      111.795698      457.514097      130.351413      499.312135      391.665042      227.184823      618.926163
frame00370.jpg      288.537732      111.789026      457.522460      130.345616      499.305574      391.646240      227.190030      618.903766
frame00371.jpg      288.527732      111.792623      457.528796      130.341940      499.296093      391.617611      227.180908      618.904649
frame00372.jpg      288.518355      111.797625      457.532780      130.339274      499.291518      391.598600      227.181483      618.888787
frame00373.jpg      288.518568      111.823017      457.536656      130.338587      499.288929      391.582088      227.174847      618.876806
frame00374.jpg      288.517496      111.856691      457.538365      130.344528      499.285845      391.554795      227.168948      618.851947
frame00375.jpg      288.514298      111.887782      457.539702      130.352095      499.282724      391.526494      227.153863      618.860472
frame00376.jpg      288.504934      111.905589      457.538587      130.354754      499.279458      391.500734      227.172593      618.830446
frame00377.jpg      288.496916      111.922802      457.539934      130.354863      499.269883      391.469977      227.195685      618.784586
frame00378.jpg      288.498121      111.946253      457.539008      130.359008      499.265707      391.458416      227.206770      618.755242
frame00379.jpg      288.506900      111.975074      457.537157      130.360415      499.269560      391.456608      227.211527      618.732924
frame00380.jpg      288.502718      111.989446      457.535597      130.361860      499.268775      391.445192      227.212972      618.726867
frame00381.jpg      288.496206      112.008407      457.535215      130.365277      499.270268      391.439822      227.225359      618.702533
frame00382.jpg      288.493100      112.030386      457.534348      130.371075      499.266056      391.414375      227.234998      618.666542
frame00383.jpg      288.485159      112.050265      457.533953      130.371532      499.256649      391.384331      227.248517      618.605527
frame00384.jpg      288.494605      112.061636      457.535579      130.370428      499.250313      391.384217      227.250933      618.549987
frame00385.jpg      288.526945      112.094094      457.523474      130.371960      499.260395      391.404397      227.245626      618.541073
frame00386.jpg      288.544257      112.109051      457.503438      130.380579      499.261370      391.404172      227.231045      618.572954
frame00387.jpg      288.556125      112.135225      457.484721      130.388911      499.260797      391.397086      227.220459      618.568372
frame00388.jpg      288.610011      112.268303      457.434099      130.387989      499.261932      391.402903      227.318498      618.319250
frame00389.jpg      288.621069      112.303410      457.420194      130.389855      499.259442      391.385517      227.331817      618.286315
frame00390.jpg      288.633893      112.323659      457.411195      130.392304      499.251763      391.375369      227.329352      618.274899
frame00391.jpg      288.637349      112.345455      457.402375      130.393741      499.246504      391.344010      227.360438      618.207977
frame00392.jpg      288.643995      112.378201      457.396112      130.391449      499.248329      391.330891      227.393847      618.141333
frame00393.jpg      288.930825      112.902978      457.338311      130.355452      499.270202      391.318606      227.915556      616.764901
frame00394.jpg      288.936586      112.923731      457.329689      130.357592      499.269900      391.310944      227.930251      616.751164
frame00395.jpg      288.941040      112.945925      457.323920      130.367155      499.267354      391.295252      227.953075      616.666641
frame00396.jpg      288.949060      112.961265      457.321374      130.372945      499.261498      391.280194      227.960470      616.618619
frame00397.jpg      288.948884      112.972799      457.317007      130.372449      499.255468      391.265309      227.981532      616.593058
frame00398.jpg      288.965780      113.008867      457.311478      130.374231      499.253098      391.247162      228.008636      616.532895
frame00399.jpg      288.972228      113.007155      457.305634      130.383288      499.242236      391.232091      228.044844      616.483450
frame00400.jpg      288.983529      113.018081      457.299728      130.402051      499.239353      391.217037      228.051088      616.465250
frame00401.jpg      288.988113      113.031198      457.294254      130.418393      499.235594      391.192625      228.038884      616.459291
frame00402.jpg      289.005877      113.052016      457.286072      130.430669      499.232446      391.182717      228.034905      616.472168
frame00403.jpg      289.011808      113.076348      457.281306      130.438368      499.229328      391.166400      228.029706      616.461195
frame00404.jpg      289.019456      113.100363      457.276900      130.446861      499.229179      391.148830      228.029323      616.450905
frame00405.jpg      289.033703      113.128268      457.274719      130.453921      499.234915      391.143386      228.029415      616.403098
frame00406.jpg      289.045919      113.155656      457.269234      130.458308      499.235507      391.131299      228.042856      616.366736
frame00407.jpg      289.052216      113.193539      457.264636      130.463700      499.239653      391.120085      228.049333      616.317673
frame00408.jpg      289.055698      113.229672      457.258262      130.470100      499.249829      391.119939      228.052636      616.293371
frame00409.jpg      289.056982      113.258676      457.253050      130.476158      499.251199      391.105983      228.030648      616.307691
frame00410.jpg      289.064035      113.287065      457.248299      130.487517      499.247949      391.089179      228.001996      616.324724
frame00411.jpg      289.075014      113.324070      457.242946      130.501374      499.248377      391.075630      227.960448      616.358649
frame00412.jpg      289.082756      113.349466      457.238585      130.514017      499.248115      391.067263      227.953521      616.347601
frame00413.jpg      289.090361      113.383796      457.233937      130.529765      499.249653      391.053994      227.931949      616.372113
frame00414.jpg      289.096796      113.418199      457.229197      130.543039      499.252135      391.025533      227.911153      616.377132
frame00415.jpg      289.085596      113.445236      457.225683      130.549233      499.254260      391.002134      227.898173      616.382282
frame00416.jpg      289.088723      113.475107      457.222723      130.551186      499.259698      390.987631      227.886773      616.387271
frame00417.jpg      289.085886      113.507407      457.223792      130.548548      499.266062      390.968532      227.895474      616.332825
frame00418.jpg      289.085097      113.534014      457.221139      130.550061      499.265917      390.946124      227.903661      616.304524
frame00419.jpg      289.083735      113.552566      457.220430      130.553497      499.264571      390.933280      227.889994      616.319402
frame00420.jpg      289.075597      113.575611      457.221378      130.550421      499.264849      390.928891      227.903847      616.299684
frame00421.jpg      289.069246      113.608386      457.218328      130.551711      499.263260      390.912553      227.904107      616.321406
frame00422.jpg      289.058734      113.645304      457.217021      130.556696      499.261849      390.900199      227.900608      616.319079
frame00423.jpg      289.059735      113.673737      457.218055      130.568860      499.260767      390.889032      227.897611      616.299348
frame00424.jpg      289.058449      113.697473      457.214454      130.576868      499.259465      390.879389      227.918306      616.253176
frame00425.jpg      289.146115      113.947395      457.157473      130.623127      499.285395      390.902469      228.191124      615.586531
frame00426.jpg      289.159065      113.986265      457.148003      130.632681      499.291239      390.900000      228.211451      615.531331
frame00427.jpg      289.176480      114.018309      457.134684      130.647280      499.295112      390.893406      228.215908      615.559186
frame00428.jpg      289.196941      114.050173      457.123296      130.661819      499.295782      390.884780      228.227981      615.547918
frame00429.jpg      289.232643      114.092352      457.113757      130.680604      499.296905      390.879155      228.218679      615.542912
frame00430.jpg      289.257044      114.120610      457.103158      130.693158      499.296730      390.873856      228.243380      615.519232
frame00431.jpg      289.285929      114.153254      457.092910      130.706974      499.299150      390.868866      228.255441      615.492140
frame00432.jpg      289.314528      114.175270      457.082836      130.717958      499.298193      390.858714      228.280359      615.468284
frame00433.jpg      289.343568      114.202001      457.073170      130.731268      499.297658      390.845965      228.277577      615.472520
frame00434.jpg      289.364323      114.221902      457.066169      130.746355      499.296767      390.837530      228.277785      615.444540
frame00435.jpg      289.387802      114.242245      457.058071      130.762692      499.294828      390.833957      228.267937      615.464954
frame00436.jpg      289.415536      114.261132      457.049227      130.776469      499.292821      390.831065      228.281381      615.440154
frame00437.jpg      289.446877      114.287231      457.038140      130.788991      499.293362      390.833758      228.293079      615.429975
frame00438.jpg      289.480180      114.315324      457.025790      130.803795      499.297075      390.835228      228.284794      615.453492
frame00439.jpg      289.515661      114.344010      457.012486      130.817333      499.300373      390.831354      228.280237      615.453061
frame00440.jpg      289.564381      114.386305      456.993026      130.832047      499.303263      390.816360      228.250982      615.503141
frame00441.jpg      289.614385      114.423712      456.972056      130.843797      499.308894      390.810990      228.227626      615.562239
frame00442.jpg      289.661044      114.456878      456.953483      130.855321      499.311920      390.809258      228.211412      615.622849
frame00443.jpg      289.707567      114.493120      456.936199      130.864874      499.311962      390.807849      228.208802      615.639728
frame00444.jpg      289.749545      114.521603      456.919172      130.877058      499.309264      390.806492      228.226871      615.623469
frame00445.jpg      289.795695      114.549666      456.899325      130.891749      499.307112      390.797649      228.233997      615.647622
frame00446.jpg      289.838132      114.574156      456.880815      130.907898      499.305008      390.790689      228.242451      615.653720
frame00447.jpg      289.878066      114.587201      456.863634      130.925206      499.301893      390.787867      228.251674      615.660030
frame00448.jpg      289.908017      114.589222      456.846702      130.942961      499.297400      390.783864      228.251970      615.686326
frame00449.jpg      289.944885      114.603916      456.829751      130.959192      499.292269      390.770035      228.250941      615.701223
frame00450.jpg      289.980169      114.622207      456.813382      130.973634      499.286104      390.752091      228.245413      615.721304
frame00451.jpg      290.025486      114.645469      456.794280      130.986897      499.282882      390.740149      228.217485      615.790383
frame00452.jpg      290.059595      114.666824      456.778110      130.999332      499.281741      390.737784      228.221085      615.785574
frame00453.jpg      290.088398      114.685610      456.765108      131.014490      499.278286      390.731601      228.216580      615.783837
frame00454.jpg      290.111427      114.694796      456.753682      131.029507      499.272519      390.715167      228.199838      615.816810
frame00455.jpg      290.146359      114.718565      456.743576      131.046078      499.274023      390.703384      228.180572      615.839996
frame00456.jpg      290.191501      114.759943      456.733151      131.070312      499.278371      390.693251      228.144483      615.876212
frame00457.jpg      290.234311      114.788286      456.722770      131.096328      499.280677      390.682197      228.107587      615.929756
frame00458.jpg      290.255366      114.811648      456.717651      131.106079      499.281167      390.671696      228.110583      615.910007
frame00459.jpg      290.268956      114.831582      456.715524      131.109846      499.285981      390.664293      228.112726      615.883372
frame00460.jpg      290.281180      114.841253      456.714020      131.119994      499.290326      390.658356      228.097358      615.871541
frame00461.jpg      290.292089      114.880871      456.714225      131.135884      499.293949      390.645059      228.076166      615.857301
frame00462.jpg      290.290505      114.890914      456.715282      131.149660      499.294816      390.637421      228.064977      615.828538
frame00463.jpg      290.284886      114.905900      456.716578      131.168104      499.299476      390.620659      228.021988      615.830914
frame00464.jpg      290.276851      114.914549      456.716278      131.179859      499.302043      390.602199      227.990699      615.829688
frame00465.jpg      290.266468      114.919232      456.714363      131.180978      499.301571      390.583412      227.995087      615.810046
frame00466.jpg      290.256234      114.915746      456.715156      131.185899      499.298542      390.563599      227.970857      615.861766
frame00467.jpg      290.252868      114.924305      456.717509      131.195956      499.301629      390.550512      227.935637      615.897550
frame00468.jpg      290.235919      114.922503      456.719732      131.199863      499.298599      390.531313      227.924801      615.906440
frame00469.jpg      290.225610      114.920552      456.720681      131.201573      499.291316      390.515995      227.946915      615.870955
frame00470.jpg      290.214690      114.921377      456.721133      131.197841      499.284062      390.501743      227.971847      615.844296
frame00471.jpg      290.197663      114.916803      456.722566      131.195672      499.279169      390.482774      227.955700      615.872957
frame00472.jpg      290.186116      114.921609      456.722182      131.191425      499.274603      390.469617      227.957999      615.889835
frame00473.jpg      290.174634      114.923361      456.723749      131.191420      499.271949      390.458282      227.945966      615.904028
frame00474.jpg      290.173596      114.925980      456.728361      131.192417      499.268629      390.451416      227.933966      615.902881
frame00475.jpg      290.168223      114.924643      456.737078      131.192925      499.269284      390.449085      227.916539      615.887525
frame00476.jpg      290.150963      114.901563      456.738083      131.202812      499.258008      390.431614      227.894999      615.911717
frame00477.jpg      290.157665      114.909839      456.733303      131.202901      499.254131      390.415179      227.864391      615.971772
frame00478.jpg      290.162955      114.895310      456.735029      131.195013      499.237625      390.406885      227.852159      616.029711
frame00479.jpg      290.173321      114.894586      456.732886      131.199097      499.223988      390.404915      227.854953      616.027409
frame00480.jpg      290.176694      114.914710      456.731073      131.216031      499.214414      390.390888      227.862885      616.020200
frame00481.jpg      290.183609      114.919187      456.732865      131.217625      499.205290      390.377114      227.858031      616.038911
frame00482.jpg      290.190520      114.931426      456.733737      131.221970      499.201645      390.362094      227.835654      616.087919
frame00483.jpg      290.184365      114.927707      456.731446      131.225081      499.197918      390.345270      227.821428      616.124835
frame00484.jpg      290.232513      114.942540      456.725829      131.222248      499.201376      390.333609      227.742930      616.294538
frame00485.jpg      290.228794      114.937765      456.725380      131.214776      499.192868      390.303143      227.753783      616.308137
frame00486.jpg      290.202389      114.931872      456.725955      131.209134      499.179844      390.270603      227.769447      616.322057
frame00487.jpg      290.193043      114.921032      456.723656      131.206843      499.165725      390.239101      227.771917      616.359987
frame00488.jpg      290.196569      114.913176      456.721782      131.201671      499.158421      390.220173      227.760093      616.412684
frame00489.jpg      290.191329      114.901984      456.718099      131.192002      499.155000      390.202330      227.771997      616.441342
frame00490.jpg      290.200643      114.896174      456.715509      131.185703      499.150866      390.196805      227.794496      616.440554
frame00491.jpg      290.197130      114.883314      456.703229      131.173061      499.143599      390.188091      227.852494      616.396559
frame00492.jpg      290.203096      114.886865      456.697877      131.152813      499.133456      390.176744      227.910507      616.378136
frame00493.jpg      290.240313      114.945785      456.697107      131.150937      499.127251      390.145309      227.938676      616.350293
frame00494.jpg      290.792023      115.693755      456.544389      131.333264      499.065818      389.668792      227.824645      617.477136
frame00495.jpg      293.236666      120.030487      456.185545      131.669830      498.970413      388.832660      228.932009      616.919239
frame00496.jpg      293.139373      120.080871      456.173448      131.727259      498.918790      388.651209      228.873998      617.130033
frame00497.jpg      292.028493      120.394848      455.991932      132.056314      498.694551      387.382619      228.440723      618.432471
frame00498.jpg      291.300822      119.817642      455.879902      132.163020      498.485105      387.035397      228.437166      618.144207
frame00499.jpg      290.130861      118.923297      455.728470      132.480536      498.194710      386.232742      227.277133      619.441909
frame00500.jpg      286.795411      115.555145      455.083672      133.678102      497.255497      382.631922      223.495313      626.918610
frame00501.jpg      285.139886      114.635345      454.880134      133.961217      496.945332      381.340484      222.595284      628.791051
frame00502.jpg      285.085807      114.594677      454.872043      133.972705      496.932437      381.289933      222.599678      628.796887
frame00503.jpg      282.564054      112.026510      454.707273      134.204757      496.285660      379.367696      222.543852      629.235370
frame00504.jpg      280.967427      110.920139      454.671306      134.319938      495.821629      377.987218      222.298905      629.872894
frame00505.jpg      280.979967      110.940787      454.663640      134.325243      495.801852      377.945069      222.325809      629.895088
frame00506.jpg      284.076822      112.696776      454.464161      134.568628      495.486430      377.603431      222.939245      631.978606
frame00507.jpg      288.754582      115.935399      454.433286      134.666878      495.122040      377.357983      223.180670      634.776548
frame00508.jpg      293.553579      119.574951      454.303408      135.211082      494.793162      377.593371      223.132405      637.292484
frame00509.jpg      297.720970      123.087796      454.296239      135.448302      494.432209      377.644915      222.561942      640.403003
frame00510.jpg      298.236356      123.743187      454.224090      135.395690      494.421720      377.514558      223.022515      640.109143
frame00511.jpg      298.262549      123.791298      454.217171      135.399327      494.418641      377.493971      223.040303      640.146295
frame00512.jpg      298.282955      123.831961      454.212453      135.400905      494.422943      377.464642      223.053814      640.154065
frame00513.jpg      298.276924      123.843993      454.214361      135.407018      494.420684      377.443391      223.045029      640.176918
frame00514.jpg      298.268944      123.835413      454.218481      135.405824      494.412298      377.425971      223.045082      640.208912
frame00515.jpg      298.247913      123.817668      454.221049      135.402633      494.407348      377.417103      223.054339      640.225025
frame00516.jpg      298.223791      123.792117      454.222442      135.403353      494.400992      377.409118      223.049118      640.258758
frame00517.jpg      298.198157      123.770975      454.222853      135.401640      494.390154      377.406140      223.065021      640.280076
frame00518.jpg      298.184316      123.755366      454.224484      135.403450      494.382921      377.409016      223.048414      640.344360
frame00519.jpg      298.165927      123.745932      454.229576      135.405949      494.381510      377.419278      223.041950      640.298349
frame00520.jpg      298.173863      123.742956      454.233400      135.411891      494.376225      377.441384      223.003827      640.339033
frame00521.jpg      297.612577      123.108961      454.278021      135.405996      494.183575      377.529320      222.280268      641.480950
frame00522.jpg      297.567921      123.081679      454.279088      135.398795      494.173248      377.545989      222.255819      641.495425
frame00523.jpg      297.506794      123.057055      454.268654      135.385506      494.165428      377.559878      222.250644      641.495661
frame00524.jpg      292.613890      121.770369      453.648754      134.094421      493.598073      378.602644      225.054771      634.029219
frame00525.jpg      292.588317      121.828360      453.637653      134.088545      493.578952      378.648097      225.111485      633.868194
frame00526.jpg      291.270998      122.246754      453.488202      133.937995      493.308884      378.979302      227.276622      627.834422
frame00527.jpg      286.876004      121.447915      452.981524      133.837325      492.215405      379.830560      230.645486      615.251142
frame00528.jpg      285.086638      121.329563      453.053851      134.337003      490.963604      380.399294      230.436246      608.569832
frame00529.jpg      286.115308      123.419186      452.942648      134.171036      490.089630      381.733286      232.667531      603.266331
frame00530.jpg      285.537517      126.959250      452.045366      134.262043      489.577604      383.151469      233.626811      596.078954
frame00531.jpg      285.543933      127.024705      452.033798      134.278253      489.564730      383.165725      233.608110      596.014117
frame00532.jpg      285.605766      127.224053      452.007182      134.368321      489.522359      383.215692      233.514906      595.852233
frame00533.jpg      285.610146      127.284635      451.991896      134.394977      489.509760      383.225529      233.504750      595.802438
frame00534.jpg      286.204081      128.856257      451.817474      135.037857      489.226595      383.552575      232.860141      594.498941
frame00535.jpg      286.240677      128.902191      451.804326      135.054209      489.212911      383.577963      232.830253      594.481909
frame00536.jpg      286.250921      128.919391      451.792184      135.061527      489.193170      383.587353      232.808275      594.469581
frame00537.jpg      286.265036      128.948348      451.778829      135.069885      489.174762      383.596328      232.774197      594.472204
frame00538.jpg      286.268636      128.984488      451.765629      135.065454      489.157607      383.608119      232.758752      594.479785
frame00539.jpg      286.272906      129.015081      451.752825      135.067899      489.143936      383.616152      232.699476      594.541945
frame00540.jpg      286.270556      129.029589      451.741601      135.070986      489.128234      383.621671      232.670828      594.549378
frame00541.jpg      286.259902      129.031827      451.731316      135.081411      489.115813      383.618402      232.635258      594.567254
frame00542.jpg      286.253136      129.039972      451.723491      135.094233      489.108196      383.616319      232.597734      594.586625
frame00543.jpg      286.245764      129.055109      451.714965      135.103311      489.097721      383.593302      232.569325      594.659048
frame00544.jpg      286.245729      129.081390      451.711965      135.106302      489.093543      383.568976      232.568479      594.645010
frame00545.jpg      286.238604      129.082264      451.710369      135.103117      489.091758      383.556775      232.574361      594.642884
frame00546.jpg      286.258264      129.100012      451.710682      135.103294      489.102250      383.559454      232.553085      594.665661
frame00547.jpg      286.287405      129.124823      451.711392      135.108660      489.108775      383.555335      232.529608      594.682658
frame00548.jpg      286.316228      129.157016      451.712832      135.111430      489.108580      383.542556      232.527632      594.653444
frame00549.jpg      286.333045      129.177924      451.713463      135.114858      489.106059      383.530515      232.521240      594.644398
frame00550.jpg      286.337908      129.197164      451.713116      135.114014      489.104992      383.520745      232.528620      594.631917
frame00551.jpg      286.335305      129.215866      451.712270      135.113475      489.104305      383.504246      232.521732      594.660450
frame00552.jpg      286.331921      129.234181      451.711412      135.116355      489.104523      383.490714      232.527029      594.646514
frame00553.jpg      286.326658      129.249317      451.711309      135.119098      489.104064      383.472940      232.531770      594.628813
frame00554.jpg      286.316832      129.263127      451.712009      135.122132      489.101158      383.451175      232.536837      594.619791
frame00555.jpg      286.304188      129.271430      451.712877      135.125185      489.097840      383.426010      232.533179      594.619229
frame00556.jpg      286.303720      129.283385      451.714053      135.131938      489.094392      383.404834      232.519755      594.623282
frame00557.jpg      286.299458      129.301636      451.715997      135.137151      489.088882      383.377118      232.526130      594.594593
frame00558.jpg      286.298833      129.308144      451.719728      135.141689      489.081461      383.351225      232.532794      594.549696
frame00559.jpg      286.287606      129.312114      451.721479      135.146638      489.074543      383.323182      232.533576      594.533125
frame00560.jpg      286.284393      129.314735      451.722973      135.150578      489.070193      383.302507      232.540000      594.494628
frame00561.jpg      286.277628      129.310965      451.722381      135.155058      489.066452      383.285272      232.548353      594.477697
frame00562.jpg      286.261387      129.306157      451.722328      135.156430      489.060104      383.264473      232.558013      594.484918
frame00563.jpg      286.252103      129.302188      451.720694      135.160351      489.053945      383.244529      232.542287      594.535799
frame00564.jpg      286.247530      129.310120      451.718995      135.165674      489.048967      383.223534      232.509123      594.605269
frame00565.jpg      286.242246      129.327493      451.717569      135.175100      489.047070      383.203344      232.461093      594.674035
frame00566.jpg      286.237220      129.340167      451.716960      135.181361      489.045951      383.182298      232.419092      594.736343
frame00567.jpg      286.230571      129.353603      451.715203      135.186824      489.043936      383.160960      232.381256      594.811081
frame00568.jpg      286.221869      129.361221      451.714858      135.192625      489.040140      383.138264      232.355815      594.856629
frame00569.jpg      286.212365      129.367927      451.715138      135.199345      489.037192      383.117784      232.350917      594.848413
frame00570.jpg      286.200142      129.376261      451.715759      135.206653      489.033092      383.093317      232.333579      594.869975
frame00571.jpg      286.180867      129.376312      451.717364      135.212345      489.026103      383.064692      232.312919      594.901844
frame00572.jpg      286.163485      129.376676      451.718665      135.219462      489.020169      383.036839      232.284680      594.936440
frame00573.jpg      286.150175      129.382007      451.720043      135.224119      489.015075      383.010799      232.268490      594.947575
frame00574.jpg      286.138894      129.387282      451.721237      135.228810      489.009733      382.984146      232.256318      594.957906
frame00575.jpg      286.121345      129.385320      451.722345      135.235739      489.004661      382.957349      232.234660      594.975829
frame00576.jpg      286.105372      129.386393      451.724229      135.243678      488.999882      382.931637      232.214698      594.994860
frame00577.jpg      286.098115      129.388684      451.726635      135.251879      488.995352      382.911612      232.201194      595.001376
frame00578.jpg      286.103728      129.432621      451.727764      135.259360      488.997620      382.891901      232.182348      595.001524
frame00579.jpg      286.101203      129.421845      451.727575      135.264774      488.991182      382.875486      232.152870      595.036112
frame00580.jpg      286.095490      129.410863      451.727465      135.267121      488.984654      382.858099      232.135731      595.046116
frame00581.jpg      286.089872      129.406350      451.727917      135.267964      488.980092      382.841615      232.136169      595.036325
frame00582.jpg      286.083630      129.414753      451.728457      135.270805      488.977050      382.819464      232.130154      595.036560
