frame ulx uly urx ury lrx lry llx lly
frame00001.jpg      328.049988      215.039993      543.039978      214.960007      543.000000      441.000000      328.029999      440.959991
frame00002.jpg      328.752328      214.082524      543.610994      213.273062      543.667012      438.759755      329.275955      439.522510
frame00003.jpg      329.723412      214.549027      543.890682      212.776265      544.536325      438.678857      330.325843      440.137163
frame00004.jpg      329.914779      215.004483      543.979522      213.351715      544.536590      438.649314      330.576282      440.135555
frame00005.jpg      329.189176      215.039685      543.031802      213.176642      543.331019      438.109125      329.836230      440.483012
frame00006.jpg      328.096378      217.350625      541.259852      214.839190      541.898882      439.185130      328.666562      442.014759
frame00007.jpg      327.853857      219.500556      540.192838      216.545554      541.315974      441.058137      328.483442      443.949627
frame00008.jpg      326.467882      216.894290      540.249117      217.128830      540.601430      443.852189      328.992687      446.753962
frame00009.jpg      323.916415      215.891501      541.567889      215.025341      538.952027      445.116801      328.904354      447.818375
frame00010.jpg      320.993044      211.828897      543.557597      211.091746      536.007087      446.307152      328.022316      449.311665
frame00011.jpg      318.075748      208.523843      544.498124      209.278746      534.227984      445.796996      328.185169      449.948719
frame00012.jpg      317.306275      208.375027      543.682461      208.818849      533.051052      444.343320      327.987035      450.155765
frame00013.jpg      318.152243      212.389309      542.089559      208.012042      533.764238      443.157224      328.738849      450.254927
frame00014.jpg      317.441159      212.366784      541.282020      207.822451      532.702717      441.262570      328.807272      450.053691
frame00015.jpg      318.190268      215.167186      537.818929      208.904799      531.214477      438.623628      327.438943      448.964314
frame00016.jpg      318.922385      218.305729      534.045330      211.142607      530.191205      434.739739      325.727168      446.280578
frame00017.jpg      319.423529      224.710550      526.287945      216.247398      531.254742      432.814070      324.274213      445.010838
frame00018.jpg      318.388598      225.590697      525.105055      216.584565      530.440903      433.451544      323.627934      445.860287
frame00019.jpg      318.332490      225.664360      524.923898      217.252554      530.172926      433.500135      323.639434      445.552283
frame00020.jpg      318.803327      225.308446      525.313420      216.536239      531.011474      432.482564      324.562379      444.871797
frame00021.jpg      319.392606      225.633815      525.716265      216.226605      531.036226      432.315127      325.059020      445.662193
frame00022.jpg      318.911370      225.674830      525.249607      216.234981      530.840778      431.441800      325.051501      445.135210
frame00023.jpg      319.402658      225.022918      525.665581      215.103363      531.716791      430.715642      326.255267      445.175894
frame00024.jpg      320.129738      225.884626      526.373583      215.365884      532.312247      430.616317      326.738242      445.441526
frame00025.jpg      320.283899      225.742177      526.453209      215.128937      532.582922      430.097156      327.203406      445.317334
frame00026.jpg      320.609426      224.940802      526.615530      213.700398      533.157815      428.227725      328.025665      444.064654
frame00027.jpg      319.983182      224.525283      526.045267      212.500275      532.432667      426.405787      327.648651      443.517347
frame00028.jpg      318.839177      224.143197      524.447230      211.494976      531.176246      425.738084      326.543046      443.773242
frame00029.jpg      317.175358      225.149162      522.818811      212.151320      529.847981      425.707473      325.622893      444.301053
frame00030.jpg      317.049548      224.382560      521.961796      210.973892      529.337828      424.094468      325.258933      443.051399
frame00031.jpg      316.462592      223.810203      521.005355      210.091244      528.480387      422.513053      324.871863      442.420942
frame00032.jpg      315.416758      222.943455      520.106874      208.642024      528.125821      420.257833      325.253953      441.121106
frame00033.jpg      315.264476      222.696941      519.562773      207.004622      528.152204      419.116053      325.465815      441.022203
frame00034.jpg      315.249056      222.578092      519.228752      206.443140      528.494073      417.968401      326.181720      440.853479
frame00035.jpg      316.191663      222.933006      520.212657      206.023077      529.944380      417.659510      327.938595      440.914364
frame00036.jpg      317.709386      223.139432      521.336238      205.866959      531.181482      417.367732      329.349733      440.649960
frame00037.jpg      318.818838      222.900703      522.374162      205.713281      531.924244      417.065273      330.360419      440.549401
frame00038.jpg      319.776571      223.352262      522.967422      205.901771      532.385361      416.586366      331.060733      440.528476
frame00039.jpg      319.777241      223.371821      522.762940      205.410638      532.200385      415.776434      331.327356      440.533103
frame00040.jpg      319.209162      222.387837      521.918334      204.128093      531.718448      413.405172      330.943903      439.409480
frame00041.jpg      317.541969      221.937844      520.796187      202.714416      530.811226      411.815285      330.203736      438.812677
frame00042.jpg      315.968779      220.783483      519.032349      200.334924      529.359700      410.025477      328.718832      438.030687
frame00043.jpg      313.518843      220.962936      516.934636      199.503858      527.925303      408.764618      327.538072      438.349395
frame00044.jpg      312.354609      221.111732      515.472731      198.304226      527.299660      407.962215      327.000482      438.775392
frame00045.jpg      311.543047      220.654105      514.716026      196.323145      527.529790      405.354996      327.503631      437.675811
frame00046.jpg      311.055663      220.140003      514.045656      193.868963      527.719257      403.167626      327.772776      437.414370
frame00047.jpg      310.242973      219.770458      513.587593      192.233013      528.104751      400.991503      328.407022      436.436775
frame00048.jpg      310.442163      218.089866      513.690094      190.097163      528.638144      398.705106      329.222643      434.924206
frame00049.jpg      310.562909      217.636252      514.052639      188.216243      528.881937      397.090786      329.672887      434.661162
frame00050.jpg      309.920315      217.595486      513.220978      187.644928      528.265376      396.331815      329.150090      434.487932
frame00051.jpg      309.238862      217.468983      512.593606      186.738909      528.088494      395.309532      329.161770      434.286845
frame00052.jpg      308.494630      217.394979      511.762587      185.326637      527.790718      393.842428      328.908770      434.251356
frame00053.jpg      307.160145      217.163169      510.731401      183.354737      527.740309      391.699057      329.131108      433.862747
frame00054.jpg      306.224208      218.013439      509.875559      182.260897      527.591404      390.794181      329.069198      434.997209
frame00055.jpg      304.643509      217.653721      508.610107      180.358384      527.485241      388.202715      329.252907      434.369613
frame00056.jpg      304.344593      217.235525      507.913678      177.208621      528.322918      385.383918      330.100893      433.816758
frame00057.jpg      303.252795      216.990974      507.351081      174.853981      528.470729      382.883992      330.746318      433.578439
frame00058.jpg      302.631174      217.265595      506.489339      173.619022      527.988532      381.413971      330.176600      433.591442
frame00059.jpg      300.579368      216.197740      504.948787      170.920934      527.364682      378.642771      330.055262      432.569025
frame00060.jpg      300.234394      215.652394      504.262113      168.763226      527.674613      376.484391      330.403069      431.764380
frame00061.jpg      298.650917      216.119745      503.260788      167.774808      526.806450      375.454651      329.969623      432.570688
frame00062.jpg      297.769697      216.627037      501.775932      166.736388      526.457118      374.093391      329.876384      432.814832
frame00063.jpg      296.940194      217.658252      501.324947      166.081441      526.580689      373.473898      330.341062      433.938656
frame00064.jpg      296.278407      218.231782      501.121912      165.086611      526.717649      372.038446      330.453212      433.703083
frame00065.jpg      295.085788      217.069486      500.538565      162.439907      526.570871      369.832206      330.314606      433.184045
frame00066.jpg      294.856716      217.339004      500.246430      161.180413      527.162322      368.394504      331.037473      432.970873
frame00067.jpg      295.070380      216.423656      500.847140      159.229658      527.936241      366.434124      332.009171      431.809516
frame00068.jpg      295.073390      215.053380      501.238373      156.496432      528.582779      363.670034      332.978489      430.521022
frame00069.jpg      295.071070      214.879127      501.185815      154.859705      528.676899      361.651517      333.449991      430.318522
frame00070.jpg      294.358931      214.723250      500.653632      153.689946      528.245815      359.813852      333.520013      429.497663
frame00071.jpg      293.976250      212.290247      500.105316      150.153648      527.887699      356.554738      333.595784      427.407891
frame00072.jpg      293.611300      211.417979      499.706447      148.154306      527.830536      353.815814      334.125427      425.591180
frame00073.jpg      293.213764      209.379995      499.578962      145.348953      527.713150      351.229516      333.994154      424.057758
frame00074.jpg      292.113247      208.060329      499.068266      143.507259      527.198514      349.389736      333.485809      422.719195
frame00075.jpg      291.869145      207.112252      498.688773      141.531117      526.745699      348.006430      333.002462      422.476569
frame00076.jpg      290.364362      206.967561      497.720789      141.310771      525.717430      347.210507      331.962845      422.268356
frame00077.jpg      289.260784      205.877125      496.680343      139.234985      524.870195      345.875007      331.185464      421.388126
frame00078.jpg      288.928608      205.675380      496.428863      138.999996      524.285049      345.618226      330.873249      421.205814
frame00079.jpg      289.936592      206.388876      496.753405      140.730044      523.057681      347.598780      330.025229      421.962938
frame00080.jpg      290.870318      206.317520      497.346481      143.985540      521.646027      349.923173      329.561517      421.920577
frame00081.jpg      293.347734      206.788181      498.854572      146.896100      520.977297      351.873725      330.087815      421.834431
frame00082.jpg      296.131857      206.960708      500.158130      149.685942      520.134406      353.149531      330.372889      421.635229
frame00083.jpg      296.652852      208.516373      500.188565      153.010953      518.254499      354.567934      329.815383      422.406864
frame00084.jpg      297.487246      208.399685      498.817446      153.424141      516.665389      353.798330      328.991919      421.119844
frame00085.jpg      297.758507      206.792075      497.392075      153.040356      514.869546      352.474073      328.187704      419.415022
frame00086.jpg      298.671082      204.869715      496.349566      153.004510      512.347889      350.615327      327.502537      416.817780
frame00087.jpg      299.195503      201.893831      495.517241      153.038143      510.094260      349.222172      326.400600      414.133527
frame00088.jpg      300.192188      198.357186      495.231568      152.505591      508.838650      347.922354      326.273920      411.037968
frame00089.jpg      301.361606      196.092028      495.386119      152.174261      507.905010      347.006979      326.055452      408.768634
frame00090.jpg      302.466996      193.839914      495.403587      151.618582      506.480860      345.944877      325.654057      406.215791
frame00091.jpg      303.216245      191.627449      495.341089      150.923480      505.681285      344.434765      325.510126      403.649114
frame00092.jpg      303.534563      189.475793      495.554731      149.839935      505.521360      343.304008      325.640893      402.314267
frame00093.jpg      304.394015      188.324427      495.978673      149.688266      504.956829      343.195707      325.085627      400.577939
frame00094.jpg      304.231854      185.721141      495.908981      148.812908      503.456703      342.273888      323.590396      398.924247
frame00095.jpg      303.977701      183.949477      495.777732      148.154235      502.997750      341.815256      323.266310      397.633458
frame00096.jpg      305.140643      183.593336      496.319135      147.924925      503.219698      342.155662      324.140653      397.442042
frame00097.jpg      303.860456      181.207107      497.095813      147.248891      504.693687      343.276455      326.068078      396.696029
frame00098.jpg      305.193761      180.726337      496.770601      146.942789      504.603368      343.464746      328.041845      397.439246
frame00099.jpg      306.802312      179.026384      496.042677      146.728374      504.579976      343.665643      330.774454      397.231412
frame00100.jpg      306.688010      175.762215      495.335723      146.697426      504.395343      343.613225      332.941615      397.253552
frame00101.jpg      306.521106      174.738561      495.006669      146.420321      504.120194      343.547718      334.103899      398.212331
frame00102.jpg      305.485302      172.703477      494.629767      146.130553      503.832028      343.419932      335.469535      397.848432
frame00103.jpg      304.868651      170.523031      494.216554      145.611708      503.500278      343.469920      337.092443      397.953261
frame00104.jpg      301.796213      166.811427      493.200984      144.321390      503.154207      342.939730      339.041211      398.978227
frame00105.jpg      302.989670      166.562764      492.607516      143.809387      503.027073      342.925209      340.725605      400.400060
frame00106.jpg      304.322358      166.154738      491.960649      142.623029      502.760805      343.701177      342.493275      402.620397
frame00107.jpg      307.050071      166.026509      491.122205      142.925781      502.656261      344.280074      344.235625      403.106692
frame00108.jpg      317.875040      166.064278      489.648021      145.602771      501.807429      346.611608      345.602208      406.717707
frame00109.jpg      332.492094      166.611505      489.700298      149.918295      500.637450      348.216445      345.905645      409.202420
frame00110.jpg      353.773461      168.014527      487.573448      157.289229      499.458788      350.605825      343.331724      415.278868
frame00111.jpg      370.294344      168.841901      485.890464      163.325186      498.758881      352.840277      340.648122      420.469190
frame00112.jpg      383.254127      169.466738      485.884014      169.491677      498.062539      353.984152      334.315989      424.841245
frame00113.jpg      390.895429      168.564430      485.151560      175.314365      497.257415      355.194837      326.291183      430.723708
frame00114.jpg      399.000389      169.596686      483.387339      179.610145      495.792584      356.443145      318.275171      437.910851
frame00115.jpg      404.039754      170.249862      482.696417      181.991405      494.861953      356.112296      313.073419      437.804716
frame00116.jpg      406.519459      168.242907      480.229929      182.947605      493.353782      356.597365      308.226161      441.857632
frame00117.jpg      409.730139      166.279535      476.849733      184.186687      489.603493      355.878550      303.113264      448.172931
frame00118.jpg      409.739521      166.262669      476.811053      184.186540      489.585919      355.899966      303.107427      448.175340
frame00119.jpg      409.752882      166.245199      476.772823      184.190272      489.571642      355.923765      303.059460      448.244669
frame00120.jpg      409.790232      166.262109      476.738994      184.185331      489.554742      355.935821      303.021915      448.300260
frame00121.jpg      409.832805      166.267363      476.727665      184.187330      489.525613      355.954267      302.967353      448.339820
frame00122.jpg      411.401036      166.231192      475.833608      184.569274      488.131287      356.229505      300.186581      451.253472
frame00123.jpg      411.440985      166.221367      475.822107      184.580771      488.095152      356.224822      300.125852      451.301082
frame00124.jpg      411.471438      166.206712      475.805663      184.588009      488.078266      356.246246      300.064368      451.354533
frame00125.jpg      411.739992      166.044033      475.687351      184.637495      487.759868      356.187942      299.510589      451.956406
frame00126.jpg      411.768462      166.031542      475.675258      184.643410      487.740984      356.206178      299.449094      451.985934
frame00127.jpg      411.895961      165.832529      475.588706      184.690365      487.523817      356.123586      298.869487      452.433094
frame00128.jpg      412.047621      165.300084      475.385149      184.788438      487.163156      356.180974      297.489391      453.279180
frame00129.jpg      412.681369      164.578712      474.999016      184.889110      486.801067      356.964538      294.800521      454.525739
frame00130.jpg      412.703993      164.548715      474.990227      184.888158      486.782830      356.984817      294.742155      454.544559
frame00131.jpg      412.736679      164.531607      474.981437      184.896370      486.762973      356.988424      294.668392      454.586663
frame00132.jpg      413.156840      164.309150      474.853645      185.145840      486.387658      356.841278      293.566518      455.319696
frame00133.jpg      416.904409      166.508411      473.616252      187.842182      486.464317      358.295058      286.629000      457.177969
frame00134.jpg      416.930552      166.493725      473.604213      187.819437      486.434146      358.302208      286.673582      457.106352
frame00135.jpg      416.918608      166.019254      473.584726      187.609272      486.271512      358.489634      286.819938      456.957220
frame00136.jpg      416.936050      165.878890      473.568502      187.563145      486.219922      358.511778      286.632055      457.154846
frame00137.jpg      416.930310      165.833971      473.568319      187.537853      486.220706      358.519334      286.645985      457.092743
frame00138.jpg      416.970493      165.659274      473.576385      187.494457      486.164762      358.519701      286.265523      457.338914
frame00139.jpg      417.040447      165.604615      473.574228      187.403382      486.200111      358.716933      286.573452      456.568760
frame00140.jpg      417.751584      166.700988      473.445200      187.456691      486.719481      359.468441      285.967703      454.667616
frame00141.jpg      417.916937      166.963987      473.393325      187.454296      486.841536      359.654679      285.609681      454.745270
frame00142.jpg      419.313737      169.427515      472.573170      187.651272      487.975622      360.193980      280.761370      459.319794
frame00143.jpg      420.843178      172.178704      471.267944      187.757243      489.928302      360.752813      275.181869      463.707040
frame00144.jpg      421.560197      173.562055      470.620526      187.575468      491.138177      361.445918      271.876820      466.332461
frame00145.jpg      421.920594      174.488003      470.210842      187.433534      492.047386      361.531110      269.889170      468.041657
frame00146.jpg      422.662799      176.130608      469.282185      187.124903      493.985565      360.843037      263.736098      474.553788
frame00147.jpg      422.670805      176.161009      469.262647      187.116081      494.046730      360.884834      263.707283      474.549186
frame00148.jpg      423.524041      177.136074      468.215230      187.484770      495.246940      360.394085      254.814131      483.749868
frame00149.jpg      424.776666      178.328748      467.006549      188.054199      497.959780      363.230430      245.382242      491.051606
frame00150.jpg      426.369500      179.601793      466.082621      188.860847      499.682382      363.444604      234.700099      497.171920
frame00151.jpg      428.170064      181.109102      465.047059      190.277389      501.579406      362.477827      209.881093      518.851465
frame00152.jpg      430.109432      182.660768      465.078972      189.980049      502.188862      357.817394      181.539331      547.920702
frame00153.jpg      430.662269      184.359422      464.749569      188.810521      505.539567      352.811132      151.602369      584.218488
frame00154.jpg      430.447037      184.566423      464.580042      188.154843      507.968113      352.828460      143.187899      591.733255
frame00155.jpg      430.447654      184.565199      464.579537      188.154622      507.961874      352.833090      143.124047      591.782885
frame00156.jpg      430.481826      184.510535      464.554133      188.117767      507.994600      352.752489      140.953080      594.750087
frame00157.jpg      430.911462      184.397326      464.615149      188.006047      507.940604      353.259955      137.900723      598.411056
frame00158.jpg      430.912970      184.396711      464.615313      188.006047      507.945797      353.265233      137.872288      598.467462
frame00159.jpg      430.915090      184.394738      464.614394      188.006108      507.938311      353.281844      137.647093      598.715626
frame00160.jpg      430.912518      184.390980      464.609103      188.005775      507.936445      353.285254      137.598130      598.773309
frame00161.jpg      430.909514      184.387923      464.604746      188.005573      507.935059      353.288587      137.577791      598.786717
frame00162.jpg      430.900209      184.382831      464.594653      188.005436      507.939941      353.284349      137.577505      598.813613
frame00163.jpg      430.895847      184.380288      464.590218      188.005701      507.940368      353.284578      137.534445      598.871138
frame00164.jpg      430.895051      184.379656      464.589207      188.005745      507.937178      353.285589      137.489048      598.914875
frame00165.jpg      430.894954      184.379021      464.588779      188.006033      507.928095      353.276835      137.417836      598.976390
frame00166.jpg      430.895006      184.378969      464.588799      188.006105      507.925701      353.275466      137.392855      598.999984
frame00167.jpg      430.895471      184.378560      464.588941      188.006473      507.919268      353.275950      137.347362      599.022782
frame00168.jpg      430.855614      184.348797      464.546874      188.018342      507.974149      353.132702      136.068743      600.708339
frame00169.jpg      430.855095      184.348167      464.546017      188.018368      507.975064      353.132871      136.039444      600.749577
frame00170.jpg      430.855045      184.347319      464.545460      188.017894      507.971854      353.130477      136.016791      600.776184
frame00171.jpg      430.853452      184.334365      464.541382      188.008561      507.958288      353.122039      135.977289      600.862069
frame00172.jpg      430.808088      184.303042      464.497671      187.943237      508.060553      353.205267      138.174882      598.406673
frame00173.jpg      430.800271      184.258785      464.486782      187.928169      508.022962      353.196632      138.075150      598.589673
frame00174.jpg      430.226937      182.441201      464.606128      186.269362      507.945581      352.828651      147.753848      588.319644
frame00175.jpg      430.218985      182.300719      464.592659      186.202585      507.921669      352.861797      147.473920      588.683395
frame00176.jpg      430.218235      182.234742      464.579231      186.171276      507.883459      352.881001      147.531721      588.786207
frame00177.jpg      430.208774      182.163256      464.564288      186.137661      507.834667      352.884266      147.594800      588.937661
frame00178.jpg      430.206403      182.137707      464.558889      186.124468      507.810187      352.881163      147.631427      588.993783
frame00179.jpg      430.017724      180.550872      464.537544      185.145734      507.317113      353.185648      151.588970      585.674868
frame00180.jpg      429.935376      180.106996      464.521996      184.846455      507.246333      353.238802      152.144138      585.794951
frame00181.jpg      429.200410      177.145395      464.258407      182.223159      506.497424      353.271480      164.948560      580.703806
frame00182.jpg      428.811880      172.962023      463.810464      179.270823      504.016617      353.291517      173.558675      580.052575
frame00183.jpg      427.737635      167.603321      463.316013      175.514848      501.412988      352.597136      187.178153      577.192991
frame00184.jpg      427.216710      164.751538      463.078107      173.406663      500.143744      352.510114      196.546989      572.186788
frame00185.jpg      426.198832      159.570024      462.648810      168.880052      498.924625      352.338006      215.323029      561.214335
frame00186.jpg      425.539770      155.337274      462.410079      165.734200      497.683914      352.719316      228.082690      552.419160
frame00187.jpg      425.194726      152.521355      462.260845      163.533952      496.600740      352.706791      236.125083      547.361359
frame00188.jpg      424.471584      145.433545      462.048167      158.692595      494.378319      352.637760      251.208384      539.595086
frame00189.jpg      424.071952      137.985799      461.640650      153.822109      491.275769      352.797272      267.920195      527.985911
frame00190.jpg      422.951827      127.039693      461.398713      148.033548      487.576670      350.338984      277.309461      528.135678
frame00191.jpg      421.314999      113.973145      460.176132      141.244532      483.842599      348.751092      291.174110      529.214901
frame00192.jpg      417.734427       96.311283      459.567248      132.542753      481.617072      346.673752      303.665752      524.935299
frame00193.jpg      411.116572       70.374969      459.351324      120.411121      480.701957      344.212765      316.064992      517.328010
frame00194.jpg      401.853048       32.239281      458.719286      105.860441      479.111404      341.676925      328.694456      510.393869
frame00195.jpg      387.278832      -28.527838      458.019839       86.614974      478.059393      339.411391      343.078071      500.822285
frame00196.jpg      380.996164      -55.527321      457.609818       79.625477      477.539781      338.746849      347.395830      497.908900
frame00197.jpg      376.852162      -72.966203      457.479703       74.968604      477.408457      338.561974      349.773659      495.907994
frame00198.jpg      368.835226     -106.569910      457.398982       67.263006      477.200407      337.928638      353.317528      491.966821
frame00199.jpg      353.683534     -170.168792      457.569477       54.185179      477.046560      337.179221      357.255500      486.809352
frame00200.jpg      344.454793     -210.932042      457.831603       46.617923      476.912889      336.895674      358.781982      484.208149
frame00201.jpg      344.450166     -210.964797      457.830714       46.612250      476.913863      336.899117      358.787420      484.202020
frame00202.jpg      339.063406     -238.232814      457.908604       41.749917      476.782137      337.176495      359.824612      482.650723
frame00203.jpg      335.680421     -254.142405      457.819802       39.099288      476.724772      337.136948      360.742810      481.812182
frame00204.jpg      334.814450     -258.858385      457.798418       38.459002      476.665449      337.104826      360.878013      481.735125
frame00205.jpg      334.811207     -258.882362      457.797695       38.452684      476.665062      337.100072      360.883456      481.723161
frame00206.jpg      334.357744     -261.970988      457.804046       37.936015      476.620517      337.117446      361.011341      481.536960
frame00207.jpg      327.765890     -299.649816      457.398349       32.683438      475.763719      337.359451      362.647123      480.272397
frame00208.jpg      322.400525     -327.500502      457.161662       28.515682      475.384667      337.416534      363.956328      479.375805
frame00209.jpg      316.893770     -357.189169      457.226801       23.175574      475.164180      337.309249      365.123391      478.766272
frame00210.jpg      316.848339     -357.671074      457.219607       23.027439      475.164279      337.297576      365.199996      478.742996
frame00211.jpg      315.854035     -363.390362      457.242792       22.327824      475.144320      337.270303      365.260162      478.744987
frame00212.jpg      315.850695     -363.416531      457.242190       22.321591      475.144017      337.273023      365.258050      478.744482
frame00213.jpg      315.843146     -363.464681      457.240890       22.311103      475.143939      337.275636      365.260250      478.739044
frame00214.jpg      315.836974     -363.530065      457.238410       22.289976      475.144737      337.282539      365.274374      478.728224
frame00215.jpg      315.824471     -363.621776      457.234958       22.263055      475.145022      337.289089      365.288693      478.719634
frame00216.jpg      315.796390     -363.784758      457.229316       22.222202      475.145388      337.298679      365.308935      478.709270
frame00217.jpg      315.792667     -363.806643      457.228483       22.216374      475.145473      337.300571      365.311897      478.708054
frame00218.jpg      315.786679     -363.836957      457.227381       22.209054      475.145728      337.302472      365.317249      478.704218
frame00219.jpg      315.782927     -363.857901      457.226466       22.203712      475.145652      337.304870      365.318392      478.708470
frame00220.jpg      315.777316     -363.885679      457.225624       22.197981      475.145407      337.306172      365.319246      478.707763
frame00221.jpg      315.773094     -363.907928      457.224782       22.192864      475.145296      337.307980      365.319898      478.709853
frame00222.jpg      315.769145     -363.929902      457.223878       22.187471      475.145268      337.310471      365.320890      478.715559
frame00223.jpg      315.766147     -363.950113      457.222855       22.181318      475.145285      337.313456      365.322259      478.725236
frame00224.jpg      315.762554     -363.971797      457.221984       22.175992      475.145181      337.315640      365.322728      478.733218
frame00225.jpg      315.757968     -363.998319      457.220779       22.169050      475.145222      337.318609      365.324571      478.744228
frame00226.jpg      315.752731     -364.024336      457.219785       22.163109      475.145784      337.319805      365.331197      478.735609
frame00227.jpg      315.749732     -364.043857      457.219078       22.158213      475.145640      337.321807      365.332057      478.739783
frame00228.jpg      315.747161     -364.055918      457.218795       22.156107      475.145713      337.321179      365.333628      478.736128
frame00229.jpg      315.729523     -364.148595      457.215848       22.138476      475.144845      337.323803      365.335758      478.745342
frame00230.jpg      315.726905     -364.161510      457.215448       22.136472      475.144563      337.323875      365.334784      478.749729
frame00231.jpg      315.712400     -364.238222      457.213659       22.122843      475.144808      337.322579      365.342861      478.740780
frame00232.jpg      315.697642     -364.314925      457.211651       22.103979      475.146178      337.324095      365.363286      478.696388
frame00233.jpg      315.695594     -364.324883      457.211399       22.101766      475.146484      337.324376      365.366704      478.685634
frame00234.jpg      313.531857     -374.636958      457.180220       20.863970      475.097764      337.284567      365.691945      478.366607
frame00235.jpg      313.508602     -374.748772      457.176313       20.841539      475.098967      337.287229      365.707227      478.351306
frame00236.jpg      313.455806     -375.002339      457.167445       20.788254      475.100245      337.295302      365.734854      478.358656
frame00237.jpg      313.452844     -375.017058      457.166918       20.785953      475.099813      337.295180      365.732945      478.367816
frame00238.jpg      313.438104     -375.104952      457.164223       20.762377      475.100776      337.300424      365.751042      478.336215
frame00239.jpg      313.412679     -375.238854      457.161776       20.744027      475.099940      337.304686      365.750077      478.320864
frame00240.jpg      313.395437     -375.334626      457.158931       20.726631      475.100016      337.310561      365.754235      478.321552
frame00241.jpg      313.393349     -375.345492      457.158578       20.724632      475.099901      337.311535      365.753682      478.322764
frame00242.jpg      313.375524     -375.439450      457.155933       20.704298      475.099649      337.316575      365.758479      478.309424
frame00243.jpg      313.231028     -376.231308      457.142153       20.569994      475.099581      337.336083      365.812143      478.287249
frame00244.jpg      313.219625     -376.309524      457.140375       20.555401      475.100158      337.342183      365.818403      478.267135
frame00245.jpg      313.193699     -376.433150      457.137489       20.536015      475.100627      337.340173      365.830121      478.251193
frame00246.jpg      313.176972     -376.523827      457.135545       20.521528      475.100551      337.343126      365.834449      478.225989
frame00247.jpg      313.163134     -376.603975      457.133424       20.505841      475.099656      337.343268      365.834103      478.223991
frame00248.jpg      313.152972     -376.684316      457.130329       20.484739      475.100113      337.353554      365.842581      478.220944
frame00249.jpg      313.144986     -376.749602      457.128221       20.468690      475.100053      337.359130      365.847146      478.222120
frame00250.jpg      313.135814     -376.822431      457.125900       20.452064      475.101625      337.369103      365.861149      478.203129
frame00251.jpg      313.128034     -376.890123      457.123721       20.436884      475.101290      337.380407      365.860891      478.207823
frame00252.jpg      313.118509     -376.946657      457.122732       20.429427      475.100249      337.386480      365.855805      478.210148
frame00253.jpg      313.104185     -377.015434      457.121757       20.420700      475.098359      337.386784      365.847524      478.201955
frame00254.jpg      313.091880     -377.088516      457.119073       20.400854      475.097391      337.388813      365.849476      478.198458
frame00255.jpg      313.082780     -377.154039      457.116996       20.385433      475.096565      337.394164      365.848516      478.195942
frame00256.jpg      313.065542     -377.247118      457.114815       20.371165      475.094621      337.395685      365.842300      478.194511
frame00257.jpg      313.055106     -377.318565      457.112182       20.354394      475.093948      337.402126      365.843537      478.201590
frame00258.jpg      313.043909     -377.399732      457.108930       20.333596      475.092876      337.409807      365.846067      478.212562
frame00259.jpg      313.028778     -377.488207      457.106119       20.314524      475.092030      337.410942      365.850220      478.199873
frame00260.jpg      313.016845     -377.572520      457.102956       20.292135      475.090608      337.413353      365.854177      478.191788
frame00261.jpg      313.014765     -377.583862      457.102520       20.289445      475.090369      337.413112      365.853894      478.194611
frame00262.jpg      312.976191     -377.818038      457.094166       20.241432      475.087126      337.434923      365.851167      478.217941
frame00263.jpg      312.974127     -377.830127      457.093771       20.239022      475.086841      337.435376      365.850201      478.219972
frame00264.jpg      312.970728     -377.846404      457.093462       20.236714      475.086557      337.434592      365.849685      478.215410
frame00265.jpg      312.967380     -377.867824      457.092868       20.232424      475.086111      337.435554      365.847975      478.218532
frame00266.jpg      312.963554     -377.892829      457.092434       20.227678      475.085937      337.435827      365.849468      478.208684
frame00267.jpg      312.962079     -377.908035      457.091878       20.223137      475.085744      337.437817      365.850024      478.210691
frame00268.jpg      312.959857     -377.925973      457.091358       20.218415      475.085575      337.439448      365.851190      478.207090
frame00269.jpg      312.956845     -377.948333      457.090567       20.212223      475.085679      337.441494      365.854989      478.202524
frame00270.jpg      310.402061     -390.718082      456.925629       17.612263      475.019403      337.749570      366.361912      478.093327
frame00271.jpg      306.973064     -407.630590      456.729162       14.157224      474.914771      337.860950      367.003662      477.990875
frame00272.jpg      292.849742     -478.253839      456.312021        2.225856      474.583162      337.937512      369.198644      476.629561
frame00273.jpg      292.796669     -478.696147      456.304313        2.131612      474.583174      337.978137      369.223280      476.613605
frame00274.jpg      274.832651     -568.923744      456.245153      -13.669353      474.532065      338.538124      371.927091      473.592151
frame00275.jpg      215.179896     -871.220953      455.586082      -50.177565      474.098583      340.026707      377.574550      467.055617
frame00276.jpg       84.636616    -1533.414575      455.655844      -87.555834      473.781934      340.913968      381.382049      463.504107
frame00277.jpg     -416.644279    -4038.117983      455.200581     -139.587559      473.605425      341.850878      384.626986      458.690505
frame00278.jpg     2126.963326     8703.362747      455.528280     -214.321622      473.175388      341.459318      388.222395      453.552937
frame00279.jpg     1196.570394     4090.873055      456.122225     -265.350006      473.015253      342.104751      390.136493      451.668052
frame00280.jpg      812.362309     2170.984498      456.879674     -366.696591      472.483464      342.193758      392.473470      449.386347
frame00281.jpg      658.712645     1394.750262      458.941485     -561.888620      471.694716      341.351664      395.138716      447.143724
frame00282.jpg      588.519357     1019.982936      459.265069    -1050.855215      471.632139      341.210669      399.463548      444.793632
frame00283.jpg      553.772872      819.833965      456.441466    -3678.622884      471.713128      340.212982      404.035467      438.168141
frame00284.jpg      547.622515      785.743658      452.311342    -8445.646329      471.708305      340.271659      405.143065      435.545270
frame00285.jpg      547.197144      783.546468      451.391197    -9336.284195      471.710042      340.325105      405.251978      435.265036
frame00286.jpg      542.182726      755.131063      590.549031   151382.578108      471.679613      340.090689      406.312584      433.074568
frame00287.jpg      534.811103      715.610482      467.651424     4921.165849      471.752156      340.617188      408.453757      431.086735
frame00288.jpg      526.874597      669.448384      465.607359     2316.011628      471.975040      340.716630      411.111840      427.602638
frame00289.jpg      526.874265      669.446903      465.607354     2315.965396      471.975034      340.716649      411.111991      427.602213
frame00290.jpg      524.443998      656.314841      465.771410     1979.382705      472.042519      341.029044      412.085789      426.973061
frame00291.jpg      524.361811      655.970338      465.838196     1971.555953      472.043654      341.066670      412.136395      426.967018
frame00292.jpg      524.361535      655.969151      465.838408     1971.521313      472.043689      341.066936      412.136632      426.966339
frame00293.jpg      520.429501      633.717609      466.544256     1618.553187      472.146129      340.925115      413.806031      426.606065
frame00294.jpg      517.088096      615.282369      466.996691     1386.679169      472.215991      340.885985      415.553372      425.516702
frame00295.jpg      514.257893      600.065016      467.583161     1236.469801      472.276371      341.007706      417.332223      424.551771
frame00296.jpg      514.257023      600.059714      467.584086     1236.414455      472.276493      341.007865      417.333670      424.549677
frame00297.jpg      510.902820      582.459466      466.975168     1068.231092      472.210610      341.865001      418.925159      421.801876
frame00298.jpg      510.871834      582.291683      466.989815     1067.016009      472.202842      341.866343      418.935776      421.776116
frame00299.jpg      510.868837      582.281313      466.991953     1066.932256      472.202182      341.868159      418.936125      421.776722
frame00300.jpg      510.020940      579.483340      466.742774     1049.746951      472.074018      341.836200      419.118723      421.755564
frame00301.jpg      509.182865      574.640615      466.525415     1018.463712      472.056178      341.817182      419.333720      421.131230
frame00302.jpg      509.181116      574.631187      466.527637     1018.410193      472.056817      341.818072      419.335586      421.124499
frame00303.jpg      508.012766      569.131483      465.778671      982.842957      472.043878      341.811436      419.491197      420.503916
frame00304.jpg      508.011367      569.125653      465.779641      982.808315      472.043491      341.812722      419.490055      420.502981
frame00305.jpg      508.009202      569.116440      465.782241      982.745322      472.043524      341.811937      419.493911      420.501135
frame00306.jpg      508.007267      569.107205      465.784504      982.695137      472.043308      341.810465      419.495570      420.503146
frame00307.jpg      508.004975      569.098830      465.787446      982.622352      472.044445      341.810365      419.501783      420.497090
frame00308.jpg      507.328593      567.175761      465.471469      967.669864      472.005806      341.967277      419.756125      420.308906
frame00309.jpg      507.301477      567.106636      465.474221      967.117628      472.003683      341.983919      419.766308      420.280889
frame00310.jpg      506.774975      565.512536      465.390861      954.467140      471.965415      342.124209      420.043139      420.068530
frame00311.jpg      506.774512      565.511233      465.391311      954.452704      471.965504      342.126066      420.043483      420.067067
frame00312.jpg      506.774089      565.508791      465.391895      954.434142      471.965748      342.126637      420.044246      420.063755
frame00313.jpg      505.969804      563.735330      465.539335      932.757588      471.960327      342.615456      420.682093      419.569779
frame00314.jpg      505.917587      563.629144      465.554584      930.228744      471.965832      342.687258      420.734343      419.544603
frame00315.jpg      505.916223      563.623387      465.554955      930.186822      471.965914      342.688264      420.735292      419.541254
frame00316.jpg      505.913813      563.616357      465.556366      930.129491      471.966210      342.693459      420.738404      419.538064
frame00317.jpg      505.912171      563.609533      465.557842      930.078666      471.966675      342.695703      420.741649      419.533640
frame00318.jpg      505.496882      562.706358      465.591750      916.941531      472.036215      343.675550      421.097933      419.346675
frame00319.jpg      505.495818      562.701913      465.592726      916.908779      472.036627      343.677053      421.100105      419.342817
frame00320.jpg      505.495332      562.699268      465.593163      916.890127      472.036834      343.677664      421.100737      419.339661
frame00321.jpg      505.494802      562.696074      465.593914      916.870392      472.037016      343.677928      421.101927      419.338297
frame00322.jpg      505.484579      562.668118      465.593601      916.650302      472.040643      343.674434      421.115516      419.315378
frame00323.jpg      505.483683      562.663293      465.594694      916.622249      472.041133      343.673985      421.118501      419.313150
frame00324.jpg      505.482768      562.660143      465.595345      916.595060      472.041363      343.675956      421.120216      419.311814
frame00325.jpg      505.481793      562.655834      465.596264      916.562661      472.041646      343.677003      421.122686      419.309302
frame00326.jpg      505.469899      562.596560      465.609441      916.210031      472.042339      343.681513      421.142666      419.294135
frame00327.jpg      505.469492      562.592360      465.610322      916.190628      472.042480      343.680819      421.143430      419.291189
frame00328.jpg      505.444565      562.542039      465.613341      915.661725      472.041415      343.691335      421.170320      419.266106
frame00329.jpg      505.444142      562.538632      465.614164      915.644759      472.041452      343.690771      421.171033      419.264344
frame00330.jpg      505.439568      562.526386      465.616768      915.546457      472.040827      343.692401      421.176159      419.264122
frame00331.jpg      505.438840      562.522722      465.617491      915.525610      472.040650      343.691785      421.176707      419.263374
frame00332.jpg      505.423037      562.454320      465.627512      915.096978      472.041077      343.699337      421.194624      419.235768
frame00333.jpg      505.343630      562.309317      465.589951      913.247033      472.042487      343.756870      421.255019      419.213456
frame00334.jpg      505.343111      562.304430      465.590751      913.228368      472.042394      343.756290      421.255102      419.211985
frame00335.jpg      505.314076      562.227413      465.587086      912.800687      472.039327      343.768541      421.270653      419.240044
frame00336.jpg      505.313485      562.220849      465.589011      912.772765      472.039199      343.768348      421.271669      419.239672
frame00337.jpg      505.222834      561.994191      465.606470      911.687037      472.016124      343.775577      421.328981      419.246059
frame00338.jpg      505.217235      561.947190      465.621258      911.446392      472.016116      343.779577      421.340605      419.239293
frame00339.jpg      504.890837      561.052997      465.611085      906.956385      471.960474      343.818755      421.528595      419.267539
frame00340.jpg      504.772102      560.693427      465.644410      904.507245      471.951243      343.881895      421.618135      419.317030
frame00341.jpg      504.771393      560.689035      465.645909      904.480391      471.950989      343.881881      421.618597      419.317472
frame00342.jpg      504.744589      560.676574      465.656698      903.827065      471.951423      343.940880      421.643769      419.342532
frame00343.jpg      504.519724      560.793599      465.677975      900.291361      471.916104      344.536897      421.782468      419.929340
frame00344.jpg      504.181257      561.120785      465.661173      895.473616      471.902571      345.121886      422.024163      420.512722
frame00345.jpg      504.178188      561.123670      465.660871      895.431071      471.902766      345.126571      422.028398      420.513749
frame00346.jpg      504.174018      561.119583      465.662467      895.363948      471.903259      345.131062      422.035392      420.515522
frame00347.jpg      504.113222      560.980227      465.661074      894.639647      471.896678      345.143581      422.084128      420.538852
frame00348.jpg      504.113147      560.975794      465.662556      894.622905      471.896910      345.142489      422.085297      420.537461
frame00349.jpg      504.093272      560.785168      465.707476      893.853271      471.893452      345.135688      422.103801      420.522907
frame00350.jpg      504.092903      560.782185      465.708781      893.838906      471.893209      345.136746      422.104584      420.525914
frame00351.jpg      504.092984      560.765893      465.716116      893.753083      471.895178      345.137200      422.111761      420.520731
frame00352.jpg      504.086449      560.650669      465.758681      892.917005      471.913377      345.160669      422.170812      420.387630
frame00353.jpg      504.086313      560.650057      465.759244      892.904016      471.913755      345.162467      422.171847      420.385566
frame00354.jpg      504.085837      560.647529      465.760137      892.890491      471.913736      345.162940      422.172661      420.385962
frame00355.jpg      504.085436      560.646229      465.760714      892.876481      471.913673      345.164632      422.173032      420.385993
frame00356.jpg      504.085068      560.644724      465.761496      892.861930      471.913670      345.166044      422.173937      420.386797
frame00357.jpg      504.084151      560.641136      465.762275      892.838894      471.913421      345.167229      422.174605      420.387036
frame00358.jpg      504.083467      560.637209      465.762735      892.820662      471.913206      345.167063      422.174790      420.385992
frame00359.jpg      504.082222      560.632701      465.764418      892.792473      471.912871      345.168760      422.176885      420.392066
frame00360.jpg      504.081070      560.628759      465.764512      892.769454      471.912386      345.169188      422.176482      420.392124
frame00361.jpg      504.079387      560.624552      465.765808      892.721581      471.912343      345.173167      422.179665      420.393967
frame00362.jpg      504.078069      560.621218      465.766254      892.695278      471.912023      345.175488      422.180715      420.396560
frame00363.jpg      504.076724      560.618220      465.765939      892.674779      471.911734      345.178151      422.180496      420.396145
frame00364.jpg      504.076108      560.616756      465.765550      892.656568      471.911796      345.179186      422.180485      420.391916
frame00365.jpg      504.075630      560.614230      465.765904      892.639135      471.911776      345.179735      422.180947      420.390280
frame00366.jpg      504.075068      560.609769      465.767527      892.613481      471.911927      345.179623      422.183517      420.390405
frame00367.jpg      504.074476      560.605606      465.769049      892.590953      471.911719      345.180030      422.184958      420.392949
frame00368.jpg      504.073853      560.600349      465.769732      892.572120      471.911288      345.178068      422.184787      420.392102
frame00369.jpg      504.073502      560.596026      465.770051      892.557297      471.911101      345.176600      422.184347      420.388788
frame00370.jpg      504.065869      560.531089      465.778844      892.240548      471.909666      345.171616      422.190532      420.348156
frame00371.jpg      504.065301      560.527323      465.779639      892.224253      471.909070      345.172179      422.189590      420.349338
frame00372.jpg      504.064499      560.522695      465.780909      892.202474      471.908767      345.172612      422.190794      420.351082
frame00373.jpg      504.063623      560.518773      465.782041      892.178736      471.908429      345.174943      422.191584      420.352455
frame00374.jpg      504.063074      560.515039      465.783132      892.161747      471.908218      345.175469      422.192437      420.354464
frame00375.jpg      504.062685      560.511724      465.784377      892.144082      471.908232      345.175411      422.194007      420.355794
frame00376.jpg      504.062394      560.509261      465.785510      892.127381      471.908521      345.176235      422.195965      420.355704
frame00377.jpg      504.062101      560.507744      465.786246      892.115244      471.908676      345.177877      422.196969      420.355535
frame00378.jpg      504.059452      560.486895      465.792373      892.024363      471.908533      345.179569      422.202867      420.357737
frame00379.jpg      504.059268      560.484203      465.793272      892.010771      471.908693      345.179562      422.203757      420.356379
frame00380.jpg      504.059031      560.481834      465.794102      891.996188      471.908975      345.180123      422.205163      420.354600
frame00381.jpg      504.052727      560.433781      465.809502      891.777310      471.908628      345.183580      422.218633      420.360485
frame00382.jpg      504.052493      560.431694      465.810291      891.765623      471.908662      345.184103      422.219306      420.360487
frame00383.jpg      504.039225      560.349032      465.838030      891.220484      471.907709      345.220732      422.247119      420.367874
frame00384.jpg      504.038905      560.346498      465.839058      891.206511      471.907877      345.221164      422.248796      420.368203
frame00385.jpg      504.035228      560.323569      465.847225      891.070708      471.909175      345.230116      422.260133      420.361177
frame00386.jpg      504.034878      560.321666      465.847949      891.059126      471.909153      345.230949      422.260921      420.361906
frame00387.jpg      504.031845      560.301964      465.852424      890.962574      471.907955      345.230819      422.261508      420.359090
frame00388.jpg      504.031532      560.299209      465.853096      890.948866      471.908124      345.230656      422.262489      420.357106
frame00389.jpg      503.998809      560.136958      465.886571      890.030436      471.904433      345.266844      422.292750      420.320086
frame00390.jpg      503.998401      560.134911      465.887402      890.017710      471.904278      345.267172      422.293448      420.321871
frame00391.jpg      503.997993      560.133804      465.887787      890.008556      471.903969      345.268448      422.293143      420.323836
frame00392.jpg      503.997583      560.132018      465.888228      889.993507      471.904034      345.269027      422.293661      420.321694
frame00393.jpg      503.814991      558.920621      465.927259      884.299696      471.890115      345.338160      422.375306      420.147511
frame00394.jpg      502.673616      552.817243      465.923024      855.349687      471.759827      345.675262      423.142513      418.884701
frame00395.jpg      502.238822      550.046384      466.109828      843.262963      471.736476      345.802390      423.571100      418.400429
frame00396.jpg      502.210882      549.877752      466.133796      842.297622      471.735893      345.854924      423.599214      418.330392
frame00397.jpg      502.210552      549.875209      466.134171      842.286069      471.735934      345.855693      423.599349      418.328840
frame00398.jpg      502.210257      549.873112      466.134497      842.272910      471.735994      345.856366      423.599642      418.326409
frame00399.jpg      502.209951      549.870619      466.134837      842.261554      471.735943      345.856838      423.599395      418.324586
frame00400.jpg      502.209549      549.867830      466.135803      842.247151      471.735817      345.857907      423.599918      418.326080
