frame ulx uly urx ury lrx lry llx lly
frame00000.jpg 210.000000 163.000000 516.000000 163.000000 516.000000 451.000000 210.000000 451.000000 
frame00001.jpg 210.705078 163.763962 516.939758 163.139771 516.114136 451.466461 211.075500 450.928711 
frame00002.jpg 210.636383 161.147827 516.391174 163.157883 514.897034 451.135132 209.850281 449.677887 
frame00003.jpg 211.638947 160.331497 517.599854 161.751862 516.724792 449.402863 211.968582 446.962067 
frame00004.jpg 213.765121 156.904556 520.328003 156.661438 521.557373 442.604980 215.754044 445.598480 
frame00005.jpg 219.623825 151.171631 526.785461 147.936737 529.271057 434.416931 222.511627 440.282715 
frame00006.jpg 225.629929 142.834793 533.569885 140.858200 534.177856 428.337921 227.883423 432.678345 
frame00007.jpg 227.934326 139.726868 535.765442 139.016205 535.526855 427.573120 228.643723 430.534851 
frame00008.jpg 228.319397 138.142166 536.782715 137.175079 534.835510 426.180359 229.596313 430.488831 
frame00009.jpg 226.178116 143.142334 534.716187 139.417572 534.424622 428.638031 228.772324 434.869904 
frame00010.jpg 221.617737 151.596069 529.471741 144.504425 531.000671 432.243652 225.414566 443.235413 
frame00011.jpg 218.621262 156.175949 525.957886 149.253204 527.663696 435.126343 223.210571 445.894928 
frame00012.jpg 219.115143 157.576675 525.668823 152.374756 527.258545 436.621002 223.155701 446.202545 
frame00013.jpg 219.889603 155.915970 524.119995 149.547134 527.344727 432.145935 223.362106 445.117401 
frame00014.jpg 219.322754 152.703262 522.385437 144.401703 527.735168 427.472748 223.453003 441.825806 
frame00015.jpg 220.557022 147.946289 521.251160 140.766388 526.452148 424.488892 223.440659 436.046753 
frame00016.jpg 220.265778 147.492020 520.816284 140.020309 525.753357 423.627014 222.817062 436.908813 
frame00017.jpg 220.265259 147.339355 521.282715 140.884781 525.279602 424.412506 222.834641 436.270813 
frame00018.jpg 220.352615 148.431625 520.761902 142.881470 525.213745 426.121124 222.814682 437.711334 
frame00019.jpg 221.465134 150.133728 522.404358 144.206970 525.894958 427.715790 225.192032 437.887329 
frame00020.jpg 223.853058 153.043488 523.757385 145.534363 528.695313 428.934052 227.844864 439.616150 
frame00021.jpg 225.375732 155.266479 525.451416 147.126663 530.681946 429.302399 230.119232 442.168610 
frame00022.jpg 227.642197 158.375763 527.156860 147.671249 533.334778 430.426910 233.449158 442.479156 
frame00023.jpg 229.871613 160.238510 528.691711 148.267731 534.543335 430.893250 235.447815 444.294861 
frame00024.jpg 231.038895 160.743286 530.237854 149.190628 535.474304 431.432037 236.938858 444.236786 
frame00025.jpg 232.175125 160.837631 530.855591 150.583847 535.292786 432.673218 236.697784 445.611115 
frame00026.jpg 232.164459 161.841812 531.046265 151.193008 535.694031 433.029633 236.461090 444.808716 
frame00027.jpg 232.965714 160.183395 531.180969 151.108582 535.264160 433.972137 235.690323 442.994812 
frame00028.jpg 232.967178 158.017105 531.143127 151.529678 534.795227 434.052368 234.062393 441.696381 
frame00029.jpg 234.200317 155.887573 532.019775 150.822540 534.022705 433.510132 234.229187 438.303345 
frame00030.jpg 235.302597 152.731262 532.215149 150.011688 534.058289 432.848969 233.696869 434.760742 
frame00031.jpg 236.577240 149.130417 532.949097 148.591675 534.205139 432.044922 233.598923 430.544617 
frame00032.jpg 238.873428 145.881653 534.354431 145.795288 535.601501 430.902496 234.484314 426.198975 
frame00033.jpg 240.630432 143.048248 535.645020 143.935486 536.164490 428.802582 235.608459 423.613464 
frame00034.jpg 241.826187 141.013397 536.743652 141.743576 537.530334 426.356812 237.948883 421.726105 
frame00035.jpg 243.413132 141.193390 537.232361 140.706604 539.356506 424.290222 239.226501 422.049164 
frame00036.jpg 243.758743 141.532074 537.577820 139.145706 539.861267 422.405853 241.589508 422.881256 
frame00037.jpg 243.736542 142.838211 537.637024 138.747604 540.850647 421.770325 242.364288 424.518341 
frame00038.jpg 243.290878 143.454651 537.716492 138.993423 540.604370 421.566772 242.389023 425.872620 
frame00039.jpg 243.407867 144.943848 538.104370 139.923752 541.628296 422.949371 242.981033 427.282379 
frame00040.jpg 244.040527 145.838730 539.033020 141.713058 542.425537 424.200745 243.408096 428.684052 
frame00041.jpg 244.960464 147.159241 540.050903 142.352402 543.484619 424.901184 244.432022 429.768829 
frame00042.jpg 245.774704 147.896042 540.599976 142.415543 544.682251 424.566406 245.669144 430.468781 
frame00043.jpg 246.696121 147.763931 541.223999 141.879868 545.383423 423.351532 246.792572 428.918579 
frame00044.jpg 246.838715 146.418930 541.485352 140.934525 544.950378 422.281311 246.365555 428.100494 
frame00045.jpg 247.017868 143.863235 542.256531 142.289551 542.113342 424.539124 244.825943 426.878998 
frame00046.jpg 248.307632 144.095276 543.619385 145.880112 541.801147 428.583801 244.933609 424.039185 
frame00047.jpg 251.383163 143.569473 546.255188 148.709702 541.863159 431.460785 246.964706 421.438263 
frame00048.jpg 252.954422 144.308517 547.896240 150.705978 542.509094 431.554688 247.732758 422.612793 
frame00049.jpg 252.741592 147.841660 545.799927 149.480438 542.864319 429.224915 248.186340 426.217529 
frame00050.jpg 249.280487 149.926254 541.295898 147.909531 542.475891 425.999573 246.875275 430.786682 
frame00051.jpg 244.901749 153.956467 536.904541 146.677673 541.191833 423.936249 244.830261 436.645386 
frame00052.jpg 240.245880 158.401184 532.101929 146.874496 538.971863 424.609222 242.446747 442.386353 
frame00053.jpg 236.975266 162.599213 528.436035 148.391190 536.417969 427.095490 240.120621 445.598511 
frame00054.jpg 233.003220 165.530563 525.676941 151.375320 533.291931 430.163330 236.695740 448.566376 
frame00055.jpg 229.985611 167.113098 523.721802 154.584946 529.896912 433.075562 233.586334 450.088470 
frame00056.jpg 227.855240 167.444000 522.514038 157.436325 527.515686 435.815674 230.681427 450.245819 
frame00057.jpg 226.017899 167.445877 521.705200 158.880417 526.073669 436.802948 229.278198 449.656921 
frame00058.jpg 226.159927 166.748856 521.692200 159.344131 525.269287 437.406830 227.779068 448.003235 
frame00059.jpg 226.076523 163.327942 522.143372 159.350388 524.034485 437.532654 227.055466 444.508514 
frame00060.jpg 225.411118 159.261139 522.272827 158.699463 522.531128 436.189819 225.800064 441.862640 
frame00061.jpg 226.188766 156.555847 522.468811 157.798889 521.939026 435.534882 224.889709 438.757324 
frame00062.jpg 225.976837 154.990799 522.394897 156.169907 520.954346 434.463440 224.455734 436.269806 
frame00063.jpg 225.360123 153.402267 520.606140 155.529007 520.313477 434.127869 222.697998 435.397919 
frame00064.jpg 224.199722 152.744095 519.083191 154.216217 519.159607 432.416168 221.802383 433.517303 
frame00065.jpg 223.414261 151.125214 517.116028 152.829773 517.349548 430.788818 220.043396 432.007080 
frame00066.jpg 222.371124 149.690399 516.035522 151.666687 515.571350 429.388855 219.045090 429.653320 
frame00067.jpg 221.216995 148.111801 515.031616 150.687637 514.016663 428.548706 218.321106 427.607208 
frame00068.jpg 221.462479 146.949432 514.059998 150.423782 512.789978 427.828949 217.825882 425.890259 
frame00069.jpg 221.808746 146.150818 513.600952 149.897446 512.680115 427.563599 218.008011 424.623871 
frame00070.jpg 222.192535 145.471054 513.649109 149.495926 513.074158 427.476685 217.797821 423.930573 
frame00071.jpg 222.495468 144.809189 513.824646 149.574158 512.997559 427.274689 217.888824 423.228271 
frame00072.jpg 222.558304 143.572403 514.893738 149.337967 512.948059 426.649719 218.094482 422.179077 
frame00073.jpg 223.367340 142.624939 515.427551 149.544022 513.484131 426.725677 217.947357 421.921692 
frame00074.jpg 224.242630 141.877670 516.093384 149.413086 513.819031 427.075989 218.583878 420.952972 
frame00075.jpg 224.852722 141.652664 516.654846 149.818573 514.077881 427.886414 218.585037 421.275146 
frame00076.jpg 225.187271 141.756729 516.999084 150.252045 514.325562 427.962250 218.026932 421.422180 
frame00077.jpg 225.663269 141.385620 517.206482 150.602325 513.740784 428.114502 218.536133 421.278625 
frame00078.jpg 225.301666 141.801849 517.170898 151.601852 513.616882 428.727112 217.904434 422.168091 
frame00079.jpg 225.359741 142.442673 517.057251 152.166031 513.233704 429.607666 218.540253 422.797455 
frame00080.jpg 224.853775 143.926453 516.478210 153.576263 513.671143 430.464813 218.070129 423.704102 
frame00081.jpg 224.342407 144.759811 516.120911 153.643341 512.448242 430.393982 217.959946 424.838501 
frame00082.jpg 223.600235 146.002396 515.631958 154.215805 512.247925 431.174805 217.536102 426.025543 
frame00083.jpg 223.226563 147.590424 515.304993 154.740097 512.087769 432.487976 218.344849 425.643890 
frame00084.jpg 223.151276 148.866394 513.973022 155.530670 512.180542 433.872406 217.157043 427.679932 
frame00085.jpg 222.271927 149.442474 513.928467 155.607880 511.467438 433.236267 217.394730 427.291748 
frame00086.jpg 221.209961 150.001068 512.773499 156.225540 511.262024 432.840302 215.856506 428.564514 
frame00087.jpg 220.496399 149.674637 512.496216 155.692459 510.423065 432.818329 215.415497 428.987030 
frame00088.jpg 220.388779 150.025803 511.879669 155.836151 510.874176 433.381104 214.656967 429.308868 
frame00089.jpg 219.278122 149.313019 512.072510 155.519699 510.269226 432.873444 214.738007 429.274170 
frame00090.jpg 219.228424 149.286545 512.032959 155.718216 509.816589 432.654755 214.248917 429.525543 
frame00091.jpg 219.202988 149.552719 511.879364 156.074677 510.156921 433.134949 214.456329 428.835419 
frame00092.jpg 219.028564 149.811325 511.697418 155.746246 510.035156 433.403534 214.355621 429.645599 
frame00093.jpg 218.260300 149.537827 511.920502 156.197250 510.058716 433.982330 213.901947 429.844971 
frame00094.jpg 218.428345 149.924820 511.526215 156.815842 509.993683 434.308990 213.225296 430.560364 
frame00095.jpg 218.079147 149.837021 511.298157 157.061890 509.703003 434.938751 212.768051 431.075684 
frame00096.jpg 217.219772 150.485001 511.235718 156.874191 509.335327 434.749298 212.868973 431.670929 
frame00097.jpg 217.190872 150.835358 511.135864 157.091690 509.146484 435.135834 212.523941 431.223999 
frame00098.jpg 217.075912 150.810852 510.930817 157.231659 508.817657 435.433563 212.316940 431.472534 
frame00099.jpg 216.724289 150.765244 510.878540 157.246964 508.265930 435.128204 212.110657 431.224640 
frame00100.jpg 216.655838 150.343430 510.509521 157.593826 508.149658 435.788300 211.273834 431.107391 
frame00101.jpg 216.858154 150.404343 510.559387 157.444290 507.994019 436.198730 211.742584 429.897919 
frame00102.jpg 216.354141 149.346649 510.288116 157.640823 507.748505 436.202972 210.543045 430.098083 
frame00103.jpg 216.298172 149.107834 510.177612 157.782333 507.629028 435.916290 210.350204 430.312683 
frame00104.jpg 216.107971 149.034225 509.756470 157.388153 507.380493 435.799133 210.271088 430.807129 
frame00105.jpg 215.807709 148.865341 510.143463 157.212051 506.783417 435.792694 210.046219 430.829712 
frame00106.jpg 215.676682 149.446121 509.897858 158.031113 506.701508 436.376587 209.578125 431.062775 
frame00107.jpg 215.219345 149.488068 510.017212 158.600357 506.432831 437.265686 209.988602 431.066498 
frame00108.jpg 215.352600 150.713974 510.109741 159.488449 506.930603 438.998138 209.759995 431.752869 
frame00109.jpg 215.140030 151.153687 510.223846 160.346283 506.467773 439.886932 209.387970 432.259369 
frame00110.jpg 214.849731 151.766983 510.072449 161.222794 506.175598 440.216431 208.955032 432.632721 
frame00111.jpg 214.279739 151.885818 509.941406 161.272247 506.840759 440.641022 208.595230 433.197449 
frame00112.jpg 214.355652 152.293243 509.685638 160.999512 507.507446 440.271851 209.146545 434.249603 
frame00113.jpg 215.222885 152.700317 510.894623 160.728256 509.322968 440.476776 210.680527 434.885223 
frame00114.jpg 216.773544 152.250351 513.428711 159.450424 511.435089 438.617828 213.614029 434.403290 
frame00115.jpg 219.003143 151.703903 516.224060 159.245560 514.496704 437.857605 216.368225 435.636627 
frame00116.jpg 222.489487 151.604660 520.666687 158.749832 518.932678 437.525574 220.203964 435.556488 
frame00117.jpg 226.408386 149.750565 525.188416 157.252640 522.368042 437.181427 223.776611 434.144043 
frame00118.jpg 229.183228 147.730759 528.899780 155.955276 525.717102 434.991180 225.381729 433.970856 
frame00119.jpg 231.600723 145.469177 531.843506 152.983566 528.881348 433.316467 227.636169 432.651947 
frame00120.jpg 232.942413 144.231430 533.868469 150.618179 531.057983 431.119507 230.065735 432.819641 
frame00121.jpg 234.052216 144.454041 535.011963 149.207123 532.909485 430.011719 231.623077 433.573730 
frame00122.jpg 233.914124 145.294098 535.865173 149.063522 532.751953 430.296448 231.867630 435.718903 
frame00123.jpg 232.333527 148.282288 534.745667 150.596329 532.051941 431.446167 230.854950 439.367767 
frame00124.jpg 229.728577 152.707489 532.212708 151.627502 530.940857 432.983459 230.430466 443.385468 
frame00125.jpg 228.055969 157.450714 530.061218 153.514755 530.105103 433.688110 230.774750 445.094086 
frame00126.jpg 227.857452 158.806671 528.818054 154.349533 530.391846 432.336639 230.796402 445.388062 
frame00127.jpg 228.629242 160.151413 528.673218 153.166168 530.993835 431.290649 233.191345 445.203308 
frame00128.jpg 229.220062 160.933624 528.792603 152.365448 533.203369 428.972504 235.559875 446.009766 
frame00129.jpg 233.122986 161.422104 532.131531 149.867386 537.078247 428.662201 240.479996 444.794128 
frame00130.jpg 236.945114 162.638260 535.254883 151.123871 539.453369 429.337036 244.330032 444.333893 
frame00131.jpg 240.014801 162.626343 537.843262 152.911057 541.129150 430.441071 246.070007 442.749298 
frame00132.jpg 243.566956 161.431625 540.637329 153.805115 541.717285 431.917450 248.239014 439.240448 
frame00133.jpg 246.008682 160.533676 541.843933 155.692886 541.391846 432.419037 249.107773 437.486969 
frame00134.jpg 248.153931 160.435852 542.385254 156.753204 540.943665 432.385315 249.847565 434.985138 
frame00135.jpg 248.306610 159.533554 541.702454 155.929123 540.451355 430.608398 249.584991 433.492737 
frame00136.jpg 248.602036 158.384674 540.728210 154.889801 539.935303 428.787781 250.131104 431.253906 
frame00137.jpg 250.351196 156.547470 540.361084 155.561935 538.836914 428.625397 250.293182 428.476563 
frame00138.jpg 252.780914 155.137390 541.536072 155.525314 539.536682 428.909241 252.583466 424.595764 
frame00139.jpg 256.227081 154.262268 543.227844 155.800568 541.538879 428.715820 255.363464 421.396118 
frame00140.jpg 259.489807 154.034409 545.586853 154.597580 543.039124 428.092651 258.539856 419.069641 
frame00141.jpg 260.979889 153.770111 545.921265 153.648010 542.981018 427.134216 259.835480 418.533905 
frame00142.jpg 260.699127 153.417648 545.011597 153.204971 542.179565 425.839783 259.285278 417.857147 
frame00143.jpg 259.960144 153.855774 543.107544 152.799652 540.135193 424.954590 258.611115 416.118805 
frame00144.jpg 259.024475 152.964600 540.631958 152.900681 537.564819 422.864136 256.458527 414.767944 
frame00145.jpg 257.527435 151.069138 538.399963 152.044052 534.819885 420.448792 255.390549 412.299927 
frame00146.jpg 257.432709 149.136780 535.936218 151.124557 533.416748 417.538788 254.861160 409.614929 
frame00147.jpg 256.650543 146.708725 534.183167 149.431396 530.724243 413.055084 253.683929 407.316406 
frame00148.jpg 255.628784 145.495178 531.772583 147.729019 528.842163 408.805023 252.683868 405.819092 
frame00149.jpg 255.309891 145.107742 529.726685 146.574860 527.673279 407.179321 252.920410 405.069427 
frame00150.jpg 255.121109 144.329010 527.823303 146.359039 526.247253 404.517212 252.631592 404.716736 
frame00151.jpg 255.621567 144.837997 526.807861 146.842514 526.086243 404.394226 252.771027 404.806061 
frame00152.jpg 255.807861 145.507278 527.508484 146.979172 525.237732 404.242493 253.725647 404.761261 
frame00153.jpg 255.439163 145.687805 526.844177 148.683701 524.898132 404.238037 252.985306 405.841553 
frame00154.jpg 256.336914 145.459061 527.238037 149.914932 524.726318 404.183472 253.407318 405.531830 
frame00155.jpg 257.740875 146.106339 527.522827 150.476639 525.418152 404.645111 253.808685 406.122833 
frame00156.jpg 257.822021 146.283035 528.145874 150.114014 525.316162 404.503845 254.369385 406.045349 
frame00157.jpg 257.348541 146.151550 526.646362 150.556168 523.798157 403.546722 253.812790 405.588226 
frame00158.jpg 256.024414 146.761337 524.848633 150.381485 522.517700 403.381958 251.492920 406.162567 
frame00159.jpg 254.261749 146.298859 523.881348 150.124939 521.326172 402.884033 251.365631 405.239838 
frame00160.jpg 253.682510 145.675934 522.882935 149.671753 520.781494 402.645782 250.714279 405.131348 
frame00161.jpg 252.426361 145.185104 522.107971 149.035828 519.909180 401.624451 249.748947 405.473541 
frame00162.jpg 252.011292 145.128098 521.511536 148.137878 520.290405 401.975250 249.187851 404.849213 
frame00163.jpg 251.297348 144.271896 520.000061 148.029282 519.549072 401.115784 247.430740 404.949066 
frame00164.jpg 249.738159 143.163361 520.163391 146.271210 518.383667 399.938782 247.325912 403.323181 
frame00165.jpg 249.188400 141.469910 519.105774 144.941925 517.902588 399.080994 246.003754 402.112335 
frame00166.jpg 248.715881 139.670670 518.675598 143.340576 517.368408 397.720917 245.702805 399.469391 
frame00167.jpg 248.117050 138.354340 517.351990 142.445908 516.891968 396.744049 244.019440 399.462311 
frame00168.jpg 247.105316 137.672180 516.908264 141.741348 517.224304 397.379395 243.307999 399.393341 
frame00169.jpg 246.456665 137.770096 517.138855 140.929047 517.292114 397.496216 243.262192 400.342651 
frame00170.jpg 245.673477 138.309341 516.976746 140.976685 517.781616 397.526672 242.998016 401.438568 
frame00171.jpg 246.397659 139.061279 517.966675 140.791214 518.434387 399.549255 243.371353 401.760742 
frame00172.jpg 245.575790 139.823288 517.994568 142.689178 518.137939 401.335022 242.529312 404.156158 
frame00173.jpg 244.835037 141.766815 518.686157 144.043488 517.741394 403.876129 242.361526 405.958618 
frame00174.jpg 244.201721 144.070190 517.933594 145.796402 517.884949 405.283295 241.469635 408.241180 
frame00175.jpg 243.079453 145.114273 516.839600 147.213486 517.258240 406.374542 240.298599 409.056458 
frame00176.jpg 241.708496 145.897827 515.674866 147.694122 516.106079 406.144348 238.817825 410.973328 
frame00177.jpg 240.703857 146.637985 514.646179 147.757339 515.703369 406.106293 238.794922 411.827179 
frame00178.jpg 239.496460 147.545273 514.088562 147.542328 515.674927 406.052155 238.220337 413.083649 
frame00179.jpg 238.213333 147.533340 513.704651 147.200745 515.483154 405.635773 237.855438 413.839966 
frame00180.jpg 238.077560 147.559982 513.387451 146.681473 516.116333 405.499573 237.934647 413.550446 
frame00181.jpg 238.132080 146.461441 513.662415 145.475159 515.812744 404.157745 237.497757 412.934662 
frame00182.jpg 237.825516 145.261414 513.342285 144.754715 515.413879 403.000488 237.572174 411.143250 
frame00183.jpg 238.434006 143.572495 513.465942 143.113220 515.164856 402.173523 237.660431 409.378296 
frame00184.jpg 238.487320 141.944885 513.836487 141.616608 515.485168 400.415436 237.998306 407.165253 
frame00185.jpg 239.140808 140.888916 513.390564 140.675705 515.555908 399.312195 238.745056 406.363831 
frame00186.jpg 239.953522 140.012848 513.717041 140.208359 515.992310 399.541595 239.175385 404.991699 
frame00187.jpg 240.063248 139.288406 513.851318 140.420044 515.793945 399.257507 238.476654 405.714020 
frame00188.jpg 239.552994 139.143738 514.115601 140.926254 515.097046 399.408234 237.910446 405.696411 
frame00189.jpg 239.471924 139.707428 513.574585 141.241577 514.823303 400.872101 237.467209 406.449921 
frame00190.jpg 238.896240 140.418930 513.483398 141.472458 514.778931 400.305542 237.435699 406.270294 
frame00191.jpg 238.862396 140.156281 512.955505 141.845398 515.091187 400.613647 237.236908 406.730713 
frame00192.jpg 239.302124 140.104706 513.749451 141.326141 515.366272 400.977936 237.845932 406.122711 
frame00193.jpg 239.353699 139.610535 514.098694 141.105545 515.196777 400.283936 237.861664 405.389984 
frame00194.jpg 239.976471 138.574249 514.161743 140.905670 515.177429 400.470184 237.810791 404.082947 
frame00195.jpg 240.110809 137.826920 513.863770 139.996368 515.445068 399.663422 237.210251 403.353790 
frame00196.jpg 239.784409 136.743378 514.156250 139.148376 514.914734 398.352936 237.283951 402.367889 
frame00197.jpg 239.397171 135.657394 513.871521 138.871704 514.770020 397.916077 236.583908 402.694153 
frame00198.jpg 239.216415 135.266495 514.309509 138.934250 514.741089 397.688446 236.677795 402.790283 
frame00199.jpg 239.798294 135.987457 514.448669 139.191177 515.183350 398.441528 237.106445 403.639587 
frame00200.jpg 239.834747 136.197540 514.809509 139.902374 515.996155 398.782104 237.338654 404.244476 
frame00201.jpg 240.741806 136.061905 516.011475 139.615311 516.187195 398.856598 238.262390 403.780518 
frame00202.jpg 241.742142 134.797409 516.295471 139.751816 517.006836 398.443817 238.686615 403.294342 
frame00203.jpg 241.458008 133.725571 516.902832 138.725342 516.977173 396.697662 239.106262 402.852905 
frame00204.jpg 242.014572 132.473312 516.663269 138.288666 517.823425 396.562500 238.846939 403.135437 
frame00205.jpg 242.163162 131.873947 517.254883 137.290100 518.556641 395.851593 239.491196 402.785767 
frame00206.jpg 242.825760 131.230164 517.482239 136.725555 519.488831 394.820038 239.795151 403.256866 
frame00207.jpg 243.490585 129.692307 518.797180 135.824631 520.093079 393.687134 241.448746 402.146851 
frame00208.jpg 245.180267 128.945236 519.831360 134.456406 521.294556 392.347839 242.619507 401.231445 
frame00209.jpg 246.002945 127.298996 520.285461 132.953629 522.144958 390.996521 244.324905 398.946655 
frame00210.jpg 246.536774 125.463989 520.667236 132.024933 522.693298 389.117767 244.010025 398.758972 
frame00211.jpg 246.815598 123.028328 521.803711 131.177124 522.748108 386.901428 244.353928 397.533936 
frame00212.jpg 247.983994 122.308365 522.014221 129.979568 523.802307 386.372681 245.213165 396.764008 
frame00213.jpg 246.999313 118.839272 524.966919 126.704742 522.140625 383.970123 247.333038 395.463501 
frame00214.jpg 249.388062 120.563690 523.265625 127.063293 524.643311 383.132141 248.388580 394.248810 
frame00215.jpg 250.275604 120.902008 523.013672 126.101387 525.608948 381.878418 248.942871 395.003082 
frame00216.jpg 249.479950 119.764969 522.590454 124.940910 525.705872 379.710968 250.237244 395.529755 
frame00217.jpg 250.686737 120.228340 523.024170 123.789574 526.113098 379.270874 251.574493 396.280609 
frame00218.jpg 250.467773 121.596123 523.433228 123.611534 527.000549 378.737579 253.772583 397.672913 
frame00219.jpg 251.246796 122.499519 523.872925 124.890236 527.141052 379.173065 254.507019 400.679077 
frame00220.jpg 251.384674 125.008255 524.727966 125.476997 527.645935 379.312805 256.154053 403.198761 
frame00221.jpg 253.321854 127.715271 524.975647 126.630875 528.986572 381.428131 257.659424 406.210907 
frame00222.jpg 254.332977 129.705353 525.779419 128.106033 529.690002 382.730164 258.924316 407.448090 
frame00223.jpg 253.944046 128.931320 526.505310 128.884857 529.144897 381.128876 258.848419 407.842896 
frame00224.jpg 255.318878 129.652374 526.207764 127.792313 530.535583 381.825470 260.299377 407.496765 
frame00225.jpg 255.092300 128.414322 526.214844 126.712936 531.182495 380.044830 261.161591 406.195679 
frame00226.jpg 255.677628 126.647087 526.587463 126.282890 532.723022 379.568756 259.838989 406.026855 
frame00227.jpg 257.945953 125.739296 525.937378 124.676956 534.207214 379.421051 260.751160 403.624664 
frame00228.jpg 256.803528 122.617508 525.930969 123.455559 533.727844 376.521027 259.334717 402.372162 
frame00229.jpg 255.916000 120.590218 524.739929 122.322159 533.333923 373.472839 258.967896 400.397461 
frame00230.jpg 255.646790 118.000900 524.084229 118.859673 533.687622 370.731018 260.006897 396.555115 
frame00231.jpg 256.347046 115.827675 522.516724 117.990845 534.020081 369.138000 258.714905 395.218506 
frame00232.jpg 256.792267 114.379707 522.330750 113.614220 533.820129 367.520355 261.457123 393.141327 
frame00233.jpg 256.812561 112.501389 521.026428 114.897484 533.882385 365.970520 260.399261 390.847351 
frame00234.jpg 256.843292 111.242165 522.006348 111.962929 534.623901 365.896881 261.730225 389.478943 
frame00235.jpg 256.853241 110.466690 523.883606 111.669327 533.944275 364.212830 262.527649 388.756165 
frame00236.jpg 258.832062 110.973961 522.484314 112.690910 535.283325 365.493408 263.522491 387.889862 
frame00237.jpg 258.635803 109.702454 521.620178 113.830086 535.034485 363.727966 262.996765 387.285553 
frame00238.jpg 259.291229 108.394264 523.163452 113.492111 535.859253 363.987976 262.784241 383.648834 
frame00239.jpg 259.238617 106.777802 521.704590 113.027748 534.960205 362.526093 261.544098 383.247711 
frame00240.jpg 258.937897 104.823532 522.272278 111.503914 534.605957 361.705994 260.321411 379.299774 
frame00241.jpg 258.106415 102.741425 521.730896 110.351212 532.947449 359.308594 258.625366 375.926941 
frame00242.jpg 257.638763 98.802307 520.632263 108.955681 531.749146 357.421722 257.023254 370.663910 
frame00243.jpg 257.848846 94.718803 520.328979 107.439255 530.675537 354.731995 256.238159 362.687439 
frame00244.jpg 258.595642 91.715965 519.734314 105.458160 529.663696 351.658142 254.588898 357.411316 
frame00245.jpg 259.603455 87.889313 519.991333 104.366615 530.031616 350.559265 253.557617 351.487610 
frame00246.jpg 260.396790 84.416061 520.919250 103.656754 529.214539 349.119690 252.337921 346.494080 
frame00247.jpg 262.108398 81.530754 523.111816 102.265236 528.317078 350.221985 250.551697 342.754547 
frame00248.jpg 263.899292 78.069221 525.938782 103.827583 527.856384 352.336487 248.498672 336.657959 
frame00249.jpg 266.215729 75.595642 528.006531 104.430862 526.804443 354.758484 246.248398 331.829651 
frame00250.jpg 267.286316 74.079933 529.223450 104.799240 524.702087 357.946350 243.129120 330.565308 
frame00251.jpg 267.159546 72.355858 530.809265 105.513588 521.497009 361.160828 241.162125 328.339813 
frame00252.jpg 266.104401 70.245430 530.917480 106.485001 517.239624 364.518707 237.554733 327.845978 
frame00253.jpg 264.029938 71.305595 530.602234 108.625603 513.970703 370.056610 232.710602 328.925446 
frame00254.jpg 259.253998 70.401024 527.846924 111.088341 508.064819 374.785370 228.210983 332.036499 
frame00255.jpg 256.084534 73.247826 526.045410 114.157310 504.012848 380.015961 224.235550 333.541687 
frame00256.jpg 253.018707 75.186020 523.982971 117.379944 499.898376 385.968964 220.613983 335.585327 
frame00257.jpg 249.837051 76.945839 521.161194 121.097488 496.532898 390.370972 217.992645 337.303009 
frame00258.jpg 246.411453 79.154343 519.091431 124.094719 493.297577 394.870300 215.987946 340.093109 
frame00259.jpg 243.298035 82.881111 515.958679 127.235672 490.955444 398.859222 213.799271 343.777771 
frame00260.jpg 240.332855 85.563828 514.198242 130.171219 488.472961 402.290161 213.224731 347.042725 
frame00261.jpg 237.849060 89.016212 511.686951 132.499039 486.795532 405.719482 211.684296 349.974335 
frame00262.jpg 234.827667 91.522034 509.439178 134.067963 484.517609 407.103333 210.376846 352.283234 
frame00263.jpg 232.524673 93.548279 506.912354 134.798752 482.775085 407.347595 209.055618 353.603607 
frame00264.jpg 230.621307 94.359734 504.511353 134.505066 481.256683 406.880371 207.800186 353.358459 
frame00265.jpg 228.586365 94.331451 502.167664 132.532379 480.914764 403.865540 206.726151 353.613525 
frame00266.jpg 226.308365 93.855865 500.962433 130.010757 481.254181 400.008545 206.148407 354.613556 
frame00267.jpg 224.701660 94.546440 500.592590 127.901848 482.867432 398.426270 206.868515 356.498657 
frame00268.jpg 222.991501 96.684082 500.433441 127.521210 484.654907 397.622681 207.003448 360.898895 
frame00269.jpg 221.178223 100.002678 500.603241 128.842270 486.232483 398.687317 207.683578 365.436768 
frame00270.jpg 219.430801 104.697990 501.748779 132.276672 486.686615 401.244904 209.614792 371.338745 
frame00271.jpg 218.749847 109.553566 502.591858 136.739609 488.960083 404.055267 210.514709 376.926636 
frame00272.jpg 219.857681 114.908073 504.877899 140.737961 491.001099 407.064758 212.610886 382.111053 
frame00273.jpg 220.841232 119.221642 506.953644 144.484619 493.159058 408.528687 214.672684 386.532013 
frame00274.jpg 222.773758 121.664452 509.303223 146.178375 496.348877 408.353638 216.687820 389.690765 
frame00275.jpg 225.941116 124.428040 511.098877 146.007080 499.599182 407.746460 219.756546 392.896637 
frame00276.jpg 227.442566 125.759987 513.224426 145.372269 501.754944 406.442749 222.274170 394.680511 
frame00277.jpg 229.275436 126.075478 513.900208 144.627548 503.601135 404.550293 224.158707 395.171082 
frame00278.jpg 231.115921 125.560722 514.815002 142.362961 506.110046 402.927368 226.233826 395.116608 
frame00279.jpg 232.560165 126.080116 515.902283 140.161453 507.384918 400.802399 228.763412 396.038300 
frame00280.jpg 233.032761 125.813171 516.311218 138.835632 509.066315 397.874390 229.765717 396.771240 
frame00281.jpg 234.955658 125.481750 517.218689 136.456390 511.004547 396.199585 232.132584 396.245728 
frame00282.jpg 237.282654 124.972885 518.487732 134.688141 513.491882 394.483490 235.008316 395.185364 
frame00283.jpg 239.364700 124.391525 519.416931 133.884064 515.771606 392.861359 236.772217 395.051270 
frame00284.jpg 240.656311 124.286926 520.820679 132.592514 517.880737 390.717407 239.636414 396.072327 
frame00285.jpg 242.965622 125.150246 522.523376 131.020935 519.923279 389.190247 243.533691 396.500488 
frame00286.jpg 245.498322 125.981667 523.754761 130.847519 522.308472 387.515717 246.382690 397.911774 
frame00287.jpg 249.066422 126.041206 526.330383 130.130753 525.769348 386.571350 251.001801 398.755035 
frame00288.jpg 253.085236 127.030487 528.997925 130.059845 529.596313 385.065979 255.548508 401.517181 
frame00289.jpg 258.574097 128.149780 533.137390 130.122971 533.268250 385.019836 261.170074 401.252258 
frame00290.jpg 262.709137 125.347847 537.290649 129.512924 535.040161 384.092346 266.350159 401.398804 
frame00291.jpg 268.447540 126.558823 540.102905 130.779678 539.424744 383.881714 268.911865 401.456482 
frame00292.jpg 272.371796 124.610130 543.572998 130.018646 541.924072 382.911530 271.907257 398.958038 
frame00293.jpg 275.817200 121.755600 546.013367 128.992661 543.484863 381.857239 273.509827 395.864227 
frame00294.jpg 278.068115 119.594231 546.603333 127.352219 544.877014 380.112671 275.233093 393.416199 
frame00295.jpg 279.630585 116.882805 547.823669 124.904022 545.517395 378.119965 276.764893 390.721924 
frame00296.jpg 280.088165 114.419846 548.763184 122.963425 546.009766 375.050232 277.899170 387.805176 
frame00297.jpg 281.592529 111.533134 548.861816 120.814056 547.154114 372.814880 279.304535 386.833557 
frame00298.jpg 283.496155 110.211380 550.652283 118.217331 548.250122 371.346710 281.975311 383.918732 
frame00299.jpg 284.234955 108.396309 550.066406 118.496490 549.508423 369.937561 282.101379 383.783569 
frame00300.jpg 285.774200 107.540794 550.983032 116.960938 550.376160 368.175446 284.215729 383.177277 
frame00301.jpg 288.352051 107.481010 552.270020 115.650810 552.134766 367.902924 286.884033 382.713104 
frame00302.jpg 291.710419 107.036766 554.306152 114.558632 554.372070 367.345398 290.559540 382.034058 
frame00303.jpg 295.053619 106.912804 556.158630 115.699554 557.630127 367.412567 294.306335 381.749176 
frame00304.jpg 297.510529 107.205994 559.433716 115.540031 559.323914 364.266785 297.954529 382.948242 
frame00305.jpg 302.173126 107.176941 559.711121 115.991219 563.416443 364.951752 301.484619 384.374908 
frame00306.jpg 305.894775 107.460815 564.191284 116.505753 564.966370 364.543152 305.817932 383.304413 
frame00307.jpg 309.580322 107.085632 565.903503 115.732750 567.022156 363.833832 310.182556 382.633240 
frame00308.jpg 312.857697 105.446243 564.999512 114.698578 569.825073 362.116089 313.166626 382.728058 
frame00309.jpg 315.209320 103.207458 565.512390 114.574707 572.251221 360.039307 314.932770 381.184937 
frame00310.jpg 316.069092 97.097656 572.147400 108.465401 572.586609 355.595093 319.505341 376.347046 
frame00311.jpg 330.531067 118.597847 650.907837 0.872099 658.881836 377.336731 329.981903 366.072693 
frame00312.jpg 322.070740 90.443726 642.311951 106.682648 624.543945 412.874878 328.221405 341.072540 
frame00313.jpg 322.483002 88.424004 570.161621 108.939041 578.025757 350.337463 322.132050 368.108978 
frame00314.jpg 322.483002 88.424004 570.161621 108.939041 578.025757 350.337463 322.132050 368.108978 
frame00315.jpg 322.483002 88.424004 570.161621 108.939041 578.025757 350.337463 322.132050 368.108978 
frame00316.jpg 329.588074 89.764481 606.235474 82.452232 616.798157 385.858978 326.490265 351.321899 
frame00317.jpg 325.103607 92.225784 568.285461 70.609314 577.533264 328.306854 319.972961 375.851166 
frame00318.jpg 333.284119 114.253098 546.519287 80.888588 784.776672 449.210236 192.246536 636.857727 
frame00319.jpg 333.284119 114.253098 546.519287 80.888588 784.776672 449.210236 192.246536 636.857727 
frame00320.jpg 311.402222 95.839119 604.881104 74.626472 588.458557 372.641571 311.755066 366.479645 
frame00321.jpg 313.566742 104.389748 714.736877 53.295795 665.500427 478.841980 317.220215 344.414825 
frame00322.jpg 300.421082 100.705597 567.026184 112.741371 563.136108 372.024414 295.996826 387.247192 
frame00323.jpg 296.345917 104.687500 566.295715 117.850594 560.753479 376.549774 290.783264 390.996552 
frame00324.jpg 293.942474 107.720085 566.115112 120.151299 558.905029 380.496948 286.929993 392.129822 
frame00325.jpg 290.778717 109.093132 562.262024 125.531807 555.805054 383.628906 282.088348 393.724670 
frame00326.jpg 287.680511 112.286285 565.396729 127.320892 554.389954 388.766632 277.958221 393.256378 
frame00327.jpg 284.087891 114.953484 564.851257 131.554825 552.185791 393.785950 274.134094 393.078522 
frame00328.jpg 282.387360 118.089333 565.852417 134.843628 551.315979 399.601349 271.952881 392.753906 
frame00329.jpg 280.763550 120.376274 565.507385 138.381439 549.415955 404.630981 270.044525 392.008789 
frame00330.jpg 278.253510 122.054771 564.176392 141.885178 547.528625 408.404968 267.285400 391.359772 
frame00331.jpg 275.668274 122.142860 563.058289 143.988693 543.886475 411.134674 263.983246 390.779327 
frame00332.jpg 272.280884 123.318321 559.225281 145.800507 541.039307 413.746368 260.583221 389.753967 
frame00333.jpg 269.685699 122.503662 556.729797 146.720047 538.267639 415.700317 257.597778 388.317810 
frame00334.jpg 267.605286 122.181282 554.307068 147.981537 535.744873 418.562744 254.949371 387.274231 
frame00335.jpg 266.180450 121.948441 552.520691 148.839600 534.184265 420.279816 253.329895 385.776031 
frame00336.jpg 265.717010 120.812363 551.482605 149.142532 532.534363 420.143951 252.034653 385.063446 
frame00337.jpg 265.109344 120.306229 551.026978 147.695374 532.168640 419.150848 252.091736 382.804779 
frame00338.jpg 265.425507 117.922714 550.003906 145.887177 531.042297 419.233948 250.595215 380.363312 
frame00339.jpg 265.219330 116.469627 548.789978 144.385254 530.087830 418.522339 250.157242 378.771820 
frame00340.jpg 264.904480 114.502647 547.810791 143.970688 529.191528 418.668549 248.670486 377.194672 
frame00341.jpg 264.416748 113.757713 546.851318 143.060165 527.591309 418.783234 247.602646 376.036957 
frame00342.jpg 263.280609 112.894310 545.709961 143.198029 526.001648 419.225769 246.350098 374.975677 
frame00343.jpg 262.372192 112.239471 544.409058 143.233810 524.348999 420.035461 244.341858 374.672424 
frame00344.jpg 261.189941 111.579063 543.354858 143.530426 522.318787 420.559540 243.241318 373.664856 
frame00345.jpg 259.989868 110.592087 542.005920 143.287735 519.932922 421.380035 241.674301 373.530426 
frame00346.jpg 259.473145 111.492378 540.448486 144.462067 518.700867 423.928162 239.580811 372.944427 
frame00347.jpg 257.859497 111.713882 538.374084 145.436066 516.704834 425.162415 237.912506 373.397980 
frame00348.jpg 256.241241 112.215126 536.918213 146.335083 514.346802 426.851501 235.982147 372.980652 
frame00349.jpg 253.624573 112.057274 534.396301 147.176361 511.227234 427.423859 233.712479 373.449432 
frame00350.jpg 251.147797 111.999870 531.827942 148.416229 508.180206 428.502319 230.604507 373.168884 
frame00351.jpg 247.963791 110.968437 529.987122 148.448257 505.158386 428.227936 228.494934 372.536499 
frame00352.jpg 246.383316 109.922699 527.697937 148.365433 501.801880 428.632568 225.800262 371.833618 
frame00353.jpg 245.348618 109.567299 525.430359 148.704788 501.068878 429.377380 224.113739 371.494446 
frame00354.jpg 245.186203 110.078934 524.891907 148.286667 501.754669 428.529694 223.865387 371.306671 
frame00355.jpg 245.366959 108.368652 526.554688 147.146942 502.781036 428.454193 224.681351 371.922485 
frame00356.jpg 246.258850 109.915611 528.446411 147.596497 505.376068 428.397369 226.099869 372.606720 
frame00357.jpg 247.552689 110.757484 530.698730 148.964264 508.677490 429.180908 227.791779 375.252167 
frame00358.jpg 249.932877 111.512825 534.975830 150.987137 513.069580 430.377350 230.404114 377.254944 
frame00359.jpg 254.350983 112.675499 540.232971 152.648376 517.848755 430.972137 236.022797 379.085602 
frame00360.jpg 259.479523 113.967155 546.423767 154.625626 523.862610 430.372864 240.401230 380.993408 
frame00361.jpg 266.256226 114.328476 552.998901 155.634827 530.866760 429.493347 246.930435 381.973724 
frame00362.jpg 273.773956 114.565590 559.919800 157.197678 537.061646 427.673462 254.068222 382.928375 
frame00363.jpg 281.444519 115.701439 566.664124 158.034454 543.670044 425.500977 261.904327 383.960358 
frame00364.jpg 289.761108 116.796936 573.080078 157.434906 550.552124 422.652710 270.126404 385.913086 
frame00365.jpg 298.271484 118.331154 579.725891 157.822632 556.806396 421.325317 278.317139 387.430298 
frame00366.jpg 305.108307 120.359512 584.623474 158.783234 561.758423 418.704834 285.353485 390.334076 
frame00367.jpg 312.242126 122.299263 588.222412 158.675964 568.241577 417.533356 292.599182 391.901581 
frame00368.jpg 319.005005 123.529419 593.493591 157.261215 572.394714 414.593475 300.735291 392.271698 
frame00369.jpg 325.046417 123.500687 597.429688 156.799683 577.375244 411.645752 307.481049 392.838257 
frame00370.jpg 332.508392 124.166519 599.542786 156.251709 582.555908 409.381317 313.978668 393.582367 
frame00371.jpg 338.555481 124.649399 604.507446 153.782181 586.073059 406.252472 321.690125 392.816101 
frame00372.jpg 344.546173 124.906685 605.766724 154.687256 590.621582 405.861969 325.743256 393.446014 
frame00373.jpg 348.868500 123.683205 611.802429 153.393784 593.287842 404.397766 331.422852 392.517792 
frame00374.jpg 353.763977 123.047134 615.976318 152.812332 597.085327 406.113251 335.417511 391.047577 
frame00375.jpg 357.816559 122.893181 618.944031 155.022354 600.741455 406.989624 337.840179 390.333893 
frame00376.jpg 363.098358 122.920990 620.292114 155.526672 605.595947 409.435547 340.756683 391.554565 
frame00377.jpg 366.165955 121.342896 623.777161 155.998459 607.196167 406.150879 344.754913 390.365723 
frame00378.jpg 369.744934 120.271324 627.981140 155.430313 610.211670 405.544586 348.106689 388.294922 
frame00379.jpg 371.931183 120.026588 631.670776 153.040817 611.994934 404.767212 351.260986 387.195648 
frame00380.jpg 372.705078 118.887115 631.723999 153.711716 613.342468 403.719727 351.954163 386.645752 
frame00381.jpg 373.676178 118.765793 630.216309 154.396088 613.306030 402.477448 352.150055 387.309906 
frame00382.jpg 374.386749 119.698380 631.468018 151.700668 614.246704 402.049072 353.657257 387.363281 
frame00383.jpg 375.533905 120.541489 630.072571 150.992126 615.339966 402.103912 354.867798 388.557617 
frame00384.jpg 375.864075 118.915733 631.284241 152.105606 614.549927 399.715363 355.318665 388.841339 
frame00385.jpg 376.788391 120.851112 629.873596 151.189041 616.302795 398.857086 357.407471 389.585358 
frame00386.jpg 375.817627 116.146835 633.473022 146.149338 613.761292 396.233521 363.115936 389.549500 
frame00387.jpg 380.623871 122.302719 628.891846 149.510391 617.003967 395.949646 363.215851 391.805817 
frame00388.jpg 383.001343 122.373169 628.334412 149.049713 618.391296 394.726501 366.071381 391.262390 
frame00389.jpg 392.027924 120.281311 627.756348 149.491653 617.304688 396.052765 367.227966 392.860657 
frame00390.jpg 385.275238 125.107025 628.153259 147.089066 617.262878 389.035156 371.707062 393.994354 
frame00391.jpg 400.853363 132.997116 626.107788 148.436142 616.987122 391.461334 375.954956 393.780457 
frame00392.jpg 390.450226 125.550385 624.691101 146.758621 615.834229 386.215912 375.860687 395.010498 
frame00393.jpg 390.450226 125.550385 624.691101 146.758621 615.834229 386.215912 375.860687 395.010498 
frame00394.jpg 389.404419 120.283836 622.730286 146.508881 612.751221 383.626129 378.102631 394.792267 
frame00395.jpg 391.173126 119.964897 622.175049 146.188736 611.119385 383.088867 379.151245 395.708496 
frame00396.jpg 389.910980 119.689850 619.896606 148.639221 611.292175 382.663879 377.745270 396.999451 
frame00397.jpg 391.933899 122.285439 621.127075 146.951447 611.039551 383.174988 379.861664 397.048645 
frame00398.jpg 389.000977 123.985222 622.482361 144.986237 610.372070 381.843750 381.510773 396.640533 
frame00399.jpg 389.000977 123.985222 622.482361 144.986237 610.372070 381.843750 381.510773 396.640533 
frame00400.jpg 390.605316 121.595779 618.771973 146.197800 609.389221 382.980774 380.055084 394.888885 
frame00401.jpg 390.605316 121.595779 618.771973 146.197800 609.389221 382.980774 380.055084 394.888885 
frame00402.jpg 598.624023 157.431168 631.656494 185.738815 403.521576 648.329285 392.353851 383.943542 
frame00403.jpg 598.624023 157.431168 631.656494 185.738815 403.521576 648.329285 392.353851 383.943542 
frame00404.jpg 395.207672 128.499710 614.807983 143.978516 607.355225 380.622986 380.322998 392.029541 
frame00405.jpg 387.796539 135.158569 617.075256 140.933456 607.952087 376.744263 382.891510 391.691437 
frame00406.jpg 420.231720 130.565201 614.328613 145.629929 606.815308 389.199615 401.003387 370.987335 
frame00407.jpg 624.069519 278.504578 614.368774 472.094147 603.720581 287.210266 662.097168 227.395218 
frame00408.jpg 614.296509 328.864838 520.271606 -41.449810 601.427124 333.041534 608.199463 247.957306 
frame00409.jpg 614.296509 328.864838 520.271606 -41.449810 601.427124 333.041534 608.199463 247.957306 
frame00410.jpg 386.956299 119.342339 616.303040 148.010422 608.406128 384.182831 372.918304 391.844269 
frame00411.jpg 386.956299 119.342339 616.303040 148.010422 608.406128 384.182831 372.918304 391.844269 
frame00412.jpg 386.956299 119.342339 616.303040 148.010422 608.406128 384.182831 372.918304 391.844269 
frame00413.jpg 397.146790 138.748245 645.009705 167.414825 843.623535 643.757813 367.621643 386.579224 
frame00414.jpg 337.852722 219.483322 524.552063 159.118744 703.075012 427.566467 439.659363 330.631256 
frame00415.jpg 337.852722 219.483322 524.552063 159.118744 703.075012 427.566467 439.659363 330.631256 
frame00416.jpg 337.852722 219.483322 524.552063 159.118744 703.075012 427.566467 439.659363 330.631256 
frame00417.jpg 337.852722 219.483322 524.552063 159.118744 703.075012 427.566467 439.659363 330.631256 
frame00418.jpg 337.852722 219.483322 524.552063 159.118744 703.075012 427.566467 439.659363 330.631256 
frame00419.jpg 390.104034 127.958710 853.055786 -78.277580 720.629150 425.906860 385.730438 365.403931 
frame00420.jpg 396.309326 129.063385 646.611206 60.831558 653.255920 387.796356 362.856110 411.824463 
frame00421.jpg 396.309326 129.063385 646.611206 60.831558 653.255920 387.796356 362.856110 411.824463 
frame00422.jpg 396.309326 129.063385 646.611206 60.831558 653.255920 387.796356 362.856110 411.824463 
frame00423.jpg 396.309326 129.063385 646.611206 60.831558 653.255920 387.796356 362.856110 411.824463 
frame00424.jpg 396.309326 129.063385 646.611206 60.831558 653.255920 387.796356 362.856110 411.824463 
frame00425.jpg 396.309326 129.063385 646.611206 60.831558 653.255920 387.796356 362.856110 411.824463 
frame00426.jpg 396.309326 129.063385 646.611206 60.831558 653.255920 387.796356 362.856110 411.824463 
frame00427.jpg 396.309326 129.063385 646.611206 60.831558 653.255920 387.796356 362.856110 411.824463 
frame00428.jpg 372.675934 90.417992 611.142090 118.678627 617.874939 370.057983 362.303223 353.163605 
frame00429.jpg 372.675934 90.417992 611.142090 118.678627 617.874939 370.057983 362.303223 353.163605 
frame00430.jpg 372.675934 90.417992 611.142090 118.678627 617.874939 370.057983 362.303223 353.163605 
frame00431.jpg 366.104767 86.335968 606.260254 117.505890 609.679443 361.699554 357.180054 354.083435 
frame00432.jpg 364.420227 85.387215 605.484924 119.072823 608.549744 360.242218 355.955872 355.813171 
frame00433.jpg 364.420227 85.387215 605.484924 119.072823 608.549744 360.242218 355.955872 355.813171 
frame00434.jpg 364.420227 85.387215 605.484924 119.072823 608.549744 360.242218 355.955872 355.813171 
frame00435.jpg 379.265594 113.881317 637.358032 23.442083 662.374207 369.787903 369.044708 359.502869 
frame00436.jpg 364.154968 86.596550 603.654480 112.267670 605.609375 360.202148 356.012054 354.825897 
frame00437.jpg 360.637817 82.935997 600.695923 115.067703 602.645203 357.675171 352.121979 353.296539 
frame00438.jpg 360.319733 101.335365 863.731323 -51.779423 695.496460 377.953613 368.445313 306.523285 
frame00439.jpg 360.319733 101.335365 863.731323 -51.779423 695.496460 377.953613 368.445313 306.523285 
frame00440.jpg 354.620972 74.901009 598.896484 112.619087 596.812195 357.668701 340.003662 343.762390 
frame00441.jpg 350.710205 70.969795 597.451721 112.285057 593.752625 357.771149 333.384430 340.848572 
frame00442.jpg 346.560638 68.647438 595.609863 110.991562 589.233032 358.953278 326.718414 337.742706 
frame00443.jpg 339.964355 63.714542 593.034058 112.012756 581.134583 360.991943 316.859436 335.522156 
frame00444.jpg 333.131714 63.964279 589.777100 112.953415 576.773743 365.608826 306.170044 333.856873 
frame00445.jpg 325.522614 61.017254 585.424011 114.378548 568.328613 369.342651 294.329498 332.076019 
frame00446.jpg 317.290558 61.499371 579.880981 116.211426 560.907227 373.588165 283.135681 331.416656 
frame00447.jpg 308.005157 60.863281 575.012329 117.825043 552.727783 377.118561 272.858215 330.574158 
frame00448.jpg 300.166351 61.481003 569.856384 119.164658 543.974060 380.602570 263.355042 330.957703 
frame00449.jpg 291.344696 60.316868 564.594727 120.066597 535.550293 384.588745 254.020370 331.183105 
frame00450.jpg 283.935516 61.664494 558.380249 122.897537 527.753479 388.244110 244.786911 331.551086 
frame00451.jpg 276.535156 62.666740 552.548035 124.532593 520.054260 390.988403 236.741837 332.088593 
frame00452.jpg 269.057404 63.044014 546.031433 126.344238 512.119263 393.529602 228.957916 333.337311 
frame00453.jpg 261.136108 65.234703 540.144226 128.469131 505.065765 397.127289 222.057449 334.676147 
frame00454.jpg 254.976959 68.421700 532.876892 130.914108 497.918457 400.156281 215.910538 336.376221 
frame00455.jpg 247.671875 68.616531 526.771973 132.826843 490.522888 401.894653 209.786575 337.699738 
frame00456.jpg 241.752670 72.143181 520.389832 134.744141 484.883240 405.287872 204.124237 339.588562 
frame00457.jpg 235.850891 73.598038 515.812988 136.143723 478.210449 407.957611 199.950851 341.073303 
frame00458.jpg 230.044174 75.721878 508.602661 139.110870 472.510101 410.495697 194.962753 343.855652 
frame00459.jpg 223.593948 77.266502 502.934204 142.419632 467.720825 414.116302 190.835892 345.369446 
frame00460.jpg 219.088104 83.882706 497.761719 145.918823 463.988129 418.599487 186.954880 348.872040 
frame00461.jpg 212.306000 86.826973 493.568878 149.214355 459.783234 421.832367 183.878326 352.340210 
frame00462.jpg 208.369125 89.918427 490.240204 152.338516 456.427643 424.152924 182.153519 354.301697 
frame00463.jpg 205.702438 93.925056 486.638977 155.150696 455.522705 427.830811 180.000320 357.850128 
frame00464.jpg 202.442245 97.590096 484.865601 156.905746 454.701599 427.938232 179.359787 361.206818 
frame00465.jpg 201.350037 101.274643 483.155640 157.447876 455.344330 429.770264 180.280045 364.552734 
frame00466.jpg 198.837646 105.178902 482.166931 158.142227 456.850616 429.942017 181.178345 369.071991 
frame00467.jpg 198.243942 109.827263 482.304871 158.908844 458.713135 431.751862 183.508499 372.916260 
frame00468.jpg 197.275177 114.123192 482.557739 158.864090 461.336792 431.411255 184.514420 378.770782 
frame00469.jpg 196.106735 119.129517 483.203613 159.103683 464.095947 431.145844 187.362305 384.003204 
frame00470.jpg 195.799301 124.437119 483.412964 158.307327 467.103882 430.410919 188.979904 389.395355 
frame00471.jpg 195.867615 128.845917 483.345703 158.631363 471.131104 429.187836 189.766647 394.451385 
frame00472.jpg 198.378677 130.561600 486.056488 155.104568 476.698883 425.389099 193.991058 397.827057 
frame00473.jpg 202.387115 132.569275 488.806824 150.763626 482.205841 420.264404 198.504288 401.126740 
frame00474.jpg 205.799332 134.792877 491.985413 147.738403 487.586090 415.931427 203.765976 403.876892 
frame00475.jpg 209.574020 136.499405 495.621887 146.311951 493.180206 412.770935 209.473770 408.307190 
frame00476.jpg 214.936157 139.035522 499.802612 145.943771 499.957428 410.445038 216.322021 411.757782 
frame00477.jpg 221.764755 142.365936 503.832703 145.733414 506.718719 408.084656 223.959427 416.845917 
frame00478.jpg 228.526840 146.018616 509.274475 146.147354 513.967651 406.134857 232.967896 421.463928 
frame00479.jpg 236.490921 149.590958 514.353027 146.557083 520.177551 403.953522 242.979858 425.988953 
frame00480.jpg 246.226959 153.091156 520.174866 147.715866 526.383972 403.954071 253.455933 428.448669 
frame00481.jpg 254.778473 155.991272 526.032410 150.095520 532.135742 403.456818 261.824890 432.999542 
frame00482.jpg 263.657806 158.330994 532.712219 153.105621 537.992920 404.881134 270.060028 435.932220 
frame00483.jpg 273.158264 160.446106 538.810425 156.285477 543.660889 407.296997 277.723633 438.238373 
frame00484.jpg 281.759094 161.128891 546.803894 158.128296 549.101624 408.917572 285.935730 438.950592 
frame00485.jpg 291.464935 162.881409 552.416382 161.755447 555.317993 410.429108 292.494507 440.373749 
frame00486.jpg 300.252808 163.895401 559.966980 162.966721 559.913818 411.969391 300.899841 438.899017 
frame00487.jpg 308.365417 164.796097 566.008301 164.398010 563.842651 413.738434 307.718536 441.230377 
frame00488.jpg 315.677643 166.799622 570.996948 169.196732 569.354919 415.931824 312.478363 443.672058 
frame00489.jpg 321.531555 167.796173 578.601379 170.437363 571.779602 417.875275 320.027466 446.392212 
frame00490.jpg 329.217682 172.430069 581.770325 176.600082 577.701904 422.538300 323.710632 450.032532 
frame00491.jpg 334.056854 174.330658 586.546326 177.426041 581.866272 425.431183 328.953125 451.261505 
frame00492.jpg 336.414764 172.930954 587.337402 180.616959 584.749146 427.828979 331.718170 450.873291 
frame00493.jpg 339.796539 171.910843 587.498901 184.366196 587.615417 432.016876 332.627899 450.160400 
frame00494.jpg 341.341034 170.587555 588.424194 188.670670 590.590271 435.908752 333.395996 448.729675 
frame00495.jpg 343.379395 169.237762 589.609924 192.983353 594.789673 441.496948 334.724213 446.512299 
frame00496.jpg 346.071564 168.432190 590.552307 198.677094 600.415405 444.988251 337.295959 444.260193 
frame00497.jpg 348.262695 168.063477 592.818909 201.693253 605.996155 445.929108 343.758057 440.648956 
frame00498.jpg 348.262695 168.063477 592.818909 201.693253 605.996155 445.929108 343.758057 440.648956 
frame00499.jpg 354.401917 173.534805 591.226501 206.438248 615.856445 445.462799 349.991577 439.921082 
frame00500.jpg 355.798798 175.569672 590.927979 207.141144 617.738220 444.120453 354.026184 437.968231 
frame00501.jpg 354.794769 176.488525 588.319824 207.742859 619.517273 441.226654 358.307770 437.447418 
frame00502.jpg 354.910065 178.580841 586.509888 208.000214 621.774109 438.255920 359.662872 433.311096 
frame00503.jpg 354.910065 178.580841 586.509888 208.000214 621.774109 438.255920 359.662872 433.311096 
frame00504.jpg 354.910065 178.580841 586.509888 208.000214 621.774109 438.255920 359.662872 433.311096 
frame00505.jpg 349.452759 175.058655 577.129639 203.763458 623.953674 421.694702 367.456451 420.133514 
frame00506.jpg 347.382263 174.233047 575.505859 201.872711 624.108398 416.468781 367.109039 416.236816 
frame00507.jpg 330.237823 158.531219 478.457275 146.333237 633.894287 402.853912 512.462952 386.504211 
frame00508.jpg 556.006348 167.924927 552.654419 233.556473 615.247070 -41.783413 506.962311 163.303680 
frame00509.jpg 342.133209 167.557739 573.191833 195.127472 618.241577 404.197083 365.528229 407.684052 
frame00510.jpg 342.133209 167.557739 573.191833 195.127472 618.241577 404.197083 365.528229 407.684052 
frame00511.jpg 343.365326 162.739487 569.701660 191.564423 618.916504 402.490021 361.608398 401.924164 
frame00512.jpg 343.365326 162.739487 569.701660 191.564423 618.916504 402.490021 361.608398 401.924164 
frame00513.jpg 257.454529 148.553802 731.793701 204.363373 764.361755 401.623871 277.418884 388.205780 
frame00514.jpg 318.526642 174.622406 915.498840 97.608887 894.486328 435.751526 334.784088 369.424164 
frame00515.jpg 350.111664 165.092667 600.221313 173.270645 665.022217 446.753387 369.524078 385.560486 
frame00516.jpg 351.129028 170.800247 611.945374 153.436401 697.679810 452.243225 373.614258 387.129211 
frame00517.jpg 341.410034 168.341690 1020.939697 -274.332062 823.625366 451.255707 385.611511 380.173065 
frame00518.jpg 345.130341 163.240509 561.507141 165.155701 619.887756 381.801849 378.670563 402.937592 
frame00519.jpg 343.404144 158.955383 551.758057 171.816406 609.368713 372.852448 384.170624 405.735413 
frame00520.jpg 343.735229 160.006149 551.766663 166.510254 615.639282 368.219910 391.243713 405.316437 
frame00521.jpg 335.613342 158.258408 551.345642 169.673767 615.269165 355.867493 393.037170 406.558655 
frame00522.jpg 339.923676 163.072632 550.363464 159.201431 621.634399 351.666534 402.733521 403.041870 
frame00523.jpg 340.067505 163.574448 548.259033 156.704605 624.122131 347.227539 407.784912 399.353546 
frame00524.jpg 343.411743 167.519043 546.303955 157.289520 629.500305 345.394012 408.440430 396.828033 
frame00525.jpg 343.411743 167.519043 546.303955 157.289520 629.500305 345.394012 408.440430 396.828033 
frame00526.jpg 346.927643 173.417847 764.802673 -30.972084 857.335999 424.195587 405.999756 360.665833 
frame00527.jpg 346.927643 173.417847 764.802673 -30.972084 857.335999 424.195587 405.999756 360.665833 
frame00528.jpg 346.927643 173.417847 764.802673 -30.972084 857.335999 424.195587 405.999756 360.665833 
frame00529.jpg 419.160065 329.113129 649.621643 341.008636 412.485260 333.565094 455.265808 325.826782 
frame00530.jpg 337.224915 159.658768 557.443420 173.771164 630.973267 348.442902 384.078156 368.707397 
frame00531.jpg 344.116425 166.326050 594.669556 128.111740 667.315979 362.440796 393.563385 355.931946 
frame00532.jpg 344.116425 166.326050 594.669556 128.111740 667.315979 362.440796 393.563385 355.931946 
frame00533.jpg 344.116425 166.326050 594.669556 128.111740 667.315979 362.440796 393.563385 355.931946 
frame00534.jpg 344.116425 166.326050 594.669556 128.111740 667.315979 362.440796 393.563385 355.931946 
frame00535.jpg 344.116425 166.326050 594.669556 128.111740 667.315979 362.440796 393.563385 355.931946 
frame00536.jpg 344.116425 166.326050 594.669556 128.111740 667.315979 362.440796 393.563385 355.931946 
frame00537.jpg 344.116425 166.326050 594.669556 128.111740 667.315979 362.440796 393.563385 355.931946 
frame00538.jpg 344.116425 166.326050 594.669556 128.111740 667.315979 362.440796 393.563385 355.931946 
frame00539.jpg 344.116425 166.326050 594.669556 128.111740 667.315979 362.440796 393.563385 355.931946 
frame00540.jpg 344.116425 166.326050 594.669556 128.111740 667.315979 362.440796 393.563385 355.931946 
frame00541.jpg 344.116425 166.326050 594.669556 128.111740 667.315979 362.440796 393.563385 355.931946 
frame00542.jpg 344.116425 166.326050 594.669556 128.111740 667.315979 362.440796 393.563385 355.931946 
frame00543.jpg 344.116425 166.326050 594.669556 128.111740 667.315979 362.440796 393.563385 355.931946 
frame00544.jpg 344.116425 166.326050 594.669556 128.111740 667.315979 362.440796 393.563385 355.931946 
frame00545.jpg 344.116425 166.326050 594.669556 128.111740 667.315979 362.440796 393.563385 355.931946 
frame00546.jpg 344.116425 166.326050 594.669556 128.111740 667.315979 362.440796 393.563385 355.931946 
frame00547.jpg 344.116425 166.326050 594.669556 128.111740 667.315979 362.440796 393.563385 355.931946 
frame00548.jpg 344.116425 166.326050 594.669556 128.111740 667.315979 362.440796 393.563385 355.931946 
frame00549.jpg 344.116425 166.326050 594.669556 128.111740 667.315979 362.440796 393.563385 355.931946 
frame00550.jpg 344.116425 166.326050 594.669556 128.111740 667.315979 362.440796 393.563385 355.931946 
frame00551.jpg 344.116425 166.326050 594.669556 128.111740 667.315979 362.440796 393.563385 355.931946 
frame00552.jpg 370.599152 101.387413 547.011230 260.459686 579.136108 434.042511 99.919312 71.378975 
frame00553.jpg 341.025513 100.250648 1061.310913 -230.535080 677.055786 202.350327 237.221985 312.856110 
frame00554.jpg 369.101837 65.913208 592.004822 231.373764 514.849976 442.637878 255.260315 227.867493 
frame00555.jpg 369.420502 62.141964 590.561829 237.088303 504.030487 445.865814 251.732208 227.261948 
frame00556.jpg 371.310120 59.944061 587.717651 243.452042 494.184235 453.748657 248.380768 225.345016 
frame00557.jpg 371.725159 58.884918 586.624207 249.468811 486.684753 459.875824 247.910187 224.345001 
frame00558.jpg 373.006531 56.132832 585.108826 255.702515 480.382172 465.074402 243.993958 222.684113 
frame00559.jpg 374.367859 55.076725 583.226929 261.737701 475.401733 468.780151 243.664017 222.066864 
frame00560.jpg 376.488220 55.650890 583.083496 268.199677 470.553253 474.367950 241.913071 222.827179 
frame00561.jpg 378.312012 56.498894 582.635315 275.542419 465.887756 483.079712 241.705109 224.126785 
frame00562.jpg 379.087555 56.472446 580.627747 283.146271 461.591705 489.574371 239.533920 226.503296 
frame00563.jpg 380.555450 57.544201 579.794922 290.365265 457.662994 498.088287 240.223572 229.684998 
frame00564.jpg 379.966522 58.202557 579.222534 297.078217 455.004181 504.138885 238.840927 235.355240 
frame00565.jpg 379.825409 60.343880 577.626465 303.393402 452.780884 508.827637 236.567200 240.544037 
frame00566.jpg 378.878326 61.362610 577.286926 307.391968 451.226227 512.191956 235.654221 248.189789 
frame00567.jpg 376.905701 66.379128 577.136841 310.855255 450.817322 516.584473 235.433090 256.583008 
frame00568.jpg 374.600006 68.248497 576.641724 313.588989 451.432922 517.605896 234.094849 266.852173 
frame00569.jpg 371.729401 73.009918 576.504272 314.168976 453.000183 516.847900 233.261063 276.483429 
frame00570.jpg 368.663422 75.353600 576.459290 312.827087 454.726746 512.865234 233.725327 287.655426 
frame00571.jpg 365.708618 81.004028 575.853088 311.038788 458.406189 510.087616 232.920807 297.439941 
frame00572.jpg 363.045929 85.786148 575.287659 308.060822 463.004028 506.889465 233.260483 307.602753 
frame00573.jpg 362.812500 93.246384 577.236877 304.769989 467.212708 505.708527 237.615219 315.943054 
frame00574.jpg 361.730042 98.297462 579.029480 300.199921 472.157257 500.813232 240.285156 326.335419 
frame00575.jpg 360.572815 103.673302 582.425842 294.178497 479.152924 497.365601 247.393692 334.788879 
frame00576.jpg 361.207642 107.257919 584.849731 286.924469 485.855927 492.703339 249.853134 343.003601 
frame00577.jpg 360.765015 108.696411 586.942200 279.294525 492.372162 487.331940 254.696716 349.533234 
frame00578.jpg 360.039703 110.498741 588.319885 271.658081 498.021606 481.559662 258.148193 356.024017 
frame00579.jpg 358.444336 113.523872 590.153076 263.267120 503.390900 474.620087 263.609344 362.600708 
frame00580.jpg 357.160980 116.727478 590.993225 255.872055 507.607025 467.142487 266.863953 370.215179 
frame00581.jpg 356.197388 124.998833 591.754822 249.725647 512.060791 462.428345 272.446564 377.857697 
frame00582.jpg 354.608002 132.372116 592.756287 245.331436 515.269165 456.265228 275.481018 386.450226 
frame00583.jpg 353.848877 140.522507 593.542297 242.233917 517.479614 452.625427 278.571442 394.548096 
frame00584.jpg 353.131714 149.296219 594.116516 241.454391 518.286194 449.111298 280.927734 401.595490 
frame00585.jpg 352.575958 158.464920 595.154724 240.733673 520.333435 447.028931 282.613922 407.396301 
frame00586.jpg 351.940521 166.279282 595.657776 241.013672 520.786255 443.122192 284.620514 412.520935 
frame00587.jpg 351.803986 173.396561 598.153564 240.362091 522.473267 439.702209 285.467773 414.645325 
frame00588.jpg 351.880157 177.354019 598.578552 238.302750 523.310059 435.231232 286.863037 417.575897 
frame00589.jpg 351.052734 180.414642 600.755981 236.467361 523.239136 430.556213 288.841125 419.401642 
frame00590.jpg 352.969604 188.530960 601.591797 237.981323 524.369019 428.657349 288.714905 420.567871 
frame00591.jpg 352.742828 193.407562 602.431458 239.692001 522.117859 425.079712 289.924957 423.183044 
frame00592.jpg 354.385071 203.509338 605.171509 240.837494 522.528381 422.790619 291.237793 424.741089 
frame00593.jpg 356.269501 212.707733 605.827759 243.175583 522.727722 420.760620 289.983795 426.523071 
frame00594.jpg 355.429565 216.932327 607.057617 244.173645 523.226013 418.013763 290.456726 426.626923 
frame00595.jpg 356.664337 218.071762 608.006470 242.395035 523.452576 414.521271 289.306152 427.862823 
frame00596.jpg 356.664337 218.071762 608.006470 242.395035 523.452576 414.521271 289.306152 427.862823 
frame00597.jpg 359.131836 215.714188 609.238342 235.103897 524.029968 405.039917 295.418396 423.720367 
frame00598.jpg 361.959625 214.082230 612.948792 225.591339 527.517029 400.418488 299.751282 422.798340 
frame00599.jpg 364.066559 208.946884 612.622009 217.491974 530.388794 395.998047 304.117584 422.071686 
frame00600.jpg 367.359650 205.606567 612.582458 207.796997 532.914307 388.751892 308.107819 421.796814 
frame00601.jpg 369.112946 200.672394 616.124329 195.208679 533.271240 382.605713 315.851318 422.072327 
frame00602.jpg 369.112946 200.672394 616.124329 195.208679 533.271240 382.605713 315.851318 422.072327 
frame00603.jpg 369.112946 200.672394 616.124329 195.208679 533.271240 382.605713 315.851318 422.072327 
frame00604.jpg 369.112946 200.672394 616.124329 195.208679 533.271240 382.605713 315.851318 422.072327 
frame00605.jpg 369.112946 200.672394 616.124329 195.208679 533.271240 382.605713 315.851318 422.072327 
frame00606.jpg 369.112946 200.672394 616.124329 195.208679 533.271240 382.605713 315.851318 422.072327 
frame00607.jpg 369.112946 200.672394 616.124329 195.208679 533.271240 382.605713 315.851318 422.072327 
frame00608.jpg 369.112946 200.672394 616.124329 195.208679 533.271240 382.605713 315.851318 422.072327 
frame00609.jpg 369.112946 200.672394 616.124329 195.208679 533.271240 382.605713 315.851318 422.072327 
frame00610.jpg 369.112946 200.672394 616.124329 195.208679 533.271240 382.605713 315.851318 422.072327 
frame00611.jpg 369.112946 200.672394 616.124329 195.208679 533.271240 382.605713 315.851318 422.072327 
frame00612.jpg 369.112946 200.672394 616.124329 195.208679 533.271240 382.605713 315.851318 422.072327 
frame00613.jpg 369.112946 200.672394 616.124329 195.208679 533.271240 382.605713 315.851318 422.072327 
frame00614.jpg 369.112946 200.672394 616.124329 195.208679 533.271240 382.605713 315.851318 422.072327 
frame00615.jpg 369.112946 200.672394 616.124329 195.208679 533.271240 382.605713 315.851318 422.072327 
frame00616.jpg 369.112946 200.672394 616.124329 195.208679 533.271240 382.605713 315.851318 422.072327 
frame00617.jpg 369.112946 200.672394 616.124329 195.208679 533.271240 382.605713 315.851318 422.072327 
frame00618.jpg 369.112946 200.672394 616.124329 195.208679 533.271240 382.605713 315.851318 422.072327 
frame00619.jpg 369.112946 200.672394 616.124329 195.208679 533.271240 382.605713 315.851318 422.072327 
frame00620.jpg 369.112946 200.672394 616.124329 195.208679 533.271240 382.605713 315.851318 422.072327 
frame00621.jpg 369.112946 200.672394 616.124329 195.208679 533.271240 382.605713 315.851318 422.072327 
frame00622.jpg 369.112946 200.672394 616.124329 195.208679 533.271240 382.605713 315.851318 422.072327 
frame00623.jpg 369.112946 200.672394 616.124329 195.208679 533.271240 382.605713 315.851318 422.072327 
frame00624.jpg 369.112946 200.672394 616.124329 195.208679 533.271240 382.605713 315.851318 422.072327 
frame00625.jpg 369.112946 200.672394 616.124329 195.208679 533.271240 382.605713 315.851318 422.072327 
frame00626.jpg 369.112946 200.672394 616.124329 195.208679 533.271240 382.605713 315.851318 422.072327 
frame00627.jpg 369.112946 200.672394 616.124329 195.208679 533.271240 382.605713 315.851318 422.072327 
frame00628.jpg 369.112946 200.672394 616.124329 195.208679 533.271240 382.605713 315.851318 422.072327 
frame00629.jpg 369.112946 200.672394 616.124329 195.208679 533.271240 382.605713 315.851318 422.072327 
frame00630.jpg 369.112946 200.672394 616.124329 195.208679 533.271240 382.605713 315.851318 422.072327 
frame00631.jpg 368.991699 122.347252 571.992249 111.609047 551.096497 345.900848 353.835907 416.193085 
frame00632.jpg 357.351166 117.188660 569.059509 114.467155 551.381714 351.460266 340.923828 414.615356 
frame00633.jpg 345.496429 113.391098 568.437317 117.077431 551.442566 357.779938 330.436584 409.331696 
frame00634.jpg 334.493896 110.391350 567.248047 122.531113 550.398071 364.691467 317.638428 406.089417 
frame00635.jpg 324.431427 108.958084 568.126831 124.600121 548.544006 370.613159 307.421387 402.198730 
frame00636.jpg 314.966949 107.015053 566.576233 128.845764 547.430176 376.495026 296.067383 399.373932 
frame00637.jpg 306.066925 105.370926 565.355530 130.184631 546.014587 382.068268 287.566620 395.019135 
frame00638.jpg 297.178558 102.540970 564.538208 130.484009 542.925720 384.824310 279.154510 390.134613 
frame00639.jpg 289.272705 99.101311 560.192444 130.845093 540.151978 387.536499 269.186066 386.716919 
frame00640.jpg 281.101105 95.150703 555.960266 130.312393 536.207764 387.842865 261.061371 382.213165 
frame00641.jpg 274.817200 92.614792 551.934570 128.112656 532.748474 389.517578 255.129837 377.260559 
frame00642.jpg 267.406128 90.386909 546.791565 128.274719 527.801880 390.382996 246.846817 375.359985 
frame00643.jpg 261.427979 90.584824 541.403320 128.660629 522.738831 393.319061 239.449905 375.022278 
frame00644.jpg 254.459381 89.889435 535.737549 129.096924 517.164124 394.172699 232.220016 374.015930 
frame00645.jpg 247.324295 88.874023 530.346008 129.169830 512.234741 394.962372 225.132370 373.098846 
frame00646.jpg 241.162628 89.154160 524.337952 130.300690 506.418396 397.073456 218.410797 372.869263 
frame00647.jpg 235.070602 91.381973 519.459656 131.651291 501.332458 400.231079 212.806061 372.759338 
frame00648.jpg 229.709915 93.538422 514.120300 134.000717 496.435760 403.704834 205.299591 374.185242 
frame00649.jpg 223.622040 94.079941 509.616547 135.851913 489.865967 406.254944 199.049576 373.807892 
frame00650.jpg 217.818726 93.921768 504.264160 137.486923 484.034668 408.556946 191.599228 374.141663 
frame00651.jpg 212.680923 94.345779 499.311218 138.312042 477.917450 410.480286 185.589508 372.690765 
frame00652.jpg 207.837570 94.894562 494.013641 139.369003 471.839111 413.261871 179.912628 371.683624 
frame00653.jpg 202.890274 94.982918 488.510254 140.851089 464.986298 416.045898 173.506134 370.582947 
frame00654.jpg 197.067917 94.825974 482.409851 141.704712 458.222137 417.860168 167.421936 369.494751 
frame00655.jpg 192.425064 94.968811 476.684113 141.729599 451.007324 419.363708 162.840012 367.457794 
frame00656.jpg 187.790436 95.471825 469.866394 142.445114 444.602844 421.635498 158.120605 365.450256 
frame00657.jpg 183.454407 94.062447 463.607574 143.307480 436.675110 422.939636 152.896240 363.825745 
frame00658.jpg 179.569153 95.199753 457.410797 144.202133 430.064758 422.933594 148.133652 362.076538 
frame00659.jpg 177.325638 95.701126 452.145782 144.564987 423.579742 425.973877 145.576035 359.339142 
frame00660.jpg 173.444016 94.854439 445.782776 146.479660 415.123383 427.183350 141.544891 357.936462 
frame00661.jpg 173.444016 94.854439 445.782776 146.479660 415.123383 427.183350 141.544891 357.936462 
frame00662.jpg 169.446854 93.343727 433.707855 151.990295 398.402374 434.977417 134.706711 358.811737 
frame00663.jpg 166.584137 98.911308 428.010010 154.535446 393.872955 440.102570 136.063324 357.038330 
frame00664.jpg 166.131973 100.698143 423.595093 158.349731 386.499023 443.439758 133.688065 354.635101 
frame00665.jpg 164.138382 100.961540 417.277100 161.089737 379.164612 445.712402 130.397232 354.188873 
frame00666.jpg 162.490356 101.569977 413.103821 160.953613 374.313904 445.953735 130.573364 353.188263 
frame00667.jpg 162.490356 101.569977 413.103821 160.953613 374.313904 445.953735 130.573364 353.188263 
frame00668.jpg 162.490356 101.569977 413.103821 160.953613 374.313904 445.953735 130.573364 353.188263 
frame00669.jpg 162.490356 101.569977 413.103821 160.953613 374.313904 445.953735 130.573364 353.188263 
frame00670.jpg 162.490356 101.569977 413.103821 160.953613 374.313904 445.953735 130.573364 353.188263 
frame00671.jpg 162.490356 101.569977 413.103821 160.953613 374.313904 445.953735 130.573364 353.188263 
frame00672.jpg 162.490356 101.569977 413.103821 160.953613 374.313904 445.953735 130.573364 353.188263 
frame00673.jpg 162.490356 101.569977 413.103821 160.953613 374.313904 445.953735 130.573364 353.188263 
frame00674.jpg 162.490356 101.569977 413.103821 160.953613 374.313904 445.953735 130.573364 353.188263 
frame00675.jpg 162.490356 101.569977 413.103821 160.953613 374.313904 445.953735 130.573364 353.188263 
frame00676.jpg 162.490356 101.569977 413.103821 160.953613 374.313904 445.953735 130.573364 353.188263 
frame00677.jpg 162.490356 101.569977 413.103821 160.953613 374.313904 445.953735 130.573364 353.188263 
frame00678.jpg 162.490356 101.569977 413.103821 160.953613 374.313904 445.953735 130.573364 353.188263 
frame00679.jpg 195.832367 96.443100 406.123047 191.886810 319.420959 460.060760 113.709541 311.341980 
frame00680.jpg 203.988403 94.888611 409.581482 192.692764 318.422729 456.637634 113.599854 306.124939 
frame00681.jpg 210.746918 94.796143 415.062958 193.156143 317.890533 451.797791 115.431252 298.807983 
frame00682.jpg 217.521576 92.939453 418.231628 194.860901 316.520294 448.096069 116.251228 293.552795 
frame00683.jpg 221.243286 90.628258 423.753296 196.170044 315.561890 442.414856 118.874504 288.411682 
frame00684.jpg 226.989700 93.406555 424.296967 198.262207 317.204285 446.069733 119.490639 283.781158 
frame00685.jpg 230.784958 91.430702 429.036743 200.197403 317.009827 441.088989 120.501175 280.054688 
frame00686.jpg 235.896698 90.876694 431.156311 203.948639 317.893158 441.762054 120.776756 275.664276 
frame00687.jpg 239.173447 91.160492 434.729736 207.427475 320.345520 443.996216 122.208275 272.654724 
frame00688.jpg 243.977890 91.166725 439.616882 210.843002 321.841919 443.470123 124.701073 269.853821 
frame00689.jpg 248.519089 92.118759 443.194580 213.620590 325.277802 442.912323 127.369331 267.520233 
frame00690.jpg 252.626068 92.656311 448.102234 215.787445 330.564270 442.282990 130.214981 265.736755 
frame00691.jpg 256.622864 93.456215 454.570465 215.783676 337.447693 439.436554 134.637543 263.813232 
frame00692.jpg 261.510925 92.388718 460.584320 216.773727 344.322266 436.811951 138.012131 261.632538 
frame00693.jpg 265.613251 93.609680 466.232391 217.244415 353.634033 436.771545 141.920166 261.029633 
frame00694.jpg 269.159515 94.095520 472.855072 216.944519 363.494934 436.938385 146.331375 261.488342 
frame00695.jpg 273.453033 94.743477 479.138550 218.791748 370.736969 437.808594 150.518845 260.651550 
frame00696.jpg 276.534821 94.343544 484.331207 220.316605 378.026611 439.503967 153.215393 261.854675 
frame00697.jpg 278.988831 94.395470 489.405243 221.329086 386.991028 441.960144 157.207565 264.103760 
frame00698.jpg 282.535156 94.194283 494.706207 222.323074 394.327515 443.662140 161.177582 265.035706 
frame00699.jpg 286.538300 93.285004 500.055908 224.317902 400.726074 445.887512 165.879349 264.653107 
frame00700.jpg 289.438995 91.747231 506.663177 226.415298 407.822601 445.682068 170.420074 266.360992 
frame00701.jpg 293.898163 91.591774 512.551331 228.813339 416.959229 448.366852 175.702377 267.145630 
frame00702.jpg 299.461853 92.380219 519.655151 231.063126 426.708160 451.779327 182.302933 267.769775 
frame00703.jpg 305.667053 92.936256 527.509888 233.794876 437.809937 453.786957 190.015182 268.088531 
frame00704.jpg 312.414185 92.616760 535.807739 236.080856 451.054779 454.588043 198.708023 268.653320 
frame00705.jpg 320.475037 93.595352 545.088745 238.989487 465.365936 454.888824 208.688004 267.630005 
frame00706.jpg 329.293945 94.591515 554.455078 242.231216 479.107544 454.709412 219.510666 266.419189 
frame00707.jpg 338.330078 96.078911 562.580566 244.901794 494.719147 455.131989 231.319199 264.993134 
frame00708.jpg 346.643677 96.911530 570.734863 247.472488 509.102966 452.353363 244.471725 263.805603 
frame00709.jpg 355.574036 98.357033 577.581970 248.308746 524.170349 450.254517 258.141205 262.771790 
frame00710.jpg 362.725739 100.791328 581.987305 246.435013 541.496765 447.142212 271.649933 264.560547 
frame00711.jpg 362.725739 100.791328 581.987305 246.435013 541.496765 447.142212 271.649933 264.560547 
frame00712.jpg 381.189880 115.123619 646.764526 238.989899 612.564392 506.828400 319.651062 269.687347 
frame00713.jpg 381.189880 115.123619 646.764526 238.989899 612.564392 506.828400 319.651062 269.687347 
frame00714.jpg 387.424072 109.516510 724.604248 233.468857 615.913818 464.633392 349.005188 278.488922 
frame00715.jpg 396.077545 115.705292 684.784668 223.864639 641.610107 485.116089 351.313385 289.442902 
frame00716.jpg 400.446564 109.255302 616.943909 235.077240 604.206421 435.615234 348.949951 298.944946 
frame00717.jpg 400.446564 109.255302 616.943909 235.077240 604.206421 435.615234 348.949951 298.944946 
frame00718.jpg 400.446564 109.255302 616.943909 235.077240 604.206421 435.615234 348.949951 298.944946 
frame00719.jpg 400.446564 109.255302 616.943909 235.077240 604.206421 435.615234 348.949951 298.944946 
frame00720.jpg 400.446564 109.255302 616.943909 235.077240 604.206421 435.615234 348.949951 298.944946 
frame00721.jpg 400.446564 109.255302 616.943909 235.077240 604.206421 435.615234 348.949951 298.944946 
frame00722.jpg 400.446564 109.255302 616.943909 235.077240 604.206421 435.615234 348.949951 298.944946 
frame00723.jpg 440.083649 114.148964 642.074707 216.143600 648.129883 426.940155 408.238434 331.919098 
frame00724.jpg 440.083649 114.148964 642.074707 216.143600 648.129883 426.940155 408.238434 331.919098 
frame00725.jpg 440.083649 114.148964 642.074707 216.143600 648.129883 426.940155 408.238434 331.919098 
frame00726.jpg 440.083649 114.148964 642.074707 216.143600 648.129883 426.940155 408.238434 331.919098 
frame00727.jpg 447.351166 72.003662 656.549561 194.309830 643.498535 416.016785 416.805084 348.419708 
frame00728.jpg 447.351166 72.003662 656.549561 194.309830 643.498535 416.016785 416.805084 348.419708 
frame00729.jpg 447.351166 72.003662 656.549561 194.309830 643.498535 416.016785 416.805084 348.419708 
frame00730.jpg 447.351166 72.003662 656.549561 194.309830 643.498535 416.016785 416.805084 348.419708 
frame00731.jpg 447.351166 72.003662 656.549561 194.309830 643.498535 416.016785 416.805084 348.419708 
frame00732.jpg 447.351166 72.003662 656.549561 194.309830 643.498535 416.016785 416.805084 348.419708 
frame00733.jpg 447.351166 72.003662 656.549561 194.309830 643.498535 416.016785 416.805084 348.419708 
frame00734.jpg 447.351166 72.003662 656.549561 194.309830 643.498535 416.016785 416.805084 348.419708 
frame00735.jpg 447.351166 72.003662 656.549561 194.309830 643.498535 416.016785 416.805084 348.419708 
frame00736.jpg 447.351166 72.003662 656.549561 194.309830 643.498535 416.016785 416.805084 348.419708 
frame00737.jpg 447.351166 72.003662 656.549561 194.309830 643.498535 416.016785 416.805084 348.419708 
frame00738.jpg 447.351166 72.003662 656.549561 194.309830 643.498535 416.016785 416.805084 348.419708 
frame00739.jpg 447.351166 72.003662 656.549561 194.309830 643.498535 416.016785 416.805084 348.419708 
frame00740.jpg 639.257874 326.334717 580.071228 542.490723 621.710632 319.576202 744.833069 253.612350 
frame00741.jpg 604.561096 112.431847 787.522217 134.999054 579.123962 434.932312 348.410492 396.576660 
frame00742.jpg 604.561096 112.431847 787.522217 134.999054 579.123962 434.932312 348.410492 396.576660 
frame00743.jpg 366.282837 180.428345 556.595093 216.191208 654.130066 394.992065 410.893188 376.869843 
frame00744.jpg 421.574005 119.115524 648.239685 161.652115 621.018799 393.437714 390.020599 379.650635 
frame00745.jpg 415.945343 117.952400 645.264221 158.603210 618.160889 390.321716 385.576141 378.748474 
frame00746.jpg 410.799103 116.003036 641.367554 155.245377 614.348694 386.998932 381.322052 378.171570 
frame00747.jpg 406.733368 114.861954 637.377441 151.003738 613.926086 386.675812 378.218079 377.107880 
frame00748.jpg 400.759735 111.946121 635.031616 146.928024 610.445557 382.614471 374.077576 375.842377 
frame00749.jpg 396.465027 109.143402 634.617615 142.792923 606.043457 380.629059 370.877625 374.759949 
frame00750.jpg 392.024719 109.193367 628.460815 144.170227 603.392944 378.828979 364.989746 376.473877 
frame00751.jpg 386.576416 109.397926 625.110168 140.871841 600.954224 377.273376 362.409973 376.337524 
frame00752.jpg 381.625244 107.619293 620.158447 140.792282 597.814575 375.604279 356.722595 378.238556 
frame00753.jpg 376.936768 107.553368 620.753357 133.275375 594.217407 373.392334 357.664093 375.890594 
frame00754.jpg 371.821442 103.914665 617.651306 130.294342 590.785706 370.615570 354.239349 376.707520 
frame00755.jpg 368.830139 106.864471 609.078247 132.616440 590.562012 369.964691 349.368622 378.399139 
frame00756.jpg 365.574005 106.349075 606.396240 130.174118 588.529053 369.016571 348.120850 378.543945 
frame00757.jpg 362.679688 105.617531 606.332947 126.654221 586.843445 368.900574 346.994995 377.666809 
frame00758.jpg 361.162170 105.180222 602.531799 128.267426 584.919373 368.607117 343.637421 379.939697 
frame00759.jpg 358.721527 106.158585 597.945251 130.347351 583.238098 368.237854 341.169189 381.645447 
frame00760.jpg 356.704987 106.759972 597.651306 128.191467 582.100586 369.378632 341.532776 381.659027 
frame00761.jpg 354.866913 108.080490 595.852905 128.403183 580.411377 370.444977 338.739380 384.959259 
frame00762.jpg 352.316620 109.393967 593.731628 129.974747 578.419189 371.591217 336.439514 386.409088 
frame00763.jpg 348.833344 110.627068 592.602966 129.812195 577.124756 373.077789 334.032776 388.494110 
frame00764.jpg 344.455688 111.567101 589.289307 131.039993 574.238342 373.570251 330.585663 390.820557 
frame00765.jpg 340.035431 114.057419 586.177368 130.169571 571.590698 373.330139 327.133240 393.698212 
frame00766.jpg 335.382263 115.497925 581.874817 130.625595 569.056274 373.699188 323.818756 396.420288 
frame00767.jpg 330.236847 117.646065 578.349609 129.421463 567.192505 372.666199 321.408722 399.120636 
frame00768.jpg 327.489929 120.498978 574.743530 127.478020 565.063599 372.090240 318.936615 402.646149 
frame00769.jpg 322.892639 121.192635 571.931458 126.310654 561.396729 371.420654 316.788269 403.788635 
frame00770.jpg 317.855072 121.693008 567.975769 127.247246 557.634888 371.104767 311.286285 406.134277 
frame00771.jpg 313.608337 121.424492 565.005127 127.796967 555.024475 372.372070 307.946259 405.876221 
frame00772.jpg 310.403107 120.865746 563.079285 128.048004 553.470947 372.962341 303.582703 403.476074 
frame00773.jpg 306.690002 117.532074 563.153137 128.420959 553.353027 374.120636 299.025177 398.148254 
frame00774.jpg 304.131805 112.895699 564.929810 127.182121 556.031860 376.991058 295.102051 389.976440 
frame00775.jpg 301.458618 107.520561 567.558594 126.575981 558.126404 379.167053 290.394287 383.009674 
frame00776.jpg 300.376678 103.759758 570.007568 125.933029 558.878723 382.210175 287.324402 376.060486 
frame00777.jpg 300.138855 101.695740 571.049500 125.600693 558.540588 383.820770 284.887482 370.773285 
frame00778.jpg 298.195282 100.402992 571.498108 125.231171 557.781006 386.203125 281.997009 367.420929 
frame00779.jpg 297.861115 100.533836 571.702759 125.918869 556.897095 388.278656 279.873474 364.686798 
frame00780.jpg 297.862854 100.107338 572.049255 125.773819 556.489624 389.901794 279.902405 361.728638 
frame00781.jpg 298.049652 99.979599 572.016418 125.576096 555.521667 391.325684 279.070251 359.857117 
frame00782.jpg 296.558441 99.449005 570.848816 125.199593 553.746643 392.208710 277.588959 358.294861 
frame00783.jpg 294.671356 99.251266 568.921631 124.903481 550.917114 391.730194 275.419769 357.287628 
frame00784.jpg 291.482605 98.777550 566.341370 124.064293 548.879883 391.634155 273.694733 357.840698 
frame00785.jpg 289.573395 100.086243 564.146484 123.855247 547.788391 391.809814 271.825439 358.295105 
frame00786.jpg 288.875092 101.343727 563.220032 124.080917 547.144104 394.384430 271.617920 359.678040 
frame00787.jpg 286.927551 102.427101 562.801880 126.070229 545.519958 395.994446 269.867981 361.251007 
frame00788.jpg 284.790100 103.955833 561.053162 127.447479 543.897644 396.461365 268.378723 362.841278 
frame00789.jpg 282.508820 104.931412 558.833008 128.620346 541.844421 396.926056 266.591858 363.348358 
frame00790.jpg 280.275574 105.977257 555.528687 127.915855 538.980652 395.784943 265.000275 364.259796 
frame00791.jpg 276.663910 106.781532 551.813293 128.684402 535.959961 395.812622 261.409576 365.716827 
frame00792.jpg 273.633972 107.625435 548.539368 129.778351 533.299866 396.620636 258.263367 366.705566 
frame00793.jpg 271.383087 107.477592 546.736267 130.690903 530.514526 396.787659 255.844910 366.926910 
frame00794.jpg 269.280487 107.471062 543.952698 131.364792 529.212585 397.222626 253.909241 367.838318 
frame00795.jpg 268.404297 108.239578 543.162903 132.190598 527.493958 396.960968 253.885223 367.842102 
frame00796.jpg 267.394379 109.084450 541.284302 133.656952 526.578979 395.611664 253.064438 368.465698 
frame00797.jpg 267.263458 109.677734 539.835938 134.092590 526.029358 394.385712 253.321655 368.761993 
frame00798.jpg 267.560181 110.336639 538.314331 134.777954 524.281860 394.006012 252.354797 368.641693 
frame00799.jpg 265.729553 110.619743 535.481750 136.347122 521.075623 394.039581 248.999359 368.567566 
frame00800.jpg 262.236572 110.678368 532.003174 135.663437 518.586487 392.948730 247.662140 369.119659 
frame00801.jpg 260.697906 112.234245 530.304504 135.483688 516.934448 390.809052 247.790192 368.916962 
frame00802.jpg 260.282440 111.472656 528.912964 135.163757 514.344177 390.409729 247.266083 366.127563 
frame00803.jpg 260.464233 111.255302 527.619751 136.251740 512.720398 391.525299 246.222290 363.728333 
frame00804.jpg 260.947571 109.168350 527.495911 136.934921 511.063293 392.102783 245.674362 360.702362 
frame00805.jpg 261.449829 108.036316 527.098511 138.262375 509.603851 393.083801 244.507950 358.625916 
frame00806.jpg 261.694641 105.685867 527.143127 138.745087 508.021637 393.152863 244.134247 355.515686 
frame00807.jpg 262.407684 103.140007 528.494385 138.610352 507.691223 393.524048 244.362457 351.770905 
frame00808.jpg 264.157349 99.498428 529.921936 138.410110 507.571686 392.111938 244.396255 348.410767 
frame00809.jpg 265.499298 98.151657 531.071106 137.698456 507.638794 392.153595 245.829590 347.076263 
frame00810.jpg 264.957458 101.468300 529.617310 137.930893 506.844788 393.224609 246.459793 349.399353 
frame00811.jpg 261.553345 106.550850 525.758789 138.998184 504.500641 394.746887 245.230423 354.036774 
frame00812.jpg 257.411224 111.752083 519.912354 140.963470 500.482544 396.448242 242.672668 358.034821 
frame00813.jpg 251.458542 117.297768 512.790527 142.787766 496.938019 397.171234 239.003159 362.377655 
frame00814.jpg 246.784073 122.551109 506.368866 143.369492 493.089813 397.351349 236.140991 366.528687 
frame00815.jpg 242.411530 126.615852 501.079498 143.288803 490.339355 396.718506 234.000946 368.952332 
frame00816.jpg 239.597580 128.680084 497.178802 142.539749 488.326385 396.568970 232.654526 370.192291 
frame00817.jpg 237.982483 128.106537 496.012115 142.367279 486.901611 395.576721 231.267380 369.070831 
frame00818.jpg 237.700470 126.128525 495.009155 142.514999 486.171387 395.434570 229.781464 367.268433 
frame00819.jpg 238.219711 123.413956 495.825867 141.578690 485.424683 394.907593 229.793808 364.136139 
frame00820.jpg 238.030182 119.729660 497.025970 140.527283 484.553802 393.066589 229.326935 362.594330 
frame00821.jpg 239.074219 118.887093 497.084015 139.687515 485.542694 392.934723 229.429871 360.521973 
frame00822.jpg 239.484756 116.805466 497.273590 138.857758 485.539459 391.609192 229.161362 359.480347 
frame00823.jpg 240.517609 116.075500 497.782684 138.454330 485.729156 392.251282 230.377441 357.723236 
frame00824.jpg 240.936829 114.997505 497.987610 139.443848 484.907745 392.091217 229.488831 357.397003 
frame00825.jpg 241.857971 114.581970 498.960510 140.389236 484.825195 393.620209 230.558472 355.180298 
frame00826.jpg 242.760223 114.415802 499.596344 141.834152 483.836243 395.209991 231.034866 354.603760 
frame00827.jpg 242.741089 113.180115 500.265045 142.699066 484.014160 395.850616 230.265137 354.056671 
frame00828.jpg 243.625809 111.188530 501.713318 142.229950 484.067322 395.266479 230.729385 352.209351 
frame00829.jpg 244.602585 110.076378 502.988190 141.223602 484.992340 394.248901 230.477432 351.156677 
frame00830.jpg 244.408539 109.511871 503.924683 139.738724 486.223175 392.363159 231.677155 350.877747 
frame00831.jpg 246.287827 109.056419 504.307495 138.439651 487.597687 391.882324 230.863037 352.230865 
frame00832.jpg 245.101898 108.892815 505.012115 137.498886 487.664520 390.701935 232.518341 353.126068 
frame00833.jpg 246.054062 111.062149 505.282318 137.546204 488.702148 391.675964 233.599823 353.470398 
frame00834.jpg 245.630188 111.180344 504.064789 137.925278 489.749664 391.530487 232.222244 356.153198 
frame00835.jpg 244.549164 113.336548 504.117065 136.803726 490.453186 390.524506 233.308151 357.431122 
frame00836.jpg 243.754456 115.663986 503.193085 136.579910 490.825500 389.697113 233.379333 359.834198 
frame00837.jpg 243.198502 116.158035 502.683167 137.322678 490.903687 388.879211 232.795029 360.774017 
frame00838.jpg 243.442749 117.109276 502.344360 136.447052 491.314087 388.716675 233.163010 361.495758 
frame00839.jpg 243.683075 116.801682 502.456573 136.236786 491.246185 388.532349 233.374588 361.810822 
