frame ulx uly urx ury lrx lry llx lly
frame00000.jpg 291.000000 150.029999 564.059998 149.940002 564.059998 444.059998 291.029999 443.950012 
frame00001.jpg 291.313721 149.679398 564.457520 150.454956 563.952271 444.145355 291.680389 444.500122 
frame00002.jpg 292.038147 150.744507 565.101013 150.598145 565.689636 444.064270 292.552063 443.970917 
frame00003.jpg 293.474396 150.236618 567.474609 150.321655 565.506592 444.203674 292.887604 442.632477 
frame00004.jpg 292.848785 149.075668 565.467896 149.906769 564.765198 443.583130 291.681030 442.306366 
frame00005.jpg 291.723022 150.805710 565.448914 147.926498 563.817383 444.164032 291.439056 443.351593 
frame00006.jpg 290.366730 149.647156 564.432190 149.066528 563.139465 444.896027 291.132050 443.228912 
frame00007.jpg 290.716309 149.878235 564.059387 149.868469 563.790161 443.289642 292.010773 443.855408 
frame00008.jpg 293.023560 149.608612 565.656555 150.262360 565.405334 445.712860 292.982391 443.814941 
frame00009.jpg 292.197754 151.044815 565.719116 150.970612 564.839722 446.246521 292.494904 444.865082 
frame00010.jpg 291.511139 152.723358 564.533875 152.439270 564.183105 446.208313 291.236420 445.851532 
frame00011.jpg 290.649170 152.370270 564.447144 151.048523 564.519470 444.889740 291.649963 446.376282 
frame00012.jpg 292.454224 151.634277 564.533020 151.563110 564.749695 445.422882 291.315918 445.961121 
frame00013.jpg 291.026886 150.574524 564.453247 151.604630 563.336731 445.044617 292.402008 444.994476 
frame00014.jpg 291.519104 151.422043 565.049744 150.845825 565.164856 444.189697 292.219757 444.587860 
frame00015.jpg 292.596741 151.832596 566.442139 150.415176 565.627258 445.576019 293.811218 443.831207 
frame00016.jpg 292.326263 150.292877 566.136658 151.513336 565.834229 445.919861 292.751556 444.589355 
frame00017.jpg 293.876312 151.341461 565.634644 149.979370 565.146912 447.744293 294.567871 444.907501 
frame00018.jpg 293.723297 151.127548 566.131958 151.299332 565.451233 448.788849 301.115082 441.782043 
frame00019.jpg 296.422516 153.612885 568.382996 149.467957 566.603027 447.280853 304.711487 442.364716 
frame00020.jpg 302.189392 156.968292 573.501648 147.157242 570.702148 450.527283 304.861969 440.068787 
frame00021.jpg 296.475708 151.574615 574.811890 149.532227 568.316040 447.123260 296.119202 444.552795 
frame00022.jpg 297.176147 152.340012 573.180420 149.758560 568.500000 449.745270 294.945038 447.692261 
frame00023.jpg 299.596008 157.097839 578.765442 148.841965 565.147217 452.104248 288.533295 437.629974 
frame00024.jpg 302.934143 160.767746 578.885681 148.156082 565.252197 453.890076 291.429565 434.450989 
frame00025.jpg 300.343597 157.072937 576.951294 148.104401 566.730469 451.918823 295.406097 437.674713 
frame00026.jpg 298.803192 153.754425 575.711731 149.433929 569.011780 450.558502 301.165466 438.195190 
frame00027.jpg 294.387695 145.070190 571.410278 152.713272 567.914673 449.079590 301.709137 452.206757 
frame00028.jpg 300.661011 145.640945 577.154175 151.707962 567.899353 453.189240 295.803955 437.160858 
frame00029.jpg 302.567078 145.927994 580.100281 148.551834 568.820618 453.860596 295.864471 434.960297 
frame00030.jpg 302.737366 144.903442 579.864441 144.496078 565.337524 450.161102 300.187866 437.023285 
frame00031.jpg 316.556091 149.657654 583.316406 137.182800 567.875793 454.989594 317.194916 418.354462 
frame00032.jpg 299.073212 134.650146 579.995361 146.005554 565.947388 443.412750 298.902435 423.410767 
frame00033.jpg 285.364044 278.867523 604.327087 101.207901 547.362549 466.967590 251.495361 593.348633 
frame00034.jpg 304.052124 132.367218 587.388062 145.729691 563.934753 450.605103 297.893158 408.072174 
frame00035.jpg 318.269592 143.824310 608.168762 137.272293 545.530945 487.817047 260.657715 399.327728 
frame00036.jpg 318.269592 143.824310 608.168762 137.272293 545.530945 487.817047 260.657715 399.327728 
frame00037.jpg 373.955048 132.638535 554.617737 162.421188 6842.358398 24481.822266 -771.643799 1427.117554 
frame00038.jpg 373.955048 132.638535 554.617737 162.421188 6842.358398 24481.822266 -771.643799 1427.117554 
frame00039.jpg 285.121155 114.993515 594.143555 143.965500 554.491821 505.731384 154.997604 462.531189 
frame00040.jpg 347.213074 123.289200 592.550720 117.039703 544.838074 482.936371 304.815582 449.202148 
frame00041.jpg 309.232117 126.824333 590.592773 127.793671 570.094543 451.978546 302.970093 412.161652 
frame00042.jpg 370.432800 55.425159 543.949463 210.180267 1442.552979 1734.649536 -24.231876 19.319769 
frame00043.jpg 310.103210 128.668045 593.584167 127.378792 572.833923 456.789215 302.035370 416.637207 
frame00044.jpg 309.361542 126.725029 588.718689 130.096313 574.652893 454.034515 301.469788 417.758270 
frame00045.jpg 310.954468 125.358322 577.324890 136.500229 597.649658 502.127258 267.728424 473.076324 
frame00046.jpg 304.763580 128.898499 587.329407 135.259888 571.828064 456.447845 294.989563 423.581085 
frame00047.jpg 310.286591 134.498337 584.219177 134.153625 574.204224 460.643341 301.387573 426.408752 
frame00048.jpg 310.655853 140.626953 588.796326 128.380402 572.466553 458.291534 306.174469 421.901428 
frame00049.jpg 312.059753 139.268829 586.589905 130.008530 574.007141 459.050934 303.907776 424.227875 
frame00050.jpg 313.299835 138.391602 585.038330 129.110626 574.965088 457.178619 303.414886 422.354462 
frame00051.jpg 310.935242 136.945816 585.499390 124.043549 573.443481 453.071411 302.966187 423.679077 
frame00052.jpg 312.295410 134.412338 581.468506 123.883461 574.091003 450.300568 303.428680 426.270630 
frame00053.jpg 310.838257 136.179367 581.034058 118.215904 573.845764 446.679779 309.834595 421.884033 
frame00054.jpg 309.173737 136.909714 577.519958 114.951408 575.495361 441.504883 315.761932 423.976013 
frame00055.jpg 293.406616 145.434494 566.395874 113.295616 608.300720 631.728455 37.788067 784.893799 
frame00056.jpg 317.787079 149.736664 578.764954 99.322624 566.159058 441.360504 319.905426 412.541138 
frame00057.jpg 309.847656 149.377472 567.134949 98.153610 564.690857 440.074738 319.319244 423.568298 
frame00058.jpg 304.829193 149.786957 563.433289 102.275543 565.342468 437.881714 309.253784 431.883057 
frame00059.jpg 308.711182 159.165955 568.687500 94.724991 564.984680 442.700958 311.688110 418.451263 
frame00060.jpg 310.538818 158.437775 564.656250 96.293854 557.701416 444.015564 298.458557 426.863464 
frame00061.jpg 317.657043 78.284340 572.674744 193.129883 790.820679 1090.027710 31.222034 131.216415 
frame00062.jpg 317.657043 78.284340 572.674744 193.129883 790.820679 1090.027710 31.222034 131.216415 
frame00063.jpg 317.657043 78.284340 572.674744 193.129883 790.820679 1090.027710 31.222034 131.216415 
frame00064.jpg 317.657043 78.284340 572.674744 193.129883 790.820679 1090.027710 31.222034 131.216415 
frame00065.jpg 227.303162 120.728096 543.340149 124.761971 555.855164 437.479004 46.293564 582.170715 
frame00066.jpg 227.303162 120.728096 543.340149 124.761971 555.855164 437.479004 46.293564 582.170715 
frame00067.jpg 227.303162 120.728096 543.340149 124.761971 555.855164 437.479004 46.293564 582.170715 
frame00068.jpg 159.695114 35.454384 619.639404 172.390915 453.837891 330.181885 -38.750507 157.856964 
frame00069.jpg 159.695114 35.454384 619.639404 172.390915 453.837891 330.181885 -38.750507 157.856964 
frame00070.jpg 159.695114 35.454384 619.639404 172.390915 453.837891 330.181885 -38.750507 157.856964 
frame00071.jpg 159.695114 35.454384 619.639404 172.390915 453.837891 330.181885 -38.750507 157.856964 
frame00072.jpg 159.695114 35.454384 619.639404 172.390915 453.837891 330.181885 -38.750507 157.856964 
frame00073.jpg 159.695114 35.454384 619.639404 172.390915 453.837891 330.181885 -38.750507 157.856964 
frame00074.jpg 159.695114 35.454384 619.639404 172.390915 453.837891 330.181885 -38.750507 157.856964 
frame00075.jpg 159.695114 35.454384 619.639404 172.390915 453.837891 330.181885 -38.750507 157.856964 
frame00076.jpg 159.695114 35.454384 619.639404 172.390915 453.837891 330.181885 -38.750507 157.856964 
frame00077.jpg 159.695114 35.454384 619.639404 172.390915 453.837891 330.181885 -38.750507 157.856964 
frame00078.jpg 159.695114 35.454384 619.639404 172.390915 453.837891 330.181885 -38.750507 157.856964 
frame00079.jpg 159.695114 35.454384 619.639404 172.390915 453.837891 330.181885 -38.750507 157.856964 
frame00080.jpg 159.695114 35.454384 619.639404 172.390915 453.837891 330.181885 -38.750507 157.856964 
frame00081.jpg 159.695114 35.454384 619.639404 172.390915 453.837891 330.181885 -38.750507 157.856964 
frame00082.jpg 159.695114 35.454384 619.639404 172.390915 453.837891 330.181885 -38.750507 157.856964 
frame00083.jpg 159.695114 35.454384 619.639404 172.390915 453.837891 330.181885 -38.750507 157.856964 
frame00084.jpg 159.695114 35.454384 619.639404 172.390915 453.837891 330.181885 -38.750507 157.856964 
frame00085.jpg 159.695114 35.454384 619.639404 172.390915 453.837891 330.181885 -38.750507 157.856964 
frame00086.jpg 159.695114 35.454384 619.639404 172.390915 453.837891 330.181885 -38.750507 157.856964 
frame00087.jpg 159.695114 35.454384 619.639404 172.390915 453.837891 330.181885 -38.750507 157.856964 
frame00088.jpg 159.695114 35.454384 619.639404 172.390915 453.837891 330.181885 -38.750507 157.856964 
frame00089.jpg 159.695114 35.454384 619.639404 172.390915 453.837891 330.181885 -38.750507 157.856964 
frame00090.jpg 159.695114 35.454384 619.639404 172.390915 453.837891 330.181885 -38.750507 157.856964 
frame00091.jpg 159.695114 35.454384 619.639404 172.390915 453.837891 330.181885 -38.750507 157.856964 
frame00092.jpg 159.695114 35.454384 619.639404 172.390915 453.837891 330.181885 -38.750507 157.856964 
frame00093.jpg 159.695114 35.454384 619.639404 172.390915 453.837891 330.181885 -38.750507 157.856964 
frame00094.jpg 159.695114 35.454384 619.639404 172.390915 453.837891 330.181885 -38.750507 157.856964 
frame00095.jpg 159.695114 35.454384 619.639404 172.390915 453.837891 330.181885 -38.750507 157.856964 
frame00096.jpg 159.695114 35.454384 619.639404 172.390915 453.837891 330.181885 -38.750507 157.856964 
frame00097.jpg 159.695114 35.454384 619.639404 172.390915 453.837891 330.181885 -38.750507 157.856964 
frame00098.jpg 159.695114 35.454384 619.639404 172.390915 453.837891 330.181885 -38.750507 157.856964 
frame00099.jpg 159.695114 35.454384 619.639404 172.390915 453.837891 330.181885 -38.750507 157.856964 
frame00100.jpg 159.695114 35.454384 619.639404 172.390915 453.837891 330.181885 -38.750507 157.856964 
frame00101.jpg 159.695114 35.454384 619.639404 172.390915 453.837891 330.181885 -38.750507 157.856964 
frame00102.jpg 159.695114 35.454384 619.639404 172.390915 453.837891 330.181885 -38.750507 157.856964 
frame00103.jpg 159.695114 35.454384 619.639404 172.390915 453.837891 330.181885 -38.750507 157.856964 
frame00104.jpg 159.695114 35.454384 619.639404 172.390915 453.837891 330.181885 -38.750507 157.856964 
frame00105.jpg 159.695114 35.454384 619.639404 172.390915 453.837891 330.181885 -38.750507 157.856964 
frame00106.jpg 159.695114 35.454384 619.639404 172.390915 453.837891 330.181885 -38.750507 157.856964 
frame00107.jpg 159.695114 35.454384 619.639404 172.390915 453.837891 330.181885 -38.750507 157.856964 
frame00108.jpg 159.695114 35.454384 619.639404 172.390915 453.837891 330.181885 -38.750507 157.856964 
frame00109.jpg 159.695114 35.454384 619.639404 172.390915 453.837891 330.181885 -38.750507 157.856964 
frame00110.jpg 159.695114 35.454384 619.639404 172.390915 453.837891 330.181885 -38.750507 157.856964 
frame00111.jpg 159.695114 35.454384 619.639404 172.390915 453.837891 330.181885 -38.750507 157.856964 
frame00112.jpg 159.695114 35.454384 619.639404 172.390915 453.837891 330.181885 -38.750507 157.856964 
frame00113.jpg 159.695114 35.454384 619.639404 172.390915 453.837891 330.181885 -38.750507 157.856964 
frame00114.jpg 159.695114 35.454384 619.639404 172.390915 453.837891 330.181885 -38.750507 157.856964 
frame00115.jpg 159.695114 35.454384 619.639404 172.390915 453.837891 330.181885 -38.750507 157.856964 
frame00116.jpg 159.695114 35.454384 619.639404 172.390915 453.837891 330.181885 -38.750507 157.856964 
frame00117.jpg 159.695114 35.454384 619.639404 172.390915 453.837891 330.181885 -38.750507 157.856964 
frame00118.jpg 159.695114 35.454384 619.639404 172.390915 453.837891 330.181885 -38.750507 157.856964 
frame00119.jpg 159.695114 35.454384 619.639404 172.390915 453.837891 330.181885 -38.750507 157.856964 
frame00120.jpg 159.695114 35.454384 619.639404 172.390915 453.837891 330.181885 -38.750507 157.856964 
frame00121.jpg 159.695114 35.454384 619.639404 172.390915 453.837891 330.181885 -38.750507 157.856964 
frame00122.jpg 159.695114 35.454384 619.639404 172.390915 453.837891 330.181885 -38.750507 157.856964 
frame00123.jpg 159.695114 35.454384 619.639404 172.390915 453.837891 330.181885 -38.750507 157.856964 
frame00124.jpg 159.695114 35.454384 619.639404 172.390915 453.837891 330.181885 -38.750507 157.856964 
frame00125.jpg 362.589264 137.153030 591.053223 192.746017 466.582947 525.365906 51.123421 492.515747 
frame00126.jpg 362.589264 137.153030 591.053223 192.746017 466.582947 525.365906 51.123421 492.515747 
frame00127.jpg 362.589264 137.153030 591.053223 192.746017 466.582947 525.365906 51.123421 492.515747 
frame00128.jpg 362.589264 137.153030 591.053223 192.746017 466.582947 525.365906 51.123421 492.515747 
frame00129.jpg 362.589264 137.153030 591.053223 192.746017 466.582947 525.365906 51.123421 492.515747 
frame00130.jpg 362.589264 137.153030 591.053223 192.746017 466.582947 525.365906 51.123421 492.515747 
frame00131.jpg 362.589264 137.153030 591.053223 192.746017 466.582947 525.365906 51.123421 492.515747 
frame00132.jpg 308.564484 116.764267 568.943115 180.163391 526.611816 432.614899 319.124817 370.250000 
frame00133.jpg 308.564484 116.764267 568.943115 180.163391 526.611816 432.614899 319.124817 370.250000 
frame00134.jpg 308.564484 116.764267 568.943115 180.163391 526.611816 432.614899 319.124817 370.250000 
frame00135.jpg 308.564484 116.764267 568.943115 180.163391 526.611816 432.614899 319.124817 370.250000 
frame00136.jpg 308.564484 116.764267 568.943115 180.163391 526.611816 432.614899 319.124817 370.250000 
frame00137.jpg 308.564484 116.764267 568.943115 180.163391 526.611816 432.614899 319.124817 370.250000 
frame00138.jpg 308.564484 116.764267 568.943115 180.163391 526.611816 432.614899 319.124817 370.250000 
frame00139.jpg 308.564484 116.764267 568.943115 180.163391 526.611816 432.614899 319.124817 370.250000 
frame00140.jpg 308.564484 116.764267 568.943115 180.163391 526.611816 432.614899 319.124817 370.250000 
frame00141.jpg 308.564484 116.764267 568.943115 180.163391 526.611816 432.614899 319.124817 370.250000 
frame00142.jpg 313.606720 74.891182 527.438599 184.955612 509.309692 439.231598 274.609619 392.794006 
frame00143.jpg 313.606720 74.891182 527.438599 184.955612 509.309692 439.231598 274.609619 392.794006 
frame00144.jpg 313.606720 74.891182 527.438599 184.955612 509.309692 439.231598 274.609619 392.794006 
frame00145.jpg 313.606720 74.891182 527.438599 184.955612 509.309692 439.231598 274.609619 392.794006 
frame00146.jpg 313.606720 74.891182 527.438599 184.955612 509.309692 439.231598 274.609619 392.794006 
frame00147.jpg 313.606720 74.891182 527.438599 184.955612 509.309692 439.231598 274.609619 392.794006 
frame00148.jpg 313.606720 74.891182 527.438599 184.955612 509.309692 439.231598 274.609619 392.794006 
frame00149.jpg 313.606720 74.891182 527.438599 184.955612 509.309692 439.231598 274.609619 392.794006 
frame00150.jpg 313.606720 74.891182 527.438599 184.955612 509.309692 439.231598 274.609619 392.794006 
frame00151.jpg 313.606720 74.891182 527.438599 184.955612 509.309692 439.231598 274.609619 392.794006 
frame00152.jpg 313.606720 74.891182 527.438599 184.955612 509.309692 439.231598 274.609619 392.794006 
frame00153.jpg 313.606720 74.891182 527.438599 184.955612 509.309692 439.231598 274.609619 392.794006 
frame00154.jpg 313.606720 74.891182 527.438599 184.955612 509.309692 439.231598 274.609619 392.794006 
frame00155.jpg 313.606720 74.891182 527.438599 184.955612 509.309692 439.231598 274.609619 392.794006 
frame00156.jpg 313.606720 74.891182 527.438599 184.955612 509.309692 439.231598 274.609619 392.794006 
frame00157.jpg 313.606720 74.891182 527.438599 184.955612 509.309692 439.231598 274.609619 392.794006 
frame00158.jpg 313.606720 74.891182 527.438599 184.955612 509.309692 439.231598 274.609619 392.794006 
frame00159.jpg 313.606720 74.891182 527.438599 184.955612 509.309692 439.231598 274.609619 392.794006 
frame00160.jpg 313.606720 74.891182 527.438599 184.955612 509.309692 439.231598 274.609619 392.794006 
frame00161.jpg 313.606720 74.891182 527.438599 184.955612 509.309692 439.231598 274.609619 392.794006 
frame00162.jpg 313.606720 74.891182 527.438599 184.955612 509.309692 439.231598 274.609619 392.794006 
frame00163.jpg 313.606720 74.891182 527.438599 184.955612 509.309692 439.231598 274.609619 392.794006 
frame00164.jpg 313.606720 74.891182 527.438599 184.955612 509.309692 439.231598 274.609619 392.794006 
frame00165.jpg 313.606720 74.891182 527.438599 184.955612 509.309692 439.231598 274.609619 392.794006 
frame00166.jpg 313.606720 74.891182 527.438599 184.955612 509.309692 439.231598 274.609619 392.794006 
frame00167.jpg 313.606720 74.891182 527.438599 184.955612 509.309692 439.231598 274.609619 392.794006 
frame00168.jpg 313.606720 74.891182 527.438599 184.955612 509.309692 439.231598 274.609619 392.794006 
frame00169.jpg 313.606720 74.891182 527.438599 184.955612 509.309692 439.231598 274.609619 392.794006 
frame00170.jpg 313.606720 74.891182 527.438599 184.955612 509.309692 439.231598 274.609619 392.794006 
frame00171.jpg 313.606720 74.891182 527.438599 184.955612 509.309692 439.231598 274.609619 392.794006 
frame00172.jpg 313.606720 74.891182 527.438599 184.955612 509.309692 439.231598 274.609619 392.794006 
frame00173.jpg 313.606720 74.891182 527.438599 184.955612 509.309692 439.231598 274.609619 392.794006 
frame00174.jpg 313.606720 74.891182 527.438599 184.955612 509.309692 439.231598 274.609619 392.794006 
frame00175.jpg 313.606720 74.891182 527.438599 184.955612 509.309692 439.231598 274.609619 392.794006 
frame00176.jpg 313.606720 74.891182 527.438599 184.955612 509.309692 439.231598 274.609619 392.794006 
frame00177.jpg 313.606720 74.891182 527.438599 184.955612 509.309692 439.231598 274.609619 392.794006 
frame00178.jpg 313.606720 74.891182 527.438599 184.955612 509.309692 439.231598 274.609619 392.794006 
frame00179.jpg 313.606720 74.891182 527.438599 184.955612 509.309692 439.231598 274.609619 392.794006 
frame00180.jpg 313.606720 74.891182 527.438599 184.955612 509.309692 439.231598 274.609619 392.794006 
frame00181.jpg 313.606720 74.891182 527.438599 184.955612 509.309692 439.231598 274.609619 392.794006 
frame00182.jpg 313.606720 74.891182 527.438599 184.955612 509.309692 439.231598 274.609619 392.794006 
frame00183.jpg 313.606720 74.891182 527.438599 184.955612 509.309692 439.231598 274.609619 392.794006 
frame00184.jpg 313.606720 74.891182 527.438599 184.955612 509.309692 439.231598 274.609619 392.794006 
frame00185.jpg 313.606720 74.891182 527.438599 184.955612 509.309692 439.231598 274.609619 392.794006 
frame00186.jpg 313.606720 74.891182 527.438599 184.955612 509.309692 439.231598 274.609619 392.794006 
frame00187.jpg 313.606720 74.891182 527.438599 184.955612 509.309692 439.231598 274.609619 392.794006 
frame00188.jpg 313.606720 74.891182 527.438599 184.955612 509.309692 439.231598 274.609619 392.794006 
frame00189.jpg 313.606720 74.891182 527.438599 184.955612 509.309692 439.231598 274.609619 392.794006 
frame00190.jpg 313.606720 74.891182 527.438599 184.955612 509.309692 439.231598 274.609619 392.794006 
frame00191.jpg 313.606720 74.891182 527.438599 184.955612 509.309692 439.231598 274.609619 392.794006 
frame00192.jpg 313.606720 74.891182 527.438599 184.955612 509.309692 439.231598 274.609619 392.794006 
frame00193.jpg 313.606720 74.891182 527.438599 184.955612 509.309692 439.231598 274.609619 392.794006 
frame00194.jpg 313.606720 74.891182 527.438599 184.955612 509.309692 439.231598 274.609619 392.794006 
frame00195.jpg 313.606720 74.891182 527.438599 184.955612 509.309692 439.231598 274.609619 392.794006 
frame00196.jpg 313.606720 74.891182 527.438599 184.955612 509.309692 439.231598 274.609619 392.794006 
frame00197.jpg 313.606720 74.891182 527.438599 184.955612 509.309692 439.231598 274.609619 392.794006 
frame00198.jpg 313.606720 74.891182 527.438599 184.955612 509.309692 439.231598 274.609619 392.794006 
frame00199.jpg 313.606720 74.891182 527.438599 184.955612 509.309692 439.231598 274.609619 392.794006 
frame00200.jpg 313.606720 74.891182 527.438599 184.955612 509.309692 439.231598 274.609619 392.794006 
frame00201.jpg 313.606720 74.891182 527.438599 184.955612 509.309692 439.231598 274.609619 392.794006 
frame00202.jpg 313.606720 74.891182 527.438599 184.955612 509.309692 439.231598 274.609619 392.794006 
frame00203.jpg 313.606720 74.891182 527.438599 184.955612 509.309692 439.231598 274.609619 392.794006 
frame00204.jpg 313.606720 74.891182 527.438599 184.955612 509.309692 439.231598 274.609619 392.794006 
frame00205.jpg 313.606720 74.891182 527.438599 184.955612 509.309692 439.231598 274.609619 392.794006 
frame00206.jpg 313.606720 74.891182 527.438599 184.955612 509.309692 439.231598 274.609619 392.794006 
frame00207.jpg 313.606720 74.891182 527.438599 184.955612 509.309692 439.231598 274.609619 392.794006 
frame00208.jpg 313.606720 74.891182 527.438599 184.955612 509.309692 439.231598 274.609619 392.794006 
frame00209.jpg 313.606720 74.891182 527.438599 184.955612 509.309692 439.231598 274.609619 392.794006 
frame00210.jpg 313.606720 74.891182 527.438599 184.955612 509.309692 439.231598 274.609619 392.794006 
frame00211.jpg 313.606720 74.891182 527.438599 184.955612 509.309692 439.231598 274.609619 392.794006 
frame00212.jpg 313.606720 74.891182 527.438599 184.955612 509.309692 439.231598 274.609619 392.794006 
frame00213.jpg 313.606720 74.891182 527.438599 184.955612 509.309692 439.231598 274.609619 392.794006 
frame00214.jpg 313.606720 74.891182 527.438599 184.955612 509.309692 439.231598 274.609619 392.794006 
frame00215.jpg 313.606720 74.891182 527.438599 184.955612 509.309692 439.231598 274.609619 392.794006 
frame00216.jpg 313.606720 74.891182 527.438599 184.955612 509.309692 439.231598 274.609619 392.794006 
frame00217.jpg 313.606720 74.891182 527.438599 184.955612 509.309692 439.231598 274.609619 392.794006 
frame00218.jpg 313.606720 74.891182 527.438599 184.955612 509.309692 439.231598 274.609619 392.794006 
frame00219.jpg 313.606720 74.891182 527.438599 184.955612 509.309692 439.231598 274.609619 392.794006 
frame00220.jpg 375.351715 119.497108 616.449951 221.275879 563.084290 488.065094 313.813232 381.393524 
frame00221.jpg 375.351715 119.497108 616.449951 221.275879 563.084290 488.065094 313.813232 381.393524 
frame00222.jpg 375.351715 119.497108 616.449951 221.275879 563.084290 488.065094 313.813232 381.393524 
frame00223.jpg 375.351715 119.497108 616.449951 221.275879 563.084290 488.065094 313.813232 381.393524 
frame00224.jpg 375.351715 119.497108 616.449951 221.275879 563.084290 488.065094 313.813232 381.393524 
frame00225.jpg 375.351715 119.497108 616.449951 221.275879 563.084290 488.065094 313.813232 381.393524 
frame00226.jpg 375.351715 119.497108 616.449951 221.275879 563.084290 488.065094 313.813232 381.393524 
frame00227.jpg 375.351715 119.497108 616.449951 221.275879 563.084290 488.065094 313.813232 381.393524 
frame00228.jpg 359.484375 122.575981 607.459229 194.297241 573.037354 467.341583 310.658356 392.198700 
frame00229.jpg 370.615784 120.879021 588.783508 192.197083 613.730164 579.429016 226.198486 530.975403 
frame00230.jpg 359.007446 122.838882 613.213257 192.876968 572.149536 466.923096 310.632751 387.064606 
frame00231.jpg 359.007446 122.838882 613.213257 192.876968 572.149536 466.923096 310.632751 387.064606 
frame00232.jpg 350.023010 119.581596 605.974243 184.784943 575.660889 454.973572 322.993958 401.810730 
frame00233.jpg 340.423553 118.111061 606.087463 182.572159 575.919006 454.200317 307.311829 414.868347 
frame00234.jpg 347.289856 118.256172 600.127686 181.999252 588.233826 487.097534 270.722809 445.778198 
frame00235.jpg 356.703278 124.335899 612.036316 179.252686 578.164612 459.742310 309.369690 382.086243 
frame00236.jpg 353.662659 119.918716 610.618713 176.461411 577.654358 454.987335 311.393036 390.200806 
frame00237.jpg 353.662659 119.918716 610.618713 176.461411 577.654358 454.987335 311.393036 390.200806 
frame00238.jpg 353.662659 119.918716 610.618713 176.461411 577.654358 454.987335 311.393036 390.200806 
frame00239.jpg 347.941376 120.134216 610.299805 159.941177 578.923035 441.048676 316.041321 388.054535 
frame00240.jpg 350.735107 125.327271 611.569336 154.948456 577.025879 440.156158 311.501190 383.072418 
frame00241.jpg 350.735107 125.327271 611.569336 154.948456 577.025879 440.156158 311.501190 383.072418 
frame00242.jpg 346.879608 124.253685 609.236511 145.808441 579.057251 434.386353 308.757965 384.653992 
frame00243.jpg 346.324585 126.700600 611.642700 138.526718 581.773315 430.859497 315.642273 383.947906 
frame00244.jpg 344.718689 123.587959 611.872314 139.902374 581.531799 431.786743 311.430847 387.362274 
frame00245.jpg 344.718689 123.587959 611.872314 139.902374 581.531799 431.786743 311.430847 387.362274 
frame00246.jpg 344.718689 123.587959 611.872314 139.902374 581.531799 431.786743 311.430847 387.362274 
frame00247.jpg 351.711456 126.857170 608.882629 135.908783 585.372375 441.793243 305.757904 394.798126 
frame00248.jpg 345.035645 124.372856 608.078552 135.483978 581.279602 431.182495 310.333893 396.220032 
frame00249.jpg 353.112640 131.108917 613.324219 136.784180 583.426086 438.146606 313.151733 382.416809 
frame00250.jpg 350.057556 132.306229 613.990051 135.232895 583.809082 436.278259 308.657928 386.918121 
frame00251.jpg 354.200684 132.007248 611.601624 132.428879 583.487183 434.132477 309.391541 388.240143 
frame00252.jpg 384.222015 141.031677 614.338196 120.478882 581.233276 434.326630 365.024445 351.721069 
frame00253.jpg 362.779663 142.765015 617.583069 118.526604 576.776978 433.862000 327.721588 378.035858 
frame00254.jpg 352.134155 134.243073 610.840454 126.377388 578.817200 428.239807 309.222046 391.530731 
frame00255.jpg 352.134155 134.243073 610.840454 126.377388 578.817200 428.239807 309.222046 391.530731 
frame00256.jpg 341.252838 134.329269 608.345154 126.164360 578.022278 426.297333 284.002747 422.629822 
frame00257.jpg 358.744141 77.501244 589.244934 167.897873 617.069458 480.077271 169.840897 336.433929 
frame00258.jpg 358.744141 77.501244 589.244934 167.897873 617.069458 480.077271 169.840897 336.433929 
frame00259.jpg 358.744141 77.501244 589.244934 167.897873 617.069458 480.077271 169.840897 336.433929 
frame00260.jpg 358.744141 77.501244 589.244934 167.897873 617.069458 480.077271 169.840897 336.433929 
frame00261.jpg 358.744141 77.501244 589.244934 167.897873 617.069458 480.077271 169.840897 336.433929 
frame00262.jpg 358.744141 77.501244 589.244934 167.897873 617.069458 480.077271 169.840897 336.433929 
frame00263.jpg 358.744141 77.501244 589.244934 167.897873 617.069458 480.077271 169.840897 336.433929 
frame00264.jpg 358.744141 77.501244 589.244934 167.897873 617.069458 480.077271 169.840897 336.433929 
frame00265.jpg 358.744141 77.501244 589.244934 167.897873 617.069458 480.077271 169.840897 336.433929 
frame00266.jpg 358.744141 77.501244 589.244934 167.897873 617.069458 480.077271 169.840897 336.433929 
frame00267.jpg 324.367950 148.152832 639.289612 129.765152 568.656067 438.707031 249.792084 488.578766 
frame00268.jpg 324.367950 148.152832 639.289612 129.765152 568.656067 438.707031 249.792084 488.578766 
frame00269.jpg 324.367950 148.152832 639.289612 129.765152 568.656067 438.707031 249.792084 488.578766 
frame00270.jpg 324.367950 148.152832 639.289612 129.765152 568.656067 438.707031 249.792084 488.578766 
frame00271.jpg 324.367950 148.152832 639.289612 129.765152 568.656067 438.707031 249.792084 488.578766 
frame00272.jpg 324.367950 148.152832 639.289612 129.765152 568.656067 438.707031 249.792084 488.578766 
frame00273.jpg 324.367950 148.152832 639.289612 129.765152 568.656067 438.707031 249.792084 488.578766 
frame00274.jpg 324.367950 148.152832 639.289612 129.765152 568.656067 438.707031 249.792084 488.578766 
frame00275.jpg 324.367950 148.152832 639.289612 129.765152 568.656067 438.707031 249.792084 488.578766 
frame00276.jpg 324.367950 148.152832 639.289612 129.765152 568.656067 438.707031 249.792084 488.578766 
frame00277.jpg 324.367950 148.152832 639.289612 129.765152 568.656067 438.707031 249.792084 488.578766 
frame00278.jpg 442.610626 108.844002 643.111389 229.253662 557.721619 562.986572 320.546173 205.603836 
frame00279.jpg 337.014435 136.564835 650.954651 170.100555 549.981689 465.460022 216.350388 489.590973 
frame00280.jpg 337.014435 136.564835 650.954651 170.100555 549.981689 465.460022 216.350388 489.590973 
frame00281.jpg 419.415588 138.934097 658.282104 186.714081 552.980774 489.888275 339.762787 349.112762 
frame00282.jpg 438.274109 143.103256 638.466553 192.291992 555.750549 773.467957 215.800690 437.376190 
frame00283.jpg 415.270142 124.488564 659.028320 202.998016 551.524902 487.774078 319.877869 344.279388 
frame00284.jpg 415.270142 124.488564 659.028320 202.998016 551.524902 487.774078 319.877869 344.279388 
frame00285.jpg 469.688660 83.726524 660.703491 335.633301 285.059357 789.281921 263.673065 -127.366486 
frame00286.jpg 401.795288 98.766685 662.739075 214.060989 553.254639 494.759918 255.061172 363.220825 
frame00287.jpg 401.795288 98.766685 662.739075 214.060989 553.254639 494.759918 255.061172 363.220825 
frame00288.jpg 427.674164 99.810333 674.035583 219.016937 553.628479 500.125458 313.692078 319.397919 
frame00289.jpg 431.401215 95.391556 681.384766 218.565277 549.117737 497.932892 317.871490 310.986023 
frame00290.jpg 432.404816 85.428207 684.665710 220.486618 547.631958 494.536682 316.408020 303.562103 
frame00291.jpg 387.286652 32.587559 685.425049 231.757477 544.451904 466.474548 243.340851 297.395477 
frame00292.jpg 439.552277 70.253128 683.038330 231.067184 540.738220 501.502655 312.839966 282.687653 
frame00293.jpg 436.626434 56.365303 682.846680 236.236801 536.847473 496.946350 303.579163 273.467926 
frame00294.jpg 428.686005 41.305698 689.659851 241.878418 542.921021 448.464630 349.192108 265.687805 
frame00295.jpg 428.686005 41.305698 689.659851 241.878418 542.921021 448.464630 349.192108 265.687805 
frame00296.jpg 446.889893 41.709385 683.230957 279.868866 8719.741211 -11979.567383 -1720.669434 -730.549988 
frame00297.jpg 441.541595 35.079044 676.937134 250.824692 514.106567 493.020386 297.374207 240.606964 
frame00298.jpg 441.541595 35.079044 676.937134 250.824692 514.106567 493.020386 297.374207 240.606964 
frame00299.jpg 444.165222 25.532152 663.398621 265.809174 507.335175 498.656097 290.055634 232.514008 
frame00300.jpg 507.237885 139.424728 585.952026 262.280792 289.390503 97.895302 -619.874451 642.580994 
frame00301.jpg 455.120758 70.603966 645.967834 231.777756 418.718353 826.472046 1.535019 428.179840 
frame00302.jpg 455.120758 70.603966 645.967834 231.777756 418.718353 826.472046 1.535019 428.179840 
frame00303.jpg 455.120758 70.603966 645.967834 231.777756 418.718353 826.472046 1.535019 428.179840 
frame00304.jpg 455.120758 70.603966 645.967834 231.777756 418.718353 826.472046 1.535019 428.179840 
frame00305.jpg 455.120758 70.603966 645.967834 231.777756 418.718353 826.472046 1.535019 428.179840 
frame00306.jpg 443.633057 16.787376 647.285706 292.514618 331.532135 704.575684 -175.884644 -31.635132 
frame00307.jpg 437.048706 9.303100 644.670166 270.759521 481.620575 485.472504 275.263885 218.806580 
frame00308.jpg 437.048706 9.303100 644.670166 270.759521 481.620575 485.472504 275.263885 218.806580 
frame00309.jpg 530.022583 246.331131 606.426392 302.002380 603.781799 266.801849 -11429.017578 -5621.767090 
frame00310.jpg 530.022583 246.331131 606.426392 302.002380 603.781799 266.801849 -11429.017578 -5621.767090 
frame00311.jpg 530.022583 246.331131 606.426392 302.002380 603.781799 266.801849 -11429.017578 -5621.767090 
frame00312.jpg 530.022583 246.331131 606.426392 302.002380 603.781799 266.801849 -11429.017578 -5621.767090 
frame00313.jpg 530.022583 246.331131 606.426392 302.002380 603.781799 266.801849 -11429.017578 -5621.767090 
frame00314.jpg 530.022583 246.331131 606.426392 302.002380 603.781799 266.801849 -11429.017578 -5621.767090 
frame00315.jpg 530.022583 246.331131 606.426392 302.002380 603.781799 266.801849 -11429.017578 -5621.767090 
frame00316.jpg 530.022583 246.331131 606.426392 302.002380 603.781799 266.801849 -11429.017578 -5621.767090 
frame00317.jpg 530.022583 246.331131 606.426392 302.002380 603.781799 266.801849 -11429.017578 -5621.767090 
frame00318.jpg 389.684814 -4.829285 587.294983 247.892624 418.434723 590.278870 9.132684 195.241180 
frame00319.jpg 474.389771 202.479599 557.230225 284.920624 559.218811 188.444565 -32.733044 -47.460041 
frame00320.jpg 481.562469 167.905762 570.566650 225.618683 542.566345 166.277313 5.338612 47.307789 
frame00321.jpg 481.562469 167.905762 570.566650 225.618683 542.566345 166.277313 5.338612 47.307789 
frame00322.jpg 352.026855 139.928452 508.583862 258.583771 3695.445801 4480.001953 -75.543488 96.129456 
frame00323.jpg 352.026855 139.928452 508.583862 258.583771 3695.445801 4480.001953 -75.543488 96.129456 
frame00324.jpg 352.026855 139.928452 508.583862 258.583771 3695.445801 4480.001953 -75.543488 96.129456 
frame00325.jpg 352.026855 139.928452 508.583862 258.583771 3695.445801 4480.001953 -75.543488 96.129456 
frame00326.jpg 352.026855 139.928452 508.583862 258.583771 3695.445801 4480.001953 -75.543488 96.129456 
frame00327.jpg 352.026855 139.928452 508.583862 258.583771 3695.445801 4480.001953 -75.543488 96.129456 
frame00328.jpg 352.026855 139.928452 508.583862 258.583771 3695.445801 4480.001953 -75.543488 96.129456 
frame00329.jpg 338.197296 1.487651 563.497864 275.839691 -150.965683 1624.345581 -719.142883 -456.533569 
frame00330.jpg 334.777893 -33.443314 535.086609 242.325378 425.411133 490.329193 143.076538 144.277954 
frame00331.jpg 334.777893 -33.443314 535.086609 242.325378 425.411133 490.329193 143.076538 144.277954 
frame00332.jpg 334.777893 -33.443314 535.086609 242.325378 425.411133 490.329193 143.076538 144.277954 
frame00333.jpg 303.297424 3.674555 537.520142 212.466049 420.564423 463.734344 174.696625 271.194550 
frame00334.jpg 303.297424 3.674555 537.520142 212.466049 420.564423 463.734344 174.696625 271.194550 
frame00335.jpg 303.297424 3.674555 537.520142 212.466049 420.564423 463.734344 174.696625 271.194550 
frame00336.jpg 280.276062 2.950448 523.833374 197.827972 411.942932 457.878815 160.825607 278.097168 
frame00337.jpg 280.276062 2.950448 523.833374 197.827972 411.942932 457.878815 160.825607 278.097168 
frame00338.jpg 280.276062 2.950448 523.833374 197.827972 411.942932 457.878815 160.825607 278.097168 
frame00339.jpg 280.276062 2.950448 523.833374 197.827972 411.942932 457.878815 160.825607 278.097168 
frame00340.jpg 254.075760 4.180184 490.273224 182.683319 414.685852 468.855835 131.710861 302.109833 
frame00341.jpg 244.715424 11.085694 494.891724 178.912796 399.701416 447.629852 133.044662 289.447906 
frame00342.jpg 244.715424 11.085694 494.891724 178.912796 399.701416 447.629852 133.044662 289.447906 
frame00343.jpg 244.715424 11.085694 494.891724 178.912796 399.701416 447.629852 133.044662 289.447906 
frame00344.jpg 244.715424 11.085694 494.891724 178.912796 399.701416 447.629852 133.044662 289.447906 
frame00345.jpg 244.715424 11.085694 494.891724 178.912796 399.701416 447.629852 133.044662 289.447906 
frame00346.jpg 244.715424 11.085694 494.891724 178.912796 399.701416 447.629852 133.044662 289.447906 
frame00347.jpg 244.715424 11.085694 494.891724 178.912796 399.701416 447.629852 133.044662 289.447906 
frame00348.jpg 244.715424 11.085694 494.891724 178.912796 399.701416 447.629852 133.044662 289.447906 
frame00349.jpg 244.715424 11.085694 494.891724 178.912796 399.701416 447.629852 133.044662 289.447906 
frame00350.jpg 244.715424 11.085694 494.891724 178.912796 399.701416 447.629852 133.044662 289.447906 
frame00351.jpg 172.877731 20.655161 404.039063 138.626480 419.284302 541.820374 11.798537 333.183685 
frame00352.jpg 172.877731 20.655161 404.039063 138.626480 419.284302 541.820374 11.798537 333.183685 
frame00353.jpg 172.877731 20.655161 404.039063 138.626480 419.284302 541.820374 11.798537 333.183685 
frame00354.jpg 121.057533 26.798532 408.251129 112.483200 358.241028 407.180908 66.895401 329.258789 
frame00355.jpg 121.057533 26.798532 408.251129 112.483200 358.241028 407.180908 66.895401 329.258789 
frame00356.jpg 98.183739 19.390394 391.817413 108.482132 361.848969 394.251740 51.803688 343.628876 
frame00357.jpg 109.104530 33.107765 390.211609 104.811935 362.193939 411.890106 53.212276 344.247162 
frame00358.jpg 85.879143 28.761929 384.324219 103.478035 356.124329 388.246552 58.030415 354.319855 
frame00359.jpg 85.879143 28.761929 384.324219 103.478035 356.124329 388.246552 58.030415 354.319855 
frame00360.jpg 85.879143 28.761929 384.324219 103.478035 356.124329 388.246552 58.030415 354.319855 
frame00361.jpg 61.935066 48.208714 369.093475 93.541603 347.131439 382.635986 49.423958 370.336212 
frame00362.jpg 61.935066 48.208714 369.093475 93.541603 347.131439 382.635986 49.423958 370.336212 
frame00363.jpg 61.935066 48.208714 369.093475 93.541603 347.131439 382.635986 49.423958 370.336212 
frame00364.jpg 61.935066 48.208714 369.093475 93.541603 347.131439 382.635986 49.423958 370.336212 
frame00365.jpg 52.657913 70.006744 340.526001 96.607246 340.553345 389.472412 43.823372 382.552612 
frame00366.jpg 52.657913 70.006744 340.526001 96.607246 340.553345 389.472412 43.823372 382.552612 
frame00367.jpg 52.657913 70.006744 340.526001 96.607246 340.553345 389.472412 43.823372 382.552612 
frame00368.jpg 52.657913 70.006744 340.526001 96.607246 340.553345 389.472412 43.823372 382.552612 
frame00369.jpg 52.657913 70.006744 340.526001 96.607246 340.553345 389.472412 43.823372 382.552612 
frame00370.jpg 20.985771 99.821983 307.382904 92.329895 323.912628 376.883514 34.331146 408.532715 
frame00371.jpg 36.458103 112.342865 305.339172 80.723190 325.294312 383.800934 55.688293 398.890350 
frame00372.jpg 36.458103 112.342865 305.339172 80.723190 325.294312 383.800934 55.688293 398.890350 
frame00373.jpg 6.713720 103.824158 297.338043 79.357353 321.322571 357.059143 49.378025 410.496185 
frame00374.jpg 6.713720 103.824158 297.338043 79.357353 321.322571 357.059143 49.378025 410.496185 
frame00375.jpg 6.713720 103.824158 297.338043 79.357353 321.322571 357.059143 49.378025 410.496185 
frame00376.jpg 6.713720 103.824158 297.338043 79.357353 321.322571 357.059143 49.378025 410.496185 
frame00377.jpg 6.713720 103.824158 297.338043 79.357353 321.322571 357.059143 49.378025 410.496185 
frame00378.jpg 6.713720 103.824158 297.338043 79.357353 321.322571 357.059143 49.378025 410.496185 
frame00379.jpg 6.713720 103.824158 297.338043 79.357353 321.322571 357.059143 49.378025 410.496185 
frame00380.jpg 6.713720 103.824158 297.338043 79.357353 321.322571 357.059143 49.378025 410.496185 
frame00381.jpg 6.713720 103.824158 297.338043 79.357353 321.322571 357.059143 49.378025 410.496185 
frame00382.jpg 26.541132 131.692535 300.808075 71.947388 329.197449 337.299896 82.685440 397.184998 
frame00383.jpg 26.541132 131.692535 300.808075 71.947388 329.197449 337.299896 82.685440 397.184998 
frame00384.jpg 26.541132 131.692535 300.808075 71.947388 329.197449 337.299896 82.685440 397.184998 
frame00385.jpg 26.541132 131.692535 300.808075 71.947388 329.197449 337.299896 82.685440 397.184998 
frame00386.jpg 26.541132 131.692535 300.808075 71.947388 329.197449 337.299896 82.685440 397.184998 
frame00387.jpg 26.541132 131.692535 300.808075 71.947388 329.197449 337.299896 82.685440 397.184998 
frame00388.jpg 39.655170 140.241974 299.253418 78.933273 347.703186 328.700745 108.111641 410.791199 
frame00389.jpg 39.655170 140.241974 299.253418 78.933273 347.703186 328.700745 108.111641 410.791199 
frame00390.jpg 39.655170 140.241974 299.253418 78.933273 347.703186 328.700745 108.111641 410.791199 
frame00391.jpg 39.655170 140.241974 299.253418 78.933273 347.703186 328.700745 108.111641 410.791199 
frame00392.jpg 39.655170 140.241974 299.253418 78.933273 347.703186 328.700745 108.111641 410.791199 
frame00393.jpg 39.655170 140.241974 299.253418 78.933273 347.703186 328.700745 108.111641 410.791199 
frame00394.jpg 39.655170 140.241974 299.253418 78.933273 347.703186 328.700745 108.111641 410.791199 
frame00395.jpg 39.655170 140.241974 299.253418 78.933273 347.703186 328.700745 108.111641 410.791199 
frame00396.jpg 39.655170 140.241974 299.253418 78.933273 347.703186 328.700745 108.111641 410.791199 
frame00397.jpg 39.655170 140.241974 299.253418 78.933273 347.703186 328.700745 108.111641 410.791199 
frame00398.jpg 39.655170 140.241974 299.253418 78.933273 347.703186 328.700745 108.111641 410.791199 
frame00399.jpg 39.655170 140.241974 299.253418 78.933273 347.703186 328.700745 108.111641 410.791199 
frame00400.jpg 39.655170 140.241974 299.253418 78.933273 347.703186 328.700745 108.111641 410.791199 
frame00401.jpg 39.655170 140.241974 299.253418 78.933273 347.703186 328.700745 108.111641 410.791199 
frame00402.jpg 39.655170 140.241974 299.253418 78.933273 347.703186 328.700745 108.111641 410.791199 
frame00403.jpg 39.655170 140.241974 299.253418 78.933273 347.703186 328.700745 108.111641 410.791199 
frame00404.jpg 39.655170 140.241974 299.253418 78.933273 347.703186 328.700745 108.111641 410.791199 
frame00405.jpg 39.655170 140.241974 299.253418 78.933273 347.703186 328.700745 108.111641 410.791199 
frame00406.jpg 39.655170 140.241974 299.253418 78.933273 347.703186 328.700745 108.111641 410.791199 
frame00407.jpg 39.655170 140.241974 299.253418 78.933273 347.703186 328.700745 108.111641 410.791199 
frame00408.jpg 39.655170 140.241974 299.253418 78.933273 347.703186 328.700745 108.111641 410.791199 
frame00409.jpg 39.655170 140.241974 299.253418 78.933273 347.703186 328.700745 108.111641 410.791199 
frame00410.jpg 39.655170 140.241974 299.253418 78.933273 347.703186 328.700745 108.111641 410.791199 
frame00411.jpg 39.655170 140.241974 299.253418 78.933273 347.703186 328.700745 108.111641 410.791199 
frame00412.jpg 39.655170 140.241974 299.253418 78.933273 347.703186 328.700745 108.111641 410.791199 
frame00413.jpg 39.655170 140.241974 299.253418 78.933273 347.703186 328.700745 108.111641 410.791199 
frame00414.jpg 39.655170 140.241974 299.253418 78.933273 347.703186 328.700745 108.111641 410.791199 
frame00415.jpg 39.655170 140.241974 299.253418 78.933273 347.703186 328.700745 108.111641 410.791199 
frame00416.jpg 39.655170 140.241974 299.253418 78.933273 347.703186 328.700745 108.111641 410.791199 
frame00417.jpg 39.655170 140.241974 299.253418 78.933273 347.703186 328.700745 108.111641 410.791199 
frame00418.jpg 39.655170 140.241974 299.253418 78.933273 347.703186 328.700745 108.111641 410.791199 
frame00419.jpg 39.655170 140.241974 299.253418 78.933273 347.703186 328.700745 108.111641 410.791199 
frame00420.jpg 39.655170 140.241974 299.253418 78.933273 347.703186 328.700745 108.111641 410.791199 
frame00421.jpg 39.655170 140.241974 299.253418 78.933273 347.703186 328.700745 108.111641 410.791199 
frame00422.jpg 39.655170 140.241974 299.253418 78.933273 347.703186 328.700745 108.111641 410.791199 
frame00423.jpg 39.655170 140.241974 299.253418 78.933273 347.703186 328.700745 108.111641 410.791199 
frame00424.jpg 39.655170 140.241974 299.253418 78.933273 347.703186 328.700745 108.111641 410.791199 
frame00425.jpg 39.655170 140.241974 299.253418 78.933273 347.703186 328.700745 108.111641 410.791199 
frame00426.jpg 39.655170 140.241974 299.253418 78.933273 347.703186 328.700745 108.111641 410.791199 
frame00427.jpg 39.655170 140.241974 299.253418 78.933273 347.703186 328.700745 108.111641 410.791199 
frame00428.jpg 39.655170 140.241974 299.253418 78.933273 347.703186 328.700745 108.111641 410.791199 
frame00429.jpg 39.655170 140.241974 299.253418 78.933273 347.703186 328.700745 108.111641 410.791199 
frame00430.jpg 39.655170 140.241974 299.253418 78.933273 347.703186 328.700745 108.111641 410.791199 
frame00431.jpg 39.655170 140.241974 299.253418 78.933273 347.703186 328.700745 108.111641 410.791199 
frame00432.jpg 39.655170 140.241974 299.253418 78.933273 347.703186 328.700745 108.111641 410.791199 
frame00433.jpg 39.655170 140.241974 299.253418 78.933273 347.703186 328.700745 108.111641 410.791199 
frame00434.jpg 39.655170 140.241974 299.253418 78.933273 347.703186 328.700745 108.111641 410.791199 
frame00435.jpg 39.655170 140.241974 299.253418 78.933273 347.703186 328.700745 108.111641 410.791199 
frame00436.jpg 39.655170 140.241974 299.253418 78.933273 347.703186 328.700745 108.111641 410.791199 
frame00437.jpg 39.655170 140.241974 299.253418 78.933273 347.703186 328.700745 108.111641 410.791199 
frame00438.jpg 39.655170 140.241974 299.253418 78.933273 347.703186 328.700745 108.111641 410.791199 
frame00439.jpg 39.655170 140.241974 299.253418 78.933273 347.703186 328.700745 108.111641 410.791199 
frame00440.jpg 39.655170 140.241974 299.253418 78.933273 347.703186 328.700745 108.111641 410.791199 
frame00441.jpg 39.655170 140.241974 299.253418 78.933273 347.703186 328.700745 108.111641 410.791199 
frame00442.jpg 39.655170 140.241974 299.253418 78.933273 347.703186 328.700745 108.111641 410.791199 
frame00443.jpg 39.655170 140.241974 299.253418 78.933273 347.703186 328.700745 108.111641 410.791199 
frame00444.jpg 39.655170 140.241974 299.253418 78.933273 347.703186 328.700745 108.111641 410.791199 
frame00445.jpg 460.533234 127.672287 697.604553 185.743118 642.841309 496.455292 378.940155 385.636108 
frame00446.jpg 460.533234 127.672287 697.604553 185.743118 642.841309 496.455292 378.940155 385.636108 
frame00447.jpg 460.179657 126.401642 708.366943 187.110504 637.064758 463.192139 392.364807 370.450775 
frame00448.jpg 460.179657 126.401642 708.366943 187.110504 637.064758 463.192139 392.364807 370.450775 
frame00449.jpg 488.608521 136.938156 691.913879 185.798157 656.824768 667.596008 219.236786 526.049500 
frame00450.jpg 488.608521 136.938156 691.913879 185.798157 656.824768 667.596008 219.236786 526.049500 
frame00451.jpg 488.608521 136.938156 691.913879 185.798157 656.824768 667.596008 219.236786 526.049500 
frame00452.jpg 488.608521 136.938156 691.913879 185.798157 656.824768 667.596008 219.236786 526.049500 
frame00453.jpg 495.877411 44.266243 687.255859 226.994934 674.002502 566.281433 189.613800 134.261292 
frame00454.jpg 495.877411 44.266243 687.255859 226.994934 674.002502 566.281433 189.613800 134.261292 
frame00455.jpg 495.877411 44.266243 687.255859 226.994934 674.002502 566.281433 189.613800 134.261292 
frame00456.jpg 495.877411 44.266243 687.255859 226.994934 674.002502 566.281433 189.613800 134.261292 
frame00457.jpg 495.877411 44.266243 687.255859 226.994934 674.002502 566.281433 189.613800 134.261292 
frame00458.jpg 495.877411 44.266243 687.255859 226.994934 674.002502 566.281433 189.613800 134.261292 
frame00459.jpg 495.877411 44.266243 687.255859 226.994934 674.002502 566.281433 189.613800 134.261292 
frame00460.jpg 495.877411 44.266243 687.255859 226.994934 674.002502 566.281433 189.613800 134.261292 
frame00461.jpg 495.877411 44.266243 687.255859 226.994934 674.002502 566.281433 189.613800 134.261292 
frame00462.jpg 495.877411 44.266243 687.255859 226.994934 674.002502 566.281433 189.613800 134.261292 
frame00463.jpg 495.877411 44.266243 687.255859 226.994934 674.002502 566.281433 189.613800 134.261292 
frame00464.jpg 495.877411 44.266243 687.255859 226.994934 674.002502 566.281433 189.613800 134.261292 
frame00465.jpg 495.877411 44.266243 687.255859 226.994934 674.002502 566.281433 189.613800 134.261292 
frame00466.jpg 495.877411 44.266243 687.255859 226.994934 674.002502 566.281433 189.613800 134.261292 
frame00467.jpg 495.877411 44.266243 687.255859 226.994934 674.002502 566.281433 189.613800 134.261292 
frame00468.jpg 495.877411 44.266243 687.255859 226.994934 674.002502 566.281433 189.613800 134.261292 
frame00469.jpg 495.877411 44.266243 687.255859 226.994934 674.002502 566.281433 189.613800 134.261292 
frame00470.jpg 495.877411 44.266243 687.255859 226.994934 674.002502 566.281433 189.613800 134.261292 
frame00471.jpg 495.877411 44.266243 687.255859 226.994934 674.002502 566.281433 189.613800 134.261292 
frame00472.jpg 508.569336 74.080200 803.474976 189.628098 474.328308 779.509338 58.255367 138.309998 
frame00473.jpg 339.321686 87.756668 844.608948 124.514511 591.878662 397.972931 30.312634 436.412720 
frame00474.jpg 519.303101 98.310402 777.362366 129.252289 679.974060 416.452148 428.715240 333.381348 
frame00475.jpg 519.303101 98.310402 777.362366 129.252289 679.974060 416.452148 428.715240 333.381348 
frame00476.jpg 519.303101 98.310402 777.362366 129.252289 679.974060 416.452148 428.715240 333.381348 
frame00477.jpg 525.422974 28.373131 758.114563 182.523941 677.809448 568.151978 -194.081772 168.788589 
frame00478.jpg 532.372803 86.533264 791.255371 144.787399 672.017761 417.917877 433.193268 294.591583 
frame00479.jpg 592.113159 119.056572 898.768066 240.874069 546.903076 116.824181 421.902710 -197.027588 
frame00480.jpg 592.113159 119.056572 898.768066 240.874069 546.903076 116.824181 421.902710 -197.027588 
frame00481.jpg 592.113159 119.056572 898.768066 240.874069 546.903076 116.824181 421.902710 -197.027588 
frame00482.jpg 600.857849 81.347595 782.509216 222.226395 -9566.361328 100542.578125 371.329315 105.160202 
frame00483.jpg 545.119446 59.895435 790.020447 186.940826 668.800842 435.217896 428.817047 271.564514 
frame00484.jpg 560.130249 74.320076 794.286926 218.655579 744.246582 3788.383545 -109.462929 10.497104 
frame00485.jpg 560.130249 74.320076 794.286926 218.655579 744.246582 3788.383545 -109.462929 10.497104 
frame00486.jpg 563.807800 69.961052 790.807800 218.434738 509.385925 847.409180 100.028236 210.288422 
frame00487.jpg 563.807800 69.961052 790.807800 218.434738 509.385925 847.409180 100.028236 210.288422 
frame00488.jpg 551.162170 50.200054 797.339966 234.794861 642.069641 457.281097 423.557343 245.901077 
frame00489.jpg 564.465210 56.454319 790.685242 247.761734 636.442871 472.877747 420.133698 230.353210 
frame00490.jpg 564.465210 56.454319 790.685242 247.761734 636.442871 472.877747 420.133698 230.353210 
frame00491.jpg 606.960388 107.587585 836.453796 285.565247 742.423889 0.789548 3553.864746 66.765427 
frame00492.jpg 740.418396 207.623901 712.126099 290.029419 765.108643 154.590088 1360.419067 -2024.192627 
frame00493.jpg 740.418396 207.623901 712.126099 290.029419 765.108643 154.590088 1360.419067 -2024.192627 
frame00494.jpg 740.418396 207.623901 712.126099 290.029419 765.108643 154.590088 1360.419067 -2024.192627 
frame00495.jpg 740.418396 207.623901 712.126099 290.029419 765.108643 154.590088 1360.419067 -2024.192627 
frame00496.jpg 740.418396 207.623901 712.126099 290.029419 765.108643 154.590088 1360.419067 -2024.192627 
frame00497.jpg 740.418396 207.623901 712.126099 290.029419 765.108643 154.590088 1360.419067 -2024.192627 
frame00498.jpg 740.418396 207.623901 712.126099 290.029419 765.108643 154.590088 1360.419067 -2024.192627 
frame00499.jpg 740.418396 207.623901 712.126099 290.029419 765.108643 154.590088 1360.419067 -2024.192627 
frame00500.jpg 568.660034 79.271767 790.862793 326.956543 3876.150635 -3332.100830 -1077.145508 -529.775330 
