frame ulx uly urx ury lrx lry llx lly
frame00000.jpg 81.940002 119.000000 515.030029 118.980003 515.030029 373.000000 82.041000 372.980011 
frame00001.jpg 82.413055 119.535873 515.657593 119.291885 515.709656 373.583496 82.178642 373.723480 
frame00002.jpg 80.438232 122.835838 513.898499 122.284958 513.869568 375.276794 80.903694 375.536804 
frame00003.jpg 78.695679 123.995178 512.001465 123.339340 513.156250 375.989960 79.856644 377.066040 
frame00004.jpg 78.859871 125.017532 511.985291 124.162056 512.859314 376.972473 80.674255 377.308228 
frame00005.jpg 78.459305 126.025085 511.326355 124.943550 512.509888 377.134552 79.557076 378.932281 
frame00006.jpg 77.862785 126.527283 510.881775 125.600342 512.584656 376.883820 79.659203 378.931122 
frame00007.jpg 78.760284 126.851433 510.930298 125.645905 513.146362 378.133484 80.015831 379.741425 
frame00008.jpg 79.316063 128.927567 511.251495 126.894890 513.357483 379.215576 81.152809 381.039276 
frame00009.jpg 79.001999 129.451859 511.192932 127.362671 512.949524 380.092621 80.160492 382.328308 
frame00010.jpg 78.862556 131.343018 510.156647 129.912537 513.126587 381.894409 79.382515 384.492798 
frame00011.jpg 78.975281 131.871445 510.322968 130.671768 513.166992 382.144165 79.637733 384.615692 
frame00012.jpg 79.933685 132.653015 510.973389 131.738571 514.338501 384.775238 80.676659 386.859711 
frame00013.jpg 81.146011 134.741776 512.399109 133.553406 515.609192 385.272369 82.432808 386.692749 
frame00014.jpg 81.711853 133.421265 513.172729 133.016541 515.781738 384.977478 82.658890 385.839020 
frame00015.jpg 82.833641 134.086197 513.564026 133.886414 515.973572 386.610199 82.131355 387.449402 
frame00016.jpg 81.916496 134.969543 514.008362 135.383713 515.424988 386.948517 82.112587 387.152710 
frame00017.jpg 81.739227 135.129379 513.402100 135.532593 515.476013 388.226410 81.641396 388.469391 
frame00018.jpg 82.633011 136.637589 513.687561 136.558838 516.062256 388.586487 82.088852 389.258209 
frame00019.jpg 83.364182 136.694321 513.922974 136.753571 516.567810 388.855377 82.333313 389.682617 
frame00020.jpg 83.213127 136.513855 514.107849 136.656860 516.357056 388.003235 82.607246 388.677856 
frame00021.jpg 82.628464 135.531967 514.192932 135.603516 516.112183 387.078033 82.812721 387.644684 
frame00022.jpg 81.747704 134.428391 513.809448 135.118637 515.467896 386.024658 82.096878 387.039948 
frame00023.jpg 81.419060 132.962616 513.916748 133.393219 515.770447 385.036682 83.499924 385.869690 
frame00024.jpg 82.262665 133.490463 514.478638 133.733276 516.281311 386.269531 82.105583 386.904449 
frame00025.jpg 81.772110 134.021713 514.327271 134.473862 516.119446 386.258820 81.584877 386.931732 
frame00026.jpg 81.629761 133.593582 514.106140 134.855453 515.403870 386.784088 81.167511 387.285217 
frame00027.jpg 82.394196 135.091263 514.092834 135.281570 515.742798 386.881714 81.960518 387.271149 
frame00028.jpg 82.644691 134.955765 513.514648 135.631577 515.400024 386.626282 82.863235 387.239746 
frame00029.jpg 83.736938 135.265335 513.887512 135.727051 516.073303 386.298218 83.804199 386.726532 
frame00030.jpg 84.333115 134.894760 514.819214 135.208328 517.536011 386.703491 84.504272 386.796387 
frame00031.jpg 84.890411 134.917313 516.157715 134.777542 518.183105 386.028778 85.608444 386.303741 
frame00032.jpg 85.393959 134.189194 516.406921 133.710739 518.956482 385.994751 85.556740 386.163208 
frame00033.jpg 85.229080 134.083679 517.203491 134.206238 519.093811 386.214996 85.829453 386.726837 
frame00034.jpg 85.911163 134.444290 517.570862 134.538605 519.490723 386.400574 86.617928 386.814697 
frame00035.jpg 87.155746 134.987366 518.005310 134.630554 520.790527 386.074249 87.161423 386.631104 
frame00036.jpg 88.578857 134.419617 519.460571 134.634018 522.212036 386.746765 90.127693 386.276306 
frame00037.jpg 91.109360 135.522690 522.240356 135.016800 524.411377 387.749512 92.843742 386.447937 
frame00038.jpg 93.023010 135.833786 523.646179 135.409164 525.230347 387.475342 94.205917 386.070404 
frame00039.jpg 94.840027 136.900223 524.078979 135.867798 526.582336 388.448120 94.356163 387.135010 
frame00040.jpg 94.985573 137.829041 524.875977 136.743881 526.996521 389.810730 95.327698 388.368195 
frame00041.jpg 94.969330 139.192963 524.552551 138.445587 526.986816 391.082642 95.672585 390.245209 
frame00042.jpg 96.066696 141.858582 524.256042 140.381287 527.367737 393.040436 95.135559 392.088501 
frame00043.jpg 95.498413 143.457458 523.126587 141.486191 526.329285 393.418884 94.609390 393.314331 
frame00044.jpg 95.009300 145.546616 521.555054 143.275513 526.484497 396.455994 93.411491 397.275909 
frame00045.jpg 95.170197 149.837967 521.440186 147.310883 526.039307 399.590271 93.802444 400.884003 
frame00046.jpg 94.731461 151.486603 520.753113 148.589478 525.876892 400.015808 94.652077 401.717834 
frame00047.jpg 95.575012 152.717972 520.454468 149.810196 526.673340 401.090973 94.738335 403.115784 
frame00048.jpg 95.992493 153.994537 520.647278 150.241150 526.932617 401.188202 95.728104 403.888031 
frame00049.jpg 96.329430 154.568710 520.932861 149.888992 527.441101 400.815857 96.326996 403.305359 
frame00050.jpg 96.576302 154.496124 520.463806 149.571701 527.256775 399.758331 95.943848 402.970093 
frame00051.jpg 96.160980 152.439575 519.634338 147.467514 526.697510 396.394989 95.171989 400.147522 
frame00052.jpg 96.013618 149.954285 520.427124 144.262360 526.919739 393.765808 97.200890 397.142212 
frame00053.jpg 97.191444 148.179886 520.565979 142.409973 528.031067 391.333344 97.446022 394.996521 
frame00054.jpg 98.265259 146.264801 521.904663 139.444962 528.982178 389.551056 99.011879 392.829987 
frame00055.jpg 98.408989 145.081223 522.395264 137.971481 530.016113 388.520172 100.341263 392.063293 
frame00056.jpg 99.351898 145.572220 523.007507 137.292496 530.641602 387.971405 100.511467 392.753418 
frame00057.jpg 98.272293 145.226547 523.232605 136.663498 530.990234 387.139282 101.494720 392.298157 
frame00058.jpg 100.923027 147.320770 523.283813 137.732559 533.104553 390.216248 103.239906 396.111023 
frame00059.jpg 104.255371 153.107834 525.088867 142.329254 536.148254 395.613831 105.224693 401.698364 
frame00060.jpg 105.944221 155.967010 526.889709 145.429092 538.172302 396.576935 107.426285 401.958801 
frame00061.jpg 107.370506 156.097733 528.110046 145.510101 539.673462 396.419617 110.375572 402.098236 
frame00062.jpg 111.931290 158.148453 530.929321 146.779068 543.691650 398.891296 114.147057 403.926727 
frame00063.jpg 115.412216 160.450699 533.686646 148.944016 546.505859 400.069672 116.317345 405.204681 
frame00064.jpg 116.254776 160.429535 534.369446 147.880844 546.509521 397.678101 117.133652 403.428864 
frame00065.jpg 115.710953 159.657761 533.561218 146.031616 545.978821 395.806915 117.077332 402.830231 
frame00066.jpg 115.974159 159.590042 532.857178 145.047638 546.355530 395.254852 117.826836 403.266113 
frame00067.jpg 117.083488 161.839737 532.663696 145.402756 546.806641 395.553864 119.551933 404.470673 
frame00068.jpg 117.356476 163.366226 531.406372 145.241989 546.675049 393.395721 119.777763 403.996887 
frame00069.jpg 116.262634 161.716843 529.870178 143.002213 545.402100 389.724457 118.915733 401.785614 
frame00070.jpg 114.829758 160.291321 527.289734 139.830597 544.384460 386.677032 118.034271 401.636932 
frame00071.jpg 113.708344 160.404572 526.021545 138.762558 543.410034 384.569000 119.039665 401.010132 
frame00072.jpg 113.089142 159.721756 523.948425 135.850174 542.751953 380.809692 117.890587 399.018188 
frame00073.jpg 111.519989 159.872971 521.600037 134.245712 541.383301 379.565308 117.412575 399.720551 
frame00074.jpg 110.150040 161.097580 518.913330 133.544128 540.243958 377.674225 116.693771 400.127472 
frame00075.jpg 109.544296 161.270035 517.340637 131.762512 540.250793 375.107147 117.428673 399.008057 
frame00076.jpg 109.777412 160.887817 516.265991 129.703934 540.713867 372.531342 119.265411 398.465637 
frame00077.jpg 110.918762 160.911438 516.828674 127.597801 541.613770 369.532501 121.964149 396.475128 
frame00078.jpg 112.115982 159.533188 516.393005 125.540062 542.488770 367.505676 122.707535 396.277924 
frame00079.jpg 112.992920 159.563065 516.668884 124.095810 543.333313 365.301300 123.671867 394.818542 
frame00080.jpg 113.561913 158.551849 516.288452 121.783188 543.406372 362.577271 125.260513 393.137909 
frame00081.jpg 114.551575 159.089233 516.165833 120.333229 543.885620 361.444794 126.208504 393.051819 
frame00082.jpg 114.540367 159.943314 514.948730 120.079063 542.417664 360.039734 125.852699 393.490723 
frame00083.jpg 112.865532 161.021179 512.256226 119.725906 541.499878 359.202423 125.124748 394.712524 
frame00084.jpg 111.485245 161.829895 510.798004 119.602074 539.851868 358.350128 124.338356 393.847473 
frame00085.jpg 110.544624 162.732513 508.097107 119.414978 538.909790 357.895447 123.186348 395.367676 
frame00086.jpg 109.339996 162.477600 506.561401 118.675606 537.519775 355.901337 123.586800 394.342194 
frame00087.jpg 109.305557 162.273087 504.783081 117.668968 536.490845 353.994904 122.136436 393.421173 
frame00088.jpg 108.327660 162.657227 502.887909 116.751335 535.873535 353.191315 122.326912 394.487762 
frame00089.jpg 108.537247 163.679337 502.078674 117.001457 535.555786 352.444183 122.430313 394.491760 
frame00090.jpg 108.156151 163.467133 500.813934 116.273346 534.685913 350.842346 121.544441 394.050140 
frame00091.jpg 106.922073 163.215561 499.057556 114.637596 533.315674 348.846863 121.985909 393.325409 
frame00092.jpg 107.168564 164.638474 497.766602 114.726318 533.384338 349.032379 122.697906 394.463684 
frame00093.jpg 108.431465 165.747604 497.828674 115.100189 534.290894 348.384979 124.590408 394.047272 
frame00094.jpg 110.300873 165.244019 498.400574 114.995880 535.291992 347.032562 126.099052 393.664948 
frame00095.jpg 111.822960 165.148361 499.630798 114.342201 536.825195 346.540161 128.338287 393.632507 
frame00096.jpg 114.345985 166.016922 500.287628 113.999657 538.053223 345.553436 129.387115 392.275208 
frame00097.jpg 115.621361 165.727371 501.533386 113.374474 539.530090 344.997101 131.702881 391.580872 
frame00098.jpg 117.577850 165.634445 502.741577 113.011848 541.683594 344.224091 133.431290 391.432587 
frame00099.jpg 119.824753 166.730698 503.862488 113.538483 542.993286 344.350494 135.628586 392.607330 
frame00100.jpg 120.846283 168.565826 504.309753 114.547081 543.890808 344.434174 136.551483 393.584045 
frame00101.jpg 120.767693 170.399719 503.317535 114.947937 543.225708 344.507355 136.844879 395.314728 
frame00102.jpg 120.748032 173.222961 501.945648 116.180855 543.866272 345.479614 137.117706 398.149139 
frame00103.jpg 120.411972 176.883469 501.176483 118.163208 544.280273 346.392365 137.470490 401.109222 
frame00104.jpg 118.896141 179.699783 497.732849 119.689629 542.575195 346.281464 135.214661 405.130188 
frame00105.jpg 116.889381 182.134613 495.600281 119.594391 540.771729 345.708893 136.145905 405.471680 
frame00106.jpg 114.514481 184.075623 493.026001 120.467667 540.533630 345.901215 135.459900 409.609741 
frame00107.jpg 115.455330 188.897308 491.822601 122.864868 541.046265 347.293488 135.959930 413.808746 
frame00108.jpg 115.583244 192.963913 490.120026 125.011032 541.246338 347.792450 136.362381 417.320618 
frame00109.jpg 116.410568 192.923264 489.639404 124.465523 542.422668 345.332153 139.125717 415.672821 
frame00110.jpg 118.584015 193.592957 491.409851 123.686378 544.433838 344.521210 141.196869 415.327698 
frame00111.jpg 119.878761 194.228531 491.721466 123.551025 544.378235 344.379852 142.422668 415.747467 
frame00112.jpg 119.506363 194.726395 490.979126 124.172226 544.065613 344.217072 143.107941 415.889709 
frame00113.jpg 121.169556 195.130096 490.971527 124.521141 545.663452 344.236938 142.923828 415.605011 
frame00114.jpg 122.226013 194.974243 491.657349 124.173134 546.006775 344.004913 146.102936 415.269684 
frame00115.jpg 123.691658 194.997192 493.517578 124.821991 547.374329 344.067352 146.916656 415.205109 
frame00116.jpg 125.078201 194.607834 494.783539 124.421562 548.377319 342.855316 148.400711 413.518585 
frame00117.jpg 127.195801 193.129623 495.808441 123.098175 548.936096 341.612305 149.234192 411.606079 
frame00118.jpg 128.305222 193.225388 496.952911 123.391602 549.905396 343.054260 149.137070 412.153595 
frame00119.jpg 128.294189 192.820770 497.237762 123.954178 549.014709 343.226898 149.149658 410.980804 
frame00120.jpg 128.352081 192.386688 496.987640 124.909157 548.510254 345.152618 148.410446 411.801086 
frame00121.jpg 129.143539 193.394516 497.326813 127.195122 547.958252 347.032745 147.180511 411.413544 
frame00122.jpg 127.446442 192.712860 495.727783 128.319580 544.265381 348.049164 143.035751 411.581177 
frame00123.jpg 123.783241 193.064362 493.430237 130.182571 541.070679 350.671783 139.264893 412.870209 
frame00124.jpg 122.054649 194.802338 491.332336 134.711075 536.855225 354.618195 137.684494 414.528015 
frame00125.jpg 119.397598 194.324112 488.836670 136.641922 532.596375 355.806641 132.556931 413.935272 
frame00126.jpg 117.963715 195.314194 486.141449 138.952972 529.628845 360.115509 127.048752 415.957611 
frame00127.jpg 115.829369 196.532608 484.321991 143.922424 525.127075 365.254028 123.147659 416.542664 
frame00128.jpg 113.233139 195.724594 481.879883 147.306549 520.388977 366.826050 119.743172 414.791168 
frame00129.jpg 112.107491 193.009735 479.808960 147.926880 516.010376 367.378540 114.433739 410.882904 
frame00130.jpg 109.968132 189.155716 477.435608 148.060471 510.853027 367.474030 110.377945 407.819824 
frame00131.jpg 108.831207 186.796021 476.209961 149.426331 507.786987 368.590820 106.647034 404.875366 
frame00132.jpg 109.806580 182.866058 476.270538 148.656738 506.032501 368.173828 105.351097 399.566711 
frame00133.jpg 111.397141 178.362122 478.627472 147.472290 507.053223 367.433502 106.253342 393.742859 
frame00134.jpg 115.975952 172.288757 482.725159 145.267899 508.481598 365.243530 111.159561 386.199524 
frame00135.jpg 121.779076 166.875916 488.886414 143.168350 511.912292 363.957336 114.201607 380.071533 
frame00136.jpg 128.475815 163.279648 494.112091 142.794724 514.761292 364.177399 117.866318 375.658691 
frame00137.jpg 132.936752 159.880127 498.110352 142.775116 515.172302 364.045319 118.776505 370.932709 
frame00138.jpg 134.458542 155.730865 500.042664 142.354431 514.496155 364.229340 118.528168 367.188843 
frame00139.jpg 137.289337 153.976746 502.244751 143.104065 514.130554 365.976776 119.302750 364.435089 
frame00140.jpg 138.593658 151.715515 503.882996 144.902618 511.983368 367.085663 118.671234 361.679871 
frame00141.jpg 139.357788 149.295197 503.918549 144.650635 510.137177 366.432892 116.809593 358.514557 
frame00142.jpg 139.464279 147.864517 503.266052 146.076843 508.022400 369.135254 116.800102 358.229004 
frame00143.jpg 140.644608 149.802704 503.736145 149.946335 506.797028 372.164001 114.352821 357.432098 
frame00144.jpg 140.047455 147.904297 502.904297 151.391449 503.422424 372.866913 112.177734 356.047302 
frame00145.jpg 139.963120 148.004868 501.692383 153.231064 500.797119 374.503052 109.738380 354.833649 
frame00146.jpg 140.058365 147.771149 499.948273 155.481461 497.702576 376.910126 106.796013 354.363983 
frame00147.jpg 138.632980 146.342728 498.121124 157.708969 493.724213 378.247864 103.307625 352.133087 
frame00148.jpg 136.825439 143.820053 496.421265 158.255997 489.940094 377.915955 102.218941 348.523987 
frame00149.jpg 136.841736 142.614334 495.265350 159.496124 486.276550 378.989258 97.590759 346.543274 
frame00150.jpg 136.013367 140.621933 493.438782 160.502533 482.552063 378.777039 94.362251 343.531921 
frame00151.jpg 134.772888 136.458466 492.143005 159.853638 479.592560 377.666199 93.061134 338.742279 
frame00152.jpg 136.425888 134.752563 492.298035 160.868362 478.460327 379.040192 92.973701 336.614014 
frame00153.jpg 139.013168 134.352524 493.232391 162.237778 478.453979 380.186218 94.019714 335.954193 
frame00154.jpg 142.778839 134.844193 496.872131 164.475708 480.370056 382.250244 97.562881 333.771881 
frame00155.jpg 147.280151 133.840759 500.186920 165.110825 482.088440 382.594299 100.483475 331.754120 
frame00156.jpg 151.513779 133.893295 502.765564 166.717636 484.023315 384.089966 103.926788 331.481323 
frame00157.jpg 155.906952 134.296509 506.450775 167.896835 485.752655 384.514435 107.561409 330.141632 
frame00158.jpg 159.899826 134.074341 509.299866 168.603653 486.642242 385.263092 110.142677 327.603638 
frame00159.jpg 162.775635 133.614624 510.576294 168.982910 487.203430 385.637024 111.819267 327.098785 
frame00160.jpg 164.930527 133.340607 511.564087 169.349106 485.797607 384.831940 113.353836 325.627777 
frame00161.jpg 164.930527 133.340607 511.564087 169.349106 485.797607 384.831940 113.353836 325.627777 
frame00162.jpg 164.352768 130.639145 507.371490 169.333786 479.254333 383.322876 107.634537 320.678894 
frame00163.jpg 162.521027 129.165359 506.069458 168.412003 475.743652 382.693451 108.494949 319.007355 
frame00164.jpg 162.722198 129.976761 505.249115 169.804565 474.242859 383.284271 107.552841 317.964813 
frame00165.jpg 163.125671 127.746933 503.060089 169.272980 471.166412 380.980499 105.800301 315.426666 
frame00166.jpg 162.582657 125.687675 502.612030 166.687683 469.678375 379.090271 105.553543 312.562592 
frame00167.jpg 162.468170 123.947655 501.349182 166.610229 467.753662 378.229614 105.441193 310.981689 
frame00168.jpg 163.489731 123.723724 502.008240 165.968521 466.803589 377.257263 106.488297 309.226196 
frame00169.jpg 165.474808 122.473877 502.362640 164.642670 466.396027 376.092133 107.060501 305.691559 
frame00170.jpg 164.893127 119.650482 500.797638 163.577042 463.796051 374.614075 106.829498 304.569641 
frame00171.jpg 165.106934 119.603477 499.836945 164.404617 463.564789 374.507080 107.495728 303.818054 
frame00172.jpg 168.025772 119.173454 501.516113 164.306763 464.743225 374.569580 108.563805 303.133148 
frame00173.jpg 169.629150 120.295929 501.672546 165.010605 464.269196 374.880798 108.459465 303.373383 
frame00174.jpg 169.440994 120.561996 500.788055 163.697647 461.513214 372.823059 109.393990 301.501587 
frame00175.jpg 168.345459 118.848099 500.037323 162.338104 460.536041 372.097656 109.514328 300.166107 
frame00176.jpg 169.332474 120.478935 499.618378 163.671677 459.530426 374.288269 109.583565 300.888397 
frame00177.jpg 168.660721 120.793221 496.901825 164.664444 457.014801 373.669128 107.442818 301.544403 
frame00178.jpg 168.844620 120.498611 497.046600 165.631592 456.994659 375.269623 108.510086 301.168518 
frame00179.jpg 171.960052 122.116852 499.596619 167.484818 457.371277 377.273712 111.799820 302.006104 
frame00180.jpg 173.347778 123.729492 499.638641 169.799103 456.194885 378.304657 111.734001 301.736908 
frame00181.jpg 174.371246 124.662331 499.129242 170.750778 456.450287 380.208466 112.139046 302.370300 
frame00182.jpg 174.932816 126.695915 499.901672 172.851700 455.743164 381.093872 112.840210 303.110382 
frame00183.jpg 174.861069 124.927307 498.098450 173.418900 453.570770 380.516876 111.599739 302.116638 
frame00184.jpg 175.065018 124.920715 497.614929 173.497192 452.860565 381.027252 111.691620 302.190125 
frame00185.jpg 176.137238 127.302101 498.082184 174.186111 451.746002 381.204498 113.185753 302.187286 
frame00186.jpg 175.972885 125.789482 496.373627 172.745209 450.868042 378.096893 110.870216 299.561493 
frame00187.jpg 174.516754 122.631310 495.596039 169.518951 448.866638 375.448395 111.956131 297.008392 
frame00188.jpg 173.853958 118.529121 492.900940 166.966553 448.089111 370.617828 107.914040 290.681610 
frame00189.jpg 172.464798 114.431236 493.500671 162.285919 447.144867 368.096130 110.594963 290.853027 
frame00190.jpg 174.629257 116.770203 492.939362 163.046097 447.460083 369.094727 111.381149 292.278687 
frame00191.jpg 174.950272 117.674881 493.012177 162.853333 446.751007 368.484161 112.193863 291.914764 
frame00192.jpg 174.143372 116.948761 492.693451 162.004166 445.288483 367.240784 111.677322 290.322174 
frame00193.jpg 173.452347 115.189964 491.995514 160.945877 444.802002 365.837189 111.802811 287.815247 
frame00194.jpg 174.981796 112.941689 492.719269 160.428574 444.654083 365.530487 112.397453 286.382385 
frame00195.jpg 176.807617 113.411949 492.910400 161.936111 444.406189 366.674194 111.846382 286.073090 
frame00196.jpg 177.472885 111.568192 493.488068 161.050980 444.294800 363.839264 113.162590 282.904053 
frame00197.jpg 179.514969 109.469879 495.538666 159.962494 444.544434 363.643860 115.147987 280.944641 
frame00198.jpg 182.475845 107.956093 497.567749 159.482407 445.863861 362.222168 116.655449 277.617981 
frame00199.jpg 185.704208 106.266052 500.213318 158.938690 447.176849 361.832184 119.642281 275.502960 
frame00200.jpg 188.415680 103.763542 502.114441 158.884323 448.588837 360.926270 120.244064 273.924103 
frame00201.jpg 193.543610 105.585968 506.032227 160.290100 450.947479 364.150635 125.659958 273.563660 
frame00202.jpg 195.914124 106.012711 507.091034 162.592957 451.599091 365.750458 126.204887 274.151337 
frame00203.jpg 198.129105 106.204376 510.087463 163.145645 452.228851 364.138794 129.834564 271.852417 
frame00204.jpg 201.187225 105.599136 511.262421 164.605026 452.927887 366.584625 130.824875 272.013062 
frame00205.jpg 202.527039 107.325989 511.874634 169.094894 452.676788 369.098877 130.552887 273.963867 
frame00206.jpg 202.527039 107.325989 511.874634 169.094894 452.676788 369.098877 130.552887 273.963867 
frame00207.jpg 204.770844 109.561501 512.582520 171.357513 450.662628 370.607117 132.790695 274.143158 
frame00208.jpg 203.169907 110.450645 510.045197 172.376617 447.335815 371.852936 130.271347 274.005707 
frame00209.jpg 200.157776 111.411934 507.007355 173.020020 445.305237 371.761261 127.921539 275.410095 
frame00210.jpg 201.645279 111.409462 507.444641 173.789627 447.425537 372.373322 129.940628 275.463318 
frame00211.jpg 202.694550 113.356148 507.654327 175.349411 446.422394 374.003723 129.692596 277.639465 
frame00212.jpg 202.770584 112.426094 507.728363 175.530319 446.167816 372.799042 130.149521 275.666504 
frame00213.jpg 204.669479 112.558640 510.176453 176.073761 446.418121 374.413177 133.081909 274.718414 
frame00214.jpg 204.271362 111.855034 508.461090 176.234802 445.684753 373.428772 130.875916 275.008331 
frame00215.jpg 204.246368 111.038750 510.649170 175.559662 446.831635 373.134674 131.675079 272.229889 
frame00216.jpg 207.516769 109.802231 512.507996 174.577179 448.945648 372.934326 134.283157 270.860138 
frame00217.jpg 209.860336 108.351364 515.297729 173.548065 450.267456 371.918762 135.685486 269.053009 
frame00218.jpg 211.397430 105.973450 516.222839 172.714493 452.474518 370.808411 136.645935 268.045685 
frame00219.jpg 214.216980 105.238686 520.182373 172.848007 454.556488 372.031982 140.307343 267.620728 
frame00220.jpg 216.222488 105.709061 521.506348 173.841385 455.281616 373.498932 141.019897 268.067078 
frame00221.jpg 218.187576 107.321678 523.784180 175.635193 456.462067 375.803741 143.231033 268.803528 
frame00222.jpg 221.162781 108.577873 527.747314 178.202927 460.113342 377.842468 148.054367 269.552521 
frame00223.jpg 225.422714 108.440971 531.389587 178.899384 463.628082 377.563629 150.604919 268.837128 
frame00224.jpg 227.983078 107.879196 534.171631 178.605637 463.455475 378.305084 152.545746 267.597198 
frame00225.jpg 226.861053 106.789803 532.725464 179.394882 463.268311 378.191498 151.133804 269.123596 
frame00226.jpg 229.644272 107.724693 535.609558 180.643814 466.463440 380.877625 153.043045 267.744507 
frame00227.jpg 231.766556 108.873749 537.409058 181.877304 466.854553 380.890564 154.926025 269.783203 
frame00228.jpg 231.359787 110.536034 536.019470 182.482208 464.774078 382.032562 153.419159 270.748444 
frame00229.jpg 228.685089 110.165604 534.724487 182.688080 463.737976 382.150391 152.876404 270.298737 
frame00230.jpg 228.062927 111.003471 533.889038 183.382278 463.226837 382.570068 151.644501 271.853302 
frame00231.jpg 227.955276 111.181480 533.111633 183.873917 463.026550 381.573120 150.931671 271.051117 
frame00232.jpg 227.918457 107.819855 533.530396 181.432785 462.857574 379.439240 151.186615 268.276611 
frame00233.jpg 227.887589 106.135567 534.202759 180.255005 463.471466 378.865784 150.968689 267.522827 
frame00234.jpg 229.146851 106.890358 534.442505 181.482300 463.805267 380.497192 151.879715 267.879852 
frame00235.jpg 230.901367 109.317741 536.698425 182.141724 466.450745 381.130951 155.177689 269.736908 
frame00236.jpg 233.371155 107.474693 540.000427 179.602295 470.143890 378.147522 159.446259 267.992065 
frame00237.jpg 234.333160 108.385117 540.474060 179.664825 470.287689 379.706757 159.403015 269.849060 
frame00238.jpg 235.177734 111.321922 540.989807 180.179825 473.610168 378.987183 160.405121 271.605835 
frame00239.jpg 239.631226 111.600906 546.436951 178.384583 478.918182 379.315765 168.470413 270.813171 
frame00240.jpg 241.562683 110.890121 547.949402 178.811584 479.197205 378.766632 168.454117 272.053741 
frame00241.jpg 239.087387 113.011955 544.752380 180.032196 476.149231 380.189423 165.346771 274.535614 
frame00242.jpg 237.168060 113.283432 542.938171 181.124329 474.499817 381.443634 163.365509 275.457550 
frame00243.jpg 236.969437 116.304718 541.758240 183.812927 474.625916 383.478485 162.106583 278.131622 
frame00244.jpg 236.124420 119.489365 540.360596 185.311981 474.552246 385.850739 162.740128 279.959625 
frame00245.jpg 239.043243 122.514755 541.536072 186.221436 480.144745 390.091644 164.327682 283.012268 
frame00246.jpg 244.628220 121.217125 551.122864 184.451660 490.692108 386.403442 175.045883 280.209106 
frame00247.jpg 252.646271 123.299805 559.933594 186.333847 495.928955 387.466003 185.698425 284.778168 
frame00248.jpg 258.787048 128.169769 563.932556 188.451874 502.745972 391.014709 188.024536 288.166199 
frame00249.jpg 265.842590 131.395920 571.950806 190.096466 510.466614 394.244904 199.524048 289.942200 
frame00250.jpg 271.839294 136.845337 577.464417 193.470474 518.899963 397.264313 204.539703 297.067078 
frame00251.jpg 276.318329 142.012009 582.181396 196.364258 523.459167 400.112183 208.964355 301.231140 
frame00252.jpg 277.953339 143.661407 584.500549 196.114029 526.027588 398.966461 212.724014 301.804504 
frame00253.jpg 282.905853 144.684006 587.830566 195.795731 529.028931 399.875031 218.666580 301.754761 
frame00254.jpg 282.573730 145.785324 588.193420 196.562042 529.616455 399.487976 218.259933 304.080414 
frame00255.jpg 282.706696 148.210815 587.010681 195.884033 528.015686 400.331696 218.569214 304.516846 
frame00256.jpg 279.665955 148.636353 584.006165 196.056702 526.098450 399.535248 217.709579 307.031952 
frame00257.jpg 277.916138 150.580856 580.842285 197.565048 523.843445 400.812958 214.225937 309.484070 
frame00258.jpg 276.400177 153.519852 578.549744 198.348770 522.594971 401.079681 213.416336 310.517212 
frame00259.jpg 273.340027 153.703827 574.609192 196.698074 518.479431 397.781311 210.845322 311.518280 
frame00260.jpg 270.364349 152.468246 570.138733 196.233032 515.911926 397.512756 206.992172 310.915894 
frame00261.jpg 267.070740 152.287231 567.851807 194.670334 514.368408 395.105988 207.461807 310.573547 
frame00262.jpg 267.080017 153.839508 566.306335 193.776047 512.746155 395.837799 205.518463 312.098602 
frame00263.jpg 264.972382 154.203064 562.235474 192.016815 507.714142 392.186249 202.706955 310.346863 
frame00264.jpg 264.972382 154.203064 562.235474 192.016815 507.714142 392.186249 202.706955 310.346863 
frame00265.jpg 260.355347 153.596359 557.042603 190.438339 504.840942 391.888306 205.211761 309.757843 
frame00266.jpg 259.371735 153.795914 554.629639 191.180481 502.803284 391.971497 201.995285 311.122375 
frame00267.jpg 257.983276 156.138336 552.834290 192.188751 502.161743 393.142914 199.906662 312.361023 
frame00268.jpg 255.612045 157.093277 549.752441 194.464081 499.415588 394.145630 195.279266 316.355957 
frame00269.jpg 253.495514 161.902924 546.491089 197.401932 496.647614 396.998444 192.317810 319.844421 
frame00270.jpg 251.083298 162.505371 543.564941 197.933167 494.180267 397.277740 192.829651 319.554779 
frame00271.jpg 250.003265 162.440689 541.888000 197.692123 493.534882 396.920868 190.899643 320.120300 
frame00272.jpg 246.808380 163.818039 539.337524 198.360641 490.290558 397.609467 188.869247 321.843079 
frame00273.jpg 245.047363 164.336838 535.129578 197.895721 487.741669 396.732147 187.897827 319.976898 
frame00274.jpg 240.150940 162.587051 533.278809 196.904816 486.378418 394.972321 182.449173 322.428802 
frame00275.jpg 238.807938 164.151306 530.396362 195.907654 482.429962 395.260681 179.693344 323.158264 
frame00276.jpg 234.084457 166.369339 524.924622 197.193527 477.898346 397.287323 174.826797 325.395630 
frame00277.jpg 231.486298 171.031570 521.801575 200.806778 477.111755 402.127045 172.157715 327.241486 
frame00278.jpg 224.157013 173.102921 515.042480 202.879578 471.285461 402.003510 164.476410 334.646179 
frame00279.jpg 219.539719 177.231293 508.510773 205.084579 467.155579 404.628693 161.802429 337.626678 
frame00280.jpg 213.436691 179.647690 504.525543 205.052322 462.946503 404.839386 158.727951 339.415894 
frame00281.jpg 213.576584 183.091064 499.705688 204.891968 460.239624 405.780762 170.377029 337.233459 
frame00282.jpg 202.342209 185.495880 492.908417 207.032562 455.512177 407.529053 146.182724 347.716827 
frame00283.jpg 195.910049 185.456131 486.073639 206.870529 450.126617 408.427582 140.501709 351.435730 
frame00284.jpg 188.569992 188.685349 481.059265 208.141129 446.970856 408.351257 133.917877 354.862640 
frame00285.jpg 185.219254 190.346100 476.932922 207.953888 444.143677 409.149597 131.442642 355.842072 
frame00286.jpg 179.763855 192.759079 471.740784 208.806366 441.727539 409.719177 126.108391 360.871246 
frame00287.jpg 176.174469 194.452133 468.319916 210.152939 438.712524 410.147491 123.334160 363.410004 
frame00288.jpg 176.131149 197.310791 465.743073 209.373520 437.850983 410.872437 125.157692 363.713135 
frame00289.jpg 171.282166 196.934708 463.933533 208.547012 436.502533 409.795563 122.721931 365.430267 
frame00290.jpg 169.833572 201.112869 459.427521 210.596970 434.050598 411.239655 117.024017 366.714600 
frame00291.jpg 161.968552 203.322937 454.347717 211.422714 428.247894 413.230499 111.419685 373.520905 
frame00292.jpg 158.320389 203.298813 449.403168 210.841141 426.118408 412.513702 107.693321 373.553467 
frame00293.jpg 155.326538 202.633774 447.132233 209.188339 424.367279 411.112213 107.796486 372.057739 
frame00294.jpg 149.939301 201.746750 442.700470 208.743134 421.210083 409.944397 99.940620 373.895203 
frame00295.jpg 148.646744 201.092163 442.852478 207.017334 419.251984 409.834747 103.072929 371.739441 
frame00296.jpg 147.834061 199.917725 441.512390 206.586243 418.991119 408.577942 99.167427 370.800507 
frame00297.jpg 149.039200 198.316055 442.983917 205.563522 419.763153 408.149017 103.235626 367.522583 
frame00298.jpg 152.012787 198.020889 445.577545 206.488083 423.099976 409.973358 106.167908 367.751007 
frame00299.jpg 155.696121 198.874329 448.306976 207.033890 424.841156 409.630798 108.145454 366.653564 
frame00300.jpg 156.153580 197.694244 449.243622 206.019775 424.928040 409.002380 107.342285 366.750427 
frame00301.jpg 154.149277 197.420349 447.878906 207.000778 423.406097 409.770844 104.147461 368.579071 
frame00302.jpg 154.330185 198.132660 447.079803 208.178085 424.187531 409.835693 102.854851 369.132843 
frame00303.jpg 156.969467 197.500412 449.762512 206.376999 424.842133 409.197540 108.091087 367.279816 
frame00304.jpg 158.882767 198.040100 450.666718 207.254181 427.951904 411.659119 107.876183 365.037323 
frame00305.jpg 158.882767 198.040100 450.666718 207.254181 427.951904 411.659119 107.876183 365.037323 
frame00306.jpg 160.936859 192.424438 454.269836 204.147125 428.110748 406.178619 114.182167 361.088287 
frame00307.jpg 162.650284 191.393173 454.847809 205.509796 428.896271 406.291138 109.348335 361.528168 
frame00308.jpg 162.319565 189.515564 456.789734 203.998322 428.411499 404.326569 112.237320 357.940948 
frame00309.jpg 167.108383 187.200958 459.610382 202.837997 433.006897 405.425842 111.873093 354.938538 
frame00310.jpg 171.922699 183.020676 466.375763 200.093124 436.645355 399.421631 120.043213 348.312408 
frame00311.jpg 175.366791 179.069458 469.205078 197.572372 440.046112 397.591736 122.787987 348.216583 
frame00312.jpg 179.065887 178.787048 473.960083 196.724808 441.949860 397.640167 130.089645 344.642181 
frame00313.jpg 183.041061 178.454147 476.154602 196.313980 444.711365 397.708038 131.456680 343.181854 
frame00314.jpg 185.143005 175.531342 479.861053 196.171082 446.684692 396.990265 137.116379 339.796265 
frame00315.jpg 186.443619 174.669342 481.733276 196.198914 447.800476 397.896271 134.553040 341.230896 
frame00316.jpg 186.262589 174.180847 482.091431 196.334961 447.217651 396.882111 135.037949 339.770172 
frame00317.jpg 187.007004 173.889481 481.482452 195.318100 446.735443 395.686005 134.267105 340.001556 
frame00318.jpg 187.699051 173.679062 482.531769 194.947525 447.122253 395.843445 134.196533 338.274628 
frame00319.jpg 187.781616 173.012848 481.893585 193.292053 447.257507 394.292206 132.234924 338.005096 
frame00320.jpg 186.872009 171.824036 481.734802 192.317215 447.715637 394.862396 132.952759 337.620911 
frame00321.jpg 184.626450 172.771729 479.720093 193.664200 445.634857 393.581116 130.649521 340.034241 
frame00322.jpg 183.331467 173.810989 478.557953 194.025513 444.736389 393.948242 131.613266 341.250336 
frame00323.jpg 183.059982 174.822540 478.597198 194.651596 444.295258 394.854950 135.034744 341.441223 
frame00324.jpg 183.047562 177.186417 477.259735 196.166016 443.981262 397.138947 130.499512 342.411713 
frame00325.jpg 182.123169 177.120285 476.112640 195.709351 443.111176 395.905823 129.345673 341.447021 
frame00326.jpg 181.421951 175.103760 475.968658 196.497070 444.171417 395.767059 127.549522 342.590698 
frame00327.jpg 183.847382 176.135345 478.120056 195.388535 443.437927 395.944427 130.995590 341.314270 
frame00328.jpg 183.250381 175.409241 477.157684 194.989944 444.175659 395.760132 130.583099 340.766327 
frame00329.jpg 183.149292 175.889038 476.539429 194.548569 443.545013 397.126434 125.465378 341.931091 
frame00330.jpg 179.982605 175.262131 475.427002 195.161423 441.339630 395.045532 127.275497 341.895996 
frame00331.jpg 180.455917 175.235428 475.116516 194.441772 442.203064 395.387115 128.547913 340.389008 
frame00332.jpg 181.077591 176.401245 474.736633 195.108200 442.845154 395.969604 127.901237 342.122101 
frame00333.jpg 179.678345 175.730209 474.819580 196.016815 442.199219 396.078827 127.219055 342.915222 
frame00334.jpg 182.316864 177.604218 476.011627 196.855972 443.758789 397.939575 128.917480 343.609222 
frame00335.jpg 184.029861 177.751236 477.889343 197.320389 444.465851 397.893433 131.233215 340.458984 
frame00336.jpg 184.374390 176.799149 478.648895 196.730118 446.016113 397.372345 131.596252 340.583740 
frame00337.jpg 185.345062 174.780197 479.839722 195.365616 446.117798 395.838287 132.361664 340.261200 
frame00338.jpg 183.010483 172.524292 478.607361 194.918289 444.812531 392.589844 129.015137 340.860199 
frame00339.jpg 185.900223 171.966278 479.938385 192.392441 447.534210 391.550903 133.229553 335.685760 
frame00340.jpg 186.853760 171.085052 480.526184 191.385712 447.219391 391.998535 133.103928 336.801208 
frame00341.jpg 188.079758 172.012726 481.297913 191.057892 447.719604 390.998322 134.685226 336.710236 
frame00342.jpg 187.881683 171.092545 482.603119 190.369080 448.209595 390.734528 135.946594 334.967438 
frame00343.jpg 186.028839 170.299637 480.465759 190.886459 447.021210 390.323578 132.215637 335.675232 
frame00344.jpg 183.666382 169.424591 479.561829 190.333862 444.720398 389.106934 130.919708 335.474548 
frame00345.jpg 182.891327 168.732117 478.911804 189.320755 443.686859 388.241730 129.674484 333.802429 
frame00346.jpg 181.658813 169.001221 476.456909 189.658066 442.746552 388.591888 126.668503 335.223022 
frame00347.jpg 179.112930 170.009308 473.909424 190.391922 439.827637 388.065277 126.707787 336.281555 
frame00348.jpg 177.995941 169.251617 473.635498 190.636993 438.703369 388.136963 125.445808 335.834808 
frame00349.jpg 179.720673 168.371017 474.845581 190.813965 442.118011 388.133484 124.696602 334.624268 
frame00350.jpg 179.720673 168.371017 474.845581 190.813965 442.118011 388.133484 124.696602 334.624268 
frame00351.jpg 182.313141 164.288605 479.374573 187.248611 445.259430 384.763489 127.720047 330.596802 
frame00352.jpg 183.650330 162.857346 479.859253 185.564911 445.453308 383.959686 127.720955 327.503723 
frame00353.jpg 180.215271 161.793716 477.745789 184.989273 443.513550 383.120331 125.392624 328.839661 
frame00354.jpg 178.076996 162.407654 476.399780 184.396561 442.722992 382.860504 124.224045 329.718292 
frame00355.jpg 176.477509 164.635544 475.605316 185.299957 438.598358 379.297699 132.407394 326.623932 
frame00356.jpg 172.322037 169.230225 468.832550 189.596573 436.029022 389.060852 115.801285 337.058502 
frame00357.jpg 166.357986 171.048813 465.108032 190.262787 432.813873 389.797668 114.393074 341.188843 
frame00358.jpg 166.037125 172.871048 464.545929 191.439041 434.749237 389.738464 113.742020 341.021667 
frame00359.jpg 165.936554 173.927902 464.713928 192.139969 436.286102 390.918793 114.281960 342.825134 
frame00360.jpg 165.936554 173.927902 464.713928 192.139969 436.286102 390.918793 114.281960 342.825134 
frame00361.jpg 162.226395 176.099854 461.608826 192.288101 433.365845 392.236542 112.947800 344.653320 
frame00362.jpg 158.913376 178.747452 457.339020 193.138596 429.503632 393.189087 109.458916 347.229584 
frame00363.jpg 150.410934 177.759781 453.011536 193.801346 423.928345 392.172577 98.778137 353.340424 
frame00364.jpg 149.695435 180.946091 450.020416 192.296585 423.497284 391.787811 104.076256 350.228394 
frame00365.jpg 143.062592 180.116348 445.170197 189.736221 421.124512 383.390656 110.556503 346.981842 
frame00366.jpg 142.218826 179.243088 442.553131 188.616562 424.184479 392.948425 93.325584 355.388367 
frame00367.jpg 138.953537 179.747177 441.999512 187.813889 420.586578 389.234253 93.902786 356.687469 
frame00368.jpg 134.947327 179.044449 439.032318 186.600235 418.094879 389.653992 87.505157 357.320709 
frame00369.jpg 132.104340 180.680634 434.788544 185.512558 414.883606 389.893005 81.749611 359.130890 
frame00370.jpg 125.921928 179.534592 432.184631 184.629120 412.230682 385.996582 80.356064 358.997284 
frame00371.jpg 123.972977 178.836563 430.794769 182.905289 411.741638 385.353668 78.341316 358.080597 
frame00372.jpg 120.174011 178.773621 429.756958 182.223038 411.854156 384.550873 78.888702 359.776398 
frame00373.jpg 121.414917 179.826904 430.023865 181.258331 413.944611 384.259735 79.363045 360.482605 
frame00374.jpg 123.553284 181.073456 432.303131 180.935715 417.950562 384.407379 81.481293 361.408386 
frame00375.jpg 123.815712 179.623581 434.477234 179.525864 420.041351 383.061859 84.065887 360.797699 
frame00376.jpg 123.380165 178.565369 434.374115 177.935699 420.009247 381.466187 81.961990 360.718109 
frame00377.jpg 121.147240 176.993851 433.683563 177.135788 419.937592 380.737030 81.588066 359.551056 
frame00378.jpg 120.932907 176.036453 434.520721 174.909317 421.620453 378.524719 82.062691 358.617004 
frame00379.jpg 123.358124 175.088715 435.397217 173.214005 423.373718 377.859619 82.441307 357.193909 
frame00380.jpg 122.290138 173.211121 436.584656 171.304672 424.188995 376.295959 83.301529 356.829346 
frame00381.jpg 123.152344 172.597961 437.696320 170.962967 425.369965 376.069855 84.633934 354.819092 
frame00382.jpg 124.157433 172.519852 439.613464 169.857742 427.308319 375.778076 86.411201 354.664154 
frame00383.jpg 123.279015 171.335190 440.066040 169.664398 428.693817 375.940186 84.911697 355.800812 
frame00384.jpg 135.842834 174.505615 436.817413 169.982803 460.499878 418.650696 58.275517 375.469910 
frame00385.jpg 123.482330 173.506439 439.557007 170.821640 430.731995 376.585663 83.707672 357.538025 
frame00386.jpg 122.751671 175.229050 438.875183 170.952271 430.366821 377.811737 82.138245 360.811981 
frame00387.jpg 120.007736 177.157379 436.821808 171.867325 433.348663 383.479340 66.149445 373.778198 
frame00388.jpg 121.771889 176.750107 439.471893 169.984100 434.207397 376.298767 82.570389 362.702545 
frame00389.jpg 123.819412 174.404556 442.088593 166.609619 434.573364 373.827026 88.099884 360.330475 
frame00390.jpg 124.343231 172.648941 439.837097 164.359406 441.779144 385.678528 61.929413 375.292999 
frame00391.jpg 121.928658 170.873367 441.516022 161.872147 435.498749 369.433624 87.397392 358.305664 
frame00392.jpg 119.778381 169.939163 441.269043 161.118851 434.566193 366.035278 87.173950 356.612671 
frame00393.jpg 117.971443 168.078888 438.938843 159.358917 433.399170 366.569336 82.740768 354.874481 
frame00394.jpg 117.941734 164.623047 434.239197 155.270203 451.751801 392.508942 42.892876 384.044556 
frame00395.jpg 115.723457 163.664490 438.209412 153.819824 433.459076 364.130615 77.330322 354.440460 
frame00396.jpg 117.105644 164.686981 438.878418 155.953629 434.250275 366.251160 82.372292 352.998535 
frame00397.jpg 118.651772 164.597214 441.317963 154.773880 437.515869 358.982117 93.415070 347.602203 
frame00398.jpg 126.293755 164.413498 440.477356 154.896698 461.390259 397.788879 52.930382 382.542633 
frame00399.jpg 121.157227 164.307404 445.276367 155.872650 439.743042 363.456177 92.771187 352.599548 
frame00400.jpg 125.380348 166.775925 447.644836 155.103256 447.017944 366.166718 94.888069 354.551514 
frame00401.jpg 127.507538 167.321594 451.175293 155.563553 447.909515 364.632111 97.361259 355.167389 
frame00402.jpg 129.745529 166.707855 453.898682 154.435272 449.999481 364.917511 100.266563 355.422241 
frame00403.jpg 132.010803 167.498703 455.999817 153.043549 455.351807 362.754272 103.706902 355.760193 
frame00404.jpg 134.751968 167.870987 457.795380 152.293335 460.846558 362.928619 104.804344 355.571198 
frame00405.jpg 135.221313 165.525070 458.927856 149.799850 459.135468 358.781738 105.897736 353.239441 
frame00406.jpg 133.442581 163.724792 458.479584 147.491379 458.571289 356.038177 106.300293 352.330933 
frame00407.jpg 133.003830 161.785690 458.715729 145.093262 457.230316 354.840424 105.930809 349.730286 
frame00408.jpg 129.814774 160.417801 456.982758 145.295151 455.821320 353.962372 102.111763 350.378998 
frame00409.jpg 129.345062 159.586670 455.922546 142.986938 455.809540 351.805634 101.721992 348.612640 
frame00410.jpg 128.804657 158.173965 456.040405 141.077408 456.255981 350.445007 103.008675 347.556427 
frame00411.jpg 129.994568 157.684540 456.773621 138.853287 459.433929 348.193390 104.789925 345.555389 
frame00412.jpg 129.508698 157.515182 457.987061 137.558014 459.933014 347.703522 105.134529 346.819305 
frame00413.jpg 128.047516 156.452072 457.578735 136.566971 459.357880 346.241699 107.443108 349.798584 
frame00414.jpg 130.166061 156.797394 458.935822 135.148804 462.928894 345.332367 108.139862 347.374207 
frame00415.jpg 131.884140 157.303406 460.355865 134.146576 465.616669 346.388489 109.488235 348.876953 
frame00416.jpg 133.130264 157.257187 462.239838 134.375549 467.266174 344.930481 112.606438 348.188599 
frame00417.jpg 135.193268 156.335907 465.698975 133.134369 468.554718 343.846741 116.484322 346.771210 
frame00418.jpg 137.665543 157.085693 466.878845 133.373367 470.967194 345.184631 115.390617 347.535492 
frame00419.jpg 135.366714 155.788116 466.465393 133.461411 469.474335 344.449646 116.112732 347.973663 
frame00420.jpg 134.366135 155.617706 466.856842 133.701569 468.839569 342.109589 118.706650 344.826508 
frame00421.jpg 135.483490 155.858643 466.598175 133.677353 470.500824 343.932556 113.771820 347.124481 
frame00422.jpg 134.395966 155.302383 466.136536 133.042343 469.438690 344.054260 114.506401 346.933960 
frame00423.jpg 132.292938 155.981232 464.521881 133.414642 468.283722 343.758575 112.050232 347.772186 
frame00424.jpg 132.354782 156.601730 464.073608 133.699295 469.821198 343.673126 111.605034 347.247986 
frame00425.jpg 130.471039 155.412704 464.518311 133.200745 469.205475 343.540863 111.654449 348.494141 
frame00426.jpg 130.185593 155.694901 464.663910 133.288666 470.840240 344.045044 112.107857 349.831879 
frame00427.jpg 131.638107 155.322800 465.780182 132.482040 471.939056 341.908569 113.109169 347.509583 
frame00428.jpg 133.332748 155.042267 466.772095 131.182770 472.753723 343.256165 113.142784 349.027588 
frame00429.jpg 132.648499 157.004852 466.145264 132.145340 472.923431 343.409149 112.165016 349.575531 
frame00430.jpg 130.374939 155.788879 465.329742 130.571228 471.965302 342.048950 111.723053 349.588013 
frame00431.jpg 129.639236 156.199875 464.631897 130.473480 472.116699 342.008453 111.818176 351.150238 
frame00432.jpg 128.907394 158.024185 463.744934 130.851425 470.882355 342.040924 111.471458 352.084167 
frame00433.jpg 127.417931 159.545456 462.140625 131.438324 472.204620 342.755951 107.103561 354.453156 
frame00434.jpg 127.343384 161.356842 461.612946 130.849518 470.464386 342.413177 110.667915 354.288025 
frame00435.jpg 125.809723 161.737091 459.635406 131.769363 470.068146 343.802917 108.910309 356.537201 
frame00436.jpg 124.372543 163.369446 458.421295 133.479431 468.424164 344.908539 108.804031 358.596405 
frame00437.jpg 123.579308 165.709702 457.266266 134.408234 470.322144 344.955261 106.202614 360.374023 
frame00438.jpg 123.435371 165.562668 458.423920 133.975052 469.021729 345.513611 108.323074 359.768585 
frame00439.jpg 123.823723 166.141556 457.807739 134.711502 469.188354 346.336853 106.990250 361.093445 
frame00440.jpg 122.956161 165.285187 456.959717 134.070404 469.561005 344.745911 106.641060 360.973114 
frame00441.jpg 124.304527 165.552032 458.349304 132.107132 471.052216 343.773285 108.696129 360.054565 
frame00442.jpg 121.600021 165.070633 457.559265 132.669662 468.602661 343.895416 108.065918 360.998291 
frame00443.jpg 120.416794 167.239914 455.797058 133.472000 468.456116 345.520813 106.215981 362.717010 
frame00444.jpg 119.353500 168.765457 454.346863 135.224579 467.685638 346.292664 105.420349 364.933167 
frame00445.jpg 117.965088 169.303696 454.062683 136.167175 466.067413 346.954346 106.039986 365.979736 
frame00446.jpg 118.582703 171.343369 453.043610 136.540924 467.308014 347.882538 102.721428 367.780029 
frame00447.jpg 119.401154 172.047195 452.842316 137.195328 467.253143 348.504517 104.070595 367.602234 
frame00448.jpg 118.999031 172.683167 452.545990 136.924759 466.858215 348.129486 104.709061 367.115570 
frame00449.jpg 118.986015 172.435211 452.140533 136.550827 466.014465 348.668457 104.003433 367.542023 
frame00450.jpg 117.811905 172.698715 451.057159 138.203369 466.654968 350.522980 95.002693 371.886871 
frame00451.jpg 115.658241 174.280273 450.840240 138.633423 465.716644 349.698059 103.240143 370.990448 
frame00452.jpg 117.514931 176.282074 450.662567 138.352081 464.663116 350.544189 111.889191 369.431335 
frame00453.jpg 117.403618 179.072128 449.548767 141.731613 465.377319 352.578796 101.663284 373.434357 
frame00454.jpg 117.103218 178.483154 448.231873 142.363586 466.463928 354.867767 98.773804 375.227417 
frame00455.jpg 116.286705 179.263550 449.566315 142.799530 463.912445 354.263245 103.418579 375.417908 
frame00456.jpg 115.967171 178.583038 449.749969 142.829239 463.122864 355.304474 102.219696 375.273193 
frame00457.jpg 117.383224 179.669296 449.576874 142.960495 463.280975 356.552765 104.969734 371.917023 
frame00458.jpg 113.623001 179.148270 446.841583 144.738358 461.246948 356.287384 96.895630 374.542328 
frame00459.jpg 112.647980 179.931580 445.521576 145.229980 460.593140 357.569580 96.328537 376.245117 
frame00460.jpg 111.143837 179.684555 445.544708 146.152435 459.466797 358.564270 97.267441 377.259247 
frame00461.jpg 110.125992 180.922058 444.522095 148.034317 458.761017 360.269287 95.478249 380.238190 
frame00462.jpg 111.102608 182.578873 445.096130 149.020218 459.514191 361.954529 97.642677 379.852356 
frame00463.jpg 111.336700 185.255676 444.978394 150.958710 460.109375 363.030304 96.319679 383.238892 
frame00464.jpg 112.409325 186.644043 445.006439 152.180267 459.933655 366.126160 96.254662 384.623108 
frame00465.jpg 112.049454 187.829193 444.589233 153.661392 459.556641 365.416931 94.833740 384.570831 
frame00466.jpg 111.770645 188.111145 444.753235 153.693634 459.464355 366.314362 92.673378 384.891357 
frame00467.jpg 110.639114 187.140167 444.207367 153.654404 458.222656 367.364746 93.846039 385.551270 
frame00468.jpg 110.668510 186.612656 443.849243 154.713120 457.248322 367.149017 93.318748 384.321533 
frame00469.jpg 111.189728 186.660904 444.443268 154.752655 457.241913 367.347412 93.950256 384.278992 
frame00470.jpg 109.803963 187.061874 444.608917 156.168137 456.597656 368.214813 93.637901 385.267639 
frame00471.jpg 111.452461 190.290863 444.403564 158.990936 458.521484 372.832031 95.045670 389.778015 
frame00472.jpg 112.558228 194.832993 445.735138 164.074570 460.381226 378.473480 93.448402 394.557037 
frame00473.jpg 113.581444 198.107727 445.733978 166.812195 459.998688 380.658661 91.739037 396.546448 
frame00474.jpg 111.390640 196.943207 445.240967 166.397873 458.717163 379.019958 92.801842 394.508301 
frame00475.jpg 113.374641 196.376785 446.297119 165.645676 459.416931 380.047638 96.171242 393.518005 
frame00476.jpg 112.749107 196.880432 446.402985 167.467896 458.915070 380.393707 93.300400 395.367767 
frame00477.jpg 112.886230 195.917587 446.734528 166.758621 459.518982 379.616669 93.255959 393.756836 
frame00478.jpg 114.099266 195.991959 447.908539 166.735718 460.611755 380.543549 95.910339 394.278381 
frame00479.jpg 114.321930 194.988327 449.164703 166.235931 461.007782 379.842377 98.645897 393.160095 
frame00480.jpg 114.901482 194.138504 449.715515 165.289749 461.933655 378.803162 97.356308 391.499664 
frame00481.jpg 116.004601 193.196991 449.706970 164.370590 462.219421 377.455780 96.334053 390.866150 
frame00482.jpg 116.340591 192.546616 449.796814 164.240387 461.610840 377.093658 95.419121 390.033447 
frame00483.jpg 115.179504 190.373001 449.727356 162.375076 460.494171 374.765808 95.885132 385.960571 
frame00484.jpg 116.235062 188.096802 449.934387 160.562866 461.201538 374.913177 96.352142 385.677124 
frame00485.jpg 116.174759 189.463074 451.874054 161.838531 460.028412 376.162354 97.483978 385.115784 
frame00486.jpg 114.495140 187.423035 449.261078 161.836166 459.122803 374.134705 94.763161 383.999542 
frame00487.jpg 115.110123 186.090469 448.777496 160.831787 459.454529 373.731903 92.962326 383.419861 
frame00488.jpg 115.068085 185.742126 449.902802 159.868057 458.979065 373.171509 94.115829 383.051727 
frame00489.jpg 115.148796 183.841141 450.132477 159.769577 459.079224 373.460754 95.304817 381.626770 
frame00490.jpg 116.621231 184.912689 451.041473 160.055389 460.054901 373.303589 94.560493 381.733856 
frame00491.jpg 115.991859 182.925598 451.688721 158.964569 459.798645 372.241364 97.689827 379.761871 
frame00492.jpg 118.747032 184.040970 452.894257 159.505112 461.938416 374.268158 96.613861 381.347443 
frame00493.jpg 117.972000 184.744370 453.532959 161.358170 461.254486 374.471191 96.847679 381.846039 
frame00494.jpg 118.445786 185.829910 452.186951 162.420532 460.617828 375.636261 94.684433 383.265198 
frame00495.jpg 118.189438 186.950714 451.871643 162.507950 461.119263 378.134369 97.067451 384.029663 
frame00496.jpg 119.219177 191.748917 452.534485 167.963745 462.148468 383.094757 94.478241 390.491241 
frame00497.jpg 119.448677 193.243698 452.751007 169.189255 463.023407 384.484253 96.251678 389.658356 
frame00498.jpg 119.717133 195.938507 453.985992 171.077484 464.597595 385.479248 97.344170 393.207062 
frame00499.jpg 121.582283 195.712708 455.999542 170.719482 465.838623 385.935059 101.178261 392.896606 
frame00500.jpg 138.368027 208.729416 459.676331 178.732666 489.056244 414.506805 96.246803 410.067261 
frame00501.jpg 133.315048 214.673950 464.250854 186.800354 478.279419 403.788879 110.735741 410.832062 
frame00502.jpg 137.681854 215.533295 467.854614 187.191086 483.467529 402.913910 117.055763 409.355865 
frame00503.jpg 143.320328 212.583206 473.822418 182.947205 490.763763 397.295929 125.707108 406.267731 
frame00504.jpg 153.340515 216.066101 479.646362 184.278687 497.845642 403.105713 124.149139 415.465393 
frame00505.jpg 158.392502 220.814728 484.383240 188.334564 503.757019 406.640869 137.363739 413.898590 
frame00506.jpg 163.048218 226.059372 488.607422 191.187485 508.441803 408.354614 146.464600 418.007538 
frame00507.jpg 167.478928 227.933456 492.870453 192.779648 512.203979 408.914307 151.279068 420.195435 
frame00508.jpg 170.656509 229.245682 494.724823 193.805038 514.063843 408.986176 151.269333 421.088379 
frame00509.jpg 171.542587 229.128189 495.503754 193.457642 514.562500 407.449188 151.481277 419.480621 
frame00510.jpg 172.823883 227.708435 497.315308 191.541275 515.909790 406.385376 154.423233 417.527161 
frame00511.jpg 176.349686 228.310928 498.850861 191.429260 516.741516 405.884766 158.255753 415.981079 
frame00512.jpg 175.930557 226.351852 497.762238 190.249893 514.552673 402.918213 156.530899 414.107910 
frame00513.jpg 174.833389 224.428741 496.213776 186.652023 513.908813 400.079803 155.857635 412.788696 
frame00514.jpg 176.892532 226.656967 496.341919 188.258453 514.665710 403.108276 160.784195 413.453766 
frame00515.jpg 177.724121 229.691086 495.174469 191.745575 513.985291 404.106079 156.128098 414.648132 
frame00516.jpg 174.291107 226.953888 491.892609 188.688477 510.205658 397.790161 149.735382 412.585846 
frame00517.jpg 170.775574 224.267532 489.679565 185.738113 505.283630 396.825500 155.033966 412.290039 
frame00518.jpg 171.612579 225.765488 488.117279 186.724197 504.312958 396.310516 151.546661 410.169739 
frame00519.jpg 171.333710 224.906723 485.013672 185.671722 501.568542 395.957886 149.577774 410.331818 
frame00520.jpg 171.355011 227.718216 484.525818 189.881699 500.453430 399.866821 149.792267 413.410370 
frame00521.jpg 172.958817 227.610382 482.720459 191.489700 500.108124 397.454559 140.326096 409.775513 
frame00522.jpg 170.107529 221.538437 482.027313 185.812912 495.737183 392.385010 147.213898 405.280884 
frame00523.jpg 171.917557 220.610626 482.204895 184.887939 494.296936 391.359467 148.394531 400.587006 
frame00524.jpg 170.658554 216.790573 479.552155 182.236694 491.282104 388.679718 143.794739 396.846527 
frame00525.jpg 168.487869 212.706589 477.639740 178.833878 487.462463 383.909515 144.305923 392.176758 
frame00526.jpg 169.709702 210.722656 477.902039 178.344971 486.748199 383.019989 142.958588 389.182251 
frame00527.jpg 170.170273 207.283737 476.887695 176.013535 483.892944 379.112915 140.537231 383.011932 
frame00528.jpg 167.578903 201.729782 474.793030 171.947220 480.420959 377.021912 138.013504 380.426697 
frame00529.jpg 167.628174 198.269806 472.939728 169.138474 477.212128 371.659760 139.070053 374.710938 
frame00530.jpg 167.253235 196.019943 471.755798 169.562607 476.997192 373.117615 129.268005 373.786011 
frame00531.jpg 163.120255 189.242752 469.677795 165.826981 470.601227 365.343506 128.654999 365.859802 
frame00532.jpg 163.120255 189.242752 469.677795 165.826981 470.601227 365.343506 128.654999 365.859802 
frame00533.jpg 165.849579 180.865494 469.935150 159.340286 467.841187 357.647430 132.526291 354.494598 
frame00534.jpg 167.108459 176.735901 470.474304 159.080521 464.204041 356.483704 130.496277 350.566437 
frame00535.jpg 164.528519 172.529617 468.940002 156.603104 460.694427 352.554535 131.025284 345.564575 
frame00536.jpg 169.267166 168.404236 469.974609 153.623642 464.482208 353.481842 132.818527 336.221893 
frame00537.jpg 167.516586 161.007446 470.784576 149.447144 461.073669 344.740875 130.055420 329.522247 
frame00538.jpg 172.207489 154.424835 470.520325 144.585861 463.666565 343.735809 128.174622 323.605621 
frame00539.jpg 170.520889 144.312332 471.830902 138.080826 455.878021 331.177032 129.495087 312.342651 
frame00540.jpg 172.791153 138.962311 474.020325 133.165619 456.037140 328.110016 129.370010 306.317749 
frame00541.jpg 172.714584 135.253082 474.551270 130.751541 452.121521 325.120667 126.160851 300.354889 
frame00542.jpg 171.805695 129.274918 472.714508 128.958328 448.435791 323.699097 124.886642 293.579956 
frame00543.jpg 171.697525 123.357979 471.662231 127.175491 445.058044 319.928680 121.247147 287.565155 
frame00544.jpg 174.463394 118.405746 474.050201 123.643433 444.361969 315.999817 126.401100 280.091858 
frame00545.jpg 174.977509 112.022903 474.551300 120.056236 442.053131 311.678925 127.883842 272.978516 
frame00546.jpg 175.240479 107.749153 472.183075 119.398293 437.088562 311.970093 121.206207 269.334015 
frame00547.jpg 172.587357 103.794640 469.401428 120.030777 431.409393 310.163483 117.360931 265.888763 
frame00548.jpg 174.255569 101.795166 468.734741 118.892059 428.174347 309.022430 119.889786 258.236359 
frame00549.jpg 169.470779 95.276588 464.844452 116.997665 422.089661 303.774414 112.914162 254.509644 
frame00550.jpg 169.126663 90.521309 461.885071 116.212212 415.172974 302.209198 108.768326 249.814468 
frame00551.jpg 167.463287 87.453354 459.987793 115.431618 412.175354 301.707825 107.208260 245.948914 
frame00552.jpg 165.562500 84.495430 456.570374 116.622955 409.217804 302.371063 98.358582 243.892715 
frame00553.jpg 163.585464 82.259140 453.773041 114.680084 403.013245 299.275482 98.998528 239.994995 
frame00554.jpg 165.414200 77.928726 447.220245 112.382599 416.147430 329.182190 59.671986 253.187180 
frame00555.jpg 163.467316 74.065468 451.573334 109.245674 400.868561 294.769043 91.472893 229.409973 
frame00556.jpg 170.598358 73.898735 449.731628 107.994659 415.284912 327.390564 66.140305 246.716171 
frame00557.jpg 165.489243 74.527267 451.030060 111.595596 400.128662 298.523438 91.323944 234.749069 
frame00558.jpg 165.398727 77.240776 451.209290 112.435745 399.892242 294.813080 103.071243 231.142151 
frame00559.jpg 178.926575 81.645462 450.696930 113.681137 422.632660 341.432770 79.288406 247.939865 
frame00560.jpg 169.854675 81.643852 454.212830 115.500053 402.037964 296.148712 104.508423 233.850479 
frame00561.jpg 165.481201 83.556175 449.335297 116.951645 401.841370 299.299042 99.039558 237.069351 
frame00562.jpg 171.651657 85.416603 444.064087 115.921364 414.959045 338.584625 73.467010 256.247742 
frame00563.jpg 163.932373 86.510353 447.378082 119.126823 399.951385 301.711456 98.562714 239.625214 
frame00564.jpg 159.681686 86.586739 445.714752 119.130066 398.012146 300.849304 95.741158 243.444870 
frame00565.jpg 158.403198 87.361351 444.065125 119.207253 396.896545 300.695801 95.600426 241.623856 
frame00566.jpg 168.929596 90.513565 436.460327 120.040703 434.970856 370.875397 44.467220 268.182892 
frame00567.jpg 155.162750 91.713203 440.935852 120.722748 398.844604 302.823608 90.493568 247.248383 
frame00568.jpg 152.183838 93.980469 438.008789 122.990425 393.980286 303.224915 89.073761 247.566025 
frame00569.jpg 147.958649 97.093170 434.592072 123.685692 392.975006 306.533691 87.629318 252.492752 
frame00570.jpg 145.106232 95.807983 432.319946 125.215233 395.812439 307.199738 79.707939 255.020508 
frame00571.jpg 143.641235 99.769783 433.056183 125.206474 395.231079 306.982910 90.072105 256.593506 
frame00572.jpg 142.915619 104.705139 429.932434 125.201691 397.118774 310.241730 77.541878 261.745667 
frame00573.jpg 136.889664 105.776634 430.102783 123.625786 398.782501 304.393524 83.219429 266.972565 
frame00574.jpg 138.997757 106.927505 429.975037 123.988441 405.066528 307.293671 84.451370 265.692322 
frame00575.jpg 134.733673 110.084389 428.509003 124.571732 402.011353 306.971252 80.561371 273.300415 
frame00576.jpg 132.838348 110.579048 427.449158 123.442894 401.248230 306.203400 78.895393 276.312958 
frame00577.jpg 134.276672 113.323845 429.371674 125.134018 405.841492 308.792236 85.165627 276.030273 
frame00578.jpg 130.896500 115.586601 426.694183 126.759109 403.049835 306.941071 80.754723 280.099396 
frame00579.jpg 126.929008 117.652962 424.100586 125.812889 402.765991 305.018097 81.202904 282.646210 
frame00580.jpg 130.196259 119.393066 424.924133 125.204681 403.149231 307.498779 85.476753 281.393677 
frame00581.jpg 123.941498 121.365318 422.234711 126.542664 403.386047 305.691895 79.844337 286.458252 
frame00582.jpg 123.213509 122.631500 420.685394 126.890526 404.510925 306.082031 73.687988 288.655609 
frame00583.jpg 124.893234 123.796883 418.135010 127.185295 417.926758 326.882111 39.682369 313.826385 
frame00584.jpg 125.946503 122.950127 421.612000 126.652641 407.236237 304.300537 81.438591 286.476440 
frame00585.jpg 125.596016 120.124657 423.077087 122.235275 408.367889 298.951019 82.437637 280.520050 
frame00586.jpg 128.202393 115.347878 420.574005 117.417366 426.913727 321.052948 45.071949 301.625153 
frame00587.jpg 126.056831 113.568825 425.529175 115.852066 412.400269 295.002106 83.248596 276.277161 
frame00588.jpg 124.102676 112.369675 426.096344 115.321800 412.995209 293.261047 83.003311 278.950989 
frame00589.jpg 124.663712 113.100151 425.798798 114.893707 414.142181 292.554169 80.617516 278.568939 
frame00590.jpg 121.184616 113.170853 423.211304 115.514557 410.610016 295.065399 79.897240 281.221466 
frame00591.jpg 119.382645 116.163422 422.117310 116.702866 411.838898 295.246765 79.207169 281.639099 
frame00592.jpg 118.489975 116.314758 422.054840 116.455688 412.787384 293.903839 78.085114 283.901825 
frame00593.jpg 114.938736 114.272041 416.514191 115.795036 423.275940 312.500092 31.522997 311.291840 
frame00594.jpg 114.622612 115.118736 412.476959 114.576767 421.829803 314.752136 32.695919 307.571808 
frame00595.jpg 105.996399 111.615517 414.365234 111.382179 400.016296 283.005249 67.288780 274.311371 
frame00596.jpg 106.714890 109.755951 413.375977 105.800003 409.761261 283.663330 71.708092 278.612030 
frame00597.jpg 109.704910 107.703629 418.187988 105.424957 414.433746 283.652039 76.478455 278.136017 
frame00598.jpg 111.520462 109.715866 421.412720 106.472435 420.983124 286.758270 70.305206 284.248566 
frame00599.jpg 113.109299 114.352325 422.367249 107.713493 420.858490 286.817383 77.098679 287.100342 
frame00600.jpg 116.596817 117.630692 420.217957 110.502060 442.803436 307.515656 41.731552 314.534576 
frame00601.jpg 122.966866 116.829071 424.382019 110.033081 451.245911 314.987854 53.349911 316.267181 
frame00602.jpg 123.071228 105.249588 421.196259 102.753067 464.026398 291.628815 24.991238 323.205536 
frame00603.jpg 149.812363 103.019524 443.463928 93.563850 482.145630 322.797119 89.646652 296.836243 
frame00604.jpg 136.768890 117.830437 460.463013 104.058472 447.975891 269.143646 118.446236 285.871490 
frame00605.jpg 164.177704 123.810699 462.102661 108.480522 504.574524 319.393158 100.797279 330.682709 
frame00606.jpg 170.779907 132.792709 479.801636 115.972549 486.589294 292.416565 130.404144 306.454285 
frame00607.jpg 170.779907 132.792709 479.801636 115.972549 486.589294 292.416565 130.404144 306.454285 
frame00608.jpg 187.006821 150.637207 500.329803 129.414368 510.255127 304.390472 174.885254 319.650391 
frame00609.jpg 200.923141 157.196075 508.775055 133.730637 521.996155 316.357056 179.729111 325.117950 
frame00610.jpg 209.071289 161.439392 515.049011 137.640030 524.543457 322.345734 189.547897 325.687683 
