frame ulx uly urx ury lrx lry llx lly
frame00001.jpg      234.940002      217.089996      584.419983      179.740005      630.280029      460.790009      280.799988      498.200012
frame00002.jpg      237.256017      215.678747      587.471222      180.706896      629.731143      463.486500      279.534881      497.435162
frame00003.jpg      244.819172      210.823528      596.586468      180.964016      628.331575      468.098034      275.757746      492.755849
frame00004.jpg      252.904251      207.486359      607.841237      180.514193      628.414795      477.674732      275.986664      494.182326
frame00005.jpg      259.754494      202.516544      617.577410      180.315813      629.293289      484.146870      276.147126      492.674350
frame00006.jpg      265.547814      197.574551      625.583474      180.853302      629.451951      489.738510      276.600941      490.569966
frame00007.jpg      270.145069      192.377130      632.770384      180.867974      629.135670      494.960395      276.321178      488.494237
frame00008.jpg      269.360874      190.863092      633.682431      181.460872      627.812691      497.611915      274.190435      488.818169
frame00009.jpg      267.206846      188.929443      629.583486      178.654413      627.493487      486.793206      267.394679      480.635299
frame00010.jpg      264.327445      182.237609      625.997794      171.739903      630.665474      468.324130      261.033241      467.319357
frame00011.jpg      264.068907      166.415819      633.475414      176.307844      640.438409      469.601638      291.361328      428.281233
frame00012.jpg      269.314026      153.795952      631.056221      173.560057      659.852586      485.507041      276.607333      439.702506
frame00013.jpg      270.428631      152.976071      632.516285      172.302691      660.076879      484.647325      279.198308      438.646119
frame00014.jpg      270.024029      157.430770      630.349874      171.531917      664.120138      482.308671      279.061369      442.340226
frame00015.jpg      269.683945      163.221225      628.948602      171.401206      670.435077      480.108830      285.228205      446.419393
frame00016.jpg      268.688218      172.449200      626.350986      167.401830      684.217857      465.854075      299.398201      451.417668
frame00017.jpg      265.788769      183.868222      627.061113      170.931235      682.517067      429.530814      304.781038      439.302847
frame00018.jpg      267.341050      189.370900      628.688314      172.355380      685.384044      426.528800      309.531290      438.767438
frame00019.jpg      264.051732      200.422094      624.933410      173.898050      691.405844      421.791961      316.044195      443.532357
frame00020.jpg      258.293257      210.477585      618.553596      174.892624      694.503833      416.002858      319.464180      448.844275
frame00021.jpg      253.023489      217.125272      611.853535      178.353391      695.608454      404.302108      316.805771      444.794435
frame00022.jpg      246.207228      222.099695      603.924407      177.560079      694.065216      393.969118      312.918728      443.120679
frame00023.jpg      236.199383      227.259567      593.155794      174.820089      685.987684      378.250034      305.822824      442.889652
frame00024.jpg      231.307653      230.214502      586.186945      171.361634      681.483394      367.867689      301.487705      444.641841
frame00025.jpg      226.322725      233.243118      577.385488      168.292372      676.628372      355.546786      295.901921      441.774341
frame00026.jpg      219.360163      232.621874      572.478700      167.311022      678.260206      351.397395      297.632358      426.765034
frame00027.jpg      210.088332      238.518584      557.385689      162.867811      665.344418      329.939754      287.163174      429.482193
frame00028.jpg      210.061322      246.421502      539.977854      151.997249      657.930511      309.592521      285.764580      431.184298
frame00029.jpg      203.165536      252.544264      528.223815      143.949215      651.892590      296.956765      289.629706      426.483918
frame00030.jpg      201.482995      258.857084      525.067278      144.596166      648.079844      291.684262      285.117686      427.319772
frame00031.jpg      205.237991      264.771981      527.654136      146.084903      648.245564      285.877611      283.241590      426.328769
frame00032.jpg      208.576547      275.296566      527.109758      145.134147      651.486426      276.394018      289.303781      430.049513
frame00033.jpg      213.768662      285.686100      525.801862      141.574201      654.567108      254.806641      297.498662      425.243622
frame00034.jpg      217.423990      289.205751      525.762174      138.674578      656.289779      238.129233      302.672908      416.860852
frame00035.jpg      218.471243      289.651492      525.693959      137.092454      658.101957      232.678263      305.798283      414.174066
frame00036.jpg      219.475705      290.456211      524.670507      134.587484      658.329945      220.946507      307.994469      406.697067
frame00037.jpg      221.057336      292.111387      522.646712      130.624112      657.598168      203.670320      310.615001      396.463832
frame00038.jpg      222.803777      293.840348      522.805187      128.596596      657.561258      194.061738      311.969500      391.471121
frame00039.jpg      226.661410      297.900079      524.079415      126.173045      657.578855      180.563624      313.626694      385.920958
frame00040.jpg      229.746549      302.596386      524.999949      125.744883      658.852725      173.829948      316.233523      385.809450
frame00041.jpg      231.093058      306.819397      525.193818      127.479081      657.770691      172.168670      315.365393      387.494884
frame00042.jpg      231.899756      310.863089      524.806177      127.972086      655.748918      171.324030      314.023009      390.864877
frame00043.jpg      232.728557      311.339421      526.489512      128.770773      657.275818      177.849006      313.943975      397.002620
frame00044.jpg      239.631682      305.828412      529.417366      128.533222      661.968491      198.246724      312.172690      411.767407
frame00045.jpg      247.651889      301.764366      530.532170      126.487372      657.870251      218.745900      306.157364      431.913500
frame00046.jpg      242.794337      295.404184      541.315454      126.939667      654.696338      229.677005      291.127346      433.186362
frame00047.jpg      239.366761      286.337838      549.759170      125.920694      661.511280      241.009692      287.135790      425.896421
frame00048.jpg      234.729949      279.497928      557.161704      130.117448      657.194276      249.822116      274.436100      424.577095
frame00049.jpg      237.514803      274.720280      562.353705      128.411181      655.546289      256.230540      269.610837      425.488266
frame00050.jpg      244.701061      265.857821      574.325475      126.601855      653.823301      272.653947      262.184294      429.366828
frame00051.jpg      252.100041      256.458275      587.273970      126.656542      651.075673      291.450418      254.230827      431.909188
frame00052.jpg      255.570927      251.568413      592.993366      125.946172      649.575025      299.936856      251.138136      432.860004
frame00053.jpg      261.405386      244.657655      601.526157      124.077155      648.859374      312.574167      249.694466      435.260423
frame00054.jpg      268.933119      237.518212      612.488022      123.590055      649.438232      329.685866      249.667590      439.282766
frame00055.jpg      275.669299      230.217250      622.714317      124.266526      650.566708      348.279077      251.073249      443.519270
frame00056.jpg      283.413758      222.156916      634.223457      123.137168      650.910523      368.504115      252.655087      448.704893
frame00057.jpg      287.938440      217.950257      639.944340      116.802960      653.201427      371.377320      255.306868      450.261269
frame00058.jpg      289.826756      220.501626      636.295769      103.032852      655.246273      347.143229      259.585020      445.891377
frame00059.jpg      293.309047      223.235258      634.823999       94.187329      656.254348      332.263917      264.180911      444.692594
frame00060.jpg      296.166639      230.527963      632.169224       87.605136      661.625814      328.501477      274.866647      455.240601
frame00061.jpg      298.965529      235.345028      632.073748       86.782277      663.383626      333.618524      280.886265      464.084248
frame00062.jpg      301.543460      237.754902      632.754783       86.504025      661.606214      339.380952      282.465575      469.805662
frame00063.jpg      303.780569      235.570447      635.241330       84.340019      661.537911      342.605021      283.247254      470.581192
frame00064.jpg      306.310142      232.904727      638.152240       81.634090      663.153483      344.629672      285.325840      470.568640
frame00065.jpg      307.579808      231.182485      639.830121       75.695497      670.186470      343.877984      291.618804      473.061617
frame00066.jpg      308.495416      230.989883      641.062510       70.583573      680.140944      346.568879      301.241823      479.241358
frame00067.jpg      313.122550      229.160715      645.278237       66.640755      688.264045      353.232897      311.886306      484.094379
frame00068.jpg      318.988591      225.187657      653.753579       68.677053      689.554159      365.374547      313.491474      484.919145
frame00069.jpg      322.620650      222.672252      658.509731       70.283561      684.408288      377.682147      310.586038      486.845149
frame00070.jpg      323.435240      220.336068      656.885869       65.300670      682.038776      391.173344      315.421214      494.030865
frame00071.jpg      320.158828      218.890103      649.977311       56.504409      687.164680      401.141798      330.489752      501.980827
frame00072.jpg      318.524236      218.618890      641.848952       45.801738      697.292847      402.507406      347.920157      505.285756
frame00073.jpg      318.615458      216.503335      637.201698       36.781450      705.891269      400.988168      361.104177      504.724254
frame00074.jpg      329.663336      209.062640      639.444652       -0.462127      706.856558      419.530423      390.651633      442.361692
frame00075.jpg      321.751058      212.303311      606.375631      -16.775815      712.751019      422.464606      415.040528      385.267427
frame00076.jpg      321.224455      208.165371      595.560795      -22.640630      706.585108      420.545613      421.054268      368.869645
frame00077.jpg      321.069142      196.868165      573.650947       -8.681503      702.487563      425.233927      415.327670      354.996126
frame00078.jpg      325.269321      197.822880      533.484477       -4.866392      707.180800      429.211745      416.449771      336.956776
frame00079.jpg      341.879335      208.769746      465.114022        9.027643      789.062888      520.163289      416.947206      326.816852
frame00080.jpg      346.534544      212.976965      430.127951       71.849401      867.583029      559.853417      427.840671      336.384282
frame00081.jpg      352.071520      219.873528      412.916532      106.092387      974.756798      607.060824      437.761225      339.490003
frame00082.jpg      357.855499      225.891707      408.619116      118.783711     1094.203786      664.790803      441.078075      340.799973
frame00083.jpg      358.020699      226.044720      408.514718      118.827028     1100.133181      667.970272      441.160944      340.932927
frame00084.jpg      358.020793      226.044826      408.514741      118.826912     1100.145341      667.976855      441.160974      340.932937
frame00085.jpg      366.791256      233.640947      404.961772      116.562151     1542.594209      923.220448      440.909875      341.770312
frame00086.jpg      368.630104      235.615123      405.531765      116.114407     1662.066878      989.832763      440.920775      342.350984
frame00087.jpg      369.247883      236.376524      405.882574      115.450362     1698.208497     1008.852143      440.798225      342.237557
frame00088.jpg      369.247918      236.376563      405.882672      115.450369     1698.231435     1008.865154      440.798222      342.237558
frame00089.jpg      369.702191      236.755395      405.916862      115.347669     1723.570164     1023.635867      440.516148      341.841837
frame00090.jpg      370.653577      237.690196      405.624220      114.783647     1869.929483     1106.731721      440.227244      341.401459
frame00091.jpg      371.193230      238.093664      405.267292      113.986316     1985.574602     1175.831660      439.764516      340.770243
frame00092.jpg      374.394316      240.342096      402.944768      109.791394     2731.154865     1651.360122      437.359836      338.380405
frame00093.jpg      376.086693      241.595295      400.824114      105.832069     3499.186202     2140.587274      436.847882      337.383605
frame00094.jpg      376.197407      241.665621      400.622109      105.880575     3533.623182     2164.398532      436.882844      337.485258
frame00095.jpg      376.701218      242.124279      400.385915      103.634479     3931.721854     2413.742000      436.414458      336.640469
frame00096.jpg      377.034908      242.386878      400.277769      102.168217     4342.846170     2671.064682      436.057456      336.159534
frame00097.jpg      377.105310      242.435785      400.243099      102.008986     4436.771372     2729.468001      435.993404      336.094620
frame00098.jpg      379.238698      244.093957      398.570407       99.317416    25265.822358    15607.776143      434.987712      335.188405
frame00099.jpg      381.196534      245.965386      396.751862       88.245004    -8764.035914    -5448.437963      433.317107      332.598810
frame00100.jpg      381.632153      246.372631      396.494632       86.023065    -6130.316430    -3819.650552      432.782293      331.747418
frame00101.jpg      382.503573      246.876590      396.488971       81.901614    -3201.177419    -2010.148798      431.380365      329.903095
frame00102.jpg      382.667008      246.983754      396.459315       81.185715    -2792.068429    -1756.381477      431.157210      329.576931
frame00103.jpg      382.667023      246.983758      396.459291       81.185442    -2792.012726    -1756.346428      431.157205      329.576934
frame00104.jpg      382.667050      246.983773      396.459277       81.185220    -2791.777408    -1756.197441      431.157211      329.576955
frame00105.jpg      382.667051      246.983774      396.459271       81.185210    -2791.756274    -1756.184062      431.157211      329.576956
frame00106.jpg      382.767515      247.058226      396.384728       80.593192    -2612.926804    -1645.912581      430.984798      329.358730
frame00107.jpg      383.667321      247.752678      396.234117       75.225081    -1462.377306     -925.152458      429.491345      327.530830
frame00108.jpg      383.938919      247.865695      396.075676       75.170345    -1398.725138     -892.099252      429.051062      327.034827
frame00109.jpg      384.128002      247.923989      395.978580       75.764092    -1318.416551     -845.565091      428.805159      326.743823
frame00110.jpg      384.209865      247.952146      395.952805       75.665474    -1280.109471     -822.968846      428.651015      326.562009
frame00111.jpg      384.339719      247.997327      395.922991       75.404946    -1230.195111     -793.540705      428.443691      326.314261
frame00112.jpg      385.475613      248.548491      395.665770       73.254931     -857.978115     -567.912126      426.760825      324.064866
frame00113.jpg      385.587057      248.607780      395.622041       72.469991     -860.464637     -571.447846      426.546211      323.729083
frame00114.jpg      385.595382      248.599980      395.591674       72.568506     -857.982957     -570.598527      426.533889      323.728993
frame00115.jpg      385.601827      248.588365      395.561878       72.483327     -860.498222     -573.169704      426.517072      323.722697
frame00116.jpg      386.485569      248.968286      395.437515       69.989909     -738.194694     -507.976744      424.945767      321.635686
frame00117.jpg      386.675959      249.050648      395.295998       71.774662     -666.595879     -461.707640      424.751264      321.496887
frame00118.jpg      387.477657      249.593304      395.205763       71.529931     -467.127847     -332.041897      423.555805      319.763759
frame00119.jpg      387.796075      249.680389      395.129727       71.196312     -392.862969     -286.517492      422.942224      318.706016
frame00120.jpg      388.424387      250.053091      395.172193       66.770266     -311.886990     -235.853307      421.969631      317.114548
frame00121.jpg      388.673916      250.213887      395.055960       68.259599     -277.855714     -212.446556      421.742745      316.864240
frame00122.jpg      388.823303      250.324631      394.891284       66.598645     -258.726760     -200.272306      421.495999      316.447887
frame00123.jpg      388.823457      250.324851      394.891292       66.593801     -258.400005     -200.039494      421.496058      316.447951
frame00124.jpg      389.184865      250.385755      394.602477       65.108334     -223.929607     -184.696451      420.658050      314.764758
frame00125.jpg      389.218871      250.217956      394.395071       64.326075     -222.164181     -188.818411      420.433662      314.360775
frame00126.jpg      389.501149      249.879137      393.711433       62.457283     -183.170283     -174.839563      419.713318      313.259607
frame00127.jpg      389.970351      250.312572      393.090409       57.892835     -147.048531     -152.906017      418.985130      311.937790
frame00128.jpg      390.884479      250.952441      391.059141       55.577873      -69.866753     -112.250732      417.630887      308.863828
frame00129.jpg      391.707530      251.668484      390.114948       50.663121       -3.056090      -67.045298      416.619906      307.042127
frame00130.jpg      391.786822      251.706423      389.968455       48.604713       -8.163772      -72.265425      416.444821      306.776178
frame00131.jpg      392.157650      252.194703      389.399691       55.294410       40.115123      -31.368528      415.868466      305.172440
frame00132.jpg      392.513545      251.925308      388.652019       49.967896       69.233812      -19.073609      414.327927      301.852274
frame00133.jpg      392.811211      252.298022      388.442364       48.794729       91.886872       -0.062077      414.114270      301.335150
frame00134.jpg      392.811255      252.298121      388.441703       48.792025       91.900357       -0.048160      414.114271      301.335155
frame00135.jpg      392.811262      252.298139      388.441707       48.791872       91.908751       -0.040786      414.114274      301.335158
frame00136.jpg      392.811269      252.298155      388.441881       48.794468       91.934070       -0.019075      414.114305      301.335227
frame00137.jpg      392.811366      252.298348      388.442213       48.801041       91.954714       -0.000056      414.114416      301.335540
frame00138.jpg      393.080306      252.955155      387.940353       44.931927       89.841564       -0.186871      414.200268      301.682235
frame00139.jpg      393.080394      252.955300      387.940273       44.925715       89.879974       -0.152891      414.200242      301.682220
frame00140.jpg      393.073149      252.917385      388.312900       46.716825       90.047036       -0.817503      414.106947      301.425662
frame00141.jpg      393.131630      252.993669      388.299209       48.838162       91.612755       -0.055202      413.961774      300.977372
frame00142.jpg      393.131697      252.993800      388.299099       48.831333       91.673006       -0.002140      413.961735      300.977271
frame00143.jpg      393.131740      252.993878      388.298432       48.826521       91.705272        0.027906      413.961724      300.977254
frame00144.jpg      393.147627      253.001790      388.668571       52.080358       95.818920        3.727071      413.909205      300.873637
frame00145.jpg      393.152963      253.002841      388.768396       52.566569       97.340386        4.993544      413.853245      300.750286
frame00146.jpg      393.375033      253.527994      388.482526       46.903715       89.382776        0.184246      413.745083      300.357092
frame00147.jpg      393.512899      254.135452      390.889383       43.515123       84.031944       -9.306389      412.411456      299.380791
frame00148.jpg      393.473796      254.312121      390.789300       42.216208       74.221820      -15.074139      412.859027      300.381761
frame00149.jpg      392.553189      253.435831      389.625376       37.879344       14.732724      -66.656237      413.194636      301.825183
frame00150.jpg      391.659031      253.031574      387.997597       45.675853       28.956132      -59.285060      412.821522      303.269592
frame00151.jpg      391.711679      253.176212      387.850362       47.796788       28.522199      -59.846795      412.948773      303.830211
frame00152.jpg      391.674386      253.092323      387.854721       51.915622       13.309125      -74.645267      413.110372      304.243027
frame00153.jpg      392.665996      253.357791      390.111156       51.252730       46.318862      -51.862238      410.760664      298.076515
frame00154.jpg      392.796840      253.540196      389.557790       57.215573       65.336321      -39.867771      410.782540      297.822688
frame00155.jpg      393.440200      252.835052      396.552287       68.363315      127.610512       -8.139662      408.973148      296.220947
frame00156.jpg      392.789650      250.560337      398.957913       81.460085      160.528015       25.932760      407.404964      291.916682
frame00157.jpg      392.741731      250.058223      401.453923       86.146042      183.383089       43.717399      406.349791      290.874325
frame00158.jpg      392.781989      249.991661      401.663404       88.759104      189.374352       47.931263      406.087355      290.034706
frame00159.jpg      392.954586      250.398270      401.100034       93.394385      199.277141       57.361879      406.052394      289.723083
frame00160.jpg      393.100354      250.576529      400.312169      100.825381      216.589019       72.187360      405.947492      289.046686
frame00161.jpg      393.220980      250.872139      399.754203      105.083075      221.754721       76.508474      405.989707      288.823928
frame00162.jpg      393.226990      250.863799      399.599493      108.133506      224.972518       78.474776      405.789576      288.201056
frame00163.jpg      393.267765      250.989362      399.314546      110.632340      229.974317       83.839404      405.771415      287.921747
frame00164.jpg      393.274384      251.004842      399.269231      110.994155      231.634668       85.471319      405.757602      287.863991
frame00165.jpg      393.338920      251.170172      399.416828      108.600169      234.798819       89.567188      405.633320      287.475345
frame00166.jpg      393.945972      252.702461      397.067509      111.524345      267.859378      121.537421      404.368811      281.878964
frame00167.jpg      393.758228      252.445577      397.295404      119.903120      283.193865      139.175650      403.079148      277.888815
frame00168.jpg      393.781977      252.517971      397.268995      120.047185      283.625803      139.782076      403.095282      277.904811
frame00169.jpg      394.026224      252.914126      396.821501      125.662119      292.438635      149.535833      402.986566      277.142079
frame00170.jpg      394.026764      252.915613      396.822016      125.853537      292.615664      149.729126      402.986509      277.141019
frame00171.jpg      394.028956      252.938948      396.800676      125.791814      292.577738      149.670518      402.994482      277.159621
frame00172.jpg      394.034751      253.012414      396.685448      126.375469      293.125435      150.378518      403.018780      277.237006
frame00173.jpg      394.030358      253.016782      396.659487      126.420418      293.166026      150.412878      403.024011      277.253120
frame00174.jpg      394.037848      253.072137      396.454934      126.863588      293.541544      151.408792      402.992140      277.043859
frame00175.jpg      394.085899      253.242378      395.861431      127.846445      299.449359      159.410540      402.782614      276.352613
frame00176.jpg      394.088469      253.299589      395.605570      130.171662      303.445398      164.586279      402.710168      276.164564
frame00177.jpg      394.107450      253.336923      395.512349      129.488959      303.774573      165.065888      402.696893      276.113442
frame00178.jpg      394.126099      253.364907      395.698920      133.464250      305.879819      167.916742      402.585697      275.654612
frame00179.jpg      394.130189      253.374582      395.737841      134.426197      306.219304      168.491829      402.586007      275.655155
frame00180.jpg      394.160904      253.438313      395.602623      130.865355      306.008141      168.296630      402.531813      275.318332
frame00181.jpg      394.193395      253.493099      395.382028      132.534089      306.540694      168.665540      402.503999      274.995162
frame00182.jpg      394.256684      253.819852      395.664897      137.054618      313.146354      177.488024      402.010186      273.244063
frame00183.jpg      394.241280      253.799310      395.771778      137.323019      312.927418      177.609644      402.009324      273.194155
frame00184.jpg      394.272946      253.875263      395.951105      140.663320      314.354311      179.924484      401.918938      272.797856
frame00185.jpg      394.322986      254.203617      397.807839      152.420751      321.844948      193.102673      401.021044      269.437203
frame00186.jpg      394.298822      254.222214      397.891426      151.387980      321.528773      193.317977      401.021166      269.406589
frame00187.jpg      395.098378      256.230582      397.518624      151.490439      321.610560      198.829345      401.979769      271.090183
frame00188.jpg      395.180631      256.455491      397.263007      154.347667      323.269498      201.162599      402.020752      271.043282
frame00189.jpg      395.275263      256.672800      397.279877      161.797831      328.825650      208.040501      401.696100      270.071136
frame00190.jpg      395.282754      256.692971      397.253699      161.755424      328.984929      208.308191      401.674860      270.014074
frame00191.jpg      395.283975      256.700965      397.311470      162.168434      328.947149      208.356438      401.669484      269.991932
frame00192.jpg      395.289535      256.723559      397.287005      162.871175      329.196230      208.699521      401.689152      270.015240
frame00193.jpg      395.280770      256.751595      397.342149      163.942356      329.302811      209.305165      401.695722      270.012014
frame00194.jpg      395.286789      256.787623      397.381950      163.089720      329.186398      209.603577      401.697133      270.005001
frame00195.jpg      395.294744      256.834720      397.494303      165.500303      330.074117      210.735655      401.710291      270.028003
frame00196.jpg      395.289988      256.851714      397.580507      165.850617      330.048562      210.922976      401.716388      270.025648
frame00197.jpg      395.301581      256.854977      397.734031      167.236488      330.202798      211.221105      401.716053      270.010638
frame00198.jpg      395.420751      256.902036      398.428867      168.932590      331.646100      212.842484      401.667705      269.867939
frame00199.jpg      395.450350      256.943718      398.528938      168.412616      331.828896      213.185992      401.657196      269.848655
frame00200.jpg      395.452361      256.950779      398.496751      168.465694      331.865783      213.237330      401.659660      269.851556
frame00201.jpg      395.499086      257.098136      398.363451      173.808479      334.973953      216.457814      401.506074      269.412307
frame00202.jpg      395.499698      257.104561      398.309263      174.512503      335.096228      216.601054      401.513659      269.431400
frame00203.jpg      395.502500      257.114758      398.300560      174.534903      335.099906      216.675723      401.511750      269.417048
frame00204.jpg      395.518443      257.189069      398.183477      177.983581      336.565374      218.725281      401.491974      269.272446
frame00205.jpg      395.519115      257.190633      398.167537      177.989809      336.606577      218.784855      401.492199      269.272675
frame00206.jpg      395.536451      257.222990      398.122595      178.846544      337.211240      219.447225      401.490711      269.272558
frame00207.jpg      395.538458      257.234690      398.063645      179.511673      337.488275      219.735922      401.499914      269.296865
frame00208.jpg      395.572126      257.160864      398.440422      183.496364      342.408322      222.700444      401.020937      268.351367
frame00209.jpg      395.572660      257.165155      398.382477      183.577582      342.539202      222.894076      401.026791      268.341332
frame00210.jpg      395.574038      257.168466      398.359553      183.787340      342.597584      222.968498      401.028837      268.345009
frame00211.jpg      395.580354      257.185245      398.334223      184.146020      342.699146      223.190168      401.030677      268.364225
frame00212.jpg      395.581183      257.190996      398.305729      183.962763      342.597319      223.144569      401.040181      268.382958
frame00213.jpg      395.581670      257.192068      398.302789      184.023834      342.616602      223.160422      401.041168      268.385001
frame00214.jpg      395.643388      257.272539      398.493581      185.532591      343.329669      224.544487      400.994752      268.193624
frame00215.jpg      395.644494      257.275459      398.623636      186.497269      343.426373      225.004377      400.990206      268.103480
frame00216.jpg      395.646867      257.286204      398.631047      186.304726      343.259313      224.963495      401.004120      268.123522
frame00217.jpg      395.645741      257.286663      398.623251      186.362329      343.266391      224.961134      401.010248      268.138475
frame00218.jpg      395.651774      257.296108      398.641489      187.072040      343.423803      225.103456      401.008487      268.135664
frame00219.jpg      395.695095      257.320461      398.525908      188.298858      344.689989      225.768877      400.965015      268.009807
frame00220.jpg      395.692527      257.336271      398.543398      188.667257      344.860018      226.025111      400.967148      267.998789
frame00221.jpg      395.695404      257.339223      398.551390      188.740468      344.870665      226.036899      400.963491      267.989706
frame00222.jpg      395.697922      257.342903      398.560886      188.762631      344.904532      226.071674      400.958585      267.982089
frame00223.jpg      395.706100      257.357559      398.567597      188.658666      344.870595      226.150480      400.942812      267.942681
frame00224.jpg      395.706648      257.357743      398.567425      188.630967      344.811845      226.114966      400.941807      267.940460
frame00225.jpg      395.707108      257.355124      398.576561      188.703920      344.842084      226.119879      400.934602      267.930262
frame00226.jpg      395.707740      257.353279      398.576200      188.467762      344.622197      225.857133      400.942135      267.942379
frame00227.jpg      395.716907      257.350149      398.575167      189.616285      344.972678      226.011835      400.896047      267.842712
frame00228.jpg      395.718092      257.354119      398.578040      189.572671      344.921478      226.024465      400.894448      267.835908
frame00229.jpg      395.717807      257.356502      398.577331      189.506995      344.856786      226.042808      400.891694      267.823187
frame00230.jpg      395.722750      257.372438      398.593650      189.515871      344.850291      226.278098      400.888677      267.808984
frame00231.jpg      395.724069      257.373826      398.588150      189.470283      344.789388      226.254469      400.888310      267.809761
frame00232.jpg      395.726921      257.379826      398.572412      189.453655      344.845943      226.331512      400.889445      267.812336
frame00233.jpg      395.733042      257.391478      398.545138      190.159140      345.209483      226.501565      400.884313      267.816763
frame00234.jpg      395.735178      257.397390      398.553359      189.799081      345.070301      226.446843      400.886705      267.817539
frame00235.jpg      395.736093      257.399457      398.567147      189.548488      344.982779      226.447615      400.877379      267.798691
frame00236.jpg      395.732253      257.412998      398.541486      189.360656      344.606070      226.368064      400.890903      267.804582
frame00237.jpg      395.739234      257.431278      398.532915      189.319505      344.653160      226.586527      400.883482      267.788363
frame00238.jpg      395.739886      257.434962      398.540545      188.927475      344.515154      226.535828      400.878765      267.776465
frame00239.jpg      395.742695      257.437952      398.533973      188.927663      344.501165      226.532604      400.877152      267.773382
frame00240.jpg      395.749814      257.446217      398.546354      188.566010      344.588404      226.636007      400.859485      267.733845
frame00241.jpg      395.748467      257.443104      398.564770      188.533490      344.501253      226.536655      400.848835      267.716434
frame00242.jpg      395.758805      257.450957      398.586507      188.227450      344.702421      226.635226      400.831869      267.687541
frame00243.jpg      395.763589      257.457251      398.590094      187.916040      344.625214      226.603252      400.823952      267.671775
frame00244.jpg      395.763500      257.457088      398.586402      187.913237      344.554424      226.560864      400.823851      267.671570
frame00245.jpg      395.770427      257.469288      398.605685      187.397186      344.698985      226.695050      400.811068      267.649859
frame00246.jpg      395.770528      257.469488      398.606572      187.427894      344.733614      226.716290      400.811239      267.650202
frame00247.jpg      395.768534      257.464119      398.649589      186.663923      344.536109      226.500772      400.802683      267.631397
frame00248.jpg      395.771070      257.465490      398.631668      187.270048      344.746514      226.634482      400.807250      267.649263
frame00249.jpg      395.770880      257.465116      398.632544      187.213043      344.691451      226.597483      400.806966      267.648683
frame00250.jpg      395.764240      257.456226      398.650051      187.061165      344.565560      226.428131      400.806722      267.639619
frame00251.jpg      395.763641      257.457131      398.674748      187.075624      344.416347      226.326353      400.798552      267.615075
frame00252.jpg      395.765159      257.458447      398.700764      186.872773      344.486209      226.365153      400.801497      267.620228
frame00253.jpg      395.761544      257.453629      398.681323      187.298263      344.549250      226.469983      400.787461      267.587181
frame00254.jpg      395.762158      257.457149      398.747821      185.779658      344.606595      226.497322      400.770390      267.574457
frame00255.jpg      395.762328      257.457462      398.748336      185.841755      344.646924      226.522152      400.770667      267.575064
frame00256.jpg      395.874613      257.521596      398.873803      185.063606      344.887664      226.058223      400.876291      267.825561
frame00257.jpg      395.904095      257.561238      398.972412      184.992848      344.794520      226.112777      400.919825      267.905572
frame00258.jpg      395.848870      257.514870      400.364893      181.604010      339.933573      224.454841      401.383279      269.028580
frame00259.jpg      395.852973      257.520415      400.407130      181.397965      339.751568      224.351848      401.404228      269.073898
frame00260.jpg      395.799724      257.843208      401.245091      180.964896      332.974633      223.669812      402.364041      270.944447
frame00261.jpg      395.927503      257.941782      401.238438      181.006141      333.789390      224.057811      402.489162      271.161824
frame00262.jpg      396.625590      258.975859      400.831757      198.324289      345.812581      234.555517      402.360737      270.265275
frame00263.jpg      396.932826      259.093238      399.936168      197.582297      351.363119      233.683636      402.127787      270.315406
frame00264.jpg      396.941107      259.121618      400.223806      197.082850      351.188371      234.022146      402.096375      270.231842
frame00265.jpg      397.239659      259.060336      403.818620      201.940947      364.208651      243.886560      400.225895      266.229285
frame00266.jpg      397.439998      259.246842      400.972512      209.680174      371.838681      247.262346      399.832849      264.921250
frame00267.jpg      397.443582      259.242312      400.928729      209.601671      371.863266      247.147562      399.833850      264.909137
frame00268.jpg      397.443539      259.242201      400.933596      209.543425      371.859903      247.142946      399.833726      264.908880
frame00269.jpg      397.442910      259.242443      400.940881      209.477508      371.840585      247.135395      399.834308      264.908617
frame00270.jpg      397.442452      259.242591      400.935918      209.507680      371.795109      247.113394      399.835929      264.911449
frame00271.jpg      397.442115      259.241516      400.939074      209.299103      371.777389      247.049436      399.836111      264.910705
frame00272.jpg      397.441209      259.238161      400.933842      209.360616      371.763169      246.986452      399.837250      264.914014
frame00273.jpg      397.441115      259.236186      400.930255      209.321928      371.743210      246.931331      399.838373      264.918749
frame00274.jpg      397.441429      259.236258      400.919909      209.365671      371.727938      246.899120      399.840208      264.923873
frame00275.jpg      397.441109      259.234453      400.911552      209.380305      371.716467      246.858271      399.842363      264.930006
frame00276.jpg      397.440551      259.233009      400.919507      209.334558      371.673883      246.804398      399.842896      264.931221
frame00277.jpg      397.439713      259.230153      400.916445      209.311420      371.682288      246.757039      399.844268      264.934121
frame00278.jpg      397.439114      259.228468      400.909955      209.284391      371.652085      246.704508      399.846174      264.938282
frame00279.jpg      397.438796      259.228309      400.909337      209.227925      371.629241      246.682830      399.847667      264.941784
frame00280.jpg      397.438042      259.226465      400.910610      209.257147      371.627987      246.655034      399.848825      264.944732
frame00281.jpg      397.437193      259.224235      400.909465      209.344422      371.626197      246.625781      399.850311      264.948232
frame00282.jpg      397.437039      259.221660      400.915756      209.303162      371.636945      246.585935      399.850650      264.949450
frame00283.jpg      397.436771      259.218918      400.916897      209.358400      371.626007      246.537547      399.851424      264.952724
