frame ulx uly urx ury lrx lry llx lly
frame00001.jpg      291.000000      150.029999      564.059998      149.940002      564.059998      444.059998      291.029999      443.950012
frame00002.jpg      291.974240      150.053535      564.739608      150.136777      564.993640      444.062747      292.199491      443.518658
frame00003.jpg      293.208568      149.272053      566.371335      149.931978      565.551453      443.916202      292.468635      442.599765
frame00004.jpg      292.499363      148.441385      565.561577      148.929583      564.244019      443.244154      291.054998      442.377547
frame00005.jpg      290.436747      148.726688      564.045777      148.932867      563.180074      443.373737      289.948178      443.296319
frame00006.jpg      289.778728      149.079145      563.187605      149.131154      563.071200      443.647687      289.869252      443.688882
frame00007.jpg      290.738802      149.768776      563.595562      149.750882      564.007144      443.555085      291.228307      443.448267
frame00008.jpg      292.171714      149.776240      565.125526      149.993798      564.906204      444.448374      291.841981      443.825292
frame00009.jpg      292.035277      150.689147      564.987732      151.035123      564.009052      445.639772      291.074575      444.871270
frame00010.jpg      290.709331      151.603982      563.920264      151.609809      563.606318      445.639227      290.532228      445.528919
frame00011.jpg      291.020417      151.514823      563.993483      151.455998      564.157631      445.248539      291.082228      444.809965
frame00012.jpg      291.485449      150.807317      564.447019      150.932115      563.991134      445.104750      290.985037      444.532224
frame00013.jpg      291.120680      151.111922      563.904222      151.303330      563.842480      444.865608      290.765042      444.518089
frame00014.jpg      291.718225      150.403612      564.286223      150.282821      564.647455      444.635906      291.565085      443.749470
frame00015.jpg      292.467338      150.471656      565.640536      150.567212      565.136543      445.731438      291.742938      443.924526
frame00016.jpg      292.750668      150.758536      565.942687      150.858450      565.139924      446.143427      291.590922      443.781968
frame00017.jpg      292.631553      150.861791      565.696634      150.681524      564.912182      446.849453      291.178557      444.062944
frame00018.jpg      292.840915      152.267973      565.937473      151.777453      565.267979      448.907652      291.831952      444.865659
frame00019.jpg      295.473531      152.168344      568.147223      152.204103      567.546713      448.847449      294.700369      442.728064
frame00020.jpg      298.684531      151.167857      571.456675      151.484702      569.429073      448.932631      296.478963      441.134349
frame00021.jpg      299.797454      150.761170      572.395617      151.263783      569.505410      448.875896      296.625318      440.529665
frame00022.jpg      300.052702      151.236186      572.171041      151.652412      569.066558      449.122963      296.512938      440.457978
frame00023.jpg      299.800112      151.807198      571.517935      152.016665      568.379385      449.904487      296.054168      440.739474
frame00024.jpg      299.498401      152.492421      570.887370      152.155669      568.278396      449.713871      295.739891      440.645378
frame00025.jpg      299.848191      152.189418      571.242657      152.108128      568.525608      450.769065      295.862499      440.472176
frame00026.jpg      300.751347      151.236452      573.107384      152.476310      568.633313      452.679076      295.508179      439.334851
frame00027.jpg      301.395164      149.384842      574.560287      153.376811      568.139302      454.100651      294.385340      437.570282
frame00028.jpg      302.041768      146.308854      576.263175      152.290988      568.463107      453.738098      294.287956      434.412288
frame00029.jpg      302.917482      143.015643      578.379446      150.280223      568.538615      453.757494      294.028846      431.725489
frame00030.jpg      302.506990      140.574167      579.016868      148.244905      567.968524      452.922147      293.353392      429.991540
frame00031.jpg      301.954595      138.497127      579.305778      146.238420      567.687544      452.595530      292.651878      428.389429
frame00032.jpg      302.035300      136.145552      580.129218      145.333848      567.474414      453.544751      292.116296      426.739429
frame00033.jpg      302.469637      134.330122      581.780813      145.463038      567.067848      455.021576      291.576826      425.450485
frame00034.jpg      302.778321      132.422384      582.591889      145.375225      566.618273      455.309869      290.942659      423.451370
frame00035.jpg      302.958680      130.242967      583.544982      144.370048      566.447168      454.904057      290.990874      421.384805
frame00036.jpg      304.144967      127.391479      585.017993      143.241127      566.773689      454.660525      291.146453      418.767474
frame00037.jpg      304.601471      125.679281      586.112686      141.538392      566.295826      454.415504      290.711828      417.235432
frame00038.jpg      303.460507      124.518014      584.831364      138.030526      565.648239      453.438470      289.781543      416.439646
frame00039.jpg      302.382699      123.648321      584.168494      135.062868      566.513389      452.677970      290.630277      415.576654
frame00040.jpg      304.562339      123.005212      585.814667      132.635521      568.672596      452.754773      293.150004      414.569594
frame00041.jpg      306.708673      122.922669      587.973935      130.791397      570.695037      452.929726      295.511361      414.554408
frame00042.jpg      308.564197      123.406691      589.831461      130.583043      572.031348      454.119220      297.151259      414.991329
frame00043.jpg      309.793275      124.608503      590.419470      131.027532      572.115953      454.849646      297.563962      415.784662
frame00044.jpg      309.284700      126.450177      588.732476      129.797092      571.862825      454.736015      298.028315      417.381859
frame00045.jpg      309.473181      129.406401      588.077685      131.052117      572.175830      457.569373      298.760691      419.994557
frame00046.jpg      309.379409      132.141342      587.255587      133.100751      571.685390      459.277531      298.802727      422.560451
frame00047.jpg      308.595543      135.196776      585.203994      133.271913      571.662916      458.971900      299.245257      424.671328
frame00048.jpg      309.039332      136.452474      584.787951      132.448360      572.445729      458.413834      300.657999      424.793493
frame00049.jpg      309.745623      136.680645      585.102635      131.282015      573.035459      457.332774      301.635557      424.680096
frame00050.jpg      310.108543      136.664663      585.027788      129.221964      573.432135      455.332651      302.704106      423.430179
frame00051.jpg      310.587083      135.688559      584.287522      125.405913      573.755335      452.460153      303.653862      422.210045
frame00052.jpg      310.205095      135.541392      582.339526      121.175634      573.458443      450.391182      304.590656      422.592750
frame00053.jpg      309.845223      136.504484      580.688488      117.744398      573.577770      448.063886      306.054418      422.579874
frame00054.jpg      309.983444      137.428724      579.049490      115.130442      573.221278      445.573438      307.030575      422.779799
frame00055.jpg      309.637446      138.823533      575.772039      111.948663      571.724608      442.540777      307.481507      423.890373
frame00056.jpg      307.700385      141.508947      570.126819      108.900658      568.439355      440.046330      306.652694      426.000335
frame00057.jpg      304.199382      144.556908      564.341291      106.277267      566.155540      438.444406      305.729507      428.105934
frame00058.jpg      303.445245      146.768161      561.563851      104.875026      565.298544      438.174503      305.961112      429.243651
frame00059.jpg      303.841855      149.268332      559.676775      104.146322      563.689465      437.028007      306.736708      430.265006
frame00060.jpg      304.089621      151.550138      554.962914      100.778882      560.926915      433.196676      307.672494      430.798788
frame00061.jpg      303.223035      154.003443      550.140365       96.501680      559.042817      430.513230      308.387832      432.113945
frame00062.jpg      302.441792      155.980675      546.548231       94.141367      557.180717      428.743946      308.391064      433.232940
frame00063.jpg      301.918084      157.292287      544.268584       92.687446      556.174953      427.147140      308.374474      433.862349
frame00064.jpg      302.287178      158.094817      543.512021       91.671482      555.083193      425.684188      308.337968      433.737487
frame00065.jpg      302.645242      159.735616      541.429013       90.359182      553.233751      424.111003      308.205986      434.728047
frame00066.jpg      302.550306      161.569521      539.411891       89.866725      551.846009      422.442383      308.136872      435.707471
frame00067.jpg      302.819047      163.593032      537.781758       87.943308      551.674644      420.586019      309.122639      435.898612
frame00068.jpg      303.652747      164.678895      536.472422       86.397015      550.480238      417.462093      310.035310      436.255052
frame00069.jpg      303.892319      166.437136      534.140559       83.298061      549.947907      413.934395      311.246757      436.666000
frame00070.jpg      304.585535      167.141385      533.489428       80.266278      550.390868      411.197240      312.592725      436.588105
frame00071.jpg      305.630966      168.470958      532.607433       78.604764      548.686563      406.810605      312.439296      437.379999
frame00072.jpg      305.914209      172.521097      530.674991       77.779068      548.441821      401.959163      311.686478      438.810678
frame00073.jpg      306.600649      175.301524      531.278791       78.855448      549.607066      400.399323      311.260876      439.685464
frame00074.jpg      308.326893      178.096957      532.220778       81.430508      549.835616      398.027589      311.114688      440.226378
frame00075.jpg      309.500194      180.030176      531.043064       82.434096      549.083086      393.619163      311.590882      440.883213
frame00076.jpg      310.060597      182.565482      529.344663       82.350518      547.617469      390.711179      311.283697      441.855600
frame00077.jpg      310.319159      183.862740      526.001818       83.578494      544.072283      388.540759      309.798455      443.225024
frame00078.jpg      308.888435      188.589942      521.252859       80.838068      540.954736      383.386452      310.317997      444.949515
frame00079.jpg      308.892556      191.728392      518.518297       79.430641      539.439654      379.679115      310.755632      445.814324
frame00080.jpg      309.280719      194.560392      516.945845       79.750303      538.462349      377.083343      310.500601      447.073732
frame00081.jpg      310.130973      197.286692      515.753438       80.660183      537.255701      374.521798      310.491983      447.638013
frame00082.jpg      312.287244      200.535245      515.656373       81.848227      536.182037      370.539827      310.818629      448.448042
frame00083.jpg      313.422757      205.343448      516.318999       87.216123      537.350760      367.878400      310.829894      449.608645
frame00084.jpg      315.190130      210.858283      515.295067       96.979277      539.312663      367.381765      310.445118      450.151673
frame00085.jpg      317.140106      213.755050      508.985366      118.280398      538.831523      372.429509      310.925659      448.387416
frame00086.jpg      317.922520      216.083493      507.404542      125.513763      538.252524      372.465025      311.909825      446.773694
frame00087.jpg      317.952745      216.103924      507.372739      125.739136      538.225613      372.536399      311.848632      446.756947
frame00088.jpg      316.571915      214.102098      506.018606      130.920089      537.212586      372.836409      309.187992      446.285120
frame00089.jpg      314.176966      211.576020      504.619163      135.347938      535.743972      369.928149      305.978688      447.206390
frame00090.jpg      312.646043      209.578852      502.411787      138.907048      534.010350      366.990612      303.565691      449.420440
frame00091.jpg      310.507536      205.447745      490.832882      152.208032      518.778648      356.658315      303.293194      454.839068
frame00092.jpg      310.925198      206.923778      487.326615      157.312923      519.461284      356.118870      302.197876      454.527250
frame00093.jpg      311.957896      214.132488      473.523174      175.070578      523.294445      348.903476      297.753496      461.824512
frame00094.jpg      311.426780      214.814128      473.023672      175.890324      523.219918      348.052889      297.552227      461.864198
frame00095.jpg      311.746630      220.333222      468.583369      180.781151      532.143639      348.149301      292.734762      468.895640
frame00096.jpg      311.963580      220.846780      468.567760      180.643102      533.327602      348.114551      292.171514      469.517052
frame00097.jpg      311.967301      220.850034      468.569834      180.641436      533.339338      348.118145      292.172634      469.517657
frame00098.jpg      311.984954      220.856745      468.585145      180.617822      533.409174      348.136747      292.166679      469.530078
frame00099.jpg      312.507903      221.679487      470.875378      177.222367      539.938218      351.253447      291.092996      467.788110
frame00100.jpg      312.661245      221.860144      475.044879      173.032911      548.048770      356.999873      290.222069      464.399252
frame00101.jpg      312.447722      222.362043      476.360605      171.823719      551.677436      357.520742      289.394096      463.896038
frame00102.jpg      312.691545      222.679306      477.535197      170.806857      554.897423      358.898319      288.698325      462.817283
frame00103.jpg      313.831660      222.593328      478.512413      170.618867      559.240150      359.928220      288.371189      461.429611
frame00104.jpg      331.431083      221.474752      480.376623      168.909182      577.534775      371.595965      298.972066      442.476486
frame00105.jpg      329.631674      220.193570      482.699146      170.524675      574.428181      365.662992      299.030021      440.400496
frame00106.jpg      329.622105      220.197731      482.710711      170.536217      574.443333      365.667384      299.028179      440.379621
frame00107.jpg      329.078621      220.263290      483.586685      170.450121      573.929987      366.056213      299.270231      439.958426
frame00108.jpg      327.714041      218.487138      487.649735      171.504336      573.797863      369.223573      299.218076      440.109568
frame00109.jpg      326.532618      217.892401      490.447480      171.172386      574.155886      372.069046      299.789547      438.808533
frame00110.jpg      325.814104      216.608467      494.395754      170.550412      575.622832      376.073457      299.287353      437.803880
frame00111.jpg      324.645685      214.946389      499.141613      170.084997      574.664458      379.613790      300.074041      436.131437
frame00112.jpg      324.307033      213.138159      503.319306      171.595166      574.516258      383.429317      298.790742      434.636588
frame00113.jpg      322.759161      210.796918      510.128554      174.154941      574.591650      386.708094      295.795971      432.822370
frame00114.jpg      312.334221      198.768305      547.850784      157.973400      565.710685      387.535532      293.470878      420.860200
frame00115.jpg      312.205282      196.214442      549.270471      161.366573      566.676079      392.059440      293.724630      420.099443
frame00116.jpg      313.137328      192.746244      551.630589      163.798448      568.620367      396.238311      294.291157      418.358811
frame00117.jpg      313.723513      189.268423      553.370615      166.104954      570.213521      399.938616      294.453740      416.892964
frame00118.jpg      314.671316      184.386309      555.644933      167.953442      571.767026      403.575080      295.338775      414.238609
frame00119.jpg      316.513191      178.827736      558.976233      171.259030      573.655109      409.292263      296.292708      411.644847
frame00120.jpg      317.857710      173.291089      561.322589      173.833158      574.758456      414.266247      296.535889      408.942708
frame00121.jpg      318.007353      168.152024      561.322790      177.838250      573.510299      419.705489      295.390072      406.820128
frame00122.jpg      317.261537      162.695030      560.853635      181.213422      571.582099      424.517605      294.170134      404.871916
frame00123.jpg      316.820926      156.218006      559.857336      185.120985      568.958012      429.961310      293.604167      403.061326
frame00124.jpg      316.609927      152.116477      558.466916      189.722848      566.700401      434.896237      293.552389      401.555231
frame00125.jpg      317.539816      148.285841      558.147141      193.799672      564.357224      439.678857      293.757256      400.690440
frame00126.jpg      318.635110      143.576872      557.079080      196.178578      560.790523      442.624973      293.049497      399.507688
frame00127.jpg      317.490121      138.998119      554.247436      197.475559      557.382863      444.903104      292.376024      398.750491
frame00128.jpg      317.921638      135.117327      553.244515      199.763244      554.979570      448.096702      292.442075      397.764604
frame00129.jpg      318.961162      131.369763      551.784824      201.575248      550.468952      450.455022      291.368905      397.576445
frame00130.jpg      317.774863      126.316184      548.632510      201.256664      546.312840      450.899666      290.281262      396.972348
frame00131.jpg      317.468249      120.831737      546.709119      199.630986      543.061188      449.646081      289.971534      394.649178
frame00132.jpg      317.370532      114.022617      544.333838      196.722201      538.776924      448.586385      288.990965      393.314246
frame00133.jpg      315.758939      108.437318      541.665093      193.938238      534.808074      446.649260      287.506213      392.333776
frame00134.jpg      313.722589      103.578228      539.265533      190.685615      532.851316      445.656384      286.541890      391.980430
frame00135.jpg      313.010630      100.803004      538.682231      188.974212      531.852170      444.572730      286.260687      390.936224
frame00136.jpg      313.124221       97.095350      537.866709      186.324687      529.512885      441.706826      286.315893      389.859842
frame00137.jpg      313.888492       91.741512      535.288111      184.872602      525.595472      441.161607      286.918166      389.870564
frame00138.jpg      314.692575       89.560442      533.347115      185.549727      522.541395      442.849440      286.679339      390.017253
frame00139.jpg      314.236375       87.753078      532.007790      185.362542      519.031623      441.275255      285.076898      389.894325
frame00140.jpg      313.716279       82.815702      529.063215      181.884912      515.160085      439.022977      284.423451      389.915884
frame00141.jpg      314.258402       79.576466      527.168267      180.997664      512.663244      439.552681      285.052299      390.275326
frame00142.jpg      315.936827       77.792239      526.471230      181.020412      509.894466      439.549606      285.202776      390.318958
frame00143.jpg      318.050677       74.929173      525.339535      180.255007      506.763425      438.432573      285.960530      390.269283
frame00144.jpg      320.063053       72.454273      524.258742      178.577646      505.091618      437.402213      287.557779      390.040021
frame00145.jpg      322.811485       70.886447      524.256793      178.436090      503.453317      438.171234      288.478498      390.533799
frame00146.jpg      324.094847       69.483034      523.863657      178.733763      500.936339      437.591804      288.029712      390.804279
frame00147.jpg      324.535044       67.451383      522.469435      176.076975      499.131789      435.462894      287.970331      390.789575
frame00148.jpg      327.294300       64.331809      522.859061      174.350384      497.080643      434.823586      289.110491      390.513683
frame00149.jpg      330.331401       62.037582      523.401575      172.956436      496.001890      433.748010      290.202059      390.255477
frame00150.jpg      332.713050       59.473009      524.602880      170.369091      496.441626      432.482090      291.464860      389.836730
frame00151.jpg      335.822086       56.795668      526.947061      168.513937      496.146024      431.953919      292.757320      389.958019
frame00152.jpg      339.723063       54.565452      528.891488      167.097074      494.490884      429.928946      293.835811      389.614327
frame00153.jpg      344.063575       51.737061      529.880878      163.596306      493.569714      426.767547      295.431763      388.867475
frame00154.jpg      346.798926       47.759946      531.916384      160.230592      492.853251      425.839759      295.574723      389.021085
frame00155.jpg      348.641719       45.259140      533.194775      157.110493      491.226232      422.579303      294.327794      388.767989
frame00156.jpg      348.407178       40.939178      533.854629      150.556731      491.072066      418.231841      293.752950      389.118663
frame00157.jpg      349.708654       37.216469      535.230058      146.812686      490.027463      416.277632      294.125320      389.792566
frame00158.jpg      352.869575       35.588299      535.635824      144.594675      488.052804      415.033183      294.955493      390.947587
frame00159.jpg      354.258124       35.471573      536.075104      142.855714      487.783027      415.031049      295.137844      393.498702
frame00160.jpg      354.768515       36.161566      537.767735      142.528584      487.906461      415.209723      294.628909      395.695181
frame00161.jpg      356.902537       36.555721      538.326221      141.629793      486.691124      413.897874      294.639486      398.481978
frame00162.jpg      357.914258       36.978869      539.271813      140.739791      486.987768      414.278879      295.125351      400.827044
frame00163.jpg      361.122287       38.446449      541.287667      141.765247      486.785831      415.207037      296.539544      402.062647
frame00164.jpg      365.731812       39.584122      542.266159      142.966960      486.104664      416.136216      297.841201      404.612511
frame00165.jpg      367.421017       42.627359      543.981349      145.253523      486.625338      419.028987      297.923338      407.733172
frame00166.jpg      370.073209       44.649691      545.635182      147.219722      485.951329      419.263397      299.364735      409.190587
frame00167.jpg      378.741936       48.186895      546.534402      148.687979      484.360257      420.408057      304.704091      411.499813
frame00168.jpg      387.298439       51.828920      550.465874      153.383258      486.275754      422.875959      308.563966      414.438173
frame00169.jpg      391.838515       53.819035      557.571713      156.018724      489.966825      425.271424      308.873569      415.728224
frame00170.jpg      396.619130       54.645840      563.137334      157.183438      490.754281      426.620436      308.919367      416.711585
frame00171.jpg      401.420284       56.805187      565.453264      159.160702      490.029913      428.262596      310.511598      418.071829
frame00172.jpg      406.305748       58.688579      565.780425      161.111926      487.852900      427.257017      312.490126      417.647463
frame00173.jpg      413.244569       60.465044      566.951131      159.588772      487.446685      426.610737      317.271199      415.786675
frame00174.jpg      420.260757       63.139770      571.411114      163.478490      489.486234      428.608989      321.372883      417.537700
frame00175.jpg      427.617645       69.170854      575.172551      168.477725      489.926613      432.772038      324.157739      418.518461
frame00176.jpg      437.222241       76.955633      577.916439      171.786573      487.891154      434.705029      328.389428      419.222817
frame00177.jpg      444.969932       81.984488      580.638792      176.735625      487.809002      436.808733      331.888173      419.214663
frame00178.jpg      452.596963       87.348154      583.179293      180.813855      487.000901      438.051458      334.798029      420.588720
frame00179.jpg      459.819232       92.718541      583.881911      186.114642      485.846531      437.280464      336.683126      422.669248
frame00180.jpg      462.966213       93.986336      584.078786      191.760299      485.746427      438.515045      337.777787      421.396063
frame00181.jpg      465.322636       96.297149      584.902958      193.664161      484.360098      437.901685      340.115182      419.710535
frame00182.jpg      469.799866      100.130630      583.536617      196.339859      482.239893      438.841425      343.111437      418.239349
frame00183.jpg      469.914912      102.954120      583.406448      199.547367      482.943977      440.823580      343.790344      417.082791
frame00184.jpg      469.169067      104.778669      583.743071      201.318489      482.919512      440.059486      343.518590      416.630850
frame00185.jpg      470.294432      106.424068      582.350296      203.428456      481.298275      438.524686      343.562658      415.596425
frame00186.jpg      469.600652      106.344992      579.650856      205.743340      480.314098      439.022704      343.271851      412.614659
frame00187.jpg      469.367560      104.881582      578.129547      205.235221      477.849600      436.413364      343.747928      408.584548
frame00188.jpg      471.566771      105.035267      576.438453      205.728978      475.780161      436.329833      344.666284      406.778334
frame00189.jpg      470.522962      104.303692      577.202504      206.748546      477.291914      439.644096      344.552946      402.993483
frame00190.jpg      469.182493      101.063826      580.842035      209.136917      480.213079      442.452923      343.868292      395.246953
frame00191.jpg      469.621072       97.712231      582.119690      209.377407      481.235923      440.775319      343.745739      394.415031
frame00192.jpg      467.561732       97.068312      581.073108      213.468101      482.709357      443.121971      344.628676      394.406944
frame00193.jpg      463.732885       97.537037      581.054177      224.365972      486.438515      451.438838      344.261361      392.724988
frame00194.jpg      460.349140       99.145076      583.672190      236.619684      490.720072      464.888779      343.025545      388.314024
frame00195.jpg      458.478552      101.490635      587.897116      245.904296      495.347418      471.712982      342.521744      386.748222
frame00196.jpg      457.962052      107.695504      591.509448      257.172393      498.990194      482.733271      342.485759      385.455927
frame00197.jpg      456.005247      111.816000      594.441768      265.832353      502.220484      490.851018      341.569763      383.597863
frame00198.jpg      452.321066      113.229730      596.783186      268.791562      506.639557      494.574754      341.009957      382.280053
frame00199.jpg      448.455782      114.933025      597.624927      271.631247      510.886985      498.514226      341.041788      381.019507
frame00200.jpg      444.235365      115.792840      598.613078      273.347876      514.687611      502.225664      339.850536      379.831377
frame00201.jpg      439.347015      116.127624      599.052172      274.424879      517.222583      504.942817      337.457365      379.146985
frame00202.jpg      433.766578      115.375388      598.974049      274.614875      519.688485      506.695589      334.939245      377.886482
frame00203.jpg      427.782777      115.104220      600.334804      273.563782      523.191199      507.472794      332.251884      376.619900
frame00204.jpg      423.205763      113.975797      603.050181      270.408512      527.890210      506.167849      330.521054      375.348674
frame00205.jpg      421.071377      112.968982      606.466028      267.835673      532.261570      505.946510      330.113095      374.336765
frame00206.jpg      417.919357      112.321227      608.913711      264.759680      536.525543      504.918426      329.202374      374.152449
frame00207.jpg      414.539553      111.696815      611.032454      261.836502      540.692863      503.843824      328.426466      374.696862
frame00208.jpg      412.104010      111.967396      613.606755      259.855088      544.197103      503.489221      327.775022      375.064154
frame00209.jpg      408.548996      112.233064      614.592118      256.379436      547.023197      502.186211      326.357360      376.275597
frame00210.jpg      404.600010      112.801444      615.020541      253.388503      550.105258      501.956135      324.835438      377.824870
frame00211.jpg      400.622995      112.893501      615.844567      249.041555      553.904866      499.562649      323.426459      378.247964
frame00212.jpg      396.436212      111.649349      617.236574      242.687263      558.253863      496.466946      323.042102      378.843475
frame00213.jpg      393.687315      111.213736      618.593255      239.158451      560.491546      495.670962      322.197239      379.526827
frame00214.jpg      390.286204      111.870618      617.732741      236.287883      561.689637      493.592702      320.757693      380.202117
frame00215.jpg      387.216806      112.413527      617.360014      232.492860      563.879343      491.470833      320.512906      380.950523
frame00216.jpg      385.558437      113.465240      617.584302      230.675837      564.246292      490.380259      319.421144      381.268545
frame00217.jpg      381.766434      113.676322      615.592119      227.374813      563.640794      488.413742      317.055302      382.098603
frame00218.jpg      377.812092      114.654329      613.591362      225.500006      563.801007      488.209367      315.199759      383.523985
frame00219.jpg      375.817973      116.277675      613.049858      224.762130      564.614682      487.666269      314.525132      384.301221
frame00220.jpg      374.233117      117.216884      613.115637      221.868989      566.604908      484.728806      314.685618      383.629614
frame00221.jpg      373.344170      116.356385      614.173673      217.499600      568.602164      482.520159      314.988742      383.082192
frame00222.jpg      372.313808      116.434662      614.907627      215.206461      569.387490      482.016590      314.491109      383.545971
frame00223.jpg      370.085046      117.305106      614.396300      212.315936      570.153385      479.393527      313.395780      383.600104
frame00224.jpg      367.588279      116.514689      613.548283      207.547940      570.416967      476.037894      312.118524      383.362282
frame00225.jpg      364.409819      117.064026      611.613587      204.200840      570.306974      474.299212      310.489186      384.374648
frame00226.jpg      361.760326      118.006792      610.255942      202.102030      570.302920      473.153880      309.037776      384.935004
frame00227.jpg      359.761035      118.977933      609.515998      199.932233      570.655156      471.345119      308.173698      384.888294
frame00228.jpg      358.352779      119.185588      609.092771      196.168676      572.190105      468.577615      307.874748      384.282754
frame00229.jpg      358.106658      119.030441      610.001899      193.843719      573.468339      468.384105      308.409466      384.739007
frame00230.jpg      358.810829      120.309076      611.034404      194.026623      574.485419      468.277429      308.878550      384.487994
frame00231.jpg      358.102441      120.430002      610.357309      191.486729      574.701081      465.867011      308.134224      384.543180
frame00232.jpg      355.372862      120.891992      608.758125      188.444147      574.626355      464.277784      306.628228      385.580888
frame00233.jpg      353.952907      120.734937      608.703328      186.535541      575.103026      463.052998      306.015912      385.196703
frame00234.jpg      353.608088      119.994179      609.007230      183.803874      576.092163      460.604482      306.018411      384.143102
frame00235.jpg      353.242910      119.416366      609.636244      180.189864      577.777012      458.306256      306.928508      383.823385
frame00236.jpg      354.127622      119.269005      611.511968      177.467333      579.345737      456.039849      308.053914      382.567580
frame00237.jpg      353.881213      118.866509      611.960131      172.683525      580.080008      452.285089      308.065957      381.898899
frame00238.jpg      352.324259      119.353924      611.170016      167.599936      580.353869      448.626397      307.646379      382.000684
frame00239.jpg      350.506235      119.887724      609.779391      163.168409      579.405211      445.173221      306.610840      382.226127
frame00240.jpg      347.866733      121.243672      607.141884      158.231284      578.800639      440.524499      305.099903      382.427759
frame00241.jpg      346.090640      121.514000      605.982561      152.545921      579.952717      436.877938      305.530512      382.501807
frame00242.jpg      346.537825      121.600896      606.677505      148.007589      581.284165      433.967283      306.657495      382.031076
frame00243.jpg      346.823749      121.211709      607.594767      143.716630      582.310826      432.714983      307.467540      382.648465
frame00244.jpg      347.753383      121.086774      609.184366      142.776135      583.423953      434.594051      308.309367      383.531866
frame00245.jpg      349.529464      122.217661      611.391285      143.402207      584.197616      435.772450      309.208850      384.110173
frame00246.jpg      349.718619      123.819866      611.209079      140.560438      583.927094      433.289821      309.305812      385.011343
frame00247.jpg      348.131559      124.881691      609.649214      136.527737      582.935157      431.827095      308.566235      386.429801
frame00248.jpg      348.140426      125.509473      609.409084      136.017858      582.466138      433.897740      308.242121      387.570378
frame00249.jpg      350.037694      127.783400      610.880768      138.336709      582.235615      435.529083      308.713785      387.769950
frame00250.jpg      351.339306      129.267659      611.501985      137.231353      582.091920      433.641830      309.430486      387.803342
frame00251.jpg      351.747144      129.905913      611.100649      132.206120      581.713394      431.293771      309.923967      388.624558
frame00252.jpg      351.631801      130.339031      610.698232      129.172796      580.082148      430.803539      309.732508      389.557709
frame00253.jpg      351.329445      131.393532      609.687507      127.192873      579.371344      429.849932      309.675269      390.353166
frame00254.jpg      352.392815      133.567333      610.303565      125.706548      579.087125      428.723642      310.436989      390.907098
frame00255.jpg      355.135267      134.947808      611.331009      124.907593      577.747376      429.424900      310.726606      391.306822
frame00256.jpg      356.824046      137.412130      611.865851      122.543876      576.055249      428.536726      311.471065      392.451155
frame00257.jpg      358.006934      138.660171      612.843756      121.077478      576.122540      428.867834      312.861972      392.188403
frame00258.jpg      363.261370      140.479597      615.252981      121.720058      577.147262      429.857792      313.469019      391.528900
frame00259.jpg      368.502239      142.629815      621.406713      121.569399      577.699989      433.261428      314.833258      389.056261
frame00260.jpg      375.857424      144.141123      627.986007      126.760117      576.593134      440.868594      314.163316      387.184923
frame00261.jpg      378.070084      145.340657      634.168241      127.915502      575.503404      444.840312      315.414606      384.130768
frame00262.jpg      380.723342      145.441807      637.999040      127.226984      574.521939      446.253183      315.483839      381.973223
frame00263.jpg      384.429499      145.875166      639.727033      125.204742      573.075929      450.567296      313.119806      378.761786
frame00264.jpg      385.024095      146.392436      641.088825      123.024104      571.338159      451.892352      312.448278      378.194535
frame00265.jpg      386.385568      146.536445      642.083054      122.428902      570.596805      455.864846      311.950648      378.577026
frame00266.jpg      389.531953      150.578452      654.395478      121.209107      566.222881      470.087529      312.568206      374.363353
frame00267.jpg      391.877621      155.691223      671.448044      119.423505      558.356166      484.998402      313.999974      369.991709
frame00268.jpg      391.852856      158.518608      679.662415      119.234876      555.762775      492.546401      315.089674      368.405746
frame00269.jpg      391.021208      156.573091      682.304314      124.165498      551.739422      497.694579      316.038502      367.882086
frame00270.jpg      390.617540      156.844010      682.839759      125.453473      550.506957      499.983006      316.390126      367.770919
frame00271.jpg      390.557035      156.607264      682.780500      127.228217      548.814817      501.901227      316.468516      368.165604
frame00272.jpg      390.564300      156.576028      683.423904      127.783237      548.200614      502.389129      316.734234      367.937260
frame00273.jpg      390.504652      156.395309      684.260958      128.925492      548.033706      502.792288      316.938557      367.478078
frame00274.jpg      389.567276      154.548362      684.413609      132.414347      548.749730      507.516150      316.721674      368.729852
frame00275.jpg      389.524707      154.623783      686.104755      131.711618      548.430888      508.580810      317.088094      368.289609
frame00276.jpg      389.591807      154.796189      690.158281      131.103520      547.638591      512.357956      318.010576      366.478600
frame00277.jpg      396.058891      150.794264      681.398993      139.124042      543.978777      574.809465      319.429514      352.239320
frame00278.jpg      399.869900      149.740878      683.532766      144.108742      540.755495      598.272046      319.667174      344.868870
frame00279.jpg      403.010783      145.824362      679.717811      156.572958      536.065717      586.731779      318.540394      344.027200
frame00280.jpg      415.002072      136.437590      665.174557      180.772041      533.662836      526.197307      330.452739      344.686235
frame00281.jpg      416.013692      137.499737      687.884815      181.474310      540.435655      481.021976      375.808472      327.945334
frame00282.jpg      415.695422      138.045073      690.542978      182.273036      541.561295      482.400891      375.912979      327.243689
frame00283.jpg      415.803678      137.699577      692.891365      184.576529      542.505967      484.365895      375.042652      326.205737
frame00284.jpg      421.883414      123.044195      682.681110      208.689461      540.228770      489.584690      357.505854      326.235923
frame00285.jpg      422.359540      117.045018      682.735195      216.130266      541.311537      490.629899      349.088865      324.457873
frame00286.jpg      418.805847      107.463473      676.305192      219.000692      547.664319      487.563685      329.545811      324.621200
frame00287.jpg      423.328563      104.814879      671.819396      215.948619      550.476812      493.438212      311.001309      325.391258
frame00288.jpg      425.937790       98.359793      674.725967      219.263246      549.559479      493.320018      310.479501      317.266732
frame00289.jpg      429.063034       90.632941      677.459485      221.295935      548.795628      492.728763      310.110219      307.657581
frame00290.jpg      432.003153       80.597170      680.459130      223.158119      547.058087      492.729231      309.744950      298.431373
frame00291.jpg      434.613498       71.989696      681.504514      227.868877      542.928493      494.230583      308.309111      289.950138
frame00292.jpg      435.946508       64.422811      680.847804      232.151963      540.051692      495.137994      306.014819      281.919513
frame00293.jpg      437.122647       55.332894      680.184646      235.533967      537.263398      494.772504      304.708521      274.390127
frame00294.jpg      438.159747       48.473729      677.718860      239.374725      533.290989      492.836313      302.546404      267.122164
frame00295.jpg      438.104953       41.639357      675.120873      239.082936      529.866904      490.390767      299.787204      260.346761
frame00296.jpg      437.745035       33.144307      672.970667      241.476822      525.158927      490.883237      297.432033      253.450801
frame00297.jpg      440.099200       28.794798      669.576338      249.835110      519.829555      493.223099      295.641195      246.408943
frame00298.jpg      443.539628       25.970747      665.606848      259.087950      513.175318      495.109052      294.278162      239.771194
frame00299.jpg      445.076593       23.546013      660.865190      265.358098      506.567739      495.491424      291.799985      234.599764
frame00300.jpg      444.011353       21.179758      657.503471      267.497822      501.071169      495.134036      288.305304      230.680201
frame00301.jpg      442.949720       17.584630      654.629817      268.179474      496.819086      493.890228      285.234707      226.904078
frame00302.jpg      441.688059       14.423665      651.392900      269.068726      493.571274      493.418623      282.755339      224.046856
frame00303.jpg      441.684115       12.879739      648.542023      273.237831      489.734554      495.511690      281.005354      222.091539
frame00304.jpg      443.144175       12.732723      646.204950      278.679902      485.601183      497.023789      280.009481      220.405937
frame00305.jpg      443.785542       11.800662      644.482915      279.192893      483.752860      494.919994      279.413206      219.236545
frame00306.jpg      443.059195        9.218980      642.565227      276.603500      481.198067      492.293907      277.868512      217.376202
frame00307.jpg      439.675603        4.084688      640.334959      270.882482      479.293784      487.926437      274.273340      215.807161
frame00308.jpg      434.574126       -2.335888      638.560911      263.525112      478.423280      484.230038      270.437521      214.418898
frame00309.jpg      430.848316       -8.406227      636.592264      258.751812      476.519101      481.780728      266.703989      212.646757
frame00310.jpg      427.135261      -12.968349      631.885606      256.633148      472.186528      479.840889      262.601891      211.450947
frame00311.jpg      421.667063      -15.057885      624.867250      254.611382      467.444396      477.567644      257.090405      211.013421
frame00312.jpg      415.535950      -16.249421      619.356892      252.498757      464.542993      476.264222      252.142544      211.282412
frame00313.jpg      411.155519      -15.477607      614.971833      252.770645      461.326198      476.417546      248.895383      212.530649
frame00314.jpg      407.422499      -13.123268      610.415970      253.658322      457.823154      476.795854      245.424468      214.422066
frame00315.jpg      402.460098      -11.181960      606.407511      253.042302      455.166034      477.523628      241.833875      217.132708
frame00316.jpg      397.299655       -8.323111      602.772065      253.590208      452.809644      479.144162      238.284240      220.935548
frame00317.jpg      392.745786       -6.082261      599.528044      252.576576      449.993961      478.756601      234.608923      224.390957
frame00318.jpg      386.488425       -6.620059      596.029974      248.134289      447.779220      477.307777      230.140222      226.966056
frame00319.jpg      379.421938       -7.477922      592.312266      243.872114      446.016759      475.594916      225.565942      229.493782
frame00320.jpg      373.355888       -8.605709      589.591656      239.699470      445.384115      474.306275      222.018268      231.548220
frame00321.jpg      369.910808       -8.193170      586.048086      240.617568      442.401217      475.643248      219.110422      232.906002
frame00322.jpg      366.186493       -5.202724      581.562632      242.396381      438.949380      476.246461      215.492429      235.478070
frame00323.jpg      361.360345       -4.035624      577.500140      239.049002      436.748257      473.222192      212.205675      237.477873
frame00324.jpg      354.419177       -4.992254      573.784178      233.129837      436.822050      471.053678      208.823734      240.493719
frame00325.jpg      348.239131       -4.728452      569.784853      229.933210      434.501331      470.059199      204.939188      244.191568
frame00326.jpg      340.770103       -5.016565      564.286094      226.114886      431.421426      469.506624      198.944891      247.148408
frame00327.jpg      331.645706       -4.419201      558.999104      222.230283      429.868373      468.489227      193.263760      252.141139
frame00328.jpg      324.631550       -3.847666      554.542699      219.330062      427.650053      467.448420      188.447666      254.994072
frame00329.jpg      319.573309       -3.451168      551.276718      218.014684      426.185731      467.032257      185.116276      257.061588
frame00330.jpg      315.885406       -2.265619      548.213931      217.261623      424.417848      466.530586      182.746804      259.094539
frame00331.jpg      311.671261       -0.405743      544.458779      215.837272      422.563029      465.600097      180.165101      261.543690
frame00332.jpg      306.824154        1.065377      541.173890      213.396081      421.627960      464.503842      177.851990      264.345906
frame00333.jpg      302.850957        2.248611      537.450349      212.559509      418.408227      463.582423      174.963070      266.422561
frame00334.jpg      296.939084        2.379586      532.151093      208.778913      414.610075      461.120066      169.746665      267.493644
frame00335.jpg      288.293443        1.441808      526.658803      203.577630      412.596530      458.417234      164.153414      270.239952
frame00336.jpg      280.166552        0.577490      521.830962      198.411454      410.767396      455.997609      159.499626      273.141063
frame00337.jpg      272.817804        0.914237      516.786677      195.134334      408.623843      454.820016      154.818590      276.446677
frame00338.jpg      265.624157        2.062740      511.573201      192.189856      405.755475      452.992960      149.960567      279.854664
frame00339.jpg      257.613231        2.403837      506.382136      187.260301      403.933223      450.073152      145.530773      282.983577
frame00340.jpg      250.497426        3.180917      500.964101      183.798549      401.316567      448.559163      141.382348      286.467973
frame00341.jpg      243.239621        4.654916      494.502820      180.698037      396.782396      445.942465      135.713866      289.081455
frame00342.jpg      233.560836        5.035460      486.627167      175.777523      392.114014      442.698098      128.804744      292.140244
frame00343.jpg      222.633755        5.340632      478.193377      171.223217      387.363915      440.162698      120.994705      295.559621
frame00344.jpg      211.259188        6.507191      470.484849      165.537010      383.399820      436.762661      113.943871      299.273145
frame00345.jpg      200.975706        6.569894      463.370722      159.606148      380.063812      433.224515      108.101754      302.186305
frame00346.jpg      191.402299        7.340442      455.820890      154.978865      375.575613      430.481614      101.627205      305.510836
frame00347.jpg      180.189481        8.582053      448.160857      148.677031      372.196712      427.530179       95.123982      309.502319
frame00348.jpg      169.941340        9.637884      441.468736      142.529440      369.411536      424.491568       90.103268      313.421481
frame00349.jpg      160.638216       10.483933      434.492146      137.497012      365.730330      422.045129       84.634331      316.973768
frame00350.jpg      150.625887       12.493625      427.459022      131.581790      363.454216      418.183323       79.711568      320.832188
frame00351.jpg      141.435545       14.559816      420.735873      126.260036      361.206681      414.797426       75.763921      325.097071
frame00352.jpg      132.804648       17.043147      414.395291      121.005326      359.914589      410.565380       72.793596      328.999693
frame00353.jpg      125.636916       19.717414      408.828435      116.158515      359.219150      406.320288       71.156093      332.531997
frame00354.jpg      119.286032       22.690269      403.510787      111.716077      358.233727      402.502301       69.658331      336.272494
frame00355.jpg      112.547674       25.779367      397.955120      106.951225      357.273906      398.022974       68.560356      339.586644
frame00356.jpg      106.845923       29.099626      393.374693      102.052780      357.789469      394.425366       68.925520      343.409132
frame00357.jpg      103.437560       33.379014      389.453606      100.746768      356.289657      392.903552       68.539641      347.151037
frame00358.jpg       98.497910       37.615682      384.054547      100.311367      353.524189      391.906631       65.844712      351.616887
frame00359.jpg       91.546364       42.705118      377.878870       99.293392      350.691621      391.175116       62.174532      357.022216
frame00360.jpg       83.612634       47.097742      371.374077       96.399248      348.436046      388.678342       59.323458      361.998930
frame00361.jpg       76.609481       51.526400      365.758078       93.602351      347.600464      386.935477       58.240585      366.716144
frame00362.jpg       72.774977       56.612942      361.245347       94.445308      344.763712      387.248265       56.468630      371.052789
frame00363.jpg       66.462391       61.726517      354.341239       94.448563      340.624909      386.284364       52.671880      376.351493
frame00364.jpg       58.440157       67.945538      346.918823       92.637117      337.624195      384.785797       49.589715      381.396152
frame00365.jpg       52.069874       73.946829      340.437628       92.142630      334.634712      384.543562       47.412117      386.655078
frame00366.jpg       45.015272       80.773370      332.993527       92.244580      330.652706      383.120994       44.672031      392.491846
frame00367.jpg       37.428976       87.409736      324.949228       90.770418      327.598904      380.469146       42.543229      397.611931
frame00368.jpg       31.062133       93.807349      317.763338       89.432173      324.787898      377.952120       40.853994      401.888835
frame00369.jpg       25.586689       98.894879      311.551488       89.272904      322.835321      375.765937       39.782058      405.817036
frame00370.jpg       21.512666      103.487831      306.750361       89.203326      321.099151      373.018605       39.400251      408.220724
frame00371.jpg       17.360817      106.348534      302.019201       86.342894      320.568067      368.020141       40.294430      408.649820
frame00372.jpg       14.346817      107.778824      298.977371       82.001807      321.797183      362.226599       43.368652      408.425881
frame00373.jpg       12.854472      107.974419      297.524758       78.017241      322.403663      358.831009       45.185299      408.991834
frame00374.jpg       10.117297      109.353394      294.910354       75.078455      322.083374      356.290252       45.854901      410.542227
frame00375.jpg        7.196293      111.536360      292.486579       73.042097      322.346955      354.519056       47.864882      412.133111
frame00376.jpg        7.109330      113.691368      291.604020       72.094346      323.495168      352.282850       51.228008      412.365390
frame00377.jpg        9.124441      116.159000      291.716877       71.989954      325.132932      349.693382       55.459872      412.574435
frame00378.jpg       12.435523      118.548533      292.274103       72.865217      326.951972      347.828352       59.582956      412.728439
frame00379.jpg       16.509529      121.047361      293.567280       75.030209      328.983954      346.121712       64.515942      412.492745
frame00380.jpg       21.127322      122.499150      295.416001       76.068089      331.273905      344.229027       68.918483      411.656424
frame00381.jpg       23.959686      124.890140      295.910745       76.547856      332.564534      342.154686       72.126628      411.886678
frame00382.jpg       25.480563      127.018889      295.519703       77.272163      332.979865      340.876299       73.959865      412.261640
frame00383.jpg       26.630768      128.930458      295.231235       78.609518      333.297615      340.526573       76.017037      412.512068
frame00384.jpg       29.374609      130.215739      295.928559       79.569808      334.668467      339.329154       79.581700      412.213096
frame00385.jpg       31.507222      133.219007      296.377511       80.210065      336.290998      337.853656       83.223243      413.398859
frame00386.jpg       32.186726      136.655874      295.605581       80.145920      337.206152      335.574620       86.890344      414.160890
frame00387.jpg       34.946453      138.583612      295.497716       79.285730      339.453929      331.935110       92.987497      413.108621
frame00388.jpg       41.863211      139.361909      299.127660       79.487581      343.647404      329.833420      100.142778      411.613575
frame00389.jpg       47.831292      138.714885      303.518520       79.540820      347.586561      327.047515      105.384402      408.199561
frame00390.jpg       52.050581      137.920545      305.900783       77.319707      350.697172      323.652328      110.360480      406.523636
frame00391.jpg       57.036982      138.046799      309.012379       77.492902      353.973384      322.414086      115.301211      405.277176
frame00392.jpg       62.296014      137.350591      312.717647       78.066176      357.091532      321.351004      120.437287      403.621300
frame00393.jpg       67.973727      138.352027      316.302316       78.630595      361.021531      320.041137      126.372348      403.489715
frame00394.jpg       72.048224      139.335238      319.619745       79.060056      364.153981      319.353907      130.376271      403.464727
frame00395.jpg       75.244445      140.584471      321.974281       80.234236      366.399659      319.925351      133.499715      403.876484
frame00396.jpg       79.529316      140.767544      325.298155       81.608504      368.951488      320.715942      137.500051      403.280445
frame00397.jpg       84.447311      141.155116      329.299435       83.117179      371.918816      321.071975      141.832859      402.583904
frame00398.jpg       89.065232      142.593694      332.176284       84.904942      374.345844      321.078306      146.238725      402.068196
frame00399.jpg       95.419555      144.231838      335.827249       87.729572      377.540766      321.589448      152.214958      401.659791
frame00400.jpg      102.732994      146.235552      340.535006       90.551155      381.729174      322.045507      158.806316      401.434011
frame00401.jpg      111.102992      148.332491      346.014263       93.749525      386.412680      323.516519      165.698130      401.463027
frame00402.jpg      119.819153      150.298759      352.462612       97.790431      391.564633      325.772831      172.437737      401.483502
frame00403.jpg      127.648838      151.506517      358.329586      100.439541      396.583131      326.897127      178.890059      401.052152
frame00404.jpg      135.874108      152.828156      364.380783      103.214501      401.719217      328.567257      185.494230      400.802174
frame00405.jpg      143.679769      153.553461      370.416301      105.857204      406.870567      329.622931      191.671844      399.917084
frame00406.jpg      150.356363      153.541229      375.862505      106.559992      411.605279      329.937315      197.014632      399.614784
frame00407.jpg      156.908530      154.319428      381.349974      108.051075      416.373886      331.435892      202.433675      399.134261
frame00408.jpg      165.653853      153.353316      388.281316      109.884712      422.259549      333.138398      209.331499      397.196671
frame00409.jpg      176.251160      151.449883      397.004750      110.009261      429.664599      333.662314      217.652465      394.222799
frame00410.jpg      186.459127      150.291655      405.726356      110.310961      437.463399      333.957078      225.960461      392.363978
frame00411.jpg      195.965585      149.725503      414.273024      111.238783      445.039690      335.504276      233.422637      391.231948
frame00412.jpg      205.061798      149.317459      423.204354      112.887797      452.116268      338.225194      240.112700      391.073423
frame00413.jpg      214.053424      148.839475      432.033772      114.709459      459.189412      340.985479      246.685067      390.446040
frame00414.jpg      223.030208      148.383584      440.891807      116.787481      466.163572      344.302538      253.102146      389.711734
frame00415.jpg      232.119394      148.047985      449.493863      119.264105      473.022765      347.395509      259.899080      389.045921
frame00416.jpg      242.053024      147.182853      458.715106      121.634689      480.341670      350.423724      267.070007      387.294050
frame00417.jpg      251.597488      146.170022      468.069727      124.526165      487.269823      354.011694      273.445495      386.320833
frame00418.jpg      259.847729      145.318130      476.485466      127.008983      493.675908      356.754741      279.231116      385.559336
frame00419.jpg      267.607779      144.840109      484.784984      128.755773      499.927830      360.016846      284.668188      385.459250
frame00420.jpg      275.689984      143.285048      493.783595      130.416658      506.680739      363.224409      290.242207      384.262057
frame00421.jpg      284.642568      141.388242      503.901500      132.659805      513.581317      367.318871      295.621950      382.939157
frame00422.jpg      292.400901      139.954584      512.961994      135.857322      519.105342      371.954888      299.583103      382.251384
frame00423.jpg      298.650064      140.170916      519.639730      139.382915      523.529423      376.277275      303.442883      381.985434
frame00424.jpg      305.728440      140.490094      526.528725      142.809072      528.682260      380.269546      308.321367      381.769849
frame00425.jpg      313.939793      140.139147      534.714457      145.668665      534.845125      384.246373      313.939242      381.205997
frame00426.jpg      323.335047      139.683716      544.962511      149.218182      542.152045      389.766563      320.078413      380.972864
frame00427.jpg      332.226520      138.805490      555.788947      152.723653      549.613880      395.351892      325.691435      381.206945
frame00428.jpg      340.868983      137.993715      566.031052      155.971221      557.074113      401.061849      331.488289      381.582774
frame00429.jpg      351.214842      137.007257      578.525339      159.665141      565.279438      408.018197      338.077258      380.727628
frame00430.jpg      360.759811      135.845562      590.890186      164.653397      572.187980      414.996111      343.054612      379.635502
frame00431.jpg      367.967811      135.134333      599.602263      167.376584      578.097436      418.819377      347.718174      378.267531
frame00432.jpg      375.305554      134.524351      607.861559      169.142635      583.965684      422.692960      352.708095      376.978456
frame00433.jpg      383.860321      133.800768      617.144666      173.016004      589.978740      427.858657      357.845165      375.688794
frame00434.jpg      392.590050      133.201700      627.156419      176.623482      595.831509      433.761697      362.371519      373.647464
frame00435.jpg      401.180892      132.749195      637.283871      179.607885      602.018640      439.417190      367.506218      371.355257
frame00436.jpg      411.209529      131.224408      649.017946      182.863277      608.094743      445.504136      372.777330      368.160968
frame00437.jpg      420.233619      129.667858      660.416203      187.550738      612.491483      452.486689      376.212097      365.771498
frame00438.jpg      426.439379      127.498857      668.345585      190.966843      615.849949      456.048180      378.669453      363.482581
frame00439.jpg      432.306410      125.643678      675.331743      191.883192      620.024582      458.403102      382.246643      361.302983
frame00440.jpg      438.486655      125.086869      682.824985      192.027027      623.425882      460.534760      385.372641      360.158108
frame00441.jpg      441.967199      124.190161      687.401064      191.426603      625.487774      461.069373      387.187878      358.830352
frame00442.jpg      445.889084      122.773954      692.064932      190.940798      628.439123      462.306245      390.065813      357.257669
frame00443.jpg      452.013719      122.114327      698.792270      191.300853      631.352346      464.839771      393.588496      356.474513
frame00444.jpg      455.930895      123.394833      702.712090      190.908304      632.522910      464.649053      395.451204      356.393888
frame00445.jpg      457.077193      123.606395      703.994959      188.301037      634.121662      463.867176      396.964920      356.790431
frame00446.jpg      460.098697      125.670324      706.884173      187.899882      635.812925      465.398334      398.876899      357.667919
frame00447.jpg      462.055941      127.863538      708.829901      186.481931      637.415462      464.608318      400.674929      358.815022
frame00448.jpg      464.764450      130.105112      711.002089      183.660324      639.907812      464.367348      403.608480      360.448506
frame00449.jpg      467.916745      131.084633      714.324618      182.305063      642.175167      464.287219      405.926135      361.055759
frame00450.jpg      469.909503      131.634098      717.125317      179.752735      644.342681      463.080804      408.067238      361.890640
frame00451.jpg      472.398874      133.317875      719.247382      177.808566      646.263054      462.289116      409.922318      363.169244
frame00452.jpg      473.366984      134.414112      720.658464      173.030907      647.321813      459.427049      411.051561      363.273744
frame00453.jpg      473.390215      134.582133      720.359903      167.292636      646.551072      456.308305      410.758728      363.695203
frame00454.jpg      472.888955      135.535431      721.040207      162.749307      646.591230      453.594228      411.139737      364.439493
frame00455.jpg      472.533094      135.942454      722.818585      157.293668      646.451095      448.776933      412.431485      364.079764
frame00456.jpg      472.314214      138.044894      727.216951      150.291155      647.627180      445.774129      414.437592      362.675246
frame00457.jpg      474.069259      140.566627      733.322035      145.415412      649.102034      445.183114      415.560756      359.289723
frame00458.jpg      475.080965      141.939225      738.475661      141.437597      649.280282      441.098746      416.617522      357.481528
frame00459.jpg      475.337651      142.226737      741.723327      138.979540      649.804021      439.998089      417.395641      357.064179
frame00460.jpg      475.886170      142.755190      748.543184      135.199846      650.274714      438.108190      419.269918      356.655190
frame00461.jpg      477.900435      141.365314      751.868108      134.845058      652.183330      437.235583      421.347229      355.261312
frame00462.jpg      488.793038      137.035232      745.615924      143.765233      658.798138      431.765869      423.668772      353.300438
frame00463.jpg      494.603402      134.607217      750.374786      142.954266      661.840433      431.939142      425.076992      352.169436
frame00464.jpg      497.964864      132.661251      756.966588      140.316447      664.215205      430.412905      427.569315      350.343824
frame00465.jpg      503.789223      129.379950      760.680037      138.410172      665.804019      428.640923      430.428675      347.865909
frame00466.jpg      509.934206      127.037719      759.640516      136.211225      669.747208      429.165184      437.292617      345.559854
frame00467.jpg      512.334511      124.523119      761.616659      135.714601      672.401913      426.706350      438.582181      344.056522
frame00468.jpg      514.182728      122.721769      764.573233      134.641939      673.959056      427.483802      439.190378      342.376661
frame00469.jpg      514.848444      118.932158      764.018293      133.200862      675.805801      424.894315      438.421595      340.813561
frame00470.jpg      515.276204      115.864561      766.130235      132.472767      676.041557      425.020663      437.918823      339.132742
frame00471.jpg      516.645389      111.449202      767.199558      133.107977      675.823115      425.832002      436.603232      335.198088
frame00472.jpg      517.030337      105.604824      768.358398      129.968576      678.327126      420.359234      437.024512      329.191634
frame00473.jpg      521.106633      100.009838      774.089044      129.923739      679.153347      419.356625      437.735016      322.511618
frame00474.jpg      524.412044       96.298574      777.789598      132.121145      679.363688      415.913009      438.541205      315.759030
frame00475.jpg      526.440094       92.266903      782.677873      134.821826      678.052649      414.449342      442.909647      307.346525
frame00476.jpg      527.412650       88.215075      783.979882      138.442056      677.710704      411.324413      440.608155      303.084676
frame00477.jpg      530.908087       85.877881      786.507886      140.764532      673.276401      414.872198      435.033322      298.005890
frame00478.jpg      533.763862       83.164366      788.941035      145.912718      669.370936      417.827211      432.739895      293.225885
frame00479.jpg      536.571756       81.323957      791.239212      152.916130      667.607626      418.694312      431.294790      286.543806
frame00480.jpg      539.770214       78.713202      793.580290      161.369121      666.475478      420.926893      430.216897      279.826911
frame00481.jpg      543.904830       75.530622      796.254789      171.772502      663.737174      425.258147      429.329744      272.238287
frame00482.jpg      546.327241       72.275605      796.969812      180.502122      661.414027      428.241805      427.691625      265.438019
frame00483.jpg      548.899255       66.796681      798.121179      188.778130      658.497874      432.775376      426.421965      257.589149
frame00484.jpg      551.120797       62.199307      798.469272      197.533262      655.352393      437.520719      425.187219      251.261900
frame00485.jpg      552.161022       58.365013      797.436639      206.495653      650.798048      443.198472      423.303386      246.459360
frame00486.jpg      551.817460       54.728786      794.587376      215.707922      645.922168      449.479986      420.361868      242.298392
frame00487.jpg      552.708933       53.779260      793.013086      225.605336      643.205283      456.382397      418.760225      239.622208
frame00488.jpg      556.454061       52.561723      793.258126      237.047013      639.899331      463.577103      418.862826      236.793206
frame00489.jpg      558.121810       51.561440      791.876283      245.384609      637.356962      468.635197      418.481905      234.379741
frame00490.jpg      559.747194       50.918186      790.738420      253.664953      634.846761      474.614802      417.760655      232.608908
frame00491.jpg      562.226508       49.255131      790.858266      261.743524      631.400982      480.999771      416.957247      230.863375
frame00492.jpg      563.868141       45.384220      789.485186      266.438415      628.746333      484.601250      415.849791      228.193417
frame00493.jpg      564.887833       42.609925      786.407891      274.484379      625.037495      490.399135      414.896102      226.075650
frame00494.jpg      565.729702       42.107318      782.023584      283.481669      620.422292      495.973327      413.130755      225.001916
frame00495.jpg      565.627821       40.125029      778.647375      287.766696      619.040885      499.097440      411.929435      224.226099
frame00496.jpg      567.374118       40.100937      776.643608      294.194891      618.508122      503.198343      413.278860      223.161613
frame00497.jpg      569.844184       40.596097      775.303347      298.822088      618.094650      505.167557      414.263101      222.251471
frame00498.jpg      571.264685       37.640432      772.439299      298.854525      616.626132      505.251504      414.242662      221.607047
frame00499.jpg      569.841029       35.756995      766.508712      301.017889      613.230350      507.851373      413.182734      221.828300
frame00500.jpg      568.554167       36.511228      762.526487      306.247895      609.910914      512.098442      411.532276      223.878628
