frame ulx uly urx ury lrx lry llx lly
frame00001.jpg      286.000000      180.000000      544.000000      180.000000      544.000000      390.000000      286.000000      390.000000
frame00002.jpg      287.002109      179.348283      545.004227      179.422550      544.742113      389.247891      286.939779      389.089341
frame00003.jpg      287.982469      178.452909      545.537240      179.023845      545.016377      388.795314      287.366609      387.941956
frame00004.jpg      288.712542      177.822808      545.947071      178.472739      545.487037      388.192315      287.909243      387.357508
frame00005.jpg      288.641035      177.102480      546.047224      178.020531      545.042423      387.689781      287.268905      386.551040
frame00006.jpg      284.652469      176.351296      542.083979      177.480979      540.448010      387.042390      282.991926      385.784023
frame00007.jpg      282.695576      175.456756      539.741334      177.601568      538.413742      386.753351      281.260804      384.880726
frame00008.jpg      282.380070      175.088600      539.294236      177.377536      538.042320      386.398922      281.241515      384.453591
frame00009.jpg      282.577132      175.118813      539.145506      177.153234      537.980832      385.948120      281.395581      384.081209
frame00010.jpg      282.928512      174.982944      539.017220      177.358621      537.654925      386.029682      281.513689      383.673152
frame00011.jpg      283.038690      175.056595      538.844504      177.923211      537.265490      386.230714      281.388081      383.465572
frame00012.jpg      283.110684      175.823012      538.480156      178.722770      536.870760      386.789886      281.458197      383.971098
frame00013.jpg      283.223352      176.597501      538.207835      179.380558      536.605103      387.037190      281.633952      384.297430
frame00014.jpg      283.307247      177.080242      537.884149      179.941935      536.300546      387.436163      281.655271      384.653888
frame00015.jpg      283.141057      178.023814      537.457099      181.164407      535.520957      388.584952      281.303875      385.348561
frame00016.jpg      282.998678      179.113891      536.904291      182.951212      534.587451      390.124011      280.833711      385.924429
frame00017.jpg      283.009188      179.232025      536.514990      184.464731      533.609256      391.120605      280.266830      385.583878
frame00018.jpg      283.187091      178.593119      536.196136      185.166081      532.586636      390.920184      279.909889      384.071638
frame00019.jpg      283.389524      176.324781      535.833777      183.657334      531.755187      388.777598      279.880355      381.196778
frame00020.jpg      284.063684      174.409510      535.780322      182.055764      531.951007      386.568720      280.789506      378.596924
frame00021.jpg      287.878586      172.115862      538.915380      179.939629      535.255597      383.910197      284.993124      375.482098
frame00022.jpg      292.806192      170.214855      543.019226      177.896990      539.324778      381.229862      289.997610      372.568492
frame00023.jpg      297.447516      168.483429      546.643536      175.704405      542.952525      378.371346      294.709488      369.907769
frame00024.jpg      301.846630      166.713636      550.100863      173.676755      546.333496      375.638601      299.246817      367.214521
frame00025.jpg      306.315789      165.486382      553.562902      172.237977      549.819966      373.644539      303.828360      365.292372
frame00026.jpg      309.067357      167.457306      555.171798      172.999259      551.416225      374.273456      306.528930      367.195529
frame00027.jpg      308.478526      172.193875      553.584354      176.367043      549.740225      376.611688      305.982486      370.905515
frame00028.jpg      306.348725      175.000524      550.160524      178.519536      546.900508      377.441781      304.337499      372.675924
frame00029.jpg      305.526289      177.824210      547.901695      181.631218      544.796344      379.845440      303.391787      375.176139
frame00030.jpg      305.732710      181.702241      546.825092      186.102850      543.887021      382.382640      303.913898      377.617623
frame00031.jpg      306.388503      182.720336      545.997905      187.258718      542.927087      381.792429      304.308936      377.389333
frame00032.jpg      306.313623      184.036060      544.294605      188.861341      541.011837      382.621235      303.773486      378.284776
frame00033.jpg      305.524933      187.833068      541.567967      193.908579      537.826609      386.296772      302.278693      381.305465
frame00034.jpg      304.610968      192.113694      538.739847      198.905137      535.044478      389.011721      301.449479      384.322596
frame00035.jpg      304.412078      195.317082      536.692730      201.353099      533.911467      389.208540      302.065764      386.023054
frame00036.jpg      305.657321      197.009296      536.108636      201.355204      534.400152      387.308608      304.319029      386.315074
frame00037.jpg      307.650907      197.440395      536.308205      199.430321      535.874091      383.686399      307.599657      385.495370
frame00038.jpg      310.155673      197.430893      536.891040      197.552419      537.372513      380.230113      311.046823      384.309852
frame00039.jpg      313.452810      197.545547      538.191458      196.712582      539.226912      377.750970      314.882238      383.050801
frame00040.jpg      316.792667      197.165956      539.495209      195.733535      540.573675      375.048038      318.443386      381.206883
frame00041.jpg      319.174973      195.737288      539.781501      194.025955      541.106252      371.562056      321.010851      378.300227
frame00042.jpg      323.805073      194.353023      542.394897      192.595020      544.230396      368.454302      326.030917      375.553984
frame00043.jpg      329.220546      193.322881      545.703578      191.461802      547.462647      365.786217      331.345960      372.988804
frame00044.jpg      335.235681      192.038481      549.834767      190.157845      551.731721      363.076230      337.545993      370.321471
frame00045.jpg      341.784124      191.066951      554.536972      189.746643      556.005415      361.339066      343.714591      367.899020
frame00046.jpg      346.667988      189.953790      557.525046      189.824456      558.146435      360.075020      347.715898      365.490607
frame00047.jpg      349.276874      189.026917      558.291190      189.660846      558.314912      358.391333      349.688548      363.005991
frame00048.jpg      350.354588      187.842825      557.440740      189.205828      556.950032      356.451735      350.305719      360.362985
frame00049.jpg      352.174829      186.995787      557.396453      189.536011      556.564033      355.394444      351.819726      358.233147
frame00050.jpg      354.040956      189.350408      557.148830      192.197740      555.927089      357.299506      352.891047      359.529964
frame00051.jpg      353.732424      192.928707      554.823405      196.029314      553.314590      359.235303      352.169456      361.304247
frame00052.jpg      352.383545      195.817741      551.524226      199.369113      549.710098      361.038677      350.590065      362.491037
frame00053.jpg      351.088971      198.412552      548.223107      202.989332      546.197392      363.006864      348.866272      363.481911
frame00054.jpg      350.293913      201.083362      545.496691      206.647117      543.085882      365.089370      347.570228      364.518002
frame00055.jpg      349.181374      202.093900      542.612869      208.821290      539.715869      365.448234      345.860962      363.627193
frame00056.jpg      347.475515      201.557311      539.178605      209.385699      535.831375      364.457992      343.633987      361.632220
frame00057.jpg      345.044157      201.205596      535.143405      209.526187      531.506053      363.237375      340.998708      359.943743
frame00058.jpg      342.495750      201.632318      530.921500      209.728722      527.328167      362.131382      338.553155      358.936750
frame00059.jpg      339.897633      202.292032      526.630161      210.069506      523.270508      361.147866      336.128641      358.267473
frame00060.jpg      338.294475      203.084546      523.345438      210.527664      520.354896      360.283816      334.759211      357.559821
frame00061.jpg      336.966618      203.483762      520.499476      210.937418      517.427300      359.517010      333.403529      356.604505
frame00062.jpg      335.224821      203.763164      517.265830      211.696486      513.878683      359.030925      331.333774      355.510369
frame00063.jpg      333.416166      203.975463      513.884251      212.087562      510.483635      358.077398      329.574084      354.301634
frame00064.jpg      332.392328      204.185826      511.254011      212.295480      507.994011      356.986151      328.645571      353.130518
frame00065.jpg      331.332542      204.162665      508.618762      211.679425      505.619587      355.042246      327.867670      351.696239
frame00066.jpg      331.223859      204.238095      506.916981      210.716407      504.509580      352.839046      328.471531      350.365679
frame00067.jpg      331.557517      204.011215      505.705395      209.428726      503.788120      350.242926      329.290837      348.686129
frame00068.jpg      332.291627      203.564393      504.852609      208.855228      502.906146      348.526660      329.816372      346.809526
frame00069.jpg      332.043272      202.520543      503.092657      208.495660      500.775298      346.933615      329.077120      344.398289
frame00070.jpg      330.843830      199.778655      500.540036      205.783465      498.219251      343.773913      327.534103      340.292191
frame00071.jpg      329.374889      194.292238      497.694667      200.144712      495.463901      336.945854      326.290272      333.715469
frame00072.jpg      330.514038      188.047806      497.754615      192.793814      496.325688      329.248189      327.980826      326.543954
frame00073.jpg      334.883223      185.232931      501.256767      188.923949      500.564960      323.399464      333.659163      322.705570
frame00074.jpg      339.578753      184.500584      504.784680      187.407818      504.081156      321.089657      338.712294      321.148933
frame00075.jpg      343.952688      184.473195      508.086782      186.707538      507.643744      319.614451      343.441507      320.159971
frame00076.jpg      347.168040      184.596034      510.145579      186.876246      509.474106      318.993090      346.330120      319.350278
frame00077.jpg      348.851714      183.883366      510.771859      187.314899      509.421275      318.640677      347.312385      317.713329
frame00078.jpg      349.517401      183.523753      510.519495      188.280897      508.528586      319.035544      347.310869      316.790095
frame00079.jpg      350.059559      183.735483      510.279994      189.292663      507.962365      319.168791      347.545997      316.205808
frame00080.jpg      350.358357      183.156241      509.910632      189.491609      507.218347      318.815425      347.354603      315.085182
frame00081.jpg      349.899054      183.152389      508.962172      189.627974      506.233287      318.552999      346.856508      314.770289
frame00082.jpg      349.791112      182.673373      508.337203      189.416929      505.366294      317.929184      346.583608      313.773101
frame00083.jpg      348.679687      181.760446      506.865010      188.783083      503.751059      316.854520      345.058712      312.660441
frame00084.jpg      345.981622      180.409336      503.704288      187.803328      500.547940      315.526180      342.286388      311.115852
frame00085.jpg      345.009856      179.423978      502.467309      186.963309      499.361673      314.602748      341.593182      310.131059
frame00086.jpg      343.914339      178.572149      501.224541      186.213949      497.903995      313.566846      340.190622      309.144599
frame00087.jpg      341.986694      178.303331      499.115871      185.741286      496.026701      313.287510      338.465808      309.265519
frame00088.jpg      339.613173      180.181554      496.668599      187.814536      493.388728      315.362670      335.720075      311.412296
frame00089.jpg      336.944127      182.802796      493.796842      190.216394      490.860635      317.879303      333.449894      314.316933
frame00090.jpg      335.573119      185.092197      492.366429      192.046015      489.748444      319.348754      332.408813      316.582920
frame00091.jpg      334.369621      186.482800      491.141649      192.601156      489.119822      319.957912      331.665989      318.279628
frame00092.jpg      334.523578      189.553889      491.400775      194.020982      489.950459      322.178184      332.359373      322.295727
frame00093.jpg      334.057100      196.509356      490.868033      199.575899      490.447840      327.889430      332.581184      329.730167
frame00094.jpg      335.715008      199.402734      492.772841      201.290269      493.455099      328.896400      335.555306      332.563270
frame00095.jpg      341.789019      201.259705      499.013083      200.795688      501.016865      328.547569      342.999285      334.638364
frame00096.jpg      348.981129      202.247198      506.179830      199.372210      509.334844      327.401056      351.182940      336.093058
frame00097.jpg      354.815043      205.800633      511.742572      200.652587      515.764742      329.588532      357.910623      340.555881
frame00098.jpg      358.036522      210.304036      514.839959      204.408914      519.017111      333.084685      361.519754      344.976173
frame00099.jpg      359.954604      211.375934      516.735311      205.844542      520.559865      334.063310      363.395928      345.736764
frame00100.jpg      361.812911      209.589305      518.365678      203.659049      522.294778      331.896995      365.271751      343.965195
frame00101.jpg      362.712151      206.997232      519.031481      200.490785      523.136440      328.593136      366.515400      341.729091
frame00102.jpg      362.826378      206.553325      518.674224      199.283017      523.159167      327.274947      366.913743      341.423767
frame00103.jpg      363.100625      200.541298      518.397626      193.718332      523.103623      323.368852      366.528016      335.643422
frame00104.jpg      361.265677      191.199049      516.474865      184.267627      521.902536      316.241126      364.321319      326.507977
frame00105.jpg      359.592526      185.225325      514.294104      179.336943      518.075481      306.822078      363.179539      320.114468
frame00106.jpg      362.003110      179.207488      516.386990      176.441402      519.118312      303.944511      364.291356      314.271044
frame00107.jpg      365.308172      172.672778      519.259737      171.910066      520.869044      299.668794      366.601294      307.849419
frame00108.jpg      367.272956      167.153247      520.971929      166.866353      522.412043      294.613228      368.419603      302.353910
frame00109.jpg      369.527397      163.063248      522.925739      163.084972      524.176589      290.260924      370.829024      298.371046
frame00110.jpg      370.873375      160.959804      523.834744      160.357479      525.171255      287.495085      372.277391      296.217787
frame00111.jpg      369.460183      159.708516      522.191416      158.426384      523.600712      285.762262      370.929132      295.638755
frame00112.jpg      367.908467      168.121582      520.674813      165.251660      521.189755      294.979884      368.265668      305.002257
frame00113.jpg      363.532124      175.318069      516.394737      173.340915      515.912512      302.965604      363.338892      311.837010
frame00114.jpg      360.574817      183.806619      511.707425      183.069374      512.850739      310.757447      361.534436      320.129353
frame00115.jpg      362.055883      188.321973      512.771888      186.395572      515.474426      312.141457      364.463593      323.852810
frame00116.jpg      368.533392      189.623114      518.853577      186.093588      522.462169      311.709273      372.070956      324.856084
frame00117.jpg      374.630980      190.941775      524.583537      186.658399      528.228148      312.454069      378.262699      326.081697
frame00118.jpg      378.689122      193.050549      528.103186      188.598230      531.478960      314.665602      381.846618      328.469818
frame00119.jpg      380.908594      198.219476      529.982233      193.989723      532.821188      320.739665      383.412507      333.826288
frame00120.jpg      380.842390      203.873569      529.656566      199.557143      532.057060      326.457631      382.794014      339.663938
frame00121.jpg      379.924455      210.900206      528.303345      207.135120      530.600405      334.145165      381.641881      346.695376
frame00122.jpg      379.292719      216.273376      527.361865      212.911710      529.935278      338.674925      381.482488      351.448108
frame00123.jpg      379.776534      218.684105      527.707264      215.074211      530.769313      339.916609      382.585971      353.407738
frame00124.jpg      382.066546      219.194357      529.810302      213.878270      533.854953      338.647967      385.992752      354.033485
frame00125.jpg      385.835292      219.311705      533.638257      212.173654      538.468350      336.969599      390.735988      354.017104
frame00126.jpg      388.535856      218.531073      536.201164      210.085281      541.462529      334.939094      393.900600      353.026057
frame00127.jpg      390.483481      216.643017      538.159806      208.418088      543.287430      333.390872      395.681726      351.398786
frame00128.jpg      390.895087      215.438930      538.654540      207.112262      543.520971      332.199706      395.482689      350.266357
frame00129.jpg      386.250030      213.977132      534.068719      204.759157      539.251700      329.766613      391.286951      349.095840
frame00130.jpg      383.858879      213.306584      531.481183      203.064003      537.353143      328.025492      389.758182      348.386011
frame00131.jpg      382.964387      212.657371      530.610022      201.157567      536.980119      326.203051      389.525457      347.745138
frame00132.jpg      382.118202      211.862875      529.853886      199.634975      536.562601      324.683964      389.193686      346.944313
frame00133.jpg      382.253563      210.571584      529.957523      198.726572      536.558327      323.886524      389.107073      345.617601
frame00134.jpg      382.448015      207.320210      530.238222      196.170494      536.489713      321.497063      388.897917      342.406266
frame00135.jpg      382.623490      202.988961      530.524068      192.460777      536.497650      318.279207      388.662416      338.182957
frame00136.jpg      381.767794      198.935322      529.990818      188.380324      535.866162      314.159593      387.639407      334.404890
frame00137.jpg      377.502745      195.851705      526.006999      185.375356      531.802897      311.178283      382.789143      331.516014
frame00138.jpg      372.086543      192.811854      520.712413      182.612961      526.471894      308.543583      377.375141      328.778255
frame00139.jpg      367.848542      189.595860      516.619251      179.833900      522.256805      305.730863      373.426134      325.746427
frame00140.jpg      365.954630      185.954644      514.908014      177.176727      520.104875      303.244871      371.416397      322.310098
frame00141.jpg      366.031593      181.494093      515.136148      173.408085      520.145575      300.028440      371.302925      318.150354
frame00142.jpg      367.000314      177.118194      516.248422      169.008047      521.483481      295.725703      372.427946      313.978629
frame00143.jpg      371.752592      171.750927      521.169084      163.014454      527.327143      290.552857      376.944986      308.642460
frame00144.jpg      383.973186      163.349370      529.647079      161.342921      535.813006      288.800358      386.796654      301.175126
frame00145.jpg      394.553764      154.014476      539.065865      160.831651      540.396482      283.974552      396.966532      292.859049
frame00146.jpg      402.296354      146.988263      548.377635      158.859163      545.687210      279.585794      406.161875      287.045588
frame00147.jpg      408.288670      144.727036      555.597600      153.909505      553.376221      275.808015      413.510075      285.481949
frame00148.jpg      411.803793      144.436295      558.937924      146.578043      560.739486      267.108501      418.360549      284.605281
frame00149.jpg      417.341067      141.909296      564.265658      138.865510      568.159317      261.687030      424.112312      281.981316
frame00150.jpg      422.606284      135.864770      571.974874      129.814768      576.703835      256.261966      429.126937      275.214040
frame00151.jpg      425.236711      132.656277      576.591502      125.000038      581.026941      254.198629      430.527694      271.585281
frame00152.jpg      423.877206      131.036007      575.556386      125.114989      578.956800      254.767310      427.826002      270.566988
frame00153.jpg      420.505167      131.022094      572.272743      126.588227      574.899799      256.627674      423.427098      271.096491
frame00154.jpg      417.539554      133.308107      569.196952      130.347700      571.081141      260.533468      420.112851      273.690995
frame00155.jpg      415.939569      134.602950      567.641281      132.105554      569.634104      261.993147      418.687673      274.867929
frame00156.jpg      415.553079      135.069626      567.349607      132.364853      569.563318      262.093270      418.465531      275.328522
frame00157.jpg      415.251158      135.088418      567.152171      131.948017      569.557995      262.111648      418.432954      275.648698
frame00158.jpg      415.475508      137.112756      567.474340      134.060679      569.637296      264.802386      418.335718      278.111087
frame00159.jpg      415.473314      139.977926      567.573976      137.326511      569.608177      268.129721      418.093210      281.121976
frame00160.jpg      415.304770      142.175815      567.674651      140.238525      569.212621      271.149632      417.596406      283.414499
frame00161.jpg      414.823964      144.292882      567.318813      143.569427      568.189582      274.602209      416.191677      285.644964
frame00162.jpg      412.468556      146.545991      565.443805      147.166140      565.250903      278.642633      412.312684      288.129186
frame00163.jpg      407.804620      149.166426      560.949223      151.526285      559.705060      283.107277      406.677306      291.047796
frame00164.jpg      403.038672      152.214120      556.249226      155.322627      554.913720      286.215189      401.986673      294.158703
frame00165.jpg      398.911503      155.389517      552.098418      157.158860      551.848312      288.075194      399.073249      297.482510
frame00166.jpg      399.193067      158.426036      552.382307      159.400658      553.374031      290.670455      400.246808      300.835944
frame00167.jpg      404.080216      161.254510      558.016918      161.848320      559.342062      293.140948      405.626376      303.784836
frame00168.jpg      407.941156      163.586926      562.528299      162.962458      564.342529      294.635066      410.013275      306.145965
frame00169.jpg      410.636158      164.899990      565.913428      163.089112      568.071096      294.925373      413.268179      307.350770
frame00170.jpg      412.218201      162.068812      568.333270      159.038217      570.893065      291.791851      414.934075      304.508802
frame00171.jpg      413.069597      156.874295      570.272808      153.694028      572.784105      287.076521      415.937282      299.715649
frame00172.jpg      412.522951      153.775239      570.923650      150.956741      573.196469      284.754946      415.234247      297.653067
frame00173.jpg      409.908957      152.935873      569.550641      148.599169      572.430167      283.078491      413.139544      297.408188
frame00174.jpg      407.642213      150.987528      568.575105      144.725495      572.488937      280.198543      411.899663      295.928879
frame00175.jpg      407.287639      148.003480      569.816136      141.715480      573.932037      278.111969      411.921391      294.013458
frame00176.jpg      406.550644      147.053655      570.859999      141.702452      574.197960      279.096307      410.497823      294.071106
frame00177.jpg      403.554785      145.469716      569.521226      140.454203      572.635910      278.777930      407.004136      293.365484
frame00178.jpg      399.102645      146.152833      566.742284      141.215123      569.606218      280.837743      402.078154      295.326288
frame00179.jpg      394.194257      148.529413      563.370965      142.582202      566.621328      283.182251      397.909177      298.430171
frame00180.jpg      391.202207      151.794777      561.843974      144.353225      565.890368      285.879612      395.813034      302.327274
frame00181.jpg      388.654048      155.713835      560.792003      146.703115      565.357306      289.354941      393.619497      307.000180
frame00182.jpg      384.829378      159.268291      558.733689      150.653045      562.615593      294.444507      388.558050      311.023037
frame00183.jpg      377.736740      162.123180      553.571032      155.758111      555.822155      300.505277      379.096480      314.213513
frame00184.jpg      367.742613      164.979503      547.500954      154.589919      547.692368      305.012624      368.443262      316.711104
frame00185.jpg      357.408157      167.144741      538.028086      157.478001      538.319187      308.626356      358.301698      319.165759
frame00186.jpg      349.497367      167.861974      528.328058      167.029761      528.335712      312.876711      349.241758      321.323586
frame00187.jpg      342.935188      169.515167      522.520913      169.804554      522.435694      315.824956      342.451787      323.333018
frame00188.jpg      336.929434      169.064645      517.408144      169.405124      517.644181      315.587711      336.652830      322.592483
frame00189.jpg      330.853606      166.740370      512.373616      165.148390      513.310672      311.832658      331.814624      320.844841
frame00190.jpg      325.350489      164.858453      507.882603      161.651964      509.791455      309.242337      327.002775      319.040176
frame00191.jpg      320.029298      160.618399      503.402711      156.634042      505.289573      304.298237      322.176538      315.130089
frame00192.jpg      314.784063      158.782655      498.887469      153.630696      501.336706      301.836671      317.296362      313.618991
frame00193.jpg      309.000238      156.651168      493.918049      150.485560      496.820443      299.052756      312.259868      311.866254
frame00194.jpg      304.118116      154.786413      489.560761      147.895697      492.826253      296.896366      307.580416      310.209996
frame00195.jpg      299.336302      152.317721      485.501476      143.955593      489.393880      293.610676      303.462760      307.981518
frame00196.jpg      294.559550      151.333837      481.706048      141.290404      486.251872      291.576860      299.832486      307.773875
frame00197.jpg      290.037854      151.405766      478.111033      140.753574      482.742539      291.568513      294.864121      308.481668
frame00198.jpg      283.659251      153.205232      472.610530      141.419145      477.692010      293.527314      288.913520      311.545138
frame00199.jpg      279.138830      156.093096      469.005857      143.967591      474.455241      296.888107      285.163238      314.724971
frame00200.jpg      276.666091      156.935391      467.755249      144.631540      473.476989      298.047861      283.387796      316.017496
frame00201.jpg      275.092590      159.491569      467.255055      145.349922      473.857564      299.931929      282.676548      319.585705
frame00202.jpg      274.076638      161.373145      467.403683      146.329117      474.425080      301.954345      282.042829      322.431198
frame00203.jpg      273.515204      164.218753      468.049894      148.720579      475.372371      305.127928      281.788145      326.029072
frame00204.jpg      272.860862      164.633759      468.733805      148.314685      476.552488      305.455558      281.676635      327.191447
frame00205.jpg      272.954225      164.795193      470.191540      148.788109      477.866130      307.510870      281.517054      328.705748
frame00206.jpg      273.005094      164.926999      471.732182      150.263616      478.907802      310.070814      280.967850      330.084617
frame00207.jpg      272.625988      165.534155      472.956253      150.055226      480.414806      310.957070      281.042062      331.784464
frame00208.jpg      272.619305      165.824789      474.525020      150.386692      482.048629      312.814463      280.982899      333.509849
frame00209.jpg      272.260950      166.597998      476.013500      150.688230      483.638252      314.234144      280.933166      335.540458
frame00210.jpg      271.630641      167.433729      477.166925      150.170494      485.311256      315.313291      280.882467      337.902978
frame00211.jpg      269.628102      169.092491      477.217354      150.664931      485.338193      317.209273      279.249454      341.040552
frame00212.jpg      263.121722      171.865884      473.390662      151.350639      481.474759      320.479677      272.745260      346.811933
frame00213.jpg      257.988433      182.529655      468.898634      162.336285      477.495689      333.889214      267.543167      359.406176
frame00214.jpg      254.859242      188.674575      467.249517      168.632784      476.458271      340.186128      265.134174      366.009267
frame00215.jpg      253.874582      192.701876      467.676582      172.572690      477.266020      344.356606      264.503002      370.234510
frame00216.jpg      253.752304      193.598002      469.079427      173.507968      478.676806      346.154446      264.619570      372.004586
frame00217.jpg      253.829008      193.018547      470.668121      173.788834      479.752459      347.547715      264.248476      372.460131
frame00218.jpg      253.650230      192.730678      471.930993      173.997254      480.614225      348.913843      263.525591      373.414567
frame00219.jpg      250.440425      194.582951      470.298054      175.794473      478.680903      352.182093      259.792063      377.202347
frame00220.jpg      246.282568      198.615523      467.108568      179.917705      475.545514      358.774001      254.399254      383.776395
frame00221.jpg      241.642364      203.990506      463.920544      185.917238      472.257616      364.559914      249.610936      389.847657
frame00222.jpg      237.728621      209.910154      460.928028      190.735561      469.998528      370.899112      246.270030      397.044160
frame00223.jpg      235.275803      213.779382      459.693347      194.777618      468.980942      374.922439      244.329347      400.868088
frame00224.jpg      233.812892      217.365147      459.191474      197.145333      469.052978      377.985642      243.511729      405.176031
frame00225.jpg      232.968639      221.658520      458.963731      200.164215      469.623729      381.668897      243.100894      410.206200
frame00226.jpg      231.991801      224.239483      458.787478      201.878459      469.669700      383.472032      242.918699      412.593194
frame00227.jpg      230.835142      224.413554      458.380661      202.003610      469.329275      383.698094      242.075047      412.926979
frame00228.jpg      230.198307      222.739290      458.171447      201.044125      468.920375      383.298104      240.593319      411.735277
frame00229.jpg      229.902439      219.535812      458.248129      199.238913      468.664295      381.857934      239.022101      409.013483
frame00230.jpg      227.881773      215.117999      457.132049      194.886584      467.081347      377.865620      236.296235      405.574981
frame00231.jpg      222.053018      212.984734      451.791524      192.494311      461.646075      375.919634      229.479748      404.609837
frame00232.jpg      216.644026      211.306511      447.456465      190.779530      457.594047      374.803196      225.856659      403.041427
frame00233.jpg      213.976511      210.059002      445.219998      189.169471      455.824770      373.475406      223.372948      402.090804
frame00234.jpg      211.179725      207.136917      442.918633      185.664321      453.607208      370.243186      220.775889      399.687246
frame00235.jpg      207.635414      206.774766      440.095219      184.535262      451.081558      369.492496      217.506025      399.833602
frame00236.jpg      202.503350      207.339525      435.232017      183.649126      446.829426      368.820744      212.809329      400.906345
frame00237.jpg      198.634789      206.571672      431.696725      182.903812      443.425757      368.294221      208.791687      400.098145
frame00238.jpg      195.679801      203.312623      429.291202      180.730869      440.525500      366.333013      205.601129      396.732019
frame00239.jpg      193.336415      199.699990      427.351426      178.326099      438.243570      364.250478      202.337482      393.237691
frame00240.jpg      190.886663      194.780788      425.731270      174.395738      436.043130      360.939899      199.862135      388.917411
frame00241.jpg      191.942781      191.952058      427.029956      173.115316      438.172470      360.416290      201.240704      387.184095
frame00242.jpg      196.113491      191.072853      431.525872      173.453797      441.651899      361.842237      204.617945      386.648814
frame00243.jpg      201.272765      192.376139      435.774076      175.624011      446.664171      364.188861      207.066467      389.422361
frame00244.jpg      211.172431      195.969789      435.796467      181.199237      451.643184      363.466027      209.193784      399.778171
frame00245.jpg      221.814052      194.347213      435.964454      190.115351      454.388654      358.540650      214.385180      406.629447
frame00246.jpg      226.939319      189.542954      439.118534      192.168380      457.139906      353.366873      219.327217      404.557141
frame00247.jpg      227.672111      186.408129      440.228550      192.742379      456.182342      352.688421      220.027833      405.522072
frame00248.jpg      228.995481      185.534714      440.699137      193.005798      456.144612      352.865106      219.573128      406.110964
frame00249.jpg      233.495801      183.228324      441.500161      195.536799      455.974176      351.158007      220.034799      409.937132
frame00250.jpg      239.081767      181.005467      443.570773      199.627695      455.398852      347.954280      223.422640      416.110070
frame00251.jpg      244.237399      176.891597      446.090973      203.547854      453.305412      344.605164      226.197963      422.677378
frame00252.jpg      248.850763      170.826659      447.864542      204.877902      453.776537      342.080424      224.130804      428.966324
frame00253.jpg      251.966710      165.041746      449.037772      204.141557      454.946374      341.051634      221.109812      433.510193
frame00254.jpg      253.948113      161.935499      449.510256      202.761578      455.948823      341.044404      220.480495      436.194903
frame00255.jpg      256.145721      157.562035      449.802405      200.590231      457.126433      340.805227      218.360883      443.914600
frame00256.jpg      256.066924      152.944437      450.635244      200.968313      457.071078      339.901986      216.860738      449.517404
frame00257.jpg      256.276396      146.508665      452.337667      203.140891      458.105901      337.639259      216.014641      456.785858
frame00258.jpg      259.289861      145.561821      453.249185      203.876121      459.686401      336.277707      213.838913      465.579207
frame00259.jpg      260.323237      145.508997      454.059603      203.885771      461.674659      335.285926      213.383278      469.248787
frame00260.jpg      260.184890      145.398460      454.100939      203.774937      461.760663      335.306219      213.320295      469.308510
frame00261.jpg      259.619380      145.242315      454.113868      203.443128      461.927134      335.420085      212.312068      469.796082
frame00262.jpg      259.692169      145.639855      454.118929      203.340340      462.054395      335.445928      212.291088      469.652632
frame00263.jpg      260.688586      147.801202      454.725704      202.985203      464.247315      335.174540      214.915061      469.638077
frame00264.jpg      262.789902      147.943208      455.204149      202.762186      465.596533      335.258130      216.739832      470.531239
frame00265.jpg      264.320391      147.948970      455.874733      202.507028      466.796991      335.253902      217.542432      472.529534
frame00266.jpg      265.472973      148.803817      456.764875      202.095460      468.006946      335.178720      219.026807      473.192735
frame00267.jpg      265.924382      149.372708      456.861402      202.031223      468.187024      335.191359      219.198666      473.254972
frame00268.jpg      265.958405      149.408103      456.869884      202.028802      468.208087      335.197687      219.236292      473.222938
frame00269.jpg      266.274918      149.565401      456.946365      201.955840      468.384031      335.211102      219.399339      472.961222
frame00270.jpg      266.335111      149.614734      456.957235      201.952723      468.403609      335.217736      219.425503      472.928962
frame00271.jpg      266.346006      149.622273      456.959178      201.952958      468.405740      335.218386      219.429479      472.922125
frame00272.jpg      266.359849      149.630010      456.961449      201.953497      468.407525      335.219236      219.432649      472.914474
frame00273.jpg      267.000879      150.001591      457.073531      202.015576      468.477494      335.227154      219.027394      473.033207
frame00274.jpg      271.595677      153.838416      457.574139      202.795323      469.222624      335.011686      213.648894      475.794131
frame00275.jpg      283.703378      168.016817      459.292180      205.053169      472.797762      334.066707      204.184179      470.307273
frame00276.jpg      284.012116      168.193464      459.400430      205.185643      472.879331      333.913188      203.788011      469.708178
frame00277.jpg      284.042320      168.198627      459.408426      205.189981      472.872580      333.904536      203.792423      469.643818
frame00278.jpg      294.968091      173.666640      457.884152      208.568536      471.158856      334.229950      177.414690      462.076754
frame00279.jpg      295.158182      177.644827      456.933073      209.273578      471.084344      334.246114      171.006106      453.272953
frame00280.jpg      293.802169      179.591351      456.435677      209.333995      471.547533      334.073080      169.140048      447.545500
frame00281.jpg      295.367081      187.393793      456.477362      210.779922      475.867255      334.073219      158.854963      434.240609
frame00282.jpg      293.571339      194.002817      456.278364      210.645906      478.623628      333.728875      157.776101      420.731499
frame00283.jpg      288.867580      204.177158      454.880708      213.363766      478.088062      328.950298      169.730112      391.552456
frame00284.jpg      283.585166      209.705754      452.325257      214.236220      488.495406      330.966916      169.239825      380.215747
frame00285.jpg      276.228595      214.451827      450.265803      214.051228      493.856086      331.150808      174.689966      369.319746
frame00286.jpg      272.567236      216.070412      447.516857      213.771873      497.829242      331.499834      176.125908      366.491199
frame00287.jpg      268.067986      217.168592      445.511156      213.743230      501.894275      331.035103      174.224488      364.063774
frame00288.jpg      263.620504      217.986332      443.893158      213.526449      505.726150      331.831405      172.392631      361.645087
frame00289.jpg      259.792812      218.978423      443.142894      212.319566      511.855780      333.656891      170.418596      358.940589
frame00290.jpg      257.032473      219.624026      441.906657      211.710843      515.182383      334.784035      169.490650      357.248007
frame00291.jpg      254.552222      220.538611      441.649793      211.178118      520.722361      336.212681      167.948188      355.810389
frame00292.jpg      253.152528      221.556188      440.054004      210.910208      525.067625      336.855702      165.289355      356.502702
frame00293.jpg      252.759331      222.041651      439.558934      210.764822      526.835677      337.401290      163.442281      357.063640
frame00294.jpg      251.824603      222.889061      439.421363      210.426417      529.776821      337.580978      158.689638      360.513219
frame00295.jpg      253.421479      223.233939      439.843028      209.668167      536.463052      337.752705      146.185407      373.798995
frame00296.jpg      258.827844      221.613394      442.409552      208.812559      536.110315      337.035169      141.603076      380.965093
frame00297.jpg      262.505246      215.863138      446.834318      204.099226      533.520886      341.652368      148.659395      389.054762
frame00298.jpg      249.713605      187.927080      456.291705      183.774962      514.933092      347.854058      194.335805      390.849944
frame00299.jpg      251.682172      186.240486      468.768201      173.208622      494.354856      349.662954      234.112089      382.939666
frame00300.jpg      257.071405      186.234203      473.769783      175.418621      487.526105      349.246740      244.101925      383.321227
frame00301.jpg      263.798077      184.569577      475.176259      184.788319      490.024715      348.963731      250.351515      386.650912
frame00302.jpg      270.807936      181.981020      475.578761      193.813668      487.300607      347.600587      254.626962      394.355357
frame00303.jpg      276.051854      179.553130      478.386878      198.361359      486.245158      345.967983      261.952820      397.540074
frame00304.jpg      280.765516      177.024989      481.708749      202.361413      485.154645      345.075555      268.183587      399.290444
frame00305.jpg      285.434499      174.361522      485.481154      207.165700      483.924611      343.699266      276.061778      399.817760
frame00306.jpg      289.233433      170.423137      490.562582      213.233859      484.939765      344.425562      285.326889      396.201051
frame00307.jpg      293.944567      168.094414      500.614207      216.138451      488.019161      347.908270      296.136905      388.563025
frame00308.jpg      299.321533      165.573750      510.132151      217.670129      492.174301      352.279977      305.133502      383.023112
frame00309.jpg      304.303152      165.088269      517.997469      219.787844      498.071331      355.097250      311.950069      378.457795
frame00310.jpg      309.287343      161.411648      524.039390      220.755147      501.767565      355.559564      318.558844      375.295763
frame00311.jpg      313.930000      158.993015      529.007381      220.325714      505.489925      356.512269      322.537270      372.374684
frame00312.jpg      315.548462      157.671583      531.674077      220.531232      507.113030      356.514304      322.882424      371.746225
frame00313.jpg      316.831132      158.718472      532.327115      220.410957      507.816190      356.723693      322.764192      371.786879
frame00314.jpg      317.495031      160.844553      531.221902      220.877166      509.997173      357.306364      321.884568      373.839510
frame00315.jpg      317.548791      160.965379      530.934975      221.331152      510.406628      357.425335      320.741932      374.712370
frame00316.jpg      317.183173      161.600677      530.846640      221.407893      510.774023      357.505463      319.449333      375.367915
frame00317.jpg      316.142755      164.057223      530.604928      220.882711      511.421236      357.985046      318.447592      375.457001
frame00318.jpg      316.354145      170.518860      528.886154      218.829441      512.887219      360.777455      311.476294      377.468094
frame00319.jpg      313.409697      176.165426      527.544416      217.892345      515.475525      362.795777      304.872923      377.081243
frame00320.jpg      309.830020      181.470671      525.635218      216.085637      518.822302      364.907614      298.344932      375.801279
frame00321.jpg      305.126243      183.208917      524.263062      213.567953      520.577650      366.832173      293.690533      375.601103
frame00322.jpg      300.572178      184.294262      523.703247      208.518994      523.216539      370.760423      288.642996      375.523144
frame00323.jpg      296.467654      183.224815      525.218394      199.030455      526.195375      378.692012      282.466666      374.957691
frame00324.jpg      289.273207      179.040716      526.764385      191.319477      519.460009      385.407012      280.051824      371.316886
frame00325.jpg      283.634366      177.277703      521.375713      189.597851      514.719367      383.757470      276.197116      370.033183
frame00326.jpg      280.653178      175.197439      518.517890      186.741242      512.448592      380.871680      274.074759      367.832032
frame00327.jpg      278.289045      172.585464      516.173293      182.327726      510.725740      376.294349      272.219007      364.981628
frame00328.jpg      274.096342      169.216044      512.171674      177.185234      507.306984      371.460120      268.812602      362.201680
frame00329.jpg      269.563573      167.722714      507.553071      174.402286      503.398699      368.555890      264.665039      360.503578
frame00330.jpg      264.888039      164.673570      502.909430      170.655484      498.933609      364.646848      260.213581      357.287520
frame00331.jpg      259.726523      161.643303      497.712659      166.854844      493.824640      360.883079      254.596575      354.140703
frame00332.jpg      251.987140      158.428567      490.116584      163.326620      485.964164      357.452739      246.089117      351.175625
frame00333.jpg      243.429422      156.488680      481.891835      160.656962      478.404065      354.853968      238.461583      349.780742
frame00334.jpg      236.371991      153.640872      475.040997      156.817537      472.241186      350.775285      231.830133      346.724534
frame00335.jpg      228.887634      150.944107      467.873832      153.730899      465.487874      348.149444      224.059257      345.116156
frame00336.jpg      220.445213      148.597974      459.935828      150.489417      458.330932      344.969949      216.479762      343.155321
frame00337.jpg      213.149038      145.145771      453.633430      147.349963      451.835319      342.624852      209.765022      340.548539
frame00338.jpg      207.352531      142.283517      448.903673      144.216018      447.518996      340.140463      205.481052      338.642113
frame00339.jpg      204.884166      138.806218      447.344003      139.966275      446.811141      336.372267      204.120304      335.710236
frame00340.jpg      202.052298      137.080344      445.462793      136.372420      445.260391      333.648277      201.381272      335.258416
frame00341.jpg      197.218041      137.527480      441.726244      134.783251      442.274377      333.052821      197.654923      336.422042
frame00342.jpg      193.761382      135.194685      439.031858      133.435141      439.353942      332.227336      194.058449      334.512496
frame00343.jpg      191.744205      133.025770      438.028425      132.405105      438.267160      331.762794      192.297414      333.447207
frame00344.jpg      191.720693      132.055191      438.748121      131.475526      439.520308      331.482772      192.922281      333.069533
frame00345.jpg      195.014704      130.514822      442.532507      131.022728      443.310298      331.688164      196.057844      332.041126
frame00346.jpg      199.285825      130.264840      447.414066      130.846820      448.247187      332.422777      200.589882      332.957980
frame00347.jpg      203.847957      132.410257      452.728165      133.416364      453.225265      335.986417      205.278080      336.148961
frame00348.jpg      208.895709      134.754507      458.148063      136.140204      458.717571      338.743863      210.123049      338.362493
frame00349.jpg      216.494746      135.375237      466.050324      137.337024      467.247980      339.922652      217.450745      338.911554
frame00350.jpg      228.122034      136.385106      477.592661      138.311103      479.627706      341.366728      228.714144      339.611409
frame00351.jpg      240.081139      137.042116      489.046950      139.964367      490.387861      342.832856      239.688942      339.751559
frame00352.jpg      250.542990      137.875722      499.240003      141.348846      499.897839      344.168463      249.080674      339.742221
frame00353.jpg      260.827998      140.927664      508.352257      143.453231      510.506532      345.363849      257.750368      341.974137
frame00354.jpg      273.075087      144.693201      519.675912      144.778103      523.399636      346.145271      269.819695      344.433464
frame00355.jpg      284.392490      148.537353      530.383906      145.120668      534.367660      347.055501      282.725160      347.740844
frame00356.jpg      294.952666      152.964694      539.987140      146.984384      544.375253      350.352648      294.360767      352.126382
frame00357.jpg      302.426161      160.181204      547.187450      153.381255      550.016355      356.270627      303.243191      358.664164
frame00358.jpg      305.827829      170.595469      549.499668      162.006206      552.236906      364.583757      307.001886      368.932855
frame00359.jpg      307.166376      182.878263      549.976017      173.843619      552.380282      376.152842      308.383192      380.338770
frame00360.jpg      306.819088      192.909413      548.695034      183.251183      551.548782      383.548825      308.743289      389.075732
frame00361.jpg      307.057172      200.434983      547.965811      188.957623      552.385041      388.165128      310.452811      395.495124
frame00362.jpg      309.108415      204.473415      549.492092      191.723431      554.719539      390.087321      313.363149      398.865467
frame00363.jpg      311.506880      208.528414      551.366777      194.662386      557.153066      392.644635      316.317703      402.464065
frame00364.jpg      313.899664      210.234244      553.514445      195.986860      559.492559      393.548831      319.002391      403.703927
frame00365.jpg      315.783944      211.853043      555.044568      198.233032      560.547191      395.901815      320.380872      405.402570
frame00366.jpg      316.657643      214.828542      555.488080      201.632458      560.659110      398.957766      320.725927      408.217619
frame00367.jpg      316.850795      216.508393      555.348768      204.160520      560.632377      400.590983      320.814828      409.366402
frame00368.jpg      318.283093      215.645523      555.812220      204.531435      561.910721      399.948947      319.741767      409.467966
frame00369.jpg      320.494558      214.912340      556.986459      204.036228      563.928107      399.229435      318.424008      410.610110
frame00370.jpg      322.680527      214.498446      558.380730      205.273035      565.769700      399.533880      319.900600      411.038211
frame00371.jpg      325.577451      215.396724      560.521841      207.450940      569.055086      400.957481      322.620152      413.413863
frame00372.jpg      330.038389      217.303947      561.731972      211.952634      572.380131      399.379931      327.125486      415.811030
frame00373.jpg      335.790340      217.942048      565.596648      211.585137      576.401665      398.460352      339.530250      414.506318
frame00374.jpg      343.392434      216.943041      569.950448      213.913644      578.826638      397.239480      347.819728      413.237852
frame00375.jpg      351.643831      214.273879      575.166566      218.933828      584.127614      396.584517      351.910025      411.653601
frame00376.jpg      359.283123      209.503920      575.812769      223.300305      584.833946      395.034323      350.652257      414.405043
frame00377.jpg      365.640043      204.249951      573.399543      228.517231      586.731858      392.685583      344.238799      423.565311
frame00378.jpg      372.731948      202.311077      577.855648      224.135024      587.705478      391.059675      368.926726      413.098055
frame00379.jpg      379.435867      196.871056      581.888470      226.275068      589.358390      390.143427      369.504191      405.051219
frame00380.jpg      383.888472      191.507783      586.020565      227.053192      590.281203      389.310611      374.693003      393.747648
frame00381.jpg      382.841410      187.709317      588.268950      226.561490      590.667053      388.915728      376.510436      388.028214
frame00382.jpg      382.826204      187.702805      588.271778      226.562735      590.667188      388.910897      376.504128      388.020416
frame00383.jpg      382.622108      187.376264      588.368740      226.595208      590.711271      388.942594      376.012964      387.916004
frame00384.jpg      382.616691      187.346984      588.376345      226.595796      590.711208      388.952732      375.976738      387.907088
frame00385.jpg      382.582101      187.029458      588.430570      226.586771      590.739786      389.055378      375.565586      387.822905
frame00386.jpg      382.558702      186.975169      588.445041      226.582415      590.742916      389.067856      375.498671      387.802608
frame00387.jpg      382.347726      186.615135      588.509652      226.547512      590.792240      389.162994      375.032744      387.678447
frame00388.jpg      382.339182      186.588550      588.514180      226.536282      590.800732      389.182998      374.954239      387.669357
frame00389.jpg      382.363937      186.601422      588.516449      226.527735      590.808220      389.201030      374.887974      387.656983
frame00390.jpg      382.401447      186.627589      588.516608      226.523240      590.817331      389.220135      374.821647      387.646151
frame00391.jpg      382.448623      186.658707      588.515592      226.520829      590.828567      389.242074      374.757287      387.642831
frame00392.jpg      382.493037      186.686023      588.515973      226.522388      590.839903      389.260803      374.690179      387.637083
frame00393.jpg      382.527373      186.705989      588.519027      226.526093      590.851512      389.279511      374.614901      387.635392
frame00394.jpg      382.575700      186.737729      588.519771      226.524312      590.862189      389.301300      374.546465      387.628415
frame00395.jpg      382.624957      186.766096      588.521034      226.518710      590.871835      389.324653      374.478251      387.621190
frame00396.jpg      382.667933      186.789859      588.521358      226.517364      590.881677      389.347787      374.409336      387.610014
frame00397.jpg      382.713382      186.817707      588.522241      226.509388      590.891815      389.370225      374.342169      387.606375
frame00398.jpg      382.742068      186.836159      588.525923      226.500869      590.901710      389.390136      374.278217      387.597854
frame00399.jpg      382.755687      186.840986      588.530221      226.493262      590.913044      389.411539      374.207729      387.587366
frame00400.jpg      382.742981      186.802278      588.544499      226.494453      590.917243      389.425061      374.123013      387.584095
frame00401.jpg      382.786564      186.795358      588.557493      226.503350      590.924743      389.445566      374.043744      387.585212
frame00402.jpg      382.822177      186.817775      588.569334      226.507941      590.931496      389.458404      373.983685      387.581673
frame00403.jpg      382.846385      186.847214      588.583016      226.511952      590.937272      389.467192      373.929059      387.574081
frame00404.jpg      382.873903      186.875988      588.594946      226.514688      590.942548      389.477699      373.874649      387.568113
frame00405.jpg      382.903076      186.902516      588.606714      226.517418      590.946275      389.488005      373.817962      387.564138
frame00406.jpg      382.938434      186.923872      588.618984      226.520760      590.950004      389.500848      373.758358      387.560768
frame00407.jpg      382.972583      186.946208      588.629865      226.524099      590.954527      389.513155      373.700849      387.559417
frame00408.jpg      382.994736      186.957304      588.644174      226.526135      590.957394      389.526123      373.636458      387.557108
frame00409.jpg      382.978571      186.941149      588.662454      226.512834      590.967807      389.543078      373.556472      387.573640
frame00410.jpg      382.980151      186.965604      588.678662      226.474736      590.972487      389.571918      373.503445      387.582322
frame00411.jpg      382.973399      187.001393      588.677185      226.450075      590.980688      389.614635      373.467617      387.572711
frame00412.jpg      383.011708      187.027407      588.685505      226.452738      590.972062      389.626824      373.425415      387.593581
frame00413.jpg      383.175585      187.253063      588.740805      226.535414      591.011200      389.681320      373.212615      387.664825
frame00414.jpg      383.542104      187.927772      588.879342      226.879977      591.140504      389.745317      372.508013      387.890393
frame00415.jpg      390.421887      196.737327      589.039689      231.566419      593.174068      390.870921      362.586112      391.413495
frame00416.jpg      398.487001      206.504122      589.844607      235.940449      595.257316      393.014842      348.399604      398.402520
frame00417.jpg      398.518254      206.700382      589.848405      235.985100      595.270077      393.043236      347.904203      398.839235
frame00418.jpg      398.511189      206.705660      589.847141      235.986893      595.275705      393.049437      347.875898      398.864114
