frame ulx uly urx ury lrx lry llx lly
frame00001.jpg 210.0000 163.0000 516.0000 163.0000 516.0000 451.0000 210.0000 451.0000
frame00002.jpg 210.1200 161.1700 515.9100 162.8900 515.0100 450.8100 209.3800 448.6300
frame00003.jpg 210.8100 159.5400 516.9200 161.4300 516.3500 448.8500 210.6900 447.3200
frame00004.jpg 213.5000 156.2500 520.1500 156.0700 521.3600 442.7800 215.2600 444.5200
frame00005.jpg 219.3100 150.5000 526.2100 147.5100 528.7600 434.0800 222.3900 439.5200
frame00006.jpg 225.3400 142.3400 532.8700 140.4500 533.7600 427.9600 227.2000 432.4000
frame00007.jpg 227.3800 138.9900 535.3300 138.5800 534.7300 426.7100 228.3100 429.9300
frame00008.jpg 227.9700 137.6400 536.3800 137.1000 534.8400 425.8600 228.9100 429.7900
frame00009.jpg 225.5900 142.6600 534.0700 138.8900 533.7900 427.6800 227.9700 435.1200
frame00010.jpg 221.0500 150.8600 529.1800 143.7800 530.1700 431.7200 225.0900 442.5700
frame00011.jpg 218.1300 155.4600 525.5800 148.7800 527.2600 434.7100 222.8600 445.3000
frame00012.jpg 218.5300 157.2400 525.4400 151.6000 526.7200 435.9500 223.2000 445.6300
frame00013.jpg 219.4200 155.5000 524.0200 148.6800 526.9500 431.8300 223.5100 444.0400
frame00014.jpg 219.2600 152.5100 521.9800 143.6900 527.2100 427.0300 223.4900 440.7200
frame00015.jpg 220.1500 147.7200 520.8100 140.1700 526.2500 423.6800 222.6300 436.1500
frame00016.jpg 219.9700 147.0800 520.4300 139.6900 525.7900 423.3500 222.4700 435.8200
frame00017.jpg 219.9900 147.2400 520.5000 140.4900 525.1500 424.0900 222.3000 435.7000
frame00018.jpg 220.2000 148.2300 520.6800 142.2500 524.8600 425.7400 222.6800 436.5100
frame00019.jpg 220.9300 150.1100 521.4100 143.9000 525.8800 426.9900 224.1600 437.8000
frame00020.jpg 222.7300 152.2400 523.2400 145.1400 528.1900 428.0300 227.1600 439.3700
frame00021.jpg 225.1000 155.1900 525.2500 146.4600 530.4600 429.1400 230.0400 441.2400
frame00022.jpg 226.9600 157.6200 526.6300 147.3800 532.5400 429.7100 232.5000 442.7000
frame00023.jpg 228.9000 159.3800 528.2200 148.1600 534.2200 430.3400 234.5500 443.6900
frame00024.jpg 230.6800 160.3400 529.3900 149.1000 535.3000 431.0100 236.0500 444.2000
frame00025.jpg 231.5000 161.0500 530.3500 150.1400 535.5600 431.9900 236.2200 444.9300
frame00026.jpg 231.6900 161.1700 530.5200 151.0100 535.3700 432.7100 235.6800 444.5500
frame00027.jpg 231.9400 159.4600 530.5700 151.0400 534.9200 433.2300 234.5000 443.0100
frame00028.jpg 232.5200 157.6100 530.7500 151.0700 534.4200 433.7400 233.8100 440.7500
frame00029.jpg 233.4700 155.0900 531.2900 150.6200 534.0600 433.2300 233.5000 437.6200
frame00030.jpg 234.6100 151.9000 531.9800 149.5800 533.7000 432.4200 233.2600 434.0100
frame00031.jpg 236.0800 148.6000 532.5200 148.1200 533.7800 431.1600 233.0500 429.8400
frame00032.jpg 237.9200 144.9700 533.6300 145.8600 534.5400 429.7800 233.6500 425.7700
frame00033.jpg 239.7800 142.4700 534.9000 143.7900 535.8400 428.0000 235.0300 422.8200
frame00034.jpg 241.5700 140.9100 536.1200 141.5700 537.3400 425.7800 237.1100 421.1800
frame00035.jpg 242.8300 140.5900 537.0800 139.9400 538.8300 423.8700 239.0400 421.0600
frame00036.jpg 243.1700 141.2300 537.5300 138.7300 540.0200 422.0900 240.6600 422.2900
frame00037.jpg 242.9700 142.3900 537.5100 138.2900 540.5700 421.2400 241.5400 423.7700
frame00038.jpg 242.9100 143.3000 537.4300 138.6600 540.7800 421.4600 241.8200 424.9800
frame00039.jpg 243.0600 144.3100 537.7500 139.7700 541.3600 422.5700 242.2700 426.5300
frame00040.jpg 243.7600 145.6300 538.8100 141.0700 542.2600 423.8800 243.0900 428.0200
frame00041.jpg 244.5000 146.7700 539.7000 141.9900 543.2800 424.5600 243.9400 429.0400
frame00042.jpg 245.4000 147.4600 540.4600 142.1200 544.3000 424.2500 245.3800 429.2000
frame00043.jpg 246.2000 147.2300 540.9900 141.1200 544.8200 422.5500 246.2300 428.5000
frame00044.jpg 246.6300 146.2500 541.1400 140.2800 544.6200 421.7500 246.2700 427.2000
frame00045.jpg 246.9400 144.4600 541.8900 141.6400 543.0500 424.6500 244.6100 425.6600
frame00046.jpg 247.9500 143.7000 543.2600 145.4400 541.5400 428.3300 244.4800 423.3000
frame00047.jpg 250.4700 142.8800 545.7100 148.7300 541.7600 430.9000 245.9400 421.0200
frame00048.jpg 252.6000 143.8300 547.2200 150.2900 542.5900 431.3500 247.5700 421.9300
frame00049.jpg 251.8800 146.8000 545.0800 149.5600 542.9800 428.7400 247.5500 425.4700
frame00050.jpg 248.9600 149.6200 540.9600 147.4200 542.5000 425.5100 246.4200 430.4300
frame00051.jpg 244.8200 153.6600 536.4100 146.1800 541.0600 423.8000 244.6500 435.9100
frame00052.jpg 240.1700 158.0800 531.7400 146.4400 538.7300 424.2700 242.2300 441.2200
frame00053.jpg 235.9800 162.2600 528.0000 148.2300 536.0800 426.2900 239.2800 445.0500
frame00054.jpg 232.3700 165.3400 525.1100 150.9500 533.0600 429.5100 236.2600 447.9000
frame00055.jpg 229.5100 167.1300 523.4000 154.3700 530.1700 432.9700 233.0800 449.0900
frame00056.jpg 227.5000 167.3200 522.1600 157.0200 527.6700 435.5500 230.3800 449.0800
frame00057.jpg 226.0500 167.4300 521.2800 158.6200 526.0600 436.7000 228.8500 448.9600
frame00058.jpg 225.4600 166.0500 521.2000 159.1400 524.9900 437.1300 227.5400 447.1100
frame00059.jpg 225.2700 162.9000 521.6700 159.2200 523.6900 437.1200 226.2200 444.1100
frame00060.jpg 225.6500 159.6400 522.1500 158.3900 523.0300 436.4200 225.3500 440.5800
frame00061.jpg 225.8100 156.5100 522.4500 157.3000 522.1400 435.5400 224.3600 437.9900
frame00062.jpg 225.5800 154.2700 521.9100 156.2200 521.0400 434.5200 223.3200 435.8000
frame00063.jpg 224.8200 153.1300 520.6600 154.7600 519.8600 433.3900 222.4200 434.3600
frame00064.jpg 223.8800 152.2600 518.9100 153.6100 518.6200 432.0200 221.1600 432.8100
frame00065.jpg 222.8800 150.4400 517.2500 152.0800 517.0500 430.4600 219.8600 430.7600
frame00066.jpg 221.9700 149.0200 515.7500 151.1200 515.3200 429.4400 218.7500 428.7800
frame00067.jpg 221.2500 147.7600 514.5600 150.4100 513.9200 428.4600 217.8600 426.8000
frame00068.jpg 220.9900 146.6200 513.6600 149.9700 513.0300 427.7500 217.3500 425.2500
frame00069.jpg 221.1100 145.5900 513.3300 149.4400 512.5700 426.9500 217.1900 424.0400
frame00070.jpg 221.3900 144.9500 513.3000 149.2200 512.5900 426.7200 217.3200 423.4000
frame00071.jpg 221.7200 144.4000 513.6400 149.1300 512.6400 426.4700 217.5300 422.5600
frame00072.jpg 222.4000 143.3400 514.3000 148.9500 512.8100 426.3300 217.6000 421.5700
frame00073.jpg 223.1200 142.3000 515.0900 148.9600 513.0800 426.3200 217.8300 420.8900
frame00074.jpg 223.7300 141.4900 515.7900 148.8900 513.4400 426.4500 218.2100 420.3900
frame00075.jpg 224.2900 141.5000 516.2500 149.1700 513.6700 426.8500 218.4400 420.3800
frame00076.jpg 224.6000 141.2100 516.7000 149.6300 513.7600 427.1500 218.3900 420.3500
frame00077.jpg 224.8500 141.0000 517.0100 150.1700 513.7500 427.7400 218.1800 420.3500
frame00078.jpg 224.9300 141.1800 517.1100 150.7800 513.5200 428.4000 218.1500 420.8700
frame00079.jpg 224.8600 142.2300 516.9700 151.6300 513.3700 429.3600 218.1200 421.8700
frame00080.jpg 224.5000 143.3500 516.5900 152.5800 513.0700 429.9500 217.8900 422.9300
frame00081.jpg 223.9000 144.4800 516.0000 153.1800 512.7700 430.3300 217.5800 423.9600
frame00082.jpg 223.3700 145.7400 515.3600 153.9000 512.2900 430.9700 217.3900 424.9900
frame00083.jpg 222.6600 146.9600 514.7000 154.5500 511.8300 431.6700 217.0500 425.9500
frame00084.jpg 222.0500 148.1700 513.9600 155.2600 511.3600 432.2900 216.6800 426.8900
frame00085.jpg 221.3300 148.9100 513.2700 155.4700 511.0000 432.3800 216.1000 427.5300
frame00086.jpg 220.5500 149.0600 512.6600 155.4800 510.5700 432.3900 215.4700 427.9000
frame00087.jpg 219.9200 149.1900 512.2100 155.4200 510.2400 432.3900 214.9500 428.1100
frame00088.jpg 219.4700 149.0600 511.9000 155.2700 509.9900 432.3900 214.6300 428.1800
frame00089.jpg 219.0200 148.9600 511.7000 155.2100 509.8600 432.3400 214.3000 428.4200
frame00090.jpg 218.8400 149.0200 511.5900 155.0200 509.8000 432.3200 214.2500 428.4900
frame00091.jpg 218.6800 149.2700 511.5100 155.1600 509.7500 432.5600 214.0100 428.8600
frame00092.jpg 218.4600 149.3000 511.4600 155.3400 509.7300 432.9100 213.8200 429.0200
frame00093.jpg 218.2500 149.3800 511.4700 155.6800 509.5600 433.3900 213.4000 429.3100
frame00094.jpg 218.1100 149.5000 511.4200 156.0800 509.4500 433.9000 213.0700 429.5200
frame00095.jpg 217.6800 149.6500 511.2000 156.2600 509.2600 434.2100 212.7700 429.9400
frame00096.jpg 217.1000 150.2000 511.0000 156.4200 508.9900 434.3900 212.5400 430.7100
frame00097.jpg 216.7700 150.4800 510.7700 156.6200 508.8600 434.6200 212.1800 430.8600
frame00098.jpg 216.5700 150.3300 510.5500 156.8700 508.5400 434.8300 211.7000 430.8500
frame00099.jpg 216.5300 150.3400 510.4300 156.9000 508.1800 435.1600 211.5600 430.5200
frame00100.jpg 216.3200 149.9600 510.2200 157.0100 507.7500 435.3600 211.1700 430.1200
frame00101.jpg 215.9900 149.5700 510.1600 157.1600 507.4400 435.3600 210.7400 429.6600
frame00102.jpg 215.9100 149.1000 510.1000 156.9500 507.2600 435.2900 210.5500 429.0900
frame00103.jpg 215.9400 148.9400 509.9600 156.9300 507.2300 435.4000 210.4900 429.1000
frame00104.jpg 215.6400 148.8600 509.9200 156.8400 507.1800 435.3800 210.2400 429.2500
frame00105.jpg 215.5600 148.7800 509.9000 156.8200 507.0800 435.6400 210.0400 429.4000
frame00106.jpg 215.1800 148.9600 509.9000 157.3600 506.7900 436.2700 209.7000 429.8400
frame00107.jpg 214.8500 149.3000 509.9500 157.9300 506.6200 437.1000 209.4000 430.4300
frame00108.jpg 214.7300 150.0900 509.9700 159.0400 506.3500 438.3400 209.0600 431.1000
frame00109.jpg 214.5200 150.5500 509.8400 160.0300 506.0300 439.2000 208.5800 431.6500
frame00110.jpg 214.0500 150.9100 509.7300 160.6600 505.8500 439.8000 208.2500 432.1900
frame00111.jpg 213.7800 151.3100 509.5400 160.6700 506.0600 439.7000 208.2900 432.6000
frame00112.jpg 214.0700 151.9100 509.6400 160.2600 506.9100 439.5600 209.1800 433.2700
frame00113.jpg 214.7600 152.5500 510.6700 160.1200 508.5500 439.3100 210.6600 433.9000
frame00114.jpg 216.5100 151.8800 512.8700 159.2300 511.2800 438.3300 212.9500 433.7400
frame00115.jpg 219.1600 151.5500 516.2200 158.7200 514.7700 438.0900 216.2800 434.3400
frame00116.jpg 222.4100 151.1800 520.4700 158.3000 518.6500 437.3700 219.8200 434.2500
frame00117.jpg 225.7500 149.3900 524.8400 156.9600 522.3900 436.6100 222.7900 433.8000
frame00118.jpg 228.6200 147.3400 528.8100 155.3000 525.7200 434.9100 225.4300 432.7700
frame00119.jpg 230.9000 144.6800 531.6600 152.4300 528.5200 432.5300 227.4600 431.9000
frame00120.jpg 232.4200 143.7100 533.5800 150.1700 530.9200 430.7300 229.6300 432.3700
frame00121.jpg 233.5200 143.9500 534.9100 148.5200 532.5600 429.5700 231.2600 433.0800
frame00122.jpg 233.4600 145.0200 535.3700 148.5100 532.8400 430.2300 231.5200 435.0500
frame00123.jpg 232.0800 147.9900 534.3500 149.9100 532.0400 431.5600 230.7500 438.2600
frame00124.jpg 229.2100 152.2500 531.8300 151.2700 530.7700 432.6600 229.9300 442.6100
frame00125.jpg 227.7100 156.8800 529.8100 153.2400 529.7500 433.2100 230.2800 444.2100
frame00126.jpg 227.8000 158.4200 528.6600 153.5100 529.8800 432.2600 231.3500 444.1900
frame00127.jpg 228.0300 159.5600 528.1700 152.6300 530.8000 430.9700 232.8700 444.8000
frame00128.jpg 229.3100 160.7500 528.8000 151.3300 533.3500 429.1700 235.7800 444.9200
frame00129.jpg 232.5700 160.9800 531.3400 149.7400 536.9000 428.2100 239.8700 444.5500
frame00130.jpg 236.2800 161.9700 534.9800 150.6600 539.5900 429.3900 243.4400 443.8700
frame00131.jpg 239.7700 162.3300 537.7900 152.2200 540.9100 430.3500 245.8300 441.8200
frame00132.jpg 243.1200 161.0500 539.9700 153.6900 541.4400 431.4300 247.4100 438.9000
frame00133.jpg 245.6200 160.2500 541.5500 155.3200 541.1700 431.9800 248.4900 436.8100
frame00134.jpg 246.9900 160.2000 541.8200 156.2700 540.7700 431.5600 249.1900 435.2600
frame00135.jpg 247.6500 159.1700 541.0600 155.5100 540.0600 429.8600 249.3000 433.1000
frame00136.jpg 248.4200 157.7900 540.3100 154.7700 539.2700 428.5900 249.6900 430.6500
frame00137.jpg 249.9400 156.3300 540.3500 154.9200 538.7200 428.3500 250.3700 427.3900
frame00138.jpg 252.3100 154.8400 541.2500 155.2600 539.0800 428.4200 252.0900 423.7700
frame00139.jpg 255.8400 153.8900 543.1100 155.0900 540.9200 428.1300 255.1000 420.9100
frame00140.jpg 259.0000 153.5600 545.0500 154.3300 542.5400 427.5100 257.7300 418.9200
frame00141.jpg 260.3800 153.5000 545.5400 153.5800 542.9200 426.6400 259.0900 417.9400
frame00142.jpg 260.5500 153.8200 544.7000 152.8900 541.9800 425.4400 259.0600 417.2600
frame00143.jpg 259.1700 153.2600 542.5600 152.5700 539.6300 424.1100 257.6500 415.9300
frame00144.jpg 258.2600 152.5700 540.2100 152.4400 537.1100 422.4300 256.2900 414.0400
frame00145.jpg 257.2600 150.9200 537.8900 151.8600 534.5200 419.9400 254.9500 411.5800
frame00146.jpg 257.1000 148.8400 535.9300 150.8500 532.6900 416.8300 254.1400 408.7400
frame00147.jpg 256.7700 146.9100 533.8600 149.0800 530.6800 412.7600 253.4900 406.4300
frame00148.jpg 255.7800 145.3400 531.4200 147.2200 528.7900 409.2500 252.8300 404.9700
frame00149.jpg 254.9200 144.7100 529.3700 146.3500 527.2600 406.5600 252.5400 404.3100
frame00150.jpg 254.8100 144.4000 527.8900 145.9000 526.3900 404.6300 252.5200 403.7700
frame00151.jpg 254.9400 144.5700 526.9900 146.2600 525.6500 403.9300 252.4700 404.2100
frame00152.jpg 255.1700 144.9600 526.6300 147.2600 525.1200 403.8500 252.7300 404.6000
frame00153.jpg 255.6300 145.4400 526.6100 148.4800 524.7800 404.3300 252.9400 404.6100
frame00154.jpg 256.4700 145.6300 527.0900 149.3300 524.9900 404.5500 253.6100 404.5200
frame00155.jpg 257.4500 145.9200 527.5700 149.8300 525.3800 404.6000 254.3000 404.5000
frame00156.jpg 257.9600 146.2700 527.6300 150.1300 525.3400 404.3500 254.4600 404.6700
frame00157.jpg 257.2200 146.2600 526.5400 149.9400 524.2000 403.7400 253.4300 404.7900
frame00158.jpg 255.5000 146.0900 524.7600 149.9100 522.5200 403.4200 251.8200 404.9900
frame00159.jpg 254.1400 145.9200 523.4800 149.7700 521.4600 402.9800 250.7000 404.8700
frame00160.jpg 253.3300 145.5200 522.5500 149.2700 520.8400 402.5000 250.0400 404.9400
frame00161.jpg 252.4200 145.0300 521.7900 148.7900 520.3600 401.9600 249.2400 404.8200
frame00162.jpg 251.6400 144.6500 521.0400 147.9000 519.8800 401.3400 248.5800 404.4900
frame00163.jpg 250.6500 144.1600 520.3400 147.1800 519.2600 400.8000 247.6400 403.9700
frame00164.jpg 249.6000 143.0600 519.6100 146.1500 518.4800 399.8800 246.6800 402.8200
frame00165.jpg 248.7000 141.4300 518.9600 144.6100 517.8600 398.5600 245.7700 401.1400
frame00166.jpg 248.2300 139.4000 518.2900 143.0300 517.3500 397.2900 244.9400 399.2700
frame00167.jpg 247.6200 137.8500 517.6900 141.6900 516.8500 396.6800 244.1100 398.2300
frame00168.jpg 246.8500 137.4800 517.1200 141.0000 516.7900 396.9700 243.3300 398.4400
frame00169.jpg 245.9300 137.5400 517.1000 140.3400 517.1500 397.1900 242.9600 399.4200
frame00170.jpg 245.6600 138.0900 517.3400 140.1500 517.8600 397.7200 242.9000 400.3100
frame00171.jpg 245.7400 138.5400 517.6800 140.5900 518.2100 398.9400 242.8100 401.1300
frame00172.jpg 245.5600 139.8400 517.9600 142.1200 518.2900 401.3600 242.3100 403.0900
frame00173.jpg 244.8100 141.7700 518.1100 144.0000 518.0400 403.6900 241.6900 405.4900
frame00174.jpg 243.6400 143.3300 517.7000 145.5300 517.5600 405.0100 240.7100 407.5000
frame00175.jpg 242.4600 144.8500 516.8200 146.5800 516.7400 405.7800 239.8600 408.9300
frame00176.jpg 241.3900 145.5000 515.6800 147.1700 515.9900 406.1200 238.9300 409.6800
frame00177.jpg 240.3800 146.3200 514.7100 147.2100 515.6500 406.1500 238.4200 410.9400
frame00178.jpg 239.2200 147.2100 513.9500 146.9200 515.5000 405.9200 237.9500 412.2800
frame00179.jpg 238.2600 147.5800 513.5300 146.4300 515.5500 405.7000 237.7600 412.9500
frame00180.jpg 237.9400 147.3200 513.5700 145.9300 515.7000 405.1700 237.7200 412.6700
frame00181.jpg 237.8700 146.2900 513.6500 144.9400 515.7100 404.2400 237.5000 411.6600
frame00182.jpg 237.8400 145.0900 513.5100 143.9900 515.4500 403.2000 237.3200 410.3900
frame00183.jpg 237.8500 143.5200 513.3300 142.7500 515.1800 401.6100 237.2000 408.5600
frame00184.jpg 238.3900 141.8300 513.1800 141.3500 515.2700 400.2100 237.7000 406.7400
frame00185.jpg 238.8500 140.5100 513.3300 140.5600 515.4400 399.1100 237.8500 405.7400
frame00186.jpg 239.3500 139.4800 513.4900 140.0300 515.4500 398.7300 237.9200 404.8400
frame00187.jpg 239.8600 139.1900 513.7900 140.2100 515.5100 399.1300 237.9400 404.5100
frame00188.jpg 239.8100 139.0600 513.8000 140.5200 515.0500 399.5900 237.5100 404.8100
frame00189.jpg 238.9600 139.4500 513.3400 141.0700 514.5700 400.0600 237.0300 405.4900
frame00190.jpg 238.7500 140.0000 513.0600 141.2400 514.4600 400.1400 236.8800 405.8200
frame00191.jpg 238.7800 139.8100 513.0900 141.3000 514.5500 400.1500 236.9800 405.7600
frame00192.jpg 238.8800 139.6200 513.3600 141.3700 514.7400 400.1700 237.0300 405.5800
frame00193.jpg 239.2700 139.0600 513.7000 141.2400 514.8000 400.0200 236.9900 404.8200
frame00194.jpg 239.4300 138.0000 513.8100 140.8300 514.6100 399.4700 236.7600 403.9100
frame00195.jpg 239.4800 136.9400 513.6900 140.0700 514.4400 398.6900 236.6000 402.7500
frame00196.jpg 239.3700 135.9300 513.5800 139.0900 514.3500 397.7600 236.5000 402.0100
frame00197.jpg 239.5500 135.2700 513.5600 138.4900 514.5000 397.5300 236.6400 401.6700
frame00198.jpg 239.4100 135.0700 513.8600 138.4200 514.6600 397.6000 236.6200 402.1300
frame00199.jpg 239.4200 135.3400 514.2300 138.8700 514.9100 398.1900 236.8300 402.8600
frame00200.jpg 239.8900 135.4700 514.7400 139.3100 515.3200 398.5400 237.2400 403.1700
frame00201.jpg 240.4800 135.3500 515.3900 139.7200 515.8500 398.5400 237.7400 403.1400
frame00202.jpg 241.4400 134.6100 516.0200 139.3700 516.5000 397.6800 238.4300 402.6300
frame00203.jpg 241.9600 133.5400 516.3900 138.5500 516.9000 396.7000 238.8400 402.0900
frame00204.jpg 242.0100 132.3400 516.5700 137.8000 517.2200 395.7900 239.0400 401.9900
frame00205.jpg 242.0900 131.5200 517.0000 137.0800 517.6800 394.8400 239.3900 402.0700
frame00206.jpg 242.4900 130.6300 517.5200 136.0500 518.6100 393.8400 240.2400 401.9800
frame00207.jpg 243.6500 129.6800 518.6200 135.1800 519.7500 393.0300 241.4300 401.3300
frame00208.jpg 244.9200 128.3300 519.6900 134.1400 520.8400 391.6400 242.6400 400.2200
frame00209.jpg 245.7700 126.7600 520.2800 132.5200 521.5000 389.9600 243.5100 399.1300
frame00210.jpg 246.6500 124.9400 520.9700 131.1200 522.1900 388.6300 244.2000 397.7300
frame00211.jpg 247.6900 123.3000 521.1600 130.1500 522.9700 387.3700 244.9600 396.6200
frame00212.jpg 248.5300 121.9400 521.2600 129.1400 523.6700 386.2200 245.7300 395.9100
frame00213.jpg 249.0500 121.1300 521.8300 127.9500 524.2800 385.0600 246.7900 395.1300
frame00214.jpg 249.7800 120.1900 522.2600 126.7500 524.8300 383.3700 247.7000 394.4600
frame00215.jpg 250.3000 119.8100 522.2600 125.3900 525.3800 381.6200 249.0600 394.5400
frame00216.jpg 250.5000 119.5900 522.2400 124.2300 525.8300 380.1100 250.1000 394.6700
frame00217.jpg 250.8200 119.6500 522.2700 123.5600 526.1600 379.2200 251.2100 395.6200
frame00218.jpg 251.2800 120.7000 522.7100 123.5700 526.8600 379.0600 252.8000 397.4900
frame00219.jpg 251.8800 122.4500 523.5400 124.1000 527.4700 379.3900 254.3300 400.0800
frame00220.jpg 252.3500 124.5800 523.9400 124.9600 528.1400 379.9700 255.7600 403.0300
frame00221.jpg 253.1500 126.8500 524.7300 126.4400 528.7300 381.3300 256.9000 405.7600
frame00222.jpg 254.1500 128.4900 525.5800 128.0600 529.2600 382.3300 257.7700 407.2200
frame00223.jpg 254.9400 128.8300 525.7300 128.2500 529.7600 382.0700 258.5100 407.5000
frame00224.jpg 255.3500 128.8200 525.5800 127.9200 530.1600 381.3700 259.0300 407.5800
frame00225.jpg 255.7600 127.8400 525.4500 126.6500 531.3200 380.2000 259.7900 406.5600
frame00226.jpg 256.5100 126.2200 526.1400 125.5100 532.5400 379.6500 260.1100 405.2900
frame00227.jpg 256.9400 124.2000 526.4700 124.1700 533.1900 378.2200 259.9700 403.1100
frame00228.jpg 256.8600 121.9000 525.8600 122.3800 533.4300 376.5000 259.9400 401.1200
frame00229.jpg 256.6200 120.1400 524.9600 120.5700 533.6200 374.2600 260.0300 398.7500
frame00230.jpg 256.3200 117.4900 523.6000 118.1300 533.6400 371.0800 260.0600 395.8000
frame00231.jpg 256.2000 115.3900 522.4900 116.1700 533.8500 368.8900 260.1700 393.4800
frame00232.jpg 256.2400 113.7500 521.9900 114.9100 533.8700 366.9600 260.4300 391.4700
frame00233.jpg 256.4100 112.1600 521.1500 114.1000 533.7800 365.3900 260.6400 389.7100
frame00234.jpg 256.5400 111.0600 520.9000 113.6200 533.8600 364.6900 260.9900 388.8900
frame00235.jpg 257.0900 110.6300 521.1100 113.4700 534.3300 364.2300 261.7800 388.5600
frame00236.jpg 257.6100 110.2400 521.5000 113.2100 534.7400 364.0100 262.3600 388.3900
frame00237.jpg 258.2400 109.2200 522.0800 113.2000 535.2800 363.4700 262.6100 386.3400
frame00238.jpg 258.9300 107.5700 522.7100 112.7000 535.4900 363.2200 262.1000 383.8400
frame00239.jpg 258.9900 106.2300 522.9200 112.0800 535.1600 362.5800 261.2900 381.5200
frame00240.jpg 258.6400 104.3200 522.1900 111.1000 534.2900 361.0300 259.9700 378.4100
frame00241.jpg 258.1200 102.2400 521.3000 109.9600 533.2600 359.7300 258.5200 374.8900
frame00242.jpg 257.9000 99.1370 520.6300 108.7200 532.1600 357.3000 256.8900 369.2700
frame00243.jpg 258.0700 95.1130 519.7400 107.0600 531.0700 354.4900 255.2800 362.3400
frame00244.jpg 258.5300 91.3020 519.5000 105.4200 530.4200 352.0700 253.9600 356.2300
frame00245.jpg 259.5400 87.9740 519.9600 103.8500 530.1100 349.9500 252.9800 350.6200
frame00246.jpg 260.8200 84.7460 520.9600 102.4800 529.8600 349.1500 251.8900 345.5500
frame00247.jpg 262.3000 81.5910 523.0700 102.2400 528.9100 350.5800 250.0500 341.3500
frame00248.jpg 264.2400 78.3990 525.6800 103.0200 527.9500 352.0900 247.9900 335.7800
frame00249.jpg 266.3000 75.4450 527.8900 103.8500 526.4000 354.0400 245.4500 330.9800
frame00250.jpg 266.9900 73.2720 529.5100 104.5400 524.2700 357.3500 242.7000 328.9500
frame00251.jpg 266.8600 71.8540 530.6800 105.4900 521.6900 360.7300 240.0500 327.3900
frame00252.jpg 265.8600 70.5930 530.6700 106.6200 518.0800 364.6100 236.5300 326.7300
frame00253.jpg 263.2800 70.2200 529.7000 108.3400 513.5700 369.5400 232.3100 328.1200
frame00254.jpg 259.3900 70.8580 527.8100 110.8200 508.3400 374.9400 227.9000 330.3200
frame00255.jpg 255.8900 72.3390 525.6600 113.9200 503.6400 380.1800 224.2300 332.1600
frame00256.jpg 252.6000 74.2340 523.2100 117.3300 499.2700 384.9100 220.8700 334.1100
frame00257.jpg 249.7000 76.4300 520.9000 120.5400 495.8100 389.3200 218.1500 336.1300
frame00258.jpg 246.7800 79.2070 518.4800 123.6300 492.8100 393.8600 215.7500 339.3500
frame00259.jpg 243.4900 82.3240 516.0500 126.6400 490.1900 398.0700 213.7400 342.8200
frame00260.jpg 240.7200 85.7220 513.9600 129.4500 488.2400 401.8300 212.3500 346.0700
frame00261.jpg 237.9100 88.8160 511.7200 131.8200 486.1200 404.8800 211.0800 348.9900
frame00262.jpg 235.1400 91.3570 509.3000 133.7000 484.1200 406.6700 209.8000 351.0300
frame00263.jpg 232.7500 93.1260 506.8500 134.4800 482.3700 407.1700 208.5100 352.2900
frame00264.jpg 230.4200 93.9550 504.3400 133.9800 480.8000 405.8400 207.1200 352.5100
frame00265.jpg 228.4400 93.7630 502.2100 132.0600 480.4400 403.0200 206.0000 352.5300
frame00266.jpg 226.3700 93.6240 500.8400 129.4600 481.1100 399.6700 205.4300 353.5900
frame00267.jpg 224.5500 94.1020 500.2600 127.6400 482.5400 397.6700 205.7700 355.7400
frame00268.jpg 222.8000 96.0950 500.3300 127.2100 484.3500 397.0200 206.5300 359.8500
frame00269.jpg 220.9400 99.2100 500.4700 128.3900 485.6100 398.0900 207.1400 364.8400
frame00270.jpg 219.2000 104.1600 501.0100 132.1100 486.7100 400.8100 208.0800 370.9500
frame00271.jpg 218.6200 109.2100 502.2900 136.2600 488.5300 403.4600 209.5600 376.6200
frame00272.jpg 219.3100 114.1100 504.3800 140.4800 490.5100 406.1900 211.4600 381.9800
frame00273.jpg 220.4800 118.7100 506.3400 144.2000 492.7900 408.0200 213.7300 386.4300
frame00274.jpg 222.8700 121.4600 508.7700 145.6700 495.7800 407.9000 216.4000 389.3500
frame00275.jpg 225.3800 123.3300 510.8900 145.6500 498.8500 407.0100 219.3000 392.0500
frame00276.jpg 227.2600 125.2000 512.5300 145.2400 501.1700 405.7500 221.7700 394.3200
frame00277.jpg 228.8700 125.4400 513.5100 144.0700 503.0600 403.9300 223.5500 394.6100
frame00278.jpg 230.6400 124.6300 514.4300 141.9900 505.0800 401.8800 225.5300 394.8400
frame00279.jpg 231.8900 125.2300 515.2100 140.1800 507.0100 399.9300 227.7100 396.0100
frame00280.jpg 233.0900 125.3600 515.7500 138.3200 508.7800 397.9300 229.6500 395.9900
frame00281.jpg 234.8500 124.7700 516.5400 136.4100 510.8700 396.2100 231.7300 395.4800
frame00282.jpg 237.1600 124.0100 517.8600 134.6700 513.1500 394.4300 234.3500 394.7400
frame00283.jpg 239.2800 123.6800 519.1500 133.1600 515.1900 392.6600 236.7700 394.6800
frame00284.jpg 241.3500 123.7700 520.3600 132.0500 517.4100 391.0700 239.5100 395.1200
frame00285.jpg 243.4200 124.1500 521.7800 130.9800 519.7200 389.4400 242.5400 396.2300
frame00286.jpg 245.9000 124.8400 523.1900 130.4000 522.1600 388.1000 245.8100 397.6300
frame00287.jpg 249.3900 125.3600 525.4000 129.8000 525.4800 386.5100 250.2600 398.9700
frame00288.jpg 253.8600 126.2000 528.5000 129.5800 529.2100 385.5200 255.5600 400.8500
frame00289.jpg 258.6700 126.9800 532.0500 129.6700 532.8200 384.6600 260.7400 402.0100
frame00290.jpg 263.7300 126.9400 535.8700 129.7200 536.3200 384.1300 265.4300 401.9100
frame00291.jpg 268.5200 125.8200 539.8200 129.9100 539.2800 383.6700 269.2300 400.5400
frame00292.jpg 272.7300 123.8000 543.2000 129.4300 541.6300 382.7700 272.0100 398.1100
frame00293.jpg 275.8600 121.0100 545.5000 128.1200 543.1700 381.1900 274.0000 395.2600
frame00294.jpg 277.9500 118.2700 546.9300 126.4700 543.9900 379.2100 275.5000 392.6600
frame00295.jpg 279.2000 115.8100 547.6000 124.3900 544.7000 376.7700 276.6500 390.2300
frame00296.jpg 280.2500 113.5900 547.7700 122.1700 545.6000 374.5300 277.9900 387.8800
frame00297.jpg 281.9700 111.3600 548.5600 120.3200 546.9100 372.3300 279.8000 385.5900
frame00298.jpg 283.5500 109.7100 549.1800 118.6000 548.0700 370.7000 281.3500 384.0700
frame00299.jpg 284.7000 108.3400 549.9900 117.4700 549.0200 369.0500 282.6800 383.0400
frame00300.jpg 286.3200 107.4900 550.5300 116.3700 550.2700 367.9200 284.5500 382.5900
frame00301.jpg 288.2700 106.9500 551.5900 115.8600 551.9100 367.1800 286.7300 382.2100
frame00302.jpg 290.8900 106.3400 553.3100 115.4900 554.2500 366.2800 289.8900 381.7600
frame00303.jpg 294.6100 106.4500 555.7400 115.3700 557.0500 365.9200 293.9800 382.2000
frame00304.jpg 298.4100 106.8200 558.2900 115.4000 559.8700 365.2200 298.1700 382.4700
frame00305.jpg 302.2200 106.6000 560.5900 114.9800 562.7000 364.3700 302.4200 382.8100
frame00306.jpg 306.1100 107.0200 562.8600 115.1000 565.2300 364.4100 306.1600 383.8200
frame00307.jpg 309.3600 106.6800 565.2300 115.4500 567.6500 363.8600 309.5100 383.1700
frame00308.jpg 312.5900 104.6400 566.6200 114.5700 570.0100 362.0400 312.8700 381.1900
frame00309.jpg 315.2800 102.2100 567.6800 113.2100 571.7800 359.9900 315.8500 379.2300
frame00310.jpg 317.8400 98.9160 568.1600 111.2400 573.5200 356.9500 318.8700 375.8700
frame00311.jpg 320.0500 95.0880 568.4200 108.9900 574.7900 354.1100 321.1100 372.4700
frame00312.jpg 321.7200 91.5620 569.0100 107.2300 575.8700 352.2000 322.6500 369.3900
frame00313.jpg 323.1900 88.0480 570.0600 105.5700 577.2300 350.6200 323.7800 366.4100
frame00314.jpg 324.4000 85.4930 571.4400 104.0800 578.3600 349.7900 324.2100 364.7100
frame00315.jpg 324.6200 83.4460 572.5800 102.8700 579.0200 349.1800 323.7500 362.8200
frame00316.jpg 323.4000 81.7370 572.6400 101.7300 578.6600 349.0200 321.7600 361.8000
frame00317.jpg 320.9100 81.3110 571.8000 101.3700 576.9900 350.1000 318.2900 362.7700
frame00318.jpg 317.1100 82.3730 570.3600 101.4800 574.4100 352.2300 313.7900 365.7600
frame00319.jpg 312.7000 85.0110 568.8600 103.0100 571.3600 355.8100 309.0800 370.1800
frame00320.jpg 308.4400 89.1650 567.6900 105.4500 568.4200 360.3400 304.4300 376.3000
frame00321.jpg 304.1400 94.8750 566.9600 109.2600 565.4400 365.8300 299.5200 382.7300
frame00322.jpg 300.2400 100.1000 566.3300 113.2200 563.1800 371.1800 294.8900 387.4400
frame00323.jpg 296.7600 104.4000 566.2000 117.4600 561.0200 376.4500 290.4700 390.3500
frame00324.jpg 293.7600 107.1200 565.8500 120.9200 559.2600 380.6200 286.2600 391.1100
frame00325.jpg 290.7700 109.1400 565.4000 123.7100 557.1800 384.2900 282.3300 391.5300
frame00326.jpg 287.6300 111.8900 565.0800 126.7700 554.7700 388.7600 278.0400 392.2500
frame00327.jpg 284.1400 114.7200 565.0100 130.4700 552.6200 394.1200 274.2500 392.2900
frame00328.jpg 282.0200 117.4900 565.3500 134.5300 551.2100 399.2500 271.8200 392.0500
frame00329.jpg 280.2700 119.8500 565.4000 138.2100 549.5800 404.0200 269.4000 391.5300
frame00330.jpg 278.1000 121.5300 564.3200 141.2800 547.2000 407.6500 267.0600 390.9200
frame00331.jpg 275.6700 122.7100 562.2000 143.5500 544.2400 410.7800 263.8400 390.3300
frame00332.jpg 272.5100 123.2900 559.0000 145.2800 540.8300 413.2300 260.1600 389.2800
frame00333.jpg 269.9500 122.5400 556.2000 146.3300 537.8800 415.5500 257.0000 387.8100
frame00334.jpg 267.8500 121.9800 553.9100 147.5400 535.2500 417.8900 254.3700 386.5800
frame00335.jpg 266.5200 121.4200 552.1600 148.4100 533.5900 419.7300 252.7100 385.2400
frame00336.jpg 266.1500 120.7900 551.2500 148.5000 532.6800 420.4700 251.9000 384.0200
frame00337.jpg 265.9600 119.5200 550.4500 147.2700 531.9100 419.6900 251.1100 382.2200
frame00338.jpg 265.6900 117.6500 549.1800 145.5400 530.8600 418.7000 249.9400 380.0300
frame00339.jpg 265.3200 115.9100 548.2400 144.3200 529.8300 418.0200 249.0100 378.2600
frame00340.jpg 264.9600 114.3000 547.4000 143.2300 528.6700 417.7100 247.8700 376.6300
frame00341.jpg 264.2600 113.2500 546.3200 142.7600 527.3000 418.0800 246.5700 375.6000
frame00342.jpg 263.3500 112.6500 545.2500 142.6700 525.7400 418.6000 245.2500 374.7600
frame00343.jpg 262.5500 111.8700 544.0200 142.8400 523.9800 419.4600 243.6900 373.8300
frame00344.jpg 261.6600 111.3200 542.7300 143.0300 522.2400 420.2700 242.1900 373.1500
frame00345.jpg 260.5100 110.9000 541.3000 143.2700 520.3700 421.3000 240.5500 372.6200
frame00346.jpg 259.2900 110.8800 539.7600 144.0600 518.2300 422.9100 238.8200 372.4900
frame00347.jpg 257.7500 110.9400 538.0600 144.9800 516.0700 424.3400 236.9400 372.5000
frame00348.jpg 255.8700 111.2000 536.1900 145.9500 513.7000 425.6900 234.7400 372.8500
frame00349.jpg 253.4600 111.4300 533.8200 146.9300 510.8100 426.9100 232.2400 373.1100
frame00350.jpg 250.8500 111.4300 531.1200 147.7600 507.8100 427.7900 229.5400 373.0000
frame00351.jpg 248.6300 111.1000 528.7100 148.3200 505.0200 428.1400 226.8800 372.4900
frame00352.jpg 246.5600 110.3000 526.4100 148.4200 502.2600 428.4800 224.4300 371.6900
frame00353.jpg 244.9800 109.6600 524.7400 148.5600 500.8400 428.3600 222.8800 370.9900
frame00354.jpg 244.3600 108.9700 524.5400 147.7200 501.2200 427.5900 222.5100 370.6900
frame00355.jpg 244.5900 108.4700 525.7000 147.2500 502.6800 427.2100 223.0300 371.4400
frame00356.jpg 245.1500 108.8600 527.5800 147.4900 505.0500 427.2700 224.2700 372.8600
frame00357.jpg 246.7200 109.5700 530.5200 148.6900 508.0100 428.2100 226.5400 374.6200
frame00358.jpg 249.6600 110.8300 534.6900 150.6800 512.3600 429.1500 229.8500 376.5600
frame00359.jpg 253.6700 111.9400 540.0700 152.7100 517.4400 429.6900 234.3100 378.6900
frame00360.jpg 258.7400 113.1900 545.9800 154.3900 523.3100 429.1300 239.6200 380.3800
frame00361.jpg 265.7000 113.5400 552.7200 155.3900 529.9700 428.1900 246.2200 381.3000
frame00362.jpg 273.2400 114.1700 559.6100 156.4000 536.5900 426.6000 253.4800 382.6600
frame00363.jpg 281.0800 115.3600 566.0800 157.2900 543.2700 424.3500 261.3000 383.9200
frame00364.jpg 289.6800 116.1900 572.5300 157.3100 550.2900 422.0800 269.7400 384.9900
frame00365.jpg 297.8200 117.8000 578.8000 157.5600 556.5100 420.4100 278.0500 387.1400
frame00366.jpg 305.1600 120.2200 584.0900 158.3400 561.9600 418.7000 285.6700 389.3400
frame00367.jpg 312.0700 121.7100 588.5700 157.8300 567.2100 416.2800 293.0900 390.9100
frame00368.jpg 318.7200 122.8900 592.8800 157.3000 572.0600 413.7400 300.2200 391.9100
frame00369.jpg 325.5000 123.7300 596.9500 156.3200 577.0600 410.8700 307.6200 392.3500
frame00370.jpg 332.3500 123.9100 600.8600 155.1000 581.9300 408.1800 314.7500 392.2700
frame00371.jpg 338.4400 123.9100 604.4400 153.9200 586.2300 406.1200 320.9400 392.1100
frame00372.jpg 344.0700 123.9600 607.8700 153.6100 590.1900 405.0400 326.3800 391.8500
frame00373.jpg 349.3400 123.7400 611.6200 153.4600 593.9900 404.7100 331.0600 391.3400
frame00374.jpg 353.7000 123.1000 615.3800 153.9300 597.2200 405.4800 334.3900 390.6800
frame00375.jpg 357.8900 122.3800 619.2600 154.7900 600.5500 406.3900 337.7400 389.6600
frame00376.jpg 362.2300 121.4700 622.9500 155.2200 603.9900 406.6900 341.4600 388.7600
frame00377.jpg 366.3200 120.7900 626.0300 155.0800 607.3600 406.1500 345.2300 387.8300
frame00378.jpg 369.8800 119.9700 628.5100 154.6200 610.1400 405.2900 348.5100 387.2700
frame00379.jpg 372.2500 119.6700 630.1700 154.0200 611.8900 404.3600 350.7300 386.8000
frame00380.jpg 373.5000 119.0100 630.7600 153.2700 612.8300 403.2800 352.1200 386.1900
frame00381.jpg 374.0800 118.7000 631.0300 152.7000 613.3800 402.3600 353.2500 386.2600
frame00382.jpg 374.6200 119.0700 630.9600 151.9500 613.8700 401.6700 354.2300 386.7800
frame00383.jpg 375.2000 119.5300 630.8500 151.6900 614.4400 400.7800 355.4200 387.2800
frame00384.jpg 376.2500 119.8100 630.6300 150.9900 615.1600 399.7100 357.0500 387.6000
frame00385.jpg 377.1500 120.1100 630.3700 150.4100 615.6800 398.4300 358.7300 388.3300
frame00386.jpg 378.2900 120.7300 630.1400 149.6500 616.2400 397.0100 360.9500 389.3500
frame00387.jpg 379.6400 121.7100 629.6500 148.8600 616.8800 395.2500 363.6200 390.5000
frame00388.jpg 381.3200 122.0700 629.3000 147.7100 617.6700 393.1100 366.8000 391.3600
frame00389.jpg 383.3100 122.6300 628.9900 146.9400 617.7800 391.2800 369.7800 392.2700
frame00390.jpg 385.3100 123.0400 628.0100 146.5100 617.1100 389.6400 371.9200 392.9000
frame00391.jpg 387.7141 122.4335 626.9600 146.0800 616.4000 387.8100 374.2600 393.2400
frame00392.jpg 390.2089 122.4335 625.4600 145.3400 615.4000 385.8000 376.3900 393.3900
frame00393.jpg 392.0800 121.8098 623.8700 144.9000 614.3900 384.4400 377.8400 393.4300
frame00394.jpg 393.9511 121.8098 623.0400 144.9500 613.5400 383.9600 378.9500 393.7300
frame00395.jpg 395.1985 121.8098 622.2900 145.3100 612.6300 383.6700 379.6100 394.1500
frame00396.jpg 395.8222 121.8098 621.8000 145.6500 612.1500 383.6700 380.0100 394.7500
frame00397.jpg 395.1985 123.0572 621.4900 146.1000 612.0000 384.0900 380.4000 395.2900
frame00398.jpg 395.8222 123.0572 621.0200 146.4900 611.5000 384.3500 380.1100 395.5100
frame00399.jpg 395.1985 123.0572 620.0800 146.5900 610.9300 383.9600 379.6600 395.3500
frame00400.jpg 394.5748 121.8098 618.6900 146.0000 610.2500 383.1000 379.4400 394.3100
frame00401.jpg 392.7037 120.5624 616.9700 145.2700 609.2800 382.1100 378.8400 393.0100
frame00402.jpg 390.8326 119.3150 615.4300 144.5300 608.4200 381.1100 378.2800 391.9300
frame00403.jpg 390.8326 118.6913 614.4500 143.9200 607.8400 380.5500 377.8400 391.4700
frame00404.jpg 390.2089 118.0676 614.3000 143.7200 607.5600 380.4900 377.7000 391.6200
frame00405.jpg 390.2089 118.0676 614.4300 144.0400 607.3800 380.7700 377.6100 391.8400
frame00406.jpg 390.8326 118.6913 614.7400 144.3300 607.2900 381.3600 377.3700 391.8700
frame00407.jpg 390.2089 118.6913 615.1500 144.9400 607.1300 382.0900 376.8100 391.8700
frame00408.jpg 390.2089 118.6913 615.6300 145.6200 607.2300 382.9500 376.1100 391.7700
frame00409.jpg 389.5852 118.6913 616.5000 146.3100 607.4300 383.6700 375.0800 391.5000
frame00410.jpg 388.9615 118.6913 617.2100 146.5400 607.7900 383.9100 374.2700 390.7900
frame00411.jpg 388.9615 118.0676 617.2600 145.8000 608.1500 383.0200 374.1800 389.9600
frame00412.jpg 388.9615 116.8202 616.6000 144.6700 608.1300 381.8200 373.8800 389.0300
frame00413.jpg 387.7141 116.1965 615.7100 143.4400 607.9200 380.8500 373.5500 388.0100
frame00414.jpg 386.4667 114.3254 615.0800 142.6800 607.7300 380.2500 373.5100 387.6200
frame00415.jpg 387.0904 113.7017 615.0900 142.3300 607.7900 380.1500 373.4700 387.0400
frame00416.jpg 387.0904 113.7017 615.2900 142.3700 608.0400 380.3900 373.1500 386.1200
frame00417.jpg 387.7141 113.0780 615.5300 142.1800 608.2100 380.2700 372.9100 385.1700
frame00418.jpg 387.0904 111.8306 615.4200 141.4000 608.3300 379.5400 372.8300 383.9500
frame00419.jpg 386.4667 109.9595 614.9700 140.0700 608.5500 378.2800 372.6000 382.2100
frame00420.jpg 385.2193 108.0884 614.5900 138.6700 608.9900 377.2000 372.0000 380.0400
frame00421.jpg 384.5956 106.2173 614.3900 137.2600 609.4400 375.9800 371.0900 377.2900
frame00422.jpg 381.6100 103.7600 614.0400 135.4400 610.0900 374.6700 369.8500 374.1100
frame00423.jpg 380.0800 100.9400 613.9000 133.3800 610.7500 373.1700 368.5100 370.5400
frame00424.jpg 378.5500 97.7370 613.3900 130.9700 611.4900 371.1000 367.2500 366.5900
frame00425.jpg 376.8300 94.8040 612.3600 128.4200 612.0000 368.8800 365.8100 362.9100
frame00426.jpg 374.6200 91.6930 611.1700 125.7700 612.1800 366.2300 364.1400 359.0900
frame00427.jpg 372.6000 89.3530 609.9100 123.1300 612.1700 363.8000 362.5900 356.1200
frame00428.jpg 370.4300 87.4850 608.6600 120.8200 611.5400 361.8900 360.7900 354.3700
frame00429.jpg 368.4500 86.2450 607.5100 119.1500 610.9000 360.9000 359.0700 353.4300
frame00430.jpg 366.8900 85.8550 606.3400 118.3800 610.1500 360.4100 357.8700 353.4000
frame00431.jpg 365.8000 85.7750 605.6000 117.8700 609.6500 360.4400 357.1200 353.7400
frame00432.jpg 365.0900 86.0400 605.4100 117.8000 609.2100 360.7500 356.5200 354.6900
frame00433.jpg 364.8500 86.4580 605.3600 117.7700 608.9500 360.9000 356.6000 355.6000
frame00434.jpg 364.7200 86.5710 604.9600 117.5800 608.2600 360.3800 356.4300 356.2100
frame00435.jpg 363.6300 85.9820 603.5200 116.8300 606.9100 359.2200 355.4300 355.8800
frame00436.jpg 362.2500 84.5850 601.7900 115.9200 605.2000 358.1400 353.9300 354.5500
frame00437.jpg 360.8800 82.7030 600.5300 115.0800 603.2200 357.4400 351.3300 352.6000
frame00438.jpg 358.8200 80.0780 599.6100 114.1300 601.2700 356.8700 348.2200 349.3500
frame00439.jpg 356.8200 77.3040 599.2200 113.4900 599.3500 356.9200 344.4500 346.0400
frame00440.jpg 354.5000 74.2770 598.7300 112.6200 597.1300 357.0600 339.7900 342.7400
frame00441.jpg 351.1000 70.9770 597.4200 111.5900 593.7500 357.2000 334.2100 339.4900
frame00442.jpg 346.4600 67.9200 595.1900 110.9500 589.2700 358.4600 326.6600 336.4500
frame00443.jpg 340.5900 65.3110 592.6500 111.0700 583.5300 361.3300 317.0300 334.5100
frame00444.jpg 333.3500 63.5020 589.5500 112.2300 576.5100 365.0400 306.2000 332.6000
frame00445.jpg 325.6400 62.0280 585.3700 113.5300 568.9700 368.8000 295.1000 330.8400
frame00446.jpg 317.1100 61.0090 580.2900 114.9900 560.6800 372.7100 283.8300 329.8900
frame00447.jpg 308.5600 60.6200 574.9700 116.6100 552.4500 376.7400 273.1900 329.5900
frame00448.jpg 300.2300 60.7430 569.4000 118.2700 544.2600 380.5600 263.0700 329.9300
frame00449.jpg 292.0500 60.9680 563.6500 120.1300 535.9500 384.3300 253.6100 330.1200
frame00450.jpg 284.2800 61.5420 557.7300 122.1900 527.8700 387.7500 244.7700 330.6500
frame00451.jpg 276.6400 62.4130 551.5300 123.9300 520.0900 390.4300 236.6200 331.2800
frame00452.jpg 269.0800 63.5420 545.0800 125.7100 512.3400 393.1300 228.9200 332.4900
frame00453.jpg 261.6700 65.3480 538.7700 128.1200 504.7800 396.5700 221.7000 334.0000
frame00454.jpg 254.7600 67.5540 532.4800 130.4300 497.6800 399.5700 215.2500 335.4800
frame00455.jpg 248.3000 69.4610 526.1700 132.4800 490.9600 401.9900 209.3600 336.8300
frame00456.jpg 241.7600 71.5140 520.1100 134.4500 484.5600 404.5200 203.6700 338.6100
frame00457.jpg 235.5000 73.9950 514.2000 136.6500 478.5300 407.2800 198.6900 340.5900
frame00458.jpg 229.7100 76.4570 508.4700 138.8800 472.9800 409.8500 194.2000 342.5700
frame00459.jpg 223.8800 79.0030 502.9900 141.5200 467.7300 413.1900 189.8900 345.2700
frame00460.jpg 218.2500 82.5870 497.9900 145.0400 463.0400 417.0900 186.0300 348.5000
frame00461.jpg 212.9500 86.5490 493.2900 148.6200 458.9300 420.7200 182.8700 351.6600
frame00462.jpg 208.3500 89.8860 489.6000 151.9800 456.3000 423.6900 180.1500 354.5300
frame00463.jpg 205.0100 93.2420 486.7100 154.5100 454.6700 425.8800 178.9600 357.7500
frame00464.jpg 202.2300 97.2330 484.5400 156.1200 454.2500 426.9500 178.6100 361.2500
frame00465.jpg 200.1100 100.8300 482.9100 156.9500 454.6500 427.7500 178.9800 364.7100
frame00466.jpg 198.5100 104.5800 482.1300 157.7700 455.8800 428.7000 179.9700 368.6600
frame00467.jpg 197.3500 109.0500 481.9300 158.6100 457.9800 429.5800 181.5400 373.3100
frame00468.jpg 196.7800 113.8700 482.2100 158.8000 460.9500 429.9800 183.3800 378.5500
frame00469.jpg 196.2400 119.1400 482.7000 158.8800 463.8400 430.2400 185.4800 384.1300
frame00470.jpg 195.4000 123.8200 482.7800 158.4100 466.6200 429.5800 187.0900 389.4400
frame00471.jpg 195.2600 128.2200 483.3600 157.5300 470.2500 428.2000 189.4800 394.1600
frame00472.jpg 198.1200 130.6800 485.9500 154.6100 475.9900 424.2800 193.3800 397.4300
frame00473.jpg 201.5700 132.1000 488.8400 150.3200 481.5700 419.1300 197.9400 400.7500
frame00474.jpg 204.9400 133.9800 491.4700 147.4100 487.0200 415.2200 202.8900 404.0400
frame00475.jpg 209.2200 136.1800 495.0700 145.9400 492.9900 412.2900 208.9500 407.7800
frame00476.jpg 214.8800 138.8900 499.3700 145.4400 499.4100 409.8700 215.9100 411.6100
frame00477.jpg 221.2200 141.7500 503.8200 145.1400 506.1900 407.4000 223.7800 416.2000
frame00478.jpg 228.2800 145.6600 508.6300 145.4000 513.3400 405.3300 233.1400 421.4100
frame00479.jpg 236.3500 149.3000 513.7600 146.2700 519.9400 403.5500 242.6000 425.7300
frame00480.jpg 245.1100 152.5600 519.2700 147.6300 526.2700 402.9400 252.3300 429.4600
frame00481.jpg 254.3800 155.2100 525.6100 150.0900 532.3600 403.5900 261.5600 432.6600
frame00482.jpg 263.6000 157.7000 532.3800 152.8300 537.9300 404.9700 270.0200 435.4200
frame00483.jpg 272.7400 159.9100 539.4400 155.6500 543.2900 406.8200 277.8400 437.5300
frame00484.jpg 282.0800 161.2600 546.6800 158.6100 548.7200 408.4200 285.5600 438.3500
frame00485.jpg 290.9900 161.7500 553.2900 160.8500 553.8700 409.7600 292.9400 438.9800
frame00486.jpg 299.6500 162.6100 559.7300 162.9500 558.7900 411.2700 300.2100 439.8400
frame00487.jpg 307.9200 163.8800 565.3900 165.5200 563.6100 413.0800 306.8100 441.1700
frame00488.jpg 315.4000 166.0100 571.1100 168.3500 568.2500 415.5100 313.1000 443.5000
frame00489.jpg 322.5100 168.8900 577.2500 171.7700 572.7000 418.4400 319.2000 446.0800
frame00490.jpg 329.1900 171.6400 582.7000 175.6500 576.9900 422.4000 324.4000 448.7200
frame00491.jpg 334.0200 173.3000 585.7700 178.7200 581.2000 425.2900 328.4400 450.4400
frame00492.jpg 337.3400 172.6300 587.5300 180.9400 584.3700 427.9600 331.1200 450.3400
frame00493.jpg 339.3900 171.2600 587.9400 183.6000 587.2500 431.3000 332.7900 449.4900
frame00494.jpg 341.4400 169.7700 588.4900 187.4400 590.4400 436.1300 333.9600 447.6400
frame00495.jpg 343.6800 168.6100 589.4600 192.5600 594.3900 441.3800 335.0100 444.9000
frame00496.jpg 346.2700 167.8900 590.7500 197.3100 599.9900 444.8300 338.4600 442.0400
frame00497.jpg 350.1600 168.7400 591.9600 200.9000 606.2800 446.2600 343.7500 440.0300
frame00498.jpg 355.2817 170.4584 591.8300 203.4500 611.3700 445.7400 348.5400 438.8400
frame00499.jpg 357.1528 172.3295 590.8500 205.2900 615.3100 444.5600 352.6000 438.2900
frame00500.jpg 358.4002 174.2006 589.4600 206.7900 618.1800 443.1900 356.0300 437.7200
frame00501.jpg 358.4002 174.8243 587.6700 207.6200 620.0300 440.8500 358.5600 436.2500
frame00502.jpg 357.7765 176.6954 585.1800 207.8000 621.8400 437.2800 361.0900 433.7000
frame00503.jpg 356.5291 176.6954 582.1300 206.7400 623.3300 431.8500 364.0200 429.6800
frame00504.jpg 354.0343 175.4480 579.0200 205.1700 624.5900 426.1800 365.8400 424.6000
frame00505.jpg 352.1632 174.2006 576.5600 203.4600 626.4861 419.2935 366.4600 419.7200
frame00506.jpg 350.9158 173.5769 574.7500 201.3900 626.5915 416.1965 366.5500 416.1600
frame00507.jpg 349.6684 171.7058 573.6100 199.2600 625.3441 412.4543 366.0100 413.9800
frame00508.jpg 349.9200 169.6415 572.6900 197.2200 624.6299 410.0128 365.1700 411.3100
frame00509.jpg 348.0638 167.7854 571.4300 195.4600 622.7738 407.2285 364.2700 407.6900
frame00510.jpg 347.1357 165.9292 570.0100 193.5800 622.7738 403.5162 362.9300 403.9100
frame00511.jpg 345.2796 163.1450 568.6300 191.5900 621.8457 399.8039 362.0400 400.6300
frame00512.jpg 343.2900 163.6800 568.0600 189.2500 620.5200 400.3600 361.2900 399.5100
frame00513.jpg 342.8600 162.4000 567.8700 186.9000 619.6800 399.1600 361.1800 400.3000
frame00514.jpg 342.6600 161.5300 567.8800 184.7200 619.1200 397.9500 361.6600 401.9800
frame00515.jpg 342.5900 161.1200 567.2100 182.6200 618.9900 395.6100 363.2600 402.5400
frame00516.jpg 342.2300 161.1100 565.2200 179.8400 618.9200 391.1400 366.4600 402.5700
frame00517.jpg 341.8600 161.0200 562.5900 175.7900 619.0300 385.4500 370.6700 402.7200
frame00518.jpg 341.9600 161.2400 560.0200 171.8700 619.4700 379.4600 376.1900 403.2300
frame00519.jpg 342.5800 162.1100 557.4700 167.5300 620.5500 372.9200 382.9800 404.4200
frame00520.jpg 344.6788 161.7266 554.8900 162.9400 622.2256 363.8056 390.1600 404.7400
frame00521.jpg 344.0551 162.9740 552.0500 159.4700 625.9678 356.3212 397.1500 403.8300
frame00522.jpg 344.6788 164.8451 549.4800 157.4200 627.8389 349.4605 403.0200 401.5600
frame00523.jpg 344.6788 166.0925 547.2100 156.4900 628.4626 344.4709 407.1600 398.4100
frame00524.jpg 344.6788 166.0925 546.1300 156.7000 630.3337 342.5998 408.0300 395.6300
frame00525.jpg 342.1840 164.8451 546.9200 157.7600 630.9574 342.5998 405.3700 392.0300
frame00526.jpg 342.1840 162.9740 548.2700 159.6900 632.8285 342.5998 401.9100 387.1000
frame00527.jpg 341.5603 162.3503 549.4100 162.1000 632.8285 343.2235 398.6500 381.0700
frame00528.jpg 341.5603 161.7266 550.2700 164.8200 634.6996 343.2235 395.0800 376.1700
frame00529.jpg 340.3129 161.1029 551.6000 168.1000 635.3233 346.3420 391.2000 371.8600
frame00530.jpg 339.6892 161.1029 553.3600 171.8800 635.9470 348.2131 386.6700 367.6700
frame00531.jpg 339.6892 160.4792 555.5300 175.5200 635.9470 351.3316 381.8700 363.6600
frame00532.jpg 340.9366 159.2318 558.7900 179.8300 635.9470 355.6975 376.5600 360.0100
frame00533.jpg 341.5603 158.6081 562.6400 184.8000 636.5707 362.5582 370.7600 356.1700
frame00534.jpg 344.0551 157.3607 566.5200 189.3800 635.3233 368.1715 362.7661 350.0842
frame00535.jpg 345.3025 154.8659 570.5800 194.2300 634.0759 371.9137 356.5291 342.5998
frame00536.jpg 347.7973 151.7474 573.8700 198.3200 632.8285 376.2796 352.1632 334.4917
frame00537.jpg 348.4210 148.0052 576.9500 201.9900 629.7100 380.6455 347.1736 326.3836
frame00538.jpg 350.9158 143.6393 579.7900 205.2400 625.3441 385.0114 339.6892 318.2755
frame00539.jpg 352.1632 139.2734 582.2700 208.0800 620.3545 388.7536 332.2048 310.7911
frame00540.jpg 353.4106 134.9075 584.5000 210.9300 615.3649 392.4958 325.9678 302.6830
frame00541.jpg 354.6580 130.5416 586.3100 213.8300 609.1279 396.2380 318.4834 295.1985
frame00542.jpg 355.2817 124.9283 587.9900 216.6300 602.8909 398.7328 310.9990 285.8430
frame00543.jpg 357.1528 121.1861 589.4000 219.2700 596.0301 400.6040 305.3857 275.2401
frame00544.jpg 359.0239 116.8202 590.9000 221.4800 591.0405 400.6040 299.7723 265.8846
frame00545.jpg 361.5187 111.2069 592.5600 222.9200 584.1798 403.0988 295.4064 257.1528
frame00546.jpg 362.7661 105.5936 593.8700 223.2100 577.9428 404.3462 291.0405 249.6684
frame00547.jpg 363.6400 100.0800 594.2400 223.0400 571.0821 405.5936 286.0509 242.1840
frame00548.jpg 364.4600 93.7050 594.1500 222.4600 562.9740 405.5936 281.0613 235.3233
frame00549.jpg 364.9700 87.3430 594.1900 221.5700 554.8400 409.3900 276.0717 231.5811
frame00550.jpg 365.6100 81.6900 594.2800 221.3000 547.6400 412.5900 272.9532 227.8389
frame00551.jpg 366.3300 76.6040 593.9800 222.2600 539.8400 417.2700 267.9636 225.3441
frame00552.jpg 367.1700 71.8920 593.6900 224.3300 531.4600 423.9400 264.2214 224.7204
frame00553.jpg 368.0400 67.9930 593.1900 227.6500 522.4600 431.4400 259.8555 225.3441
frame00554.jpg 368.8500 64.4500 592.3600 231.1400 513.3700 438.1400 256.7370 225.3441
frame00555.jpg 369.9500 61.8190 591.2000 236.1200 503.8900 445.0700 253.6185 225.3441
frame00556.jpg 371.0900 59.7810 589.2200 242.3800 494.2700 451.7400 249.2600 225.1600
frame00557.jpg 372.0000 57.9960 587.2700 248.8000 486.2600 457.5000 246.7100 223.4400
frame00558.jpg 373.4400 56.7330 585.8200 255.2900 479.9600 462.6200 245.1400 221.7400
frame00559.jpg 375.1300 56.0600 584.9300 261.2500 475.1900 467.7000 244.2900 220.9800
frame00560.jpg 376.8700 55.6410 584.4200 267.2600 471.0900 473.8200 243.8000 221.8600
frame00561.jpg 378.5000 55.6080 583.4200 274.4000 466.2100 480.8400 242.9600 223.4600
frame00562.jpg 379.5200 56.1760 582.4800 281.8200 461.8700 488.0000 241.9900 226.4700
frame00563.jpg 380.3200 56.8420 581.4800 289.0500 458.0000 494.6600 240.9300 229.8300
frame00564.jpg 380.5700 57.9420 580.2700 295.8700 454.9100 501.2900 239.5100 234.6500
frame00565.jpg 379.8400 59.5100 579.3800 301.5500 452.9100 506.6600 238.3200 241.3900
frame00566.jpg 378.8500 61.5210 578.4200 306.1900 451.7000 510.3800 237.1200 247.9200
frame00567.jpg 377.2500 64.1140 577.8300 309.8500 451.3200 513.8800 236.0800 256.1600
frame00568.jpg 374.6000 67.7300 577.2600 312.4900 451.8900 515.5700 235.2100 266.3900
frame00569.jpg 371.8900 71.9540 576.8300 313.0200 453.4800 515.0800 234.8500 276.1600
frame00570.jpg 369.2800 76.5090 576.4500 312.1400 455.9700 513.4700 234.9700 285.8000
frame00571.jpg 366.6300 81.3480 576.2900 310.1700 459.1200 510.8900 235.5800 295.8000
frame00572.jpg 364.4900 86.4620 576.7200 307.2500 462.8400 507.3700 237.4023 307.6726
frame00573.jpg 362.7200 91.7890 577.8700 303.5800 467.4300 504.0400 239.3400 316.0200
frame00574.jpg 361.7200 97.4760 579.6200 299.1100 472.7500 500.0500 241.7682 327.6310
frame00575.jpg 361.1100 102.2000 581.9700 293.3100 479.1700 496.0200 245.5104 337.6102
frame00576.jpg 361.2200 105.5600 584.6900 286.1000 486.0300 491.5700 250.5000 345.0946
frame00577.jpg 361.2900 107.6200 587.0800 278.4700 492.4600 486.5800 255.4896 351.3316
frame00578.jpg 360.4300 109.7400 588.7700 270.3800 498.1800 480.8100 259.8555 358.1923
frame00579.jpg 359.0100 113.0500 590.4000 262.3900 503.5700 474.2000 264.8451 364.4293
frame00580.jpg 357.5400 117.3700 591.3200 254.8000 508.1900 467.5800 269.2110 371.9137
frame00581.jpg 356.3800 123.7300 592.0600 248.9100 512.0300 461.6100 275.4480 380.0218
frame00582.jpg 355.4600 132.1000 592.9100 244.4200 515.1300 456.1600 276.6954 390.0010
frame00583.jpg 354.7200 140.6500 593.5200 241.3400 517.3600 452.2700 279.1902 398.1091
frame00584.jpg 353.8200 149.4300 594.1300 240.6400 518.5800 449.4600 282.3087 403.7225
frame00585.jpg 353.2900 157.9800 594.8100 239.9600 519.7700 446.4200 284.1798 411.2069
frame00586.jpg 352.6400 166.7000 596.0800 240.1000 520.7800 443.4000 285.4272 415.5728
frame00587.jpg 352.6400 173.4300 597.2775 240.9366 522.2700 439.8500 287.2983 418.6913
frame00588.jpg 352.9900 178.3700 598.5249 239.0655 523.5300 435.8300 287.2983 421.1861
frame00589.jpg 353.3600 183.2700 600.3960 237.8181 524.2600 432.0000 289.1694 423.6809
frame00590.jpg 354.0000 189.3800 601.6435 239.0655 524.2100 428.7500 292.2879 423.6809
frame00591.jpg 354.5600 196.7400 603.5146 241.5603 523.6900 425.9900 289.7931 426.1757
frame00592.jpg 355.4700 205.0000 605.3857 244.0551 523.0600 423.3100 291.6642 428.0468
frame00593.jpg 356.4400 212.8600 606.0094 246.5499 522.7100 420.4900 290.4168 430.5416
frame00594.jpg 356.8900 217.7200 607.8805 247.1736 523.0600 417.8800 292.2879 431.1653
frame00595.jpg 357.8200 219.5600 608.5042 245.3025 524.1400 414.8200 292.2879 431.7890
frame00596.jpg 358.7600 220.4500 610.9990 242.8077 525.2700 410.9800 292.9116 431.1653
frame00597.jpg 360.3900 218.6500 610.9990 237.8181 526.7700 406.0800 296.6538 428.6705
frame00598.jpg 362.5800 215.2400 610.9990 230.3337 528.8800 401.1600 300.3960 428.0468
frame00599.jpg 365.1300 211.1300 612.8701 222.2256 530.9700 395.4400 304.1383 427.4231
frame00600.jpg 368.1400 206.8000 612.8701 212.2464 533.1200 389.1600 308.5042 428.6705
frame00601.jpg 371.8400 204.2100 612.2464 202.8909 535.0400 382.9100 313.4938 428.6705
frame00602.jpg 375.8300 201.8200 612.2464 194.7827 537.0000 377.3000 319.1071 428.6705
frame00603.jpg 379.7000 197.8300 612.2464 186.6746 539.3400 372.0800 324.0967 430.5416
frame00604.jpg 383.6900 193.9300 610.9990 177.3191 541.7900 367.5400 330.9574 432.4127
frame00605.jpg 387.5300 192.3600 610.3753 170.4584 543.7400 363.5700 337.1944 434.2838
frame00606.jpg 391.5200 193.0300 609.7516 164.2214 545.0700 360.0500 343.4314 437.4023
frame00607.jpg 396.1400 196.9500 609.1279 162.3503 545.6100 356.9100 347.7973 440.5208
frame00608.jpg 401.9200 202.3400 609.1279 160.4792 545.8200 354.1900 353.4106 443.0156
frame00609.jpg 408.4400 207.3700 609.7516 159.8555 546.0800 351.8400 357.7765 446.7578
frame00610.jpg 414.9700 210.3800 609.1279 157.9844 546.3000 349.1300 365.2609 448.6289
frame00611.jpg 421.6600 210.5800 607.8805 155.4896 547.0300 346.2400 370.2505 451.1237
frame00612.jpg 427.6600 208.1700 606.0094 148.6289 547.7300 343.0600 378.3586 452.3711
frame00613.jpg 433.6200 204.4900 603.5146 144.8867 548.6300 339.9000 385.8430 452.3711
frame00614.jpg 439.0100 200.2300 605.3857 139.8971 549.4900 336.7300 392.0800 451.7474
frame00615.jpg 444.3600 196.3700 602.2672 136.7786 550.4000 333.7200 400.1881 451.7474
frame00616.jpg 449.8700 193.0900 601.6435 132.4127 550.6200 330.4800 405.8015 451.1237
frame00617.jpg 454.4800 189.0800 598.5249 128.6705 550.9000 327.4600 412.6622 449.2526
frame00618.jpg 457.5200 184.7200 597.2775 124.9283 551.4300 325.2100 418.2755 447.3815
frame00619.jpg 458.9700 180.0700 595.4064 121.8098 551.9300 323.5200 421.3940 446.1341
frame00620.jpg 459.1400 175.4300 593.5353 118.0676 551.9800 322.2800 423.2651 446.7578
frame00621.jpg 457.3300 170.4900 591.0405 115.5728 551.9100 321.5500 424.5125 443.0156
frame00622.jpg 453.5800 164.6800 585.4272 111.8306 551.8100 321.1800 424.5125 441.7682
frame00623.jpg 449.0300 160.4000 582.9324 111.2069 551.1900 321.5200 422.0177 440.5208
frame00624.jpg 444.5200 157.9000 579.1902 109.3358 550.2300 322.1800 418.8992 438.6497
frame00625.jpg 438.5200 155.5400 577.3191 109.3358 549.6200 323.2300 413.9096 436.7786
frame00626.jpg 429.9500 151.4800 575.4480 108.0884 550.1900 324.3700 407.6726 434.2838
frame00627.jpg 419.7500 146.1100 574.8243 106.8410 551.3900 326.7900 399.5644 430.5416
frame00628.jpg 407.4800 140.3200 575.1300 105.5600 552.7200 330.5300 387.7141 428.0468
frame00629.jpg 394.4400 134.2700 574.5400 106.8400 553.4700 335.2700 377.1400 423.2900
frame00630.jpg 382.0300 128.5500 573.3700 108.7700 553.0500 340.3700 365.9000 419.5700
frame00631.jpg 369.4000 123.3000 571.3500 111.6300 552.2900 345.5600 353.7600 416.0200
frame00632.jpg 357.1100 117.8400 569.8000 113.8700 552.0800 350.7300 342.3400 411.7100
frame00633.jpg 345.3100 113.1200 569.0800 116.8400 551.7100 357.0400 330.1800 407.9500
frame00634.jpg 334.2200 109.9500 568.7000 120.8100 550.5400 364.0700 318.1300 404.6000
frame00635.jpg 324.2400 108.0900 568.0800 124.7200 549.0000 370.4200 307.0300 401.5000
frame00636.jpg 314.8000 106.1300 567.1500 127.9500 547.4600 376.4200 296.4200 398.2300
frame00637.jpg 305.6400 103.9700 565.4500 130.1000 545.4700 381.1100 286.7200 394.9000
frame00638.jpg 297.2500 101.6100 563.1000 131.2600 543.0900 384.6700 277.4700 390.8600
frame00639.jpg 288.9800 98.0810 559.8000 131.0500 540.0200 386.9200 268.6400 386.0500
frame00640.jpg 281.3400 94.2990 555.7400 129.7700 536.5300 387.9600 260.8200 381.3900
frame00641.jpg 274.4700 91.2640 551.2100 128.4000 532.4400 388.9100 253.4200 377.6000
frame00642.jpg 267.3700 89.4420 546.1600 127.9700 527.6700 390.3400 245.8600 375.5300
frame00643.jpg 260.5600 89.2010 541.3100 128.6200 522.3400 392.2100 238.6500 374.3100
frame00644.jpg 254.0800 88.9500 535.7300 129.2400 517.2000 393.6200 231.3900 372.7600
frame00645.jpg 247.5500 88.4920 529.9100 129.2200 512.0100 394.7200 224.4600 371.7600
frame00646.jpg 241.1600 89.0270 524.1800 129.7900 506.4600 396.5500 217.6800 372.0300
frame00647.jpg 234.8200 90.5150 518.9000 131.4600 500.9400 399.1400 211.1500 373.0700
frame00648.jpg 228.8500 92.3040 514.0500 133.5100 495.2700 402.3100 204.6700 373.9000
frame00649.jpg 223.1300 93.3210 509.1600 135.5200 489.5000 405.3300 197.9800 373.7200
frame00650.jpg 217.5300 93.5100 504.1800 136.9100 483.7000 407.6900 191.4500 372.8900
frame00651.jpg 212.3800 93.5620 499.1100 137.8800 477.6900 409.8700 185.2300 371.7600
frame00652.jpg 207.1500 93.8760 493.8500 139.0700 471.2600 412.5300 179.0800 370.8200
frame00653.jpg 201.9400 94.2890 488.3400 140.2600 464.5700 414.8400 173.1200 369.7500
frame00654.jpg 196.7800 94.5740 482.5500 141.1400 457.6800 416.7900 167.2200 368.4100
frame00655.jpg 191.7600 94.7260 476.4200 141.6000 450.6400 418.0800 161.7500 366.8600
frame00656.jpg 187.3500 94.8790 470.0600 142.1300 443.4400 419.9400 156.6400 364.9500
frame00657.jpg 183.1400 95.0170 463.6100 143.0100 436.2500 421.2900 152.2800 363.1500
frame00658.jpg 179.5000 95.2550 457.5500 143.2600 429.5100 422.2000 148.4800 361.1000
frame00659.jpg 176.3500 94.8360 451.7000 143.6500 422.3300 423.7100 144.5900 359.2900
frame00660.jpg 173.6400 95.2040 445.6700 144.9400 415.0000 426.6200 141.0600 357.6900
frame00661.jpg 171.4900 95.9550 439.7200 147.5500 407.4100 430.7900 138.1800 356.6700
frame00662.jpg 169.4200 97.2700 433.6200 151.0600 400.1400 435.1400 135.7000 355.9900
frame00663.jpg 167.2800 98.8280 427.6000 154.8100 393.0700 439.3900 133.9900 355.7100
frame00664.jpg 165.6300 100.3500 422.2000 157.9500 386.4400 442.6000 132.2200 354.7600
frame00665.jpg 164.1600 101.2000 416.5300 160.3900 379.7700 445.0700 130.1400 353.7400
frame00666.jpg 162.8600 102.1800 411.6800 161.1700 374.5400 445.7500 127.9700 352.8100
frame00667.jpg 161.4400 102.4800 407.2800 161.1500 369.4100 445.9400 125.5800 352.1900
frame00668.jpg 160.5700 102.8200 402.8400 161.2400 363.3500 446.2600 122.6200 350.9400
frame00669.jpg 160.4000 102.7300 398.9400 161.4100 356.8400 447.0700 119.3800 349.3600
frame00670.jpg 161.2700 102.7200 395.6400 162.9800 350.0600 448.3600 116.5900 347.0500
frame00671.jpg 163.5000 102.1000 393.4700 165.0900 343.8500 449.3600 114.5400 343.4200
frame00672.jpg 166.9700 100.7600 392.5900 167.5900 337.4200 450.5300 112.5500 338.6800
frame00673.jpg 170.8000 99.3660 391.9200 171.2500 331.0400 452.4200 111.0200 334.0100
frame00674.jpg 174.5300 98.3610 391.6800 175.5800 325.6300 454.4500 109.7800 329.8100
frame00675.jpg 178.0700 97.7260 392.0700 180.5500 321.4900 457.3300 109.0300 326.0700
frame00676.jpg 181.3500 97.4260 393.4500 184.6500 319.5800 458.9200 109.1500 323.2200
frame00677.jpg 185.7200 97.1070 396.4200 187.8200 318.8200 459.6300 109.8100 319.9000
frame00678.jpg 191.1300 96.5440 400.1500 190.3300 318.2300 459.3000 110.6700 315.8700
frame00679.jpg 197.2200 95.8270 404.4400 192.0000 317.9200 456.9600 112.0200 311.2600
frame00680.jpg 204.1600 94.6480 409.4600 192.7100 317.4700 452.7900 113.0900 304.7300
frame00681.jpg 211.2400 93.2860 414.0300 193.2900 316.9700 448.9100 114.5400 297.9800
frame00682.jpg 217.3500 92.2960 417.7500 194.3600 316.3500 446.2000 116.3200 292.2200
frame00683.jpg 222.4200 91.7200 421.0000 195.9400 316.1500 443.8600 117.7700 287.5500
frame00684.jpg 227.0100 91.3300 424.2700 197.6700 316.2600 441.9800 119.0400 282.8400
frame00685.jpg 231.5500 90.8710 427.9700 200.0700 316.6300 440.4500 120.0400 278.1900
frame00686.jpg 235.8400 90.5360 431.3600 203.2400 317.6400 440.4200 121.2100 274.4700
frame00687.jpg 239.8300 90.5360 435.0100 206.4900 319.2000 440.6100 122.9600 271.6500
frame00688.jpg 244.1300 91.0010 439.1500 209.8900 321.7700 440.9700 125.2200 268.8900
frame00689.jpg 248.8000 91.5170 443.5600 213.3500 325.0600 441.0000 127.6100 266.2000
frame00690.jpg 253.0200 92.0000 448.5100 215.2200 330.2100 440.0800 130.8200 264.3600
frame00691.jpg 257.2700 92.3470 454.4000 215.4800 337.0400 437.5200 134.7000 262.4800
frame00692.jpg 262.0500 92.7140 460.6700 216.2600 344.3700 435.5500 138.5700 260.2800
frame00693.jpg 265.8800 92.7890 466.7900 216.6100 353.2900 434.7200 142.6400 259.7900
frame00694.jpg 269.3400 92.9290 473.3300 216.7300 362.7300 434.2300 146.9800 260.0800
frame00695.jpg 273.3700 93.1320 479.4900 218.4200 370.4400 434.7700 150.6800 259.2700
frame00696.jpg 276.5200 93.1590 484.7400 220.3100 377.9400 437.1100 154.1400 260.0200
frame00697.jpg 278.9500 93.0190 490.2100 220.9000 386.4200 439.3100 158.4700 262.5300
frame00698.jpg 282.0800 92.7740 495.7400 221.9500 394.1600 440.7200 162.5100 263.5200
frame00699.jpg 285.7600 92.3960 501.0200 223.8500 401.0000 442.5700 166.4600 263.5400
frame00700.jpg 289.8600 92.2580 506.7400 226.0400 408.5400 445.5200 171.3900 264.3700
frame00701.jpg 294.4000 92.1160 513.2700 228.3400 417.2600 447.9100 177.0600 265.5000
frame00702.jpg 299.8400 91.8900 520.2000 230.7800 426.6700 450.1200 183.4600 265.9100
frame00703.jpg 305.8700 91.9970 527.9100 233.3900 437.7600 452.1900 190.8000 266.5000
frame00704.jpg 312.7100 92.1130 536.7600 235.7200 450.9000 453.0300 199.9800 266.8700
frame00705.jpg 321.0000 92.4840 546.0200 238.6300 464.7400 453.3900 210.2400 265.8400
frame00706.jpg 329.7700 93.3780 555.1200 241.8800 479.1000 453.6100 221.0600 264.4500
frame00707.jpg 338.3000 94.4130 563.6600 244.6600 493.9600 452.8700 232.7800 263.5800
frame00708.jpg 346.9600 95.8650 571.5400 247.1000 509.0400 451.2800 245.6000 262.0900
frame00709.jpg 354.8000 97.0090 578.2600 247.8600 524.7600 447.9300 259.2300 261.3500
frame00710.jpg 363.3898 97.4854 583.9900 247.3200 540.6600 444.3100 274.0500 261.7400
frame00711.jpg 370.2505 98.1091 589.4900 245.9300 555.4400 441.2900 289.1700 264.5300
frame00712.jpg 377.1112 100.6040 595.0700 243.9800 568.8000 440.2500 303.5146 269.0031
frame00713.jpg 382.9200 103.0800 600.4100 241.9300 580.1700 439.3500 316.5700 276.8400
frame00714.jpg 388.8400 105.0000 605.3500 239.7400 590.2300 438.7500 328.3600 283.7700
frame00715.jpg 394.3100 106.6900 609.8200 237.2500 598.8700 438.1800 339.1700 290.7700
frame00716.jpg 399.7300 108.4900 614.1200 234.8400 607.1100 437.5000 349.7700 297.5700
frame00717.jpg 405.5500 110.0000 618.4400 232.5400 615.5500 436.2300 360.8300 303.1600
frame00718.jpg 412.0385 109.9595 622.3400 230.2400 623.7000 434.7300 371.8500 308.2200
frame00719.jpg 418.2755 111.8306 626.2500 227.6200 630.5000 432.7600 382.4800 312.9900
frame00720.jpg 423.8888 111.8306 629.9800 224.6600 636.3600 430.6700 391.7500 317.0600
frame00721.jpg 428.8900 112.7600 634.1000 221.5500 641.3100 429.0500 399.2800 321.2200
frame00722.jpg 434.4917 111.8306 638.2100 218.0500 645.1200 428.1900 405.8300 326.0400
frame00723.jpg 438.6900 111.9700 642.4200 214.3800 648.1000 426.3800 411.2100 330.2500
frame00724.jpg 442.7200 110.8200 645.9900 209.7200 650.4500 423.7700 415.8700 334.0100
frame00725.jpg 446.2300 109.6500 649.0300 205.0300 651.8200 421.1700 419.9600 338.4200
frame00726.jpg 449.3600 108.7900 652.2000 200.3900 652.0600 418.7300 423.0200 342.6600
frame00727.jpg 451.6200 108.1600 654.7800 196.0700 652.1600 416.6400 424.6400 346.1000
frame00728.jpg 453.1800 107.5600 657.0000 192.2800 652.0800 414.5000 425.4600 348.8300
frame00729.jpg 454.2600 106.8100 658.2900 189.1300 651.8100 411.9400 426.2000 350.6500
frame00730.jpg 454.3500 105.9000 659.0600 185.6300 651.1800 409.1600 426.4800 351.9800
frame00731.jpg 454.1800 105.2100 659.1100 182.4000 650.1500 407.0500 425.5500 353.2200
frame00732.jpg 452.6500 104.8800 659.2100 179.3800 649.0300 405.2900 424.3600 354.7200
frame00733.jpg 451.3000 105.1000 659.1500 177.1500 646.9700 403.8100 422.3700 356.9600
frame00734.jpg 449.6800 106.1700 658.1900 175.3600 644.3500 402.4200 420.5100 359.4000
frame00735.jpg 447.9600 107.5000 657.5900 173.7000 641.8400 401.5400 418.4300 361.6000
frame00736.jpg 445.9000 108.6500 656.9200 172.4600 639.1900 400.8300 415.9900 364.5400
frame00737.jpg 443.6800 110.2900 656.4600 171.5500 637.1500 400.5300 413.5700 366.9100
frame00738.jpg 441.2100 110.9900 656.0800 170.5900 635.4300 400.4000 410.8400 368.6300
frame00739.jpg 438.7600 112.3500 656.0100 170.0000 633.6300 401.0800 407.4700 371.1500
frame00740.jpg 436.6500 114.9600 655.8900 170.0200 630.8600 401.5800 403.5400 374.1700
frame00741.jpg 433.7000 117.4800 655.2900 169.7600 628.0000 401.2000 399.8500 376.9800
frame00742.jpg 430.0100 119.4000 654.0300 168.3500 625.4000 399.4000 396.6300 378.4100
frame00743.jpg 425.9400 119.7400 651.4800 165.3600 623.0100 396.1700 393.9100 378.7400
frame00744.jpg 421.6700 118.7100 648.2900 161.2700 620.7100 392.5900 390.8100 378.4000
frame00745.jpg 416.6700 117.5000 645.2300 157.6600 617.6200 389.6300 386.5100 378.0800
frame00746.jpg 411.4000 116.1600 642.0000 154.3600 614.5900 386.7900 382.2800 377.1400
frame00747.jpg 406.4400 113.8700 638.4800 150.6800 612.2400 383.8600 378.6200 375.8700
frame00748.jpg 401.4500 111.2700 635.0900 147.0200 609.9400 381.7000 374.7000 374.6700
frame00749.jpg 396.3800 109.9300 632.0500 144.4600 607.1300 380.4800 370.7000 374.5800
frame00750.jpg 391.6700 109.6400 628.7600 143.0200 604.0600 379.2600 366.7600 374.9300
frame00751.jpg 386.9600 109.0000 624.9600 140.8800 601.2900 377.7200 363.0300 375.2400
frame00752.jpg 381.9700 108.5600 621.0600 138.5100 598.4200 375.8800 359.6100 375.9100
frame00753.jpg 377.4400 108.2100 617.0200 136.1100 595.5800 373.7600 356.5500 376.4400
frame00754.jpg 373.1700 107.3300 613.1600 133.3200 593.0200 371.5200 353.8600 376.6400
frame00755.jpg 369.2700 106.5600 609.6200 131.0200 590.5800 369.9100 351.2800 377.1000
frame00756.jpg 365.9500 106.0800 606.6000 129.5000 588.4600 368.8900 348.9400 377.1100
frame00757.jpg 363.2100 105.3400 604.2800 128.6100 586.7000 368.5200 346.8100 377.3700
frame00758.jpg 361.0700 105.2900 602.1100 128.2600 585.0200 368.5400 345.0000 378.3100
frame00759.jpg 358.8100 105.6400 599.6000 128.1000 583.3800 368.4400 343.3100 379.6100
frame00760.jpg 356.6900 106.4100 597.3500 127.9800 581.9500 368.9500 341.7200 381.5500
frame00761.jpg 354.4900 107.7300 595.5200 128.8600 580.4000 370.0000 339.5800 383.4400
frame00762.jpg 351.9500 108.8100 593.5600 129.5100 578.7900 371.4500 337.1700 385.3100
frame00763.jpg 348.9700 110.1500 591.7000 130.2800 577.0700 372.8500 334.5400 387.6300
frame00764.jpg 344.9500 111.7800 588.7400 130.7600 574.7000 373.5600 331.1000 390.1200
frame00765.jpg 340.1700 113.4500 586.0400 130.1500 571.9700 373.7000 327.4500 392.5300
frame00766.jpg 335.6500 115.0500 582.5100 129.7100 569.4300 373.6300 324.3300 395.2400
frame00767.jpg 331.0700 117.1900 579.1400 128.7100 567.0100 372.7700 321.6200 398.4400
frame00768.jpg 326.8100 119.3500 575.6500 127.6300 564.7900 371.5700 318.9200 401.5000
frame00769.jpg 322.6400 120.5900 571.9200 126.5800 561.5900 370.8100 316.0100 403.6700
frame00770.jpg 318.2200 121.5800 568.1400 126.6000 558.0700 371.2700 311.9000 405.0400
frame00771.jpg 314.0400 121.3800 564.9700 127.2800 555.1800 372.0800 308.0700 404.8300
frame00772.jpg 310.3600 120.3900 562.9900 127.7600 553.4700 372.9800 303.9000 402.5700
frame00773.jpg 306.8200 117.3300 563.0900 127.6300 553.8300 374.4500 299.3700 397.2500
frame00774.jpg 303.7500 112.2700 564.9200 126.7700 555.9800 376.6400 294.8100 389.6900
frame00775.jpg 301.7000 107.2700 567.5000 125.9500 558.0500 379.2500 290.7300 381.9600
frame00776.jpg 300.3500 103.3400 569.8700 125.4800 558.7700 381.8000 287.1200 375.1200
frame00777.jpg 299.2400 101.0500 571.1500 125.0100 558.6100 383.5100 284.2900 370.1400
frame00778.jpg 298.3700 100.1700 571.4900 125.0000 557.5500 385.8600 281.9100 366.5000
frame00779.jpg 297.2300 99.6800 571.6500 125.3500 556.5100 387.8100 280.1300 363.5700
frame00780.jpg 297.3700 99.1510 571.9400 125.2600 556.0200 389.2900 279.4700 360.9700
frame00781.jpg 297.1600 99.0740 572.0300 125.2300 554.9400 390.3800 278.5500 359.1400
frame00782.jpg 296.3700 98.9750 570.8300 124.8900 552.9300 391.0600 277.0700 357.6100
frame00783.jpg 294.2800 98.7490 568.7900 124.5400 550.5600 391.1400 275.1000 356.5800
frame00784.jpg 291.8100 99.1370 566.1700 123.8000 548.5200 390.8900 273.4100 356.6900
frame00785.jpg 289.4700 99.6940 564.0600 123.1600 547.1900 391.0900 272.0800 357.3600
frame00786.jpg 288.1400 100.7100 563.1100 123.7900 546.4700 392.9600 271.1500 358.8200
frame00787.jpg 286.6800 102.1300 562.4000 125.6900 545.1700 395.1500 269.7500 360.4800
frame00788.jpg 284.7100 103.5000 560.9800 127.0700 543.5400 396.2400 268.4000 361.6300
frame00789.jpg 282.4900 104.4400 558.7800 127.8400 541.3100 395.9400 266.4300 362.7900
frame00790.jpg 279.5200 105.4100 555.4000 127.7700 538.6900 394.9500 264.0800 363.7000
frame00791.jpg 276.3500 106.5700 551.6600 128.1900 535.7400 395.0400 261.2000 365.0600
frame00792.jpg 273.4100 107.3400 548.4100 129.4000 532.8400 396.0000 257.9700 365.9200
frame00793.jpg 271.1400 107.2200 546.0400 130.5700 530.5500 396.3200 255.2400 366.1800
frame00794.jpg 269.1100 107.1500 544.0800 130.9700 528.7000 396.3300 253.6500 366.6200
frame00795.jpg 267.9000 107.8300 542.7600 132.2100 527.3100 396.1600 253.0500 367.2300
frame00796.jpg 267.1300 108.7300 541.1500 133.0200 526.1400 394.9700 252.9600 367.7900
frame00797.jpg 267.2400 109.4700 539.6500 133.4500 525.4100 393.4100 253.2400 367.8900
frame00798.jpg 267.1700 109.7100 538.2600 134.2500 523.6000 392.9400 252.0100 368.0100
frame00799.jpg 265.1900 109.8500 535.4400 135.5200 520.3900 393.3800 249.0300 367.8300
frame00800.jpg 262.0500 110.0800 532.1300 135.1800 517.7600 391.8500 247.5400 368.0800
frame00801.jpg 260.6500 111.7300 530.2600 134.8600 516.3700 390.0300 247.8300 367.9900
frame00802.jpg 260.1800 111.0100 528.5600 135.0300 514.0400 389.8800 246.5600 365.6300
frame00803.jpg 260.2200 110.2700 527.4300 136.1300 511.9500 390.7800 245.6500 363.0100
frame00804.jpg 260.8500 108.5100 527.1000 136.8400 510.4500 391.3900 244.9400 360.0000
frame00805.jpg 261.2400 107.4000 526.9800 137.6900 508.9800 392.1500 244.4800 357.8400
frame00806.jpg 261.3600 105.2100 527.1400 138.1500 507.6600 392.4000 243.7200 354.6400
frame00807.jpg 262.1200 102.5000 528.0700 138.3700 507.0100 392.3200 243.9100 351.2300
frame00808.jpg 264.1100 99.1320 529.6500 137.8900 507.1300 391.4600 244.4400 347.5100
frame00809.jpg 265.6800 97.8590 530.4200 137.2700 507.3700 391.5700 245.2600 346.8300
frame00810.jpg 265.0000 100.8000 528.9500 137.7700 506.5400 392.6000 245.5400 349.2300
frame00811.jpg 261.9000 106.2000 525.0000 138.9500 504.1300 394.1200 244.7400 353.3400
frame00812.jpg 257.5900 112.0800 519.3200 140.7000 500.3900 395.7400 242.4600 357.4600
frame00813.jpg 252.0100 117.2800 512.7300 142.2600 496.0700 396.5900 239.1200 361.4000
frame00814.jpg 246.8500 122.4700 506.0800 143.0000 492.5000 396.6900 236.2500 365.7200
frame00815.jpg 242.5600 126.5900 500.5100 142.9600 489.7500 396.1500 233.8700 368.7000
frame00816.jpg 239.5400 128.5200 496.8000 142.6500 487.7100 395.5700 231.9700 369.7600
frame00817.jpg 238.2100 127.8800 495.2000 142.3400 486.2700 395.1300 230.6500 368.6700
frame00818.jpg 237.7700 125.6900 494.9900 142.0000 485.2800 394.7100 229.8100 366.4100
frame00819.jpg 238.1000 123.0400 495.6200 141.4500 484.9300 394.0400 229.4100 363.8100
frame00820.jpg 238.6500 120.4000 496.3900 140.4700 484.8100 393.1800 229.2200 361.6000
frame00821.jpg 238.9500 118.4300 496.8800 139.3100 484.8200 391.8900 229.2700 359.9000
frame00822.jpg 239.6400 116.7800 497.3400 138.0800 484.9500 391.0200 229.6300 358.1500
frame00823.jpg 240.4600 115.7900 497.7100 138.0800 484.6900 391.2600 230.0000 356.9600
frame00824.jpg 241.2100 115.0200 498.1800 138.6200 484.4700 391.8300 230.2200 355.6400
frame00825.jpg 242.1000 114.4400 498.6300 139.6300 484.1100 393.2700 230.4200 354.8800
frame00826.jpg 242.7800 114.3600 499.2200 141.2600 483.6600 394.9000 230.6500 354.1500
frame00827.jpg 243.2400 113.4500 499.9800 142.1800 483.6000 395.5100 230.5300 352.9000
frame00828.jpg 244.1800 111.7200 501.1800 141.8900 484.0100 394.9800 230.2900 351.5900
frame00829.jpg 244.8500 110.2500 502.2200 140.7600 484.8000 393.9000 230.5400 350.8300
frame00830.jpg 245.4700 109.4200 503.2800 139.4500 486.0100 392.6400 231.0800 350.4600
frame00831.jpg 246.2800 108.7100 504.0700 138.1500 487.1900 391.6000 231.5800 350.6100
frame00832.jpg 246.4200 109.4300 504.4400 137.7000 488.0400 391.5200 232.1300 351.8400
frame00833.jpg 246.1400 110.9000 504.3800 137.7600 488.8100 391.5400 232.7200 353.1800
frame00834.jpg 245.7000 111.9600 504.1900 137.2500 489.5400 390.8300 232.7300 354.8600
frame00835.jpg 244.9000 113.5000 503.6200 136.6000 490.1500 390.0400 232.8300 356.9700
frame00836.jpg 243.9700 115.3000 502.8600 136.3300 490.6500 389.5300 232.9100 359.1300
frame00837.jpg 243.5800 116.5700 502.4800 136.2100 490.9400 388.9000 232.8200 360.3300
frame00838.jpg 243.3000 117.0400 502.1700 135.9500 491.0800 388.2800 232.7800 360.9600
frame00839.jpg 243.4700 117.1900 502.2400 135.9200 491.2900 387.9700 233.0600 360.9600
