frame ulx uly urx ury lrx lry llx lly
frame00001.jpg 265.0000 119.0000 581.0000 119.0000 581.0000 411.0000 265.0000 411.0000
frame00002.jpg 266.5600 118.5700 582.9900 120.6900 581.0100 412.9900 265.4200 411.2300
frame00003.jpg 267.6900 118.6300 583.8100 122.3500 581.1900 413.6000 265.8800 410.9900
frame00004.jpg 269.4800 118.3500 585.0200 123.0900 582.0600 413.0100 267.3800 410.5500
frame00005.jpg 271.1200 118.8000 586.0400 124.1400 582.3700 413.2400 268.4200 411.0500
frame00006.jpg 271.6000 119.0400 586.1800 125.0900 581.9300 412.7000 268.6500 411.2200
frame00007.jpg 271.5900 119.1200 585.8900 124.9100 581.1300 411.8300 268.0500 411.2600
frame00008.jpg 269.9200 119.5100 584.5300 125.3400 579.2300 413.1400 265.8500 412.9100
frame00009.jpg 267.6800 120.4500 582.5200 126.7700 577.6600 413.7500 264.0200 413.7900
frame00010.jpg 266.1500 120.6400 581.5400 127.3900 576.5100 413.7000 262.9400 414.1800
frame00011.jpg 264.8200 119.7500 580.7300 126.4900 575.7100 412.5400 261.8700 414.0500
frame00012.jpg 264.0300 119.0200 580.4500 125.3500 575.5600 410.8000 261.6700 413.2100
frame00013.jpg 263.5200 117.7300 580.3100 124.5400 574.5600 410.9600 260.6900 413.3600
frame00014.jpg 262.3200 117.8900 579.4000 125.6000 573.0700 411.6500 259.2300 413.7000
frame00015.jpg 261.4800 117.4600 578.5500 126.5100 571.9900 412.1100 258.0900 413.3000
frame00016.jpg 261.4700 116.5800 578.6200 126.8900 571.3500 412.6200 257.5000 413.3000
frame00017.jpg 261.1000 117.1000 578.4600 128.8600 569.8900 414.1500 256.2100 414.4200
frame00018.jpg 260.5600 117.3300 577.8600 131.2100 568.5000 415.2500 255.1700 414.7400
frame00019.jpg 260.9000 116.5800 578.2500 131.8800 568.4200 414.9000 255.3600 414.2300
frame00020.jpg 261.9100 115.9900 579.4900 132.0300 568.8700 414.6100 255.9900 413.9900
frame00021.jpg 262.6400 115.7000 580.5100 132.5400 568.9200 415.2200 256.0400 414.2300
frame00022.jpg 262.6700 114.9900 580.9500 132.8900 568.3900 414.9800 255.3100 413.7300
frame00023.jpg 262.2600 113.5500 581.1400 132.6000 567.7600 414.3400 254.5400 412.6900
frame00024.jpg 262.3100 111.3800 581.6300 131.7200 567.5300 413.6500 254.2800 411.6500
frame00025.jpg 262.4600 110.5300 582.4100 131.4600 567.5800 412.7500 254.2500 411.2400
frame00026.jpg 262.6100 108.6100 583.0700 130.2500 567.3300 411.6600 253.9600 410.2900
frame00027.jpg 262.5700 107.5100 583.7800 129.9000 567.6100 411.5600 253.9100 410.2900
frame00028.jpg 263.4100 107.5600 585.3600 130.5600 568.3600 413.1500 254.1900 411.1300
frame00029.jpg 263.6000 107.3800 586.2100 131.5100 568.3100 414.0500 253.4700 411.1100
frame00030.jpg 263.0000 107.6000 586.5100 131.9100 568.4900 415.0200 253.3200 412.4300
frame00031.jpg 263.0500 108.6000 587.1200 132.8100 568.8300 416.0000 253.3200 413.6000
frame00032.jpg 263.2100 109.3700 587.8000 134.2300 568.7000 417.3000 253.1600 414.4600
frame00033.jpg 263.6900 109.6000 588.4800 135.0900 569.0300 417.2200 253.5400 414.3800
frame00034.jpg 264.5700 108.6600 589.4000 134.8100 569.1200 416.5300 253.8100 413.5700
frame00035.jpg 264.9300 108.0900 589.7100 135.1100 568.4900 416.4200 253.6500 413.9300
frame00036.jpg 265.3100 107.6800 590.1100 134.6700 568.5200 414.5600 254.1300 413.3700
frame00037.jpg 266.3700 106.4800 591.3000 133.4100 569.1100 413.0400 255.2200 412.7400
frame00038.jpg 267.3600 106.1800 592.3800 133.0600 569.5400 412.7600 255.9000 413.2900
frame00039.jpg 267.5300 106.7500 592.9900 133.3600 569.6600 412.7600 256.0000 414.2100
frame00040.jpg 267.4000 106.8500 593.3200 132.8200 570.0500 412.0000 256.2900 414.3800
frame00041.jpg 267.8100 106.7300 594.2200 131.9900 571.0500 411.0600 257.3500 414.4100
frame00042.jpg 268.9400 106.2900 595.4400 131.2300 571.8200 410.6600 258.3800 414.9400
frame00043.jpg 269.9000 106.7200 596.4800 131.7200 571.9300 410.2200 258.7800 415.0600
frame00044.jpg 270.7700 105.3900 596.9900 131.4200 571.4900 409.2000 258.8400 413.9800
frame00045.jpg 271.8300 104.0700 597.5900 131.2400 570.9700 408.3000 259.0400 412.9100
frame00046.jpg 272.8600 103.0400 597.7900 131.9400 569.7100 408.8000 258.6600 412.5700
frame00047.jpg 273.8800 102.7900 597.6400 134.1300 568.2400 410.0300 258.2000 412.6900
frame00048.jpg 275.5000 103.4900 598.1300 137.2800 566.8300 411.1700 258.1300 413.1500
frame00049.jpg 277.4300 104.0000 598.8500 139.5200 566.0300 411.7700 258.6600 413.6600
frame00050.jpg 280.2400 105.1600 600.3100 142.1400 565.8500 412.6300 259.8700 414.2300
frame00051.jpg 282.9900 106.3200 601.7600 144.8600 565.5800 414.7000 260.5300 415.9000
frame00052.jpg 285.0000 109.0800 602.8400 149.2200 565.2600 417.7400 260.9400 418.2100
frame00053.jpg 287.4700 111.3400 604.4300 153.0700 565.6200 420.4000 261.8700 419.5300
frame00054.jpg 289.8700 112.4900 606.1600 156.4400 565.7600 422.8100 262.6200 420.2100
frame00055.jpg 292.3500 113.0700 607.8300 159.0900 566.0000 423.7700 263.6200 420.0100
frame00056.jpg 295.3700 112.9800 609.9200 160.6400 566.1100 424.1600 264.8500 419.8100
frame00057.jpg 298.0600 111.9000 611.6900 161.5700 566.0600 423.5600 265.4100 418.1600
frame00058.jpg 300.1300 109.6400 613.3600 160.8500 566.4000 422.3500 266.1700 416.6600
frame00059.jpg 301.7800 108.5000 615.1900 160.1400 567.0600 421.4300 267.0600 416.0500
frame00060.jpg 302.5200 107.1600 616.3900 159.1400 567.2800 420.3800 266.8900 414.9500
frame00061.jpg 301.9700 105.5200 616.6400 157.6800 567.2000 419.2700 266.3000 414.1600
frame00062.jpg 301.3600 104.5200 616.8100 155.8200 567.1400 417.5200 266.1900 413.7400
frame00063.jpg 300.7000 103.4200 616.3400 154.4300 565.9600 416.2300 264.9900 413.1500
frame00064.jpg 299.6700 102.4900 615.4500 153.8100 564.5500 415.3700 263.6600 412.8400
frame00065.jpg 298.7400 101.6900 614.4600 153.3500 563.1100 414.8500 262.2500 412.7000
frame00066.jpg 297.6000 100.3400 613.1800 153.2000 561.0500 414.2900 260.1900 411.6000
frame00067.jpg 296.7800 98.8250 612.3600 153.2800 559.7200 413.9200 259.2600 410.8000
frame00068.jpg 297.0700 98.0630 612.2200 153.1400 558.9100 413.3800 258.7300 410.3900
frame00069.jpg 297.3500 97.7510 611.9800 153.4000 558.0600 412.8800 258.5400 410.3000
frame00070.jpg 298.0000 97.3910 611.8100 153.4200 557.2100 411.8400 258.4100 409.9400
frame00071.jpg 298.9900 96.1050 611.6000 152.1300 556.0600 409.4100 258.4300 408.6600
frame00072.jpg 300.0000 95.3370 611.1700 151.3800 554.7900 407.2800 258.5500 407.7000
frame00073.jpg 301.5700 93.8490 611.1400 150.3000 554.2000 406.5800 259.1200 407.3000
frame00074.jpg 303.5100 96.5630 611.5200 153.2900 553.8100 409.4600 259.9700 410.6500
frame00075.jpg 304.9900 100.1500 611.7400 156.9900 553.6400 411.9000 260.4000 413.2400
frame00076.jpg 306.1600 103.3800 611.9800 159.7300 553.9900 413.5800 261.3400 415.5300
frame00077.jpg 308.0700 105.8700 613.1900 161.1000 555.3400 414.5300 263.2800 417.7000
frame00078.jpg 309.5600 108.4100 614.0000 164.0000 556.0900 415.7400 264.3800 419.3700
frame00079.jpg 310.8900 109.6700 615.0000 166.0000 556.0200 416.8800 264.9400 420.5200
frame00080.jpg 312.5400 111.7700 614.0000 169.0000 554.8100 419.2700 264.9900 421.9500
frame00081.jpg 314.3300 112.6200 614.0000 171.0000 553.2700 419.8600 264.9300 421.6500
frame00082.jpg 316.7200 112.4300 615.0000 173.0000 551.8300 419.5900 265.3200 420.4900
frame00083.jpg 319.9600 112.5300 615.0000 175.0000 550.6400 420.1100 266.2300 420.4200
frame00084.jpg 322.9300 114.0100 615.0000 178.0000 549.4300 421.0400 266.7600 420.7100
frame00085.jpg 324.6700 114.6000 614.7700 178.1000 548.9100 421.6100 267.0200 420.6700
frame00086.jpg 325.5100 115.1800 615.0900 178.7400 549.4300 421.8000 267.7900 420.9500
frame00087.jpg 326.3000 115.5300 615.6400 178.5700 549.9700 421.4300 268.5700 420.8900
frame00088.jpg 326.8200 115.1300 616.0800 177.9600 550.4800 420.6500 269.0000 420.2000
frame00089.jpg 327.0100 113.7500 616.4200 176.1700 551.1200 419.2200 269.8300 419.4400
frame00090.jpg 327.1700 113.6000 616.3000 174.9100 551.2500 418.3000 270.4600 419.9500
frame00091.jpg 327.7300 114.8700 615.9800 175.1500 551.1700 418.0200 271.5800 421.0000
frame00092.jpg 329.5200 116.0700 615.6000 174.7500 550.8500 415.7200 273.6300 420.9600
frame00093.jpg 333.1800 117.6000 615.5700 173.5700 550.5600 412.4300 277.0800 420.8700
frame00094.jpg 337.4400 119.4100 615.2600 173.1100 549.7100 410.3600 279.8600 421.3000
frame00095.jpg 340.1900 120.3500 613.6800 173.4100 548.0100 408.8000 281.0700 420.4800
frame00096.jpg 341.8400 119.4000 612.0900 173.0100 546.8200 407.6200 281.9500 419.2100
frame00097.jpg 342.8400 118.1900 610.6800 172.0100 545.2000 405.8700 281.9700 417.6200
frame00098.jpg 343.0700 117.5000 608.6200 172.2000 542.9100 405.4400 281.4400 416.8700
frame00099.jpg 343.9400 117.8300 606.6100 173.1600 540.4900 404.8300 281.3700 416.5800
frame00100.jpg 345.5900 118.8400 604.4900 174.3000 537.4000 404.4500 281.1900 416.3700
frame00101.jpg 347.7700 120.1800 602.0600 177.3900 534.1400 405.8100 281.1300 416.2100
frame00102.jpg 351.6200 121.8100 600.8800 181.5500 532.0100 407.2500 282.8400 415.7400
frame00103.jpg 358.0600 124.3200 601.6900 185.0900 531.6800 407.9800 286.5600 415.4000
frame00104.jpg 364.8500 126.5100 602.9800 189.5000 531.2600 410.3000 289.9100 414.8100
frame00105.jpg 370.7100 129.4900 603.7100 195.3500 530.4500 413.7000 292.6600 415.3000
frame00106.jpg 375.7700 132.9800 604.4800 200.6200 530.9200 417.2600 295.7500 416.6600
frame00107.jpg 379.2300 137.0200 604.8000 206.1300 530.9900 421.9300 297.9400 419.3400
frame00108.jpg 380.8300 142.3000 603.8600 211.8000 530.4900 426.3600 299.0700 423.3700
frame00109.jpg 380.4000 147.2500 602.1300 216.0500 530.6200 430.2400 299.7600 427.3100
frame00110.jpg 378.5900 150.6400 600.0600 218.6100 531.0300 433.1000 300.0000 430.2400
frame00111.jpg 375.7200 153.0800 597.7000 219.0800 532.0000 434.2600 300.5000 432.8600
frame00112.jpg 372.2500 154.6300 595.4600 216.9000 533.6500 433.4400 301.3300 434.1700
frame00113.jpg 367.8000 154.2400 592.6000 213.7200 535.0100 432.2800 301.5200 434.6500
frame00114.jpg 362.5000 153.2700 589.2700 209.8900 536.6200 430.6600 301.6400 434.9400
frame00115.jpg 357.3600 152.6500 586.3800 205.1700 539.2500 428.1700 302.6200 435.1900
frame00116.jpg 352.4100 150.8500 584.2900 199.9100 542.6100 425.3700 303.4800 434.1700
frame00117.jpg 347.3900 148.1000 583.4800 194.8000 546.9300 423.4800 303.8300 433.0200
frame00118.jpg 342.5900 146.5100 584.2700 189.7300 552.9800 421.8100 304.6300 432.0900
frame00119.jpg 337.6300 144.4300 585.7500 183.9000 559.1100 420.4900 304.4400 431.9100
frame00120.jpg 331.9600 143.8600 587.1000 179.0100 565.1700 420.2100 303.7200 433.0000
frame00121.jpg 326.8400 144.5900 589.1600 174.7500 571.6400 420.3900 303.5300 434.7800
frame00122.jpg 322.8800 144.5700 591.6400 170.6400 578.0600 421.0800 303.3200 435.9300
frame00123.jpg 319.6700 146.3400 594.1300 168.4700 584.1800 423.6200 303.4500 439.1600
frame00124.jpg 317.7300 148.0000 597.4600 166.4500 590.4200 425.0700 304.1300 439.6300
frame00125.jpg 316.8600 148.0700 600.7800 164.2000 596.6800 427.3900 305.2300 440.1500
frame00126.jpg 317.5800 149.5700 604.9900 163.6000 602.9100 430.4200 307.3200 441.0400
frame00127.jpg 319.9200 150.4100 610.1300 163.6300 608.8100 433.4600 310.0000 441.1200
frame00128.jpg 323.2600 150.7300 615.3500 164.0900 614.4100 436.5500 312.9200 440.8500
frame00129.jpg 326.8100 151.2300 620.6400 165.5900 619.4600 440.7500 315.2800 440.9400
frame00130.jpg 329.7000 151.7400 625.3600 166.4800 624.3600 443.9900 317.1000 440.5300
frame00131.jpg 331.4100 153.2900 628.9600 166.8700 628.6100 447.9500 318.4300 442.4500
frame00132.jpg 332.4600 155.8500 631.9100 168.4500 632.4100 452.0700 319.3600 443.8300
frame00133.jpg 333.9700 157.3000 635.4100 167.8000 637.3800 453.8700 321.3600 444.1800
frame00134.jpg 335.1600 158.5100 638.5900 166.5100 640.7900 456.5300 322.1300 445.5500
frame00135.jpg 334.5800 160.3600 639.6500 166.7500 642.0800 459.6800 321.2000 447.0100
frame00136.jpg 333.4600 161.7300 639.9200 166.3900 642.8700 461.9900 319.8300 447.9200
frame00137.jpg 331.9200 162.5000 639.3900 165.5300 642.7100 463.3900 318.2500 448.2200
frame00138.jpg 330.1200 163.9300 637.9300 164.1000 642.8500 463.4700 317.2000 449.1100
frame00139.jpg 328.4400 165.0800 636.3200 161.4100 643.1700 462.5400 316.8200 449.9900
frame00140.jpg 327.0800 167.0200 634.7600 159.1900 643.4800 461.7300 316.6500 450.8000
frame00141.jpg 326.0800 168.2900 633.2500 156.6600 643.3100 461.4300 315.9700 451.4500
frame00142.jpg 324.0500 170.0500 630.7200 155.1000 641.3000 462.0500 313.9400 452.6900
frame00143.jpg 321.2000 172.1500 627.1800 153.8500 638.9900 462.7000 311.7700 453.8600
frame00144.jpg 318.4700 174.0400 623.7200 152.1900 636.6700 463.6800 309.4100 455.5700
frame00145.jpg 315.4300 175.9400 619.7400 151.1100 633.4100 465.3500 306.3200 457.1700
frame00146.jpg 312.1500 177.6100 615.7100 150.2900 629.9800 466.4500 303.3600 458.1700
frame00147.jpg 309.7400 177.4800 612.1900 147.2100 627.8500 464.8200 301.6000 456.7300
frame00148.jpg 308.4200 175.4100 609.6500 141.9400 626.0300 462.3300 300.3700 454.4300
frame00149.jpg 306.9400 173.9400 607.1200 137.0100 624.2200 459.9900 299.3400 452.9500
frame00150.jpg 305.0600 172.0900 604.2400 131.1300 622.2500 456.3200 298.0600 450.8600
frame00151.jpg 303.1500 169.6900 601.3800 124.4500 620.4900 452.5600 297.2200 448.5700
frame00152.jpg 301.6500 168.3000 598.5500 117.8800 619.0300 449.7500 296.8000 448.0800
frame00153.jpg 299.9800 168.1100 595.0400 112.0900 616.6300 446.7600 296.0200 447.6300
frame00154.jpg 298.0700 168.4200 590.5900 106.3400 614.1200 444.8000 295.6000 448.2500
frame00155.jpg 297.0200 169.6300 586.2900 101.2700 611.8100 443.3500 296.0600 449.4400
frame00156.jpg 296.5300 171.4100 581.8500 96.7440 607.9900 442.5100 296.0900 450.6500
frame00157.jpg 295.7600 173.5300 575.9700 92.8770 603.2300 441.7900 295.4200 452.3100
frame00158.jpg 294.1400 176.2400 569.7500 89.4430 598.4400 441.1200 294.6700 454.4900
frame00159.jpg 292.4700 178.2900 563.4200 86.4380 594.1700 440.9700 294.2000 456.3300
frame00160.jpg 291.3200 180.5400 558.5800 85.1370 591.6600 440.7300 294.5200 458.1400
frame00161.jpg 290.6200 182.4100 553.0000 86.0000 589.4100 440.2300 294.6300 459.6600
frame00162.jpg 289.8000 183.8000 551.0000 84.0000 586.9400 439.8200 294.2400 460.7000
frame00163.jpg 289.1100 185.3600 548.7800 82.4660 584.5500 438.9000 293.6700 461.6400
frame00164.jpg 288.6600 186.4900 545.9800 81.7440 582.5300 437.4800 293.4800 462.0100
frame00165.jpg 288.8400 187.3700 544.0000 80.0000 581.5100 435.7200 294.0600 462.2900
frame00166.jpg 288.9900 188.5100 542.7500 80.2340 581.0200 433.9700 294.3000 462.8700
frame00167.jpg 288.1700 189.6900 541.0700 79.5050 579.8000 432.6200 293.6200 464.1700
frame00168.jpg 287.0800 191.6300 539.0400 80.2570 578.7100 431.8300 293.1300 465.3900
frame00169.jpg 286.4400 193.0200 537.5500 80.4730 578.5800 429.8500 293.1900 466.2600
frame00170.jpg 285.7100 195.0200 535.7800 79.6880 578.2700 426.8400 293.4500 468.0600
frame00171.jpg 284.6100 197.6800 533.1000 78.7810 577.3500 423.1400 293.3300 469.8400
frame00172.jpg 283.7800 200.5300 530.1900 77.3860 576.6500 418.9600 293.5800 471.8500
frame00173.jpg 282.5200 203.1800 526.8000 75.4530 575.9600 413.2600 293.9200 473.3200
frame00174.jpg 280.4000 206.2000 523.0400 72.5080 575.6100 406.5400 293.8900 475.6300
frame00175.jpg 277.4300 209.5900 518.6800 69.4930 575.5700 398.9700 293.8300 478.5600
frame00176.jpg 274.6500 214.3500 513.9700 66.9120 576.0300 390.5700 294.4700 482.2600
frame00177.jpg 272.1900 219.5600 509.7700 64.5650 577.4600 381.8600 295.6500 486.4700
frame00178.jpg 269.4100 225.5100 505.6300 62.7520 578.0500 374.2500 296.5200 491.4500
frame00179.jpg 266.5900 231.9500 500.3400 61.8260 577.2600 366.5000 297.2500 495.5100
frame00180.jpg 264.2400 237.5200 494.5400 59.9200 575.7100 358.4400 298.0300 499.0400
frame00181.jpg 262.5100 242.3900 488.5800 58.4720 573.8700 350.7200 299.6100 501.3800
frame00182.jpg 261.2200 247.3300 483.3100 56.8540 571.9200 343.5900 301.0800 504.1500
frame00183.jpg 258.4900 252.8600 477.1400 55.8170 568.1100 336.9800 300.4100 507.5100
frame00184.jpg 254.2100 258.4500 469.4400 55.7370 563.2600 330.3600 298.3200 510.4300
frame00185.jpg 248.1600 262.9800 460.6400 54.8550 557.6700 322.6600 295.3100 512.9600
frame00186.jpg 241.5800 267.4700 452.0600 54.4100 552.9000 315.7200 292.4600 515.5700
frame00187.jpg 234.8300 270.5700 444.1200 54.0290 548.6100 308.0300 289.6400 516.4200
frame00188.jpg 228.5100 273.2500 436.7300 52.8200 544.6200 300.4400 287.5200 517.0400
frame00189.jpg 222.9900 274.8500 429.0000 52.0000 541.3200 293.5500 285.4400 516.8700
frame00190.jpg 218.4100 276.7700 425.5300 51.0700 538.7900 288.1700 283.9600 517.5000
frame00191.jpg 214.6600 279.5000 420.0000 52.0000 537.1100 284.3800 283.5000 519.0700
frame00192.jpg 210.9200 282.5500 417.8800 52.4030 535.8500 282.1400 282.8800 521.0300
frame00193.jpg 206.3900 285.2200 414.7700 54.0010 535.2700 281.7700 281.8600 524.0000
frame00194.jpg 201.1700 286.5500 412.4500 55.6600 535.0400 283.0000 279.7100 525.6100
frame00195.jpg 194.7600 285.4900 410.6100 56.1630 533.8500 284.8100 275.1300 526.5900
frame00196.jpg 187.0600 283.4400 408.6400 56.5100 532.1800 287.4500 269.2700 527.3300
frame00197.jpg 179.3300 280.2600 407.6400 56.6920 531.1800 291.9200 263.2100 528.6100
frame00198.jpg 172.8100 275.8100 409.1200 58.3640 531.8600 298.8800 258.0400 529.0000
frame00199.jpg 167.9700 269.4200 413.5600 59.4280 534.3400 306.0000 254.0500 527.7200
frame00200.jpg 165.2400 261.5500 421.0400 60.8770 538.0500 314.4400 250.9300 525.8000
frame00201.jpg 165.1900 253.7600 427.0000 63.0000 543.1200 323.3500 249.1900 523.6800
frame00202.jpg 167.1900 245.1800 438.0000 67.0000 548.7100 332.0200 248.7900 520.5700
frame00203.jpg 171.0900 236.9300 450.0000 70.0000 554.8600 341.6300 250.0500 518.2600
frame00204.jpg 177.9900 229.6500 464.0000 76.0000 562.3300 351.6700 253.1100 514.6800
frame00205.jpg 186.8600 221.8900 479.0000 79.0000 569.6300 360.8400 256.6500 511.1900
frame00206.jpg 195.4000 215.2600 493.0000 86.0000 575.5200 369.5100 259.3500 508.0900
frame00207.jpg 202.4400 209.9500 506.2800 90.9610 579.8600 377.4600 261.0600 506.2800
frame00208.jpg 207.8000 204.7300 514.9700 95.8430 582.7000 383.3000 261.8700 503.6500
frame00209.jpg 212.0200 199.1400 522.2700 98.3940 584.9500 386.3200 262.9200 499.9900
frame00210.jpg 215.2100 192.5500 528.5100 98.0580 586.7600 386.5200 263.2800 495.4100
frame00211.jpg 215.8500 185.3700 532.1200 96.5280 585.6800 386.1500 260.7300 491.5900
frame00212.jpg 213.8600 180.4400 532.4700 95.5250 583.0300 386.2200 257.3200 490.0300
frame00213.jpg 211.6500 177.8000 532.0000 95.5550 580.6700 386.7700 254.4800 489.3700
frame00214.jpg 209.2600 174.9200 530.7500 94.2430 578.4700 384.6500 251.8900 487.0100
frame00215.jpg 206.5800 171.4000 529.0600 91.3920 575.9700 382.3400 249.0500 484.9000
frame00216.jpg 203.5300 168.5500 527.1900 89.5310 573.2300 380.5900 246.3700 483.2000
frame00217.jpg 200.5200 165.2600 525.1000 87.2040 570.4600 378.1000 243.4100 480.8000
frame00218.jpg 197.3900 161.9500 522.9200 84.8760 567.9500 376.3100 240.8500 479.5700
frame00219.jpg 195.1400 160.4000 521.4900 84.0170 565.9400 375.3700 239.2200 479.3100
frame00220.jpg 193.5400 157.8200 520.5100 83.1660 564.0800 373.7500 237.6900 477.1700
frame00221.jpg 193.0500 154.7000 520.0100 81.2310 563.5900 371.4100 238.1400 474.8900
frame00222.jpg 194.4800 152.4100 520.8700 79.6220 564.0100 369.7000 239.2500 472.8800
frame00223.jpg 195.1600 149.7100 521.3300 79.2200 562.6200 369.2500 238.1300 471.5800
frame00224.jpg 194.7700 148.5500 520.9000 80.7380 560.4600 370.4600 236.7900 471.4800
frame00225.jpg 194.8800 147.2200 520.4700 83.1870 557.9100 372.7300 234.3900 471.7400
frame00226.jpg 194.7700 146.8000 519.9500 88.1290 554.8200 377.4100 231.9100 472.9300
frame00227.jpg 196.2200 146.3900 520.3600 93.7530 553.0200 381.5000 231.3000 472.7700
frame00228.jpg 199.8200 145.9500 522.8000 99.1410 552.3800 385.6900 232.1000 472.5400
frame00229.jpg 204.0000 144.3200 525.8300 103.8600 551.8000 388.9100 232.3300 470.5300
frame00230.jpg 207.4800 141.0500 528.6400 107.0900 551.1600 391.3800 231.9800 467.8300
frame00231.jpg 210.1200 138.0400 530.8800 110.3700 549.6800 394.7100 230.3400 466.1700
frame00232.jpg 211.3000 134.4400 532.0800 113.6200 547.4300 397.0800 227.8200 463.3700
frame00233.jpg 212.6600 130.4700 533.3600 115.3900 545.9100 398.5900 226.7800 460.9800
frame00234.jpg 214.9400 126.3300 535.1500 116.5600 544.8600 399.0000 226.5000 457.7400
frame00235.jpg 217.9800 123.4800 537.4600 117.9900 545.0500 400.2600 227.8600 456.4900
frame00236.jpg 222.2300 120.8800 540.7200 118.7100 546.2900 399.9600 230.1000 453.5600
frame00237.jpg 226.9800 117.2000 544.5600 119.5800 547.2100 401.2300 231.6500 450.9700
frame00238.jpg 231.7100 113.5700 548.5000 121.2600 548.3200 402.7500 233.3900 448.1300
frame00239.jpg 237.2000 111.3200 552.8700 124.0400 549.1300 406.1900 234.8400 447.2800
frame00240.jpg 241.5200 110.0000 555.8000 129.1500 548.0900 409.9200 235.0100 446.4300
frame00241.jpg 246.3400 109.0700 558.8900 132.8800 548.5000 412.3600 237.3500 445.5100
frame00242.jpg 252.6200 108.2900 562.7100 136.2000 549.4100 414.0000 240.4000 444.0000
frame00243.jpg 257.5900 107.5000 565.1300 139.4400 548.8500 416.0800 241.4000 443.4000
frame00244.jpg 260.8100 108.1000 566.1700 143.2500 548.2800 419.0200 242.6900 444.1400
frame00245.jpg 265.0100 109.0800 568.0100 146.9200 548.6000 420.7900 244.7000 443.3400
frame00246.jpg 269.3800 108.7000 569.8000 150.2400 548.4700 422.5800 246.6400 441.8300
frame00247.jpg 274.6800 107.4800 572.0100 152.4400 548.9100 423.0300 249.7700 439.5900
frame00248.jpg 281.2000 106.7300 574.6300 155.8600 548.7000 425.3600 252.8300 438.5800
frame00249.jpg 287.9200 107.0200 576.8800 160.9900 547.9500 428.4800 255.3200 437.9700
frame00250.jpg 294.3300 108.4200 578.9700 167.1400 546.9200 433.6800 257.3500 439.4500
frame00251.jpg 300.4400 112.0300 581.7000 175.6100 546.8100 440.2400 259.3400 441.3300
frame00252.jpg 306.6100 115.1400 585.2900 182.7000 548.4200 445.6300 262.2700 442.5600
frame00253.jpg 313.1400 118.0100 589.7900 188.5500 550.4200 450.0700 265.7600 443.5600
frame00254.jpg 319.4200 119.7600 594.2700 193.4500 551.8300 452.8500 268.7000 443.2500
frame00255.jpg 324.8100 120.1600 597.5700 196.9500 552.1800 455.5600 270.4000 443.2200
frame00256.jpg 328.8800 120.2500 599.4400 200.9500 551.2000 456.9900 271.0000 441.6400
frame00257.jpg 332.1100 117.6800 600.5900 201.3400 550.0600 455.8700 271.3700 439.0500
frame00258.jpg 334.0700 116.0300 600.6600 201.8800 548.2400 455.7700 270.8700 437.8500
frame00259.jpg 335.3800 115.1900 600.3400 203.1200 546.6100 457.6600 269.9200 438.3900
frame00260.jpg 335.0000 117.4800 598.4900 207.2500 543.1600 462.1000 266.8700 441.4600
frame00261.jpg 332.7100 119.8900 595.0600 211.3900 540.1600 463.9100 264.4000 442.7900
frame00262.jpg 332.9900 120.2900 594.0400 212.1700 539.5500 463.0900 265.0200 441.9800
frame00263.jpg 334.5600 119.6100 593.7600 212.0600 538.6200 462.5100 265.7000 441.1000
frame00264.jpg 335.3000 120.1700 592.5100 213.2400 536.6700 462.8500 265.0700 440.8200
frame00265.jpg 334.9900 120.5600 590.3500 214.5000 534.8300 464.1400 264.5900 441.9500
frame00266.jpg 335.4700 123.3000 588.5500 217.4000 533.7800 466.2400 265.3000 444.2700
frame00267.jpg 336.9400 125.6900 587.0800 219.8600 532.5300 467.5600 266.3300 445.6200
frame00268.jpg 338.7800 127.8100 585.7900 222.5600 531.2600 468.3400 267.7400 446.0600
frame00269.jpg 341.8500 128.6400 585.5300 224.1600 531.2000 468.9200 270.3200 445.8600
frame00270.jpg 345.7700 130.5100 585.8700 227.1900 530.5300 471.0300 272.4700 446.8300
frame00271.jpg 348.6000 132.3400 585.5300 229.9500 529.7800 471.5200 274.0100 446.4100
frame00272.jpg 351.3500 132.6500 585.4900 231.4800 529.5000 472.8500 275.8900 446.5600
frame00273.jpg 353.7100 133.4600 585.1600 233.3700 528.8100 473.0200 277.1000 445.8600
frame00274.jpg 355.7600 132.8400 584.9200 233.3800 528.6100 472.4000 278.8300 444.9900
frame00275.jpg 358.1100 132.8700 585.0800 233.9500 528.6800 473.0300 280.7500 445.4900
frame00276.jpg 360.7500 133.7300 585.6900 234.9800 529.2200 472.5500 282.9400 444.6400
frame00277.jpg 363.6600 132.4900 586.6200 234.5600 530.0600 472.4500 285.5400 443.8900
frame00278.jpg 366.6100 133.0600 586.9200 236.3100 529.5200 473.4200 287.1700 444.4700
frame00279.jpg 369.3600 134.2200 587.0100 238.0900 528.9600 475.2800 288.6800 445.8800
frame00280.jpg 372.1200 136.6400 587.4500 241.5300 528.6400 477.4000 290.0500 447.0300
frame00281.jpg 374.9700 138.3200 588.5800 244.2200 529.0100 479.7600 291.5900 448.3500
frame00282.jpg 377.1600 140.2000 589.5300 246.6300 529.5200 481.6600 292.8100 449.5800
frame00283.jpg 378.6200 141.8900 589.9100 248.7500 529.7900 483.7800 293.8700 451.5000
frame00284.jpg 380.7600 144.1000 590.3600 251.2900 529.9800 485.4300 295.7700 452.9700
frame00285.jpg 384.4800 145.0900 591.1700 252.8400 530.1600 485.5500 298.6100 452.7400
frame00286.jpg 388.9900 145.7700 592.5200 253.8600 530.5600 485.7600 301.8400 452.8700
frame00287.jpg 392.9400 146.2800 593.2600 255.5700 530.3400 487.0400 304.0200 452.7700
frame00288.jpg 396.1000 147.0500 593.7200 258.0600 530.4400 488.4300 306.3000 452.7200
frame00289.jpg 399.6100 147.7600 594.4000 259.5800 531.0000 489.3300 309.4500 452.9600
frame00290.jpg 403.3000 149.2900 594.3500 261.8300 530.5900 490.9600 312.1900 453.5200
frame00291.jpg 406.6800 152.4000 593.4400 265.6100 529.4600 493.6300 314.9400 455.7300
frame00292.jpg 410.0700 155.8700 592.0800 269.1800 528.1300 495.3000 317.7800 457.1500
frame00293.jpg 413.8700 159.8500 591.0700 273.3000 526.7200 498.0300 320.7200 459.6600
frame00294.jpg 417.2000 163.8000 590.0500 277.2500 525.6500 500.5800 323.3000 461.3900
frame00295.jpg 420.4000 167.2900 589.4400 281.0300 525.2400 502.4100 326.2500 462.4000
frame00296.jpg 424.0700 169.0800 589.7100 282.8600 525.1700 502.7200 329.1200 462.4000
frame00297.jpg 426.4700 170.4300 589.6500 283.9400 524.6500 502.9000 330.7000 462.3300
frame00298.jpg 427.6000 170.7900 588.6100 284.8000 523.5400 503.3900 331.4100 462.4800
frame00299.jpg 428.3100 171.5200 587.3100 285.6400 522.0000 503.2100 331.5100 462.3900
frame00300.jpg 428.8800 171.3700 586.4800 285.0100 521.3000 501.7900 331.9900 461.9600
frame00301.jpg 429.5000 170.5400 585.9800 283.2200 520.7200 499.8200 332.6000 461.0800
frame00302.jpg 430.3700 169.2400 584.8500 281.9300 518.9800 497.9400 333.0500 459.9700
frame00303.jpg 432.6500 168.3500 583.4200 281.3900 516.3000 495.8200 334.0800 458.3700
frame00304.jpg 436.7200 167.2600 582.7700 280.5500 514.2300 492.8900 336.2600 455.4900
frame00305.jpg 441.0400 163.9200 582.9200 278.2800 513.2100 489.5100 338.6000 451.0700
frame00306.jpg 444.3300 161.6900 582.7400 278.2600 511.8400 488.6500 340.0300 448.2500
frame00307.jpg 447.6700 160.2800 583.3500 278.3300 511.6000 487.9900 342.0800 446.3200
frame00308.jpg 450.7900 159.7500 584.0900 278.7600 511.2500 487.7200 343.7400 444.8900
frame00309.jpg 453.3400 160.4300 584.0600 280.9100 510.2000 490.2600 345.1100 446.1300
frame00310.jpg 456.0500 163.9100 583.4800 284.4100 508.5000 492.0700 346.0300 447.9500
frame00311.jpg 458.0600 167.2100 582.2500 287.4700 506.4900 493.9900 346.7100 450.0400
frame00312.jpg 459.5000 169.5000 581.1000 289.4800 505.2100 494.7900 347.7200 450.8500
frame00313.jpg 461.2900 171.6500 580.9400 291.2300 504.5200 495.7300 348.9400 451.4600
frame00314.jpg 462.3400 172.7000 579.9900 292.8500 503.0200 496.8900 349.1600 451.9900
frame00315.jpg 462.9900 173.7200 579.0000 296.0000 501.5400 496.7000 349.4300 451.6900
frame00316.jpg 464.8300 175.0500 578.0000 296.0000 500.0700 497.4400 350.3100 452.3700
frame00317.jpg 465.9800 176.3000 576.0717 298.3170 497.4600 497.4200 350.2500 452.0400
frame00318.jpg 466.0900 177.5200 573.5769 300.1881 495.2200 498.3800 350.1600 452.6600
frame00319.jpg 466.0500 179.6600 572.3295 302.0593 493.5800 499.7700 350.0600 454.3600
frame00320.jpg 465.8100 182.4700 570.4584 305.1778 492.5000 501.4100 349.9500 456.0100
frame00321.jpg 465.9500 184.8600 570.4584 306.4252 492.0100 503.2600 350.4200 457.5800
frame00322.jpg 466.6100 186.5500 569.8347 307.0489 491.8300 503.2900 351.3500 457.7600
frame00323.jpg 467.7800 187.6400 569.2110 308.2963 491.7300 503.0000 352.3700 458.1300
frame00324.jpg 469.6700 187.9700 568.5873 307.6726 491.3400 501.6600 354.1600 457.3900
frame00325.jpg 471.6600 188.3600 567.9636 308.9200 489.5600 501.0000 354.8600 456.9500
frame00326.jpg 472.7400 189.2900 566.7162 308.9200 487.2300 500.8900 354.9800 456.7300
frame00327.jpg 473.4000 190.3900 564.8451 309.5437 485.2400 501.2300 355.0300 456.9900
frame00328.jpg 474.2300 191.3000 564.2214 310.1674 483.0300 501.3400 355.0500 457.3400
frame00329.jpg 474.9600 193.1000 562.9740 310.7911 480.8900 502.0000 355.3400 458.1200
frame00330.jpg 477.1700 193.5700 562.9740 311.4148 479.2600 502.9600 356.8500 459.3300
frame00331.jpg 479.5900 199.1000 560.4792 314.5333 477.3500 504.2800 358.2700 460.7900
frame00332.jpg 484.5700 199.4600 561.7266 314.5333 475.0000 505.5000 360.9600 462.0300
frame00333.jpg 489.9100 195.0200 563.5977 315.7807 472.1300 506.4300 363.3300 463.2300
frame00334.jpg 491.8300 199.5900 563.5977 315.7807 470.4600 508.0900 363.7900 464.4200
frame00335.jpg 491.5600 208.4400 559.8555 323.2651 470.4600 509.6700 364.0300 465.2400
frame00336.jpg 492.7400 210.6700 559.2318 325.7599 470.6200 510.3800 364.9600 465.9200
frame00337.jpg 494.2100 210.8900 559.8555 326.3836 470.5500 510.9700 365.4600 466.7900
frame00338.jpg 494.6700 211.4400 560.4792 325.7599 470.5900 510.7500 365.9800 466.9400
frame00339.jpg 494.7000 211.2700 561.1029 323.8888 470.8400 509.5900 366.0200 465.9000
frame00340.jpg 493.9100 210.3800 560.4792 324.5125 471.6700 508.3700 365.6300 464.3500
frame00341.jpg 490.7500 213.4300 559.2318 324.5125 474.1000 507.0300 365.1300 462.2100
frame00342.jpg 487.9600 208.9100 559.8555 322.0177 476.8500 505.5100 364.4900 460.2700
frame00343.jpg 484.9900 205.4100 561.7266 318.8992 479.9900 504.1400 362.9000 458.6100
frame00344.jpg 484.0100 197.5300 566.0925 314.5333 483.6600 503.0300 361.9500 457.6400
frame00345.jpg 480.8800 192.8800 567.9636 312.0385 487.0700 502.8300 360.1300 456.6900
frame00346.jpg 476.8600 189.4300 569.8347 310.1674 491.0100 502.8100 358.2500 455.5100
frame00347.jpg 472.9500 185.3200 572.9532 308.2963 495.9500 503.4800 356.5300 454.4400
frame00348.jpg 470.0200 183.2700 576.0717 306.4252 499.5300 504.7200 355.0600 454.0300
frame00349.jpg 467.1000 182.6200 577.3191 308.2963 502.7900 507.6500 353.6500 455.1900
frame00350.jpg 463.8900 182.5100 579.1902 308.2963 505.5900 509.7100 352.2000 456.3800
frame00351.jpg 460.0900 182.0000 580.4376 307.6726 508.6400 511.1200 350.7500 457.0900
frame00352.jpg 456.1300 181.2000 582.3087 306.4252 512.5500 511.6700 350.0500 457.5000
frame00353.jpg 452.2800 180.4200 583.5561 305.8015 516.2600 512.7200 349.2000 458.1800
frame00354.jpg 448.5800 180.1300 585.4272 305.1778 519.9400 514.5500 348.3300 459.3500
frame00355.jpg 445.4300 181.1900 586.6746 305.8015 523.0400 516.5100 347.4800 461.3000
frame00356.jpg 443.1500 182.3400 589.1694 306.4252 526.3000 518.4400 346.9500 462.4900
frame00357.jpg 441.6600 183.0400 591.6642 307.6726 530.2000 520.4100 347.0000 462.7900
frame00358.jpg 440.2700 182.8800 594.7827 308.2963 533.8100 523.2400 346.7700 462.9300
frame00359.jpg 438.4800 183.9700 596.6538 310.7911 536.6900 527.7400 345.6300 464.5800
frame00360.jpg 436.5600 186.0700 599.1486 313.9096 539.6600 533.8400 344.1800 466.7800
frame00361.jpg 434.8200 188.8200 601.6435 318.2755 542.2600 540.0400 342.2100 469.5400
frame00362.jpg 433.4600 192.0700 605.0000 321.7000 545.5700 546.2000 341.3400 472.6600
frame00363.jpg 432.9000 194.9800 608.3400 325.8000 549.0900 551.0200 341.1800 474.6500
frame00364.jpg 432.9000 197.1100 610.7400 329.4100 551.5700 556.7300 341.0500 477.2800
frame00365.jpg 432.8900 200.0600 613.2900 333.6400 553.7800 561.5900 340.5300 479.7100
frame00366.jpg 433.1900 202.5800 616.1000 337.6100 556.3100 567.4300 340.2300 482.4800
frame00367.jpg 433.3300 206.1900 618.7400 342.8900 558.7200 573.8600 339.9800 485.7300
frame00368.jpg 433.6400 208.9100 622.3000 347.1200 562.8800 578.9300 340.8000 486.9300
frame00369.jpg 434.2200 210.2400 625.5100 350.6300 566.3500 584.9000 340.7700 488.1500
frame00370.jpg 433.4800 212.1600 628.7300 355.3800 570.0100 591.7100 339.9000 489.4500
frame00371.jpg 432.6000 214.3300 633.0400 359.6600 575.2300 598.4600 339.7600 491.1700
frame00372.jpg 432.0500 216.6000 637.5200 362.9700 580.8900 605.3700 339.8700 493.6100
frame00373.jpg 431.1200 219.1600 641.1500 366.1300 585.6500 609.7900 340.1300 495.8700
frame00374.jpg 430.8700 220.9200 644.9100 367.9500 590.2600 613.8400 341.0100 497.9700
frame00375.jpg 431.0900 222.4700 647.6500 369.4600 593.6400 616.4300 341.8200 499.4100
frame00376.jpg 430.6600 223.9800 649.1700 370.9800 596.0100 619.0600 342.1700 500.8100
frame00377.jpg 430.3200 225.1400 650.4100 372.2700 597.9000 622.6500 342.2000 502.6000
frame00378.jpg 430.3500 228.4800 651.7100 377.0200 598.8300 628.6600 341.9100 506.0600
frame00379.jpg 430.9800 230.8900 653.4900 380.5100 600.5400 631.7700 342.2200 506.3600
frame00380.jpg 432.3000 231.5800 655.9600 382.9300 602.5500 634.8000 342.8100 505.7600
frame00381.jpg 433.8300 231.0000 658.1600 384.3100 603.6000 637.3700 342.8500 504.0800
frame00382.jpg 433.5400 231.9500 658.5000 388.2400 602.7500 643.1200 340.7600 505.3800
frame00383.jpg 431.9100 234.2500 658.2900 392.7400 602.6600 649.1900 338.2800 507.0000
frame00384.jpg 430.2100 236.6500 658.6100 396.4100 603.5500 653.3300 336.6600 508.0200
frame00385.jpg 426.6000 240.0300 659.1500 401.1800 605.1600 661.5800 332.6700 510.5100
frame00386.jpg 424.3700 241.4500 659.7700 401.3100 607.7900 662.7500 331.6600 510.4800
frame00387.jpg 423.3700 241.3400 661.4600 400.0900 610.5900 662.5700 331.5400 509.5600
frame00388.jpg 422.4900 239.4900 663.4200 396.3600 613.8300 659.1700 331.7900 506.8100
frame00389.jpg 421.7100 236.0600 665.5700 390.4300 617.9100 654.6600 332.4700 503.0900
frame00390.jpg 421.0900 232.0800 668.2200 384.4200 622.1500 650.6900 333.1700 499.2500
frame00391.jpg 420.8900 228.0100 671.8900 377.9200 627.5600 645.3700 334.7600 494.1100
frame00392.jpg 421.3500 223.3300 676.1700 370.8100 634.3500 640.9900 337.0400 490.3100
frame00393.jpg 421.2400 221.3400 679.4100 365.9500 639.2100 638.7800 337.7700 489.3700
frame00394.jpg 419.8700 219.8900 682.0100 360.7500 644.4200 635.6300 338.2900 488.1100
frame00395.jpg 419.7200 217.8400 686.7400 354.1800 652.0700 631.7700 340.5800 486.3100
frame00396.jpg 420.3400 216.1000 691.2400 349.5600 657.8900 630.0200 341.9900 484.9400
frame00397.jpg 420.0200 214.8100 694.4800 344.6600 662.8800 627.4600 342.2800 483.3000
frame00398.jpg 419.0400 212.5200 696.9100 338.8300 666.6600 623.4500 342.2800 481.7100
frame00399.jpg 418.0300 209.2600 699.1000 332.0800 671.3000 618.4300 343.0000 479.1900
frame00400.jpg 417.7000 206.8500 701.6600 325.2100 676.2600 613.6300 344.2200 477.8700
frame00401.jpg 416.5700 204.7800 703.1400 318.6100 679.5700 608.5500 344.5500 476.7200
frame00402.jpg 414.8000 203.0000 703.7600 311.8000 682.2000 602.8400 344.5700 475.7600
frame00403.jpg 412.3700 201.8800 703.3700 305.1400 684.3900 596.8100 344.2400 474.5300
frame00404.jpg 410.0200 201.0400 702.6100 298.2100 686.9800 590.2900 344.3700 473.3900
frame00405.jpg 407.8300 200.7000 701.7500 291.6500 689.4900 583.9100 344.7000 472.5600
frame00406.jpg 405.8000 200.7000 700.7500 284.9600 691.3500 576.8700 344.5000 470.8300
frame00407.jpg 403.3400 200.9200 699.2000 277.9000 693.4800 569.6900 344.2500 469.8500
frame00408.jpg 400.4400 202.4100 697.2000 271.3700 695.0500 562.7200 343.5900 469.7400
frame00409.jpg 397.4700 203.7800 694.8400 264.2800 696.4700 554.6200 342.9300 468.8300
frame00410.jpg 394.7400 205.3700 692.3700 256.5900 698.0900 545.7700 342.3400 467.9900
frame00411.jpg 391.5400 206.9000 689.2800 248.9700 698.4800 537.2800 341.0100 467.8600
frame00412.jpg 387.9400 209.4000 685.4700 242.5500 698.0000 528.8400 339.1100 467.7100
frame00413.jpg 384.3200 210.8800 681.5000 234.7600 697.9900 519.4900 337.3500 467.4000
frame00414.jpg 380.5100 213.3000 677.3000 227.9400 696.3200 510.9000 334.9600 467.8700
frame00415.jpg 376.4700 215.9400 672.0600 221.5100 694.9200 501.1900 332.7200 467.8200
frame00416.jpg 373.0500 218.2500 667.1400 214.3900 694.4100 490.1100 331.7100 467.3000
frame00417.jpg 370.8600 220.0800 663.4400 206.8900 694.4200 478.8000 331.4700 466.4600
frame00418.jpg 368.8000 223.3700 659.5500 200.8100 693.5500 468.1200 330.7300 466.7700
frame00419.jpg 366.4300 226.9400 655.0200 195.5700 692.4700 458.4800 330.0100 467.5900
frame00420.jpg 365.3100 230.4300 651.6200 190.8200 692.2600 450.0000 330.5000 468.8400
frame00421.jpg 365.6200 235.3500 649.8400 188.0900 692.8900 442.6000 331.8800 470.1100
frame00422.jpg 366.9200 239.4300 649.0100 185.4900 693.8900 435.0900 333.3200 470.6300
frame00423.jpg 368.0900 243.6400 648.4700 183.8600 694.7700 429.7600 334.6300 472.0800
frame00424.jpg 369.8900 248.0700 648.6100 183.0700 696.9200 424.0000 336.9000 472.7100
frame00425.jpg 372.8900 251.6600 650.2900 181.8000 700.1500 418.7100 340.0200 473.5100
frame00426.jpg 375.7000 255.2400 652.2300 181.0700 703.2600 413.9700 342.8000 474.3800
frame00427.jpg 378.5900 258.7900 654.2600 179.7500 707.0500 408.6700 346.2600 475.3300
frame00428.jpg 381.6500 261.7900 656.4900 178.2100 710.5000 403.3500 349.1800 475.8300
frame00429.jpg 384.3300 264.1100 658.1700 176.0600 713.1600 397.0700 351.9000 475.5500
frame00430.jpg 386.6800 266.7400 659.1800 172.9800 714.3600 389.7400 354.3000 475.7000
frame00431.jpg 388.2300 269.9400 659.0400 170.5700 714.5800 382.5700 355.4800 476.0700
frame00432.jpg 388.9200 273.0700 657.8300 167.9800 714.1400 376.2300 356.6100 477.7800
frame00433.jpg 389.5200 277.3500 656.6100 166.7100 713.4700 371.9000 357.3300 480.9300
frame00434.jpg 390.0400 281.4800 655.3900 166.6400 712.5700 368.6700 357.9900 483.3300
frame00435.jpg 391.4600 284.2600 655.1000 165.2700 712.7100 365.4600 359.4800 485.1300
frame00436.jpg 393.6300 286.6600 655.9100 163.5600 712.7700 362.3900 360.9900 486.8200
frame00437.jpg 396.0600 291.2800 655.9054 163.5977 712.4100 360.9900 362.2300 490.1900
frame00438.jpg 398.4400 295.4300 655.9054 163.5977 711.7700 357.9800 363.4600 492.2700
frame00439.jpg 401.5600 298.9300 657.1528 162.9740 711.9800 352.9600 366.0700 494.0000
frame00440.jpg 404.6800 303.0100 659.9700 160.7800 712.4500 348.8500 368.4500 497.1400
frame00441.jpg 406.7200 307.1200 660.2300 160.3500 711.7000 344.8000 369.7200 499.3400
frame00442.jpg 408.4100 309.7700 659.8600 158.3500 710.7500 339.8100 371.3400 500.7100
frame00443.jpg 410.5700 310.8100 658.4002 155.4896 710.6600 334.9900 373.5500 501.1700
frame00444.jpg 412.5500 311.9200 658.4002 152.9948 709.7800 331.3800 374.9800 502.4300
frame00445.jpg 414.1800 313.1900 658.4002 150.5000 708.2700 328.1900 376.1300 503.3200
frame00446.jpg 415.4600 314.0800 657.7765 148.6289 706.7000 324.1700 376.8100 503.5400
frame00447.jpg 416.4000 314.3300 659.4000 143.6300 705.3500 320.0700 377.7600 503.8700
frame00448.jpg 417.1500 314.2300 659.1300 140.2900 704.3900 316.3100 378.1300 503.9300
frame00449.jpg 416.9500 313.1500 658.2000 137.3500 703.2600 313.2100 377.5600 503.3500
frame00450.jpg 415.9400 311.0600 656.9800 133.3700 702.5500 311.0100 376.8500 502.8600
frame00451.jpg 413.8400 306.5800 655.7700 129.2300 704.1100 310.3900 375.9200 501.2400
frame00452.jpg 410.6100 299.3000 655.4400 124.1300 709.0500 313.0200 375.6100 499.1900
frame00453.jpg 406.9400 290.3100 657.0400 119.6200 716.0600 319.1300 375.0300 496.4100
frame00454.jpg 402.3700 279.8500 660.1200 116.7200 724.8600 329.7800 373.4900 493.3400
frame00455.jpg 397.4700 268.2600 664.4700 115.0600 733.7200 345.4600 371.4000 491.2100
frame00456.jpg 393.3800 256.5800 670.3000 115.7600 741.7200 364.1100 368.9300 489.2700
frame00457.jpg 390.2000 244.7000 675.8638 117.4439 749.5400 385.1400 366.5100 487.8900
frame00458.jpg 388.8100 233.5600 685.2193 120.5624 757.0100 406.5200 364.7900 486.5800
frame00459.jpg 388.6300 223.8100 694.5748 125.5520 763.6100 428.1000 363.5800 486.1000
frame00460.jpg 389.3800 214.9400 704.5541 130.5416 769.4400 448.2100 363.0300 485.9900
frame00461.jpg 391.3200 206.7300 717.4100 136.8500 774.0100 464.4300 362.8600 484.1700
frame00462.jpg 393.3000 198.5000 726.4000 141.1200 776.5600 477.8000 361.9700 482.3600
frame00463.jpg 393.8000 190.1600 732.5900 143.1500 777.3800 486.0300 360.2800 479.6900
frame00464.jpg 392.4900 182.0100 736.4700 143.4000 776.4700 491.6300 357.7200 476.8500
frame00465.jpg 389.6900 172.8400 738.3100 141.5100 774.2100 492.7800 354.8400 472.4000
frame00466.jpg 385.9600 162.7100 738.5000 136.7700 770.2900 489.5200 351.4500 466.7900
frame00467.jpg 380.9500 153.1400 736.1000 130.2600 764.5100 483.7600 346.8600 461.2500
frame00468.jpg 374.2400 146.3000 730.5700 124.1800 756.8000 477.0600 340.8300 456.6800
frame00469.jpg 366.1400 140.9000 721.8200 117.7600 748.4800 468.5700 334.5000 452.7800
frame00470.jpg 357.4400 136.1400 712.2100 111.1700 739.9700 459.8200 328.4900 449.9400
frame00471.jpg 348.7000 131.8300 702.3100 105.2000 730.8800 452.1700 322.3000 447.8500
frame00472.jpg 339.4200 128.6300 691.0800 101.8800 720.7000 445.7100 315.7300 446.9500
frame00473.jpg 329.9400 125.4900 680.2300 99.9730 710.5300 441.2700 309.7000 447.2800
frame00474.jpg 321.1500 122.2900 669.8800 100.5000 699.4600 437.9600 303.8500 447.0400
frame00475.jpg 313.5800 118.6900 659.9100 101.8400 688.6700 435.0800 298.7200 446.7400
frame00476.jpg 306.7800 115.5300 650.5300 104.7100 677.5700 434.1700 293.6500 447.5100
frame00477.jpg 301.1100 113.9100 641.9000 109.7100 667.1000 435.5700 289.9900 450.3900
frame00478.jpg 297.3000 113.6600 634.3000 116.5500 656.8700 437.9400 286.9700 453.7600
frame00479.jpg 294.5400 113.9800 627.0100 124.9300 646.3500 441.6100 284.2000 457.1100
frame00480.jpg 293.4300 115.0400 620.9300 133.5900 637.4300 445.9000 282.4000 460.3500
frame00481.jpg 293.8000 116.3700 615.9100 142.8000 629.0500 451.6700 280.0200 463.4400
frame00482.jpg 294.4200 118.8000 612.2200 153.1900 622.1100 458.9600 277.7000 466.8700
frame00483.jpg 295.5000 120.9500 610.0700 161.7900 616.8800 466.0700 274.9800 469.8900
frame00484.jpg 295.5800 123.9500 608.2000 170.6100 611.8100 474.5700 271.1100 474.5100
frame00485.jpg 295.2200 127.6300 607.0200 179.1700 608.1900 482.3700 267.9100 478.9400
frame00486.jpg 294.3100 129.6500 605.8400 185.0100 604.6000 487.3100 264.1600 482.5300
frame00487.jpg 292.4400 131.2300 604.3300 188.6900 601.9100 490.3500 261.7600 486.6700
frame00488.jpg 291.5800 131.3700 604.1600 190.2900 600.9000 492.5700 260.4100 489.5400
frame00489.jpg 291.3400 130.8600 604.6000 191.5000 600.0800 493.6800 259.0000 490.9300
frame00490.jpg 290.4500 129.1300 605.0500 190.4700 599.7600 493.3500 257.0000 490.9400
frame00491.jpg 288.8100 125.8700 604.3600 188.3800 598.2900 491.9100 255.0300 489.8100
frame00492.jpg 287.0900 122.2100 602.5200 185.8800 595.6900 489.3000 253.2200 488.8700
frame00493.jpg 285.1000 118.4300 599.4100 183.2500 591.6500 485.3900 251.7800 488.2200
frame00494.jpg 283.7800 115.8400 595.6600 182.1100 586.9000 483.0100 250.5100 488.9000
frame00495.jpg 282.1900 114.4900 590.9300 181.8000 581.1100 480.6500 248.1300 489.3100
frame00496.jpg 279.9600 112.8500 586.0500 181.6400 576.2600 478.9600 246.1200 489.5700
frame00497.jpg 278.8400 111.0600 582.9000 181.3300 572.6400 477.0600 244.6300 488.3500
frame00498.jpg 277.6000 108.2400 580.3200 180.4400 569.5300 475.3700 242.5900 486.6400
frame00499.jpg 275.5100 105.9800 577.8500 179.0300 567.4700 473.8500 240.6800 486.0700
frame00500.jpg 273.4600 104.6100 575.8800 177.8900 565.7500 473.2600 239.0100 486.5300
frame00501.jpg 271.5300 104.3600 574.1900 177.7100 564.6000 472.9000 237.8400 487.3900
frame00502.jpg 270.5000 103.6200 573.2200 176.4100 564.3900 471.3200 238.2400 487.4700
frame00503.jpg 271.2100 102.3500 573.1200 174.9100 563.8700 469.5900 239.3700 487.3700
frame00504.jpg 272.6700 100.3400 573.0900 173.8200 563.4100 468.0000 241.0600 486.2000
frame00505.jpg 275.6600 97.7450 573.3600 173.6900 561.8500 467.8300 242.5400 485.6500
frame00506.jpg 279.4800 96.8700 573.6200 176.3800 559.5300 470.2600 244.0300 486.8200
frame00507.jpg 284.5500 97.2780 573.9500 180.7200 556.9400 473.3400 245.9500 488.1300
frame00508.jpg 290.1800 98.5580 573.8400 186.4700 553.1000 476.7200 247.4800 489.8500
frame00509.jpg 295.9900 99.6250 573.4100 191.6100 549.2700 479.7100 249.2700 491.4000
frame00510.jpg 302.1800 100.3000 572.7000 196.9700 545.2900 481.9500 251.4500 491.5500
frame00511.jpg 309.2300 100.3600 572.5100 200.9200 542.3300 482.9000 254.9400 491.3100
frame00512.jpg 316.8200 99.8710 572.7800 203.8400 539.7000 483.3700 259.1300 490.4800
frame00513.jpg 325.3300 99.4760 573.4200 206.9000 537.4300 483.8200 263.9700 489.6500
frame00514.jpg 334.4400 99.4290 574.8243 211.6227 535.2400 484.6900 269.0200 488.9400
frame00515.jpg 343.2800 100.1800 575.2600 213.7300 532.8500 486.0100 273.2000 488.6500
frame00516.jpg 350.5400 101.7500 575.4900 217.9100 530.3100 488.8400 276.3500 490.4500
frame00517.jpg 357.3900 104.8900 575.9500 222.9900 528.4700 491.5200 279.6900 491.8300
frame00518.jpg 364.5200 107.0000 577.2900 227.4900 527.8300 494.3700 283.3500 492.4400
frame00519.jpg 380.1700 110.9900 581.9900 236.0900 527.1600 499.9400 291.9500 493.5600
frame00520.jpg 388.8100 113.9200 582.9700 240.9000 525.0700 501.3500 297.1800 493.9700
frame00521.jpg 399.9800 116.9700 584.2600 244.6000 522.6500 502.1400 303.1700 494.7600
frame00522.jpg 411.5000 121.0400 585.4100 249.8700 519.2500 504.8000 308.5900 496.7300
frame00523.jpg 421.4000 126.3700 584.8035 257.7765 515.8000 507.5000 312.3400 498.2800
frame00524.jpg 429.3000 130.7900 585.4272 261.5187 513.8200 510.6100 315.7400 498.8400
frame00525.jpg 435.3400 133.6800 584.8035 265.8846 512.9100 512.9900 318.7000 499.3400
frame00526.jpg 440.6400 136.6100 585.0100 268.1900 512.8600 515.1100 321.4600 500.6600
frame00527.jpg 445.0000 138.2700 586.0509 272.1216 512.2000 515.1500 324.5800 500.6700
frame00528.jpg 448.7300 140.5200 587.2983 272.7453 511.4500 515.8400 327.4300 502.5200
frame00529.jpg 451.9800 142.9000 587.2983 275.2401 510.9700 515.6200 329.5900 503.3500
frame00530.jpg 454.3000 144.4800 587.2983 275.8638 510.9900 516.4000 331.3300 504.2100
frame00531.jpg 456.1700 145.5100 587.2983 277.1112 511.3700 516.8400 333.2500 504.5200
frame00532.jpg 458.6000 146.4100 587.2983 277.7349 511.3300 517.1100 335.1400 504.6800
frame00533.jpg 461.0100 146.4300 589.1694 277.7349 511.9700 517.1100 337.2900 504.6000
frame00534.jpg 463.1100 147.2000 589.7931 277.7349 512.8500 516.5600 339.6600 504.6500
frame00535.jpg 465.4000 146.6700 590.4168 276.4875 513.7900 514.4600 342.2600 503.8500
frame00536.jpg 467.0000 145.7700 591.6642 274.6164 514.6300 511.9400 344.3500 502.6000
frame00537.jpg 468.2000 144.7800 592.9116 272.7453 515.5700 510.2900 345.8000 500.7900
frame00538.jpg 468.6400 142.8800 592.9116 272.7453 516.0400 510.0300 346.0900 498.8600
frame00539.jpg 468.1900 142.0700 592.9116 273.9927 516.6900 511.1400 345.8800 497.8700
frame00540.jpg 467.9300 142.1100 594.7827 274.6164 519.6400 512.6000 346.7700 496.7300
frame00541.jpg 467.9000 141.9300 597.9012 275.8638 523.7200 516.2200 347.2700 496.7700
frame00542.jpg 467.3600 141.5800 602.2300 277.3300 528.3100 520.7300 347.3900 495.5200
frame00543.jpg 467.9800 141.3200 607.8500 281.5000 534.1300 526.2900 348.4800 494.3300
frame00544.jpg 469.3900 142.1100 614.4900 287.2300 539.7400 534.5900 350.0200 492.1500
frame00545.jpg 472.3500 144.2600 619.8000 296.1400 543.4400 544.5000 351.5000 491.3300
frame00546.jpg 477.3600 146.7200 623.7200 305.2600 544.8800 552.6800 353.3400 490.5000
frame00547.jpg 484.7400 150.7800 627.1300 315.9100 544.3800 561.2100 356.4400 490.1000
frame00548.jpg 493.8000 156.0400 629.1200 327.1200 541.7000 569.1800 359.3400 489.3000
frame00549.jpg 501.5600 161.0000 629.1000 338.0700 537.4800 576.4700 360.8200 487.9700
frame00550.jpg 507.1100 164.0400 627.3400 347.7800 532.9100 583.1300 361.6100 485.3400
frame00551.jpg 512.5200 165.6600 624.4300 356.6700 527.0600 588.6300 362.4000 480.9700
frame00552.jpg 517.1600 166.6700 620.5800 363.9900 520.4000 592.0000 362.9500 476.3800
frame00553.jpg 522.6200 167.5300 616.5500 369.1100 513.2300 592.7000 363.6100 472.0900
frame00554.jpg 528.2200 168.8100 610.9990 374.4085 504.4300 592.2900 364.2300 468.5000
frame00555.jpg 532.9900 170.5800 604.5800 375.9500 494.8800 590.5100 363.8700 465.0200
frame00556.jpg 536.3400 171.3900 598.0600 376.6800 486.1900 587.2000 363.7000 460.7000
frame00557.jpg 538.5500 171.0900 592.6100 376.4300 479.5900 584.1900 363.7300 455.8300
frame00558.jpg 539.9300 169.6800 587.2983 378.7744 473.8500 582.7300 363.2300 451.2300
frame00559.jpg 540.2000 168.4800 584.3100 376.9900 468.3700 581.3200 361.4700 446.7700
frame00560.jpg 539.7800 167.0100 580.9900 377.0100 464.0100 579.8400 359.3500 442.0900
frame00561.jpg 539.4900 164.5500 578.9300 377.2600 460.8700 578.7500 358.0100 436.7700
frame00562.jpg 539.9900 162.1800 576.9100 378.4200 456.8800 578.6700 356.0200 431.3300
frame00563.jpg 539.7500 160.8000 574.1700 380.9200 452.2800 580.5400 353.1000 426.2800
frame00564.jpg 539.7100 160.1300 572.0400 385.7500 447.9700 583.7200 350.3600 421.3100
frame00565.jpg 540.3000 159.4100 570.9900 390.3700 445.0400 585.6000 348.7600 414.3300
frame00566.jpg 542.2300 157.0400 571.1200 394.0500 442.9800 587.8400 348.5000 406.3900
frame00567.jpg 545.0400 156.8400 570.7800 400.7400 439.0300 593.1800 347.5800 398.9500
frame00568.jpg 546.8300 157.3700 569.4100 410.0200 434.8700 598.8900 346.1300 390.8600
frame00569.jpg 548.4400 158.3100 568.4800 418.1700 431.3700 605.2600 345.0000 383.2100
frame00570.jpg 550.6300 159.6400 568.2300 428.5000 428.0800 611.6300 344.5600 375.2200
frame00571.jpg 553.2000 162.5400 566.0925 441.7682 424.7500 617.8100 344.2900 368.0600
frame00572.jpg 556.0200 164.9400 568.5700 447.5400 422.2800 622.4300 344.8200 360.6600
frame00573.jpg 559.8300 166.5000 569.0500 455.8400 418.8200 626.4700 346.3200 351.9200
frame00574.jpg 563.0500 168.1300 568.4500 464.7600 414.7000 631.0500 346.6700 342.9900
frame00575.jpg 565.5600 169.1500 567.5900 472.4500 411.1500 633.3700 347.0800 334.2700
frame00576.jpg 568.0400 169.7300 566.9900 478.4100 407.6400 634.3900 347.2500 324.3700
frame00577.jpg 570.5800 168.6100 567.7300 482.9500 406.2000 636.1800 348.5400 315.0800
frame00578.jpg 574.2900 169.7600 567.8000 488.8100 403.3300 637.0100 350.4700 308.2700
frame00579.jpg 577.2400 170.5100 566.5500 494.0900 399.2500 636.4100 350.9500 299.9900
frame00580.jpg 580.1100 171.1000 565.7600 497.4000 396.0900 634.0100 352.1800 291.7600
frame00581.jpg 584.0600 170.4800 564.0700 499.5200 391.0100 629.6200 353.6200 280.7500
frame00582.jpg 586.3100 168.5900 561.0100 501.5800 385.5300 625.8000 353.8400 268.6300
