frame ulx uly urx ury lrx lry llx lly
frame00001.jpg 136.0000 75.0000 540.0000 75.0000 540.0000 373.0000 136.0000 373.0000
frame00002.jpg 140.4200 75.9580 542.9700 77.3150 542.2700 373.8600 139.4900 372.4400
frame00003.jpg 144.9000 76.6620 545.9400 79.1350 544.3700 375.2200 142.7700 372.5800
frame00004.jpg 148.7900 78.2100 548.2800 82.0250 545.7700 377.7900 145.5400 374.1700
frame00005.jpg 152.3100 81.1470 550.2000 86.1010 547.3500 380.4300 148.5600 375.8200
frame00006.jpg 156.4000 83.5000 552.7400 89.2110 550.1600 382.1700 152.7000 376.7700
frame00007.jpg 161.0600 85.4800 556.0000 91.1750 553.7500 382.7800 157.6800 377.1700
frame00008.jpg 166.5200 86.6220 560.3800 92.0850 558.0500 382.3500 163.3000 376.4700
frame00009.jpg 171.6300 86.4290 564.5100 91.7710 561.6900 381.4400 167.9800 375.1500
frame00010.jpg 175.8800 86.1520 568.1000 91.4340 564.4100 380.7700 171.8000 374.1600
frame00011.jpg 178.8100 85.9530 570.2200 91.3080 566.0400 380.1300 174.2700 373.6500
frame00012.jpg 181.0000 85.7110 571.7400 91.0310 567.7300 379.2200 176.9500 372.9100
frame00013.jpg 183.7700 85.9000 573.8200 91.2320 569.9200 379.1900 180.2800 372.9200
frame00014.jpg 187.1000 86.7430 576.1100 91.9060 572.3000 378.9100 183.8500 372.8200
frame00015.jpg 190.1800 87.3170 578.1600 92.0860 574.4300 378.4400 187.0400 372.7800
frame00016.jpg 192.8100 87.9950 579.8100 92.3880 576.2000 377.7900 189.9600 372.5600
frame00017.jpg 195.1000 88.0960 581.0400 92.2280 577.3100 376.6900 192.2500 371.9200
frame00018.jpg 197.0400 88.0380 581.9200 92.0910 578.2800 375.3200 194.5700 370.8600
frame00019.jpg 198.9100 86.9220 582.8000 90.8640 578.8200 372.9100 196.2200 368.7600
frame00020.jpg 199.5400 85.6970 582.7100 89.5350 578.3400 370.8500 197.0100 367.4300
frame00021.jpg 199.7100 84.1780 581.9800 87.8650 577.5900 367.8700 197.4200 365.1500
frame00022.jpg 199.5800 82.3090 581.1200 86.1740 576.3800 366.3000 197.6400 364.0700
frame00023.jpg 199.4800 82.2940 579.7700 86.4740 574.6600 365.8200 197.2800 363.9100
frame00024.jpg 198.6900 82.5290 577.6700 87.3110 572.2100 365.5100 196.3000 363.8500
frame00025.jpg 197.5800 82.6240 575.1800 88.1880 569.3900 365.1100 194.8900 363.8200
frame00026.jpg 196.0900 82.9730 572.2200 89.3010 566.3900 365.1900 193.2200 364.0100
frame00027.jpg 195.0000 83.5080 569.7700 90.6650 564.0900 364.9200 192.3400 363.8100
frame00028.jpg 194.4600 83.3220 567.8600 90.9640 562.3200 363.5600 191.8900 362.6200
frame00029.jpg 194.2800 82.2530 566.5500 90.3330 561.0700 362.4300 191.9700 361.6200
frame00030.jpg 194.5500 82.4030 565.7400 90.6790 560.8600 361.5200 193.2300 361.1100
frame00031.jpg 196.0600 81.7760 566.1600 89.7850 561.7500 359.4200 195.3400 359.2900
frame00032.jpg 198.1200 80.3650 567.4300 88.2960 562.9100 357.6500 197.8300 357.5000
frame00033.jpg 200.6300 79.8310 568.8600 88.0050 563.8800 357.3200 200.0200 357.0500
frame00034.jpg 202.6900 80.0100 569.8900 88.7950 564.2900 356.8900 201.8400 356.2400
frame00035.jpg 204.6500 79.7740 570.6300 88.9400 564.3100 356.3300 203.2200 355.5000
frame00036.jpg 205.7300 79.7480 570.4100 89.3800 563.7000 355.6900 204.0800 355.0300
frame00037.jpg 206.2900 80.1670 569.6600 90.1320 562.8000 355.7700 204.7000 355.4900
frame00038.jpg 206.9100 80.9930 568.7100 91.0320 561.7700 354.9900 205.1700 355.1200
frame00039.jpg 206.7000 81.0190 567.0800 91.1560 559.8000 353.7600 204.8300 354.4800
frame00040.jpg 205.8200 80.7430 564.8600 90.7360 557.8600 351.8100 204.6200 353.3500
frame00041.jpg 205.0100 79.9050 562.5500 89.8210 555.4000 349.9600 203.7900 352.2800
frame00042.jpg 203.2600 79.5330 559.3400 89.3950 552.2900 347.7000 202.2700 351.0400
frame00043.jpg 200.4300 77.6770 555.3400 87.0580 548.3600 343.4900 199.9000 348.2900
frame00044.jpg 196.5300 74.7290 550.5700 83.3730 544.2200 338.6700 197.1300 345.1800
frame00045.jpg 192.5100 71.2560 545.9000 79.2770 540.2800 333.3500 194.6800 341.5800
frame00046.jpg 189.3700 67.2420 542.1200 74.7800 537.0600 328.4500 193.1700 337.9400
frame00047.jpg 187.1300 64.6590 539.1900 72.0200 534.3600 324.9000 192.2300 335.2200
frame00048.jpg 185.6800 60.8060 536.5200 68.2580 531.7900 319.6200 191.0400 330.5400
frame00049.jpg 184.2900 57.1740 534.3800 65.0450 529.4600 316.9600 190.8500 328.2500
frame00050.jpg 184.2800 56.8540 532.7400 65.3330 527.5100 317.2900 190.8200 328.5500
frame00051.jpg 184.5300 58.2620 531.1200 67.6550 525.6600 318.2000 190.7700 329.1800
frame00052.jpg 185.0900 59.4790 529.5300 69.9190 523.8200 319.4800 190.6700 330.3300
frame00053.jpg 185.8600 62.5220 528.1900 73.5090 523.0700 321.9900 191.8700 332.9500
frame00054.jpg 188.0600 65.9020 528.5100 76.8260 524.0400 323.2100 194.7200 334.2900
frame00055.jpg 191.5400 67.9710 530.0300 78.7180 526.1400 324.9200 198.4200 336.2300
frame00056.jpg 195.0700 71.3110 531.8900 81.7770 528.0000 326.1100 201.9400 337.7400
frame00057.jpg 198.3100 73.4570 533.5300 83.1410 529.8600 326.2800 205.1700 338.5100
frame00058.jpg 200.4100 74.6640 534.2700 83.4370 530.8000 325.5500 207.5300 338.7200
frame00059.jpg 201.6100 74.4350 534.2500 82.2260 531.0600 322.1300 208.9300 336.5100
frame00060.jpg 202.0000 71.3110 533.7200 78.1820 530.9100 317.7500 210.2800 333.2500
frame00061.jpg 202.5000 68.7720 533.3800 75.0420 530.2300 313.8200 211.3300 330.2200
frame00062.jpg 201.8200 65.5390 531.9100 71.1660 528.2600 309.3400 210.8900 326.8100
frame00063.jpg 199.6400 62.5190 528.6900 67.6600 524.1500 305.0600 208.3100 323.7900
frame00064.jpg 194.7000 60.0330 522.9100 65.3420 517.5300 302.8000 203.6900 323.0200
frame00065.jpg 188.2200 59.7880 515.0300 65.1080 509.3500 301.1500 197.3600 322.9300
frame00066.jpg 180.6500 59.7050 506.0800 65.4880 501.6700 300.6500 191.7000 323.9000
frame00067.jpg 175.8800 60.9390 499.4200 66.8640 496.3700 299.6900 188.4100 323.7300
frame00068.jpg 173.0700 59.5940 494.8900 65.6270 492.5200 296.8000 186.6700 321.6300
frame00069.jpg 171.8600 59.3370 491.7700 65.2780 490.3400 296.5400 186.8900 322.3600
frame00070.jpg 172.8800 62.1250 490.6000 67.7790 489.8000 297.9600 188.9500 324.3700
frame00071.jpg 175.4600 65.0760 490.5300 70.5170 490.0400 298.9500 191.6000 325.4700
frame00072.jpg 178.9700 67.1930 491.4600 72.8610 491.0500 300.0200 194.9500 326.2500
frame00073.jpg 183.4800 69.1250 493.5400 75.0060 493.4700 300.9600 199.5900 326.9300
frame00074.jpg 189.0600 71.1370 496.7200 76.9200 496.4800 301.6400 204.7600 327.3400
frame00075.jpg 194.7000 72.7490 500.2000 78.1020 499.8100 301.1300 210.2200 326.9400
frame00076.jpg 199.0300 72.2000 502.4700 76.9860 501.3600 299.0400 213.4500 325.4700
frame00077.jpg 200.6300 72.1350 502.3900 76.4020 500.8300 298.1100 214.9000 325.2700
frame00078.jpg 201.1100 72.5680 501.1300 76.7190 499.8000 297.5700 215.5200 325.4900
frame00079.jpg 201.3600 73.2130 499.5900 77.0050 498.6400 296.3900 216.1000 325.1700
frame00080.jpg 201.5400 73.4770 497.7900 76.9390 497.3300 296.6500 216.4300 326.5000
frame00081.jpg 201.5700 76.6060 495.9900 79.8460 495.5700 298.8000 216.3000 329.3700
frame00082.jpg 200.0100 79.4540 492.7500 82.4260 492.2100 299.7400 214.6100 331.2000
frame00083.jpg 197.7300 80.6850 488.6500 83.3250 489.1800 298.8300 213.2700 331.2800
frame00084.jpg 196.8300 80.1860 486.1900 82.3890 488.0200 297.2600 214.0900 330.8000
frame00085.jpg 198.0000 81.1720 485.7800 82.5910 489.0100 297.2300 217.2200 331.9900
frame00086.jpg 201.7900 83.3810 487.2300 83.4420 491.4000 296.4800 221.6300 332.0100
frame00087.jpg 205.1000 83.8540 488.6000 82.8650 492.9700 295.4100 225.3500 332.0600
frame00088.jpg 207.5200 84.9390 489.0400 82.6990 493.8400 293.6500 228.3800 331.2900
frame00089.jpg 209.1300 84.4010 488.6000 81.0950 493.2700 291.6200 229.8700 330.4000
frame00090.jpg 208.9400 85.3580 486.3400 81.4720 491.1000 290.5200 229.6200 330.0800
frame00091.jpg 206.5700 83.0770 482.3500 78.7380 486.6700 285.5400 226.9800 326.2400
frame00092.jpg 201.2700 79.2290 475.8900 74.3110 480.7600 281.0100 223.0400 323.2000
frame00093.jpg 196.4500 76.5180 469.7200 70.9480 475.5300 276.6500 219.7700 320.3200
frame00094.jpg 191.5900 73.4540 463.7800 67.1850 470.3900 273.0000 216.5000 318.1400
frame00095.jpg 187.8000 72.6090 458.6700 66.2300 465.9400 271.2300 213.7700 317.1900
frame00096.jpg 183.7400 70.3790 453.4200 64.0410 460.5700 268.5100 209.7700 315.4000
frame00097.jpg 178.5500 70.0510 446.9400 63.6130 454.5700 267.6300 205.5200 315.5700
frame00098.jpg 173.9700 69.4230 440.8700 62.9010 449.9300 264.9900 202.8300 313.6800
frame00099.jpg 172.0300 66.7870 437.1800 60.0610 447.6600 262.2900 202.8100 311.8800
frame00100.jpg 173.6600 68.4670 436.5300 61.4820 448.3700 264.2700 206.1800 314.4500
frame00101.jpg 178.6100 71.9690 438.7100 64.6830 451.0900 265.2500 211.2600 315.2300
frame00102.jpg 184.2100 74.0020 441.5800 66.3420 454.3600 267.1700 216.9700 317.5800
frame00103.jpg 191.9200 80.3290 445.9300 72.4930 459.2700 272.1200 224.5000 321.9700
frame00104.jpg 199.4900 83.6020 450.7900 75.5590 463.3100 272.5000 230.7200 321.4000
frame00105.jpg 205.6800 82.8640 454.6100 74.5520 467.0200 270.5200 236.4200 319.3400
frame00106.jpg 211.7600 82.1730 458.6100 73.3380 471.0200 268.7400 242.6300 317.3700
frame00107.jpg 217.2800 80.5440 462.0800 71.3580 474.2000 265.8400 247.6000 314.6200
frame00108.jpg 221.8400 79.3760 464.7300 69.6210 476.5400 264.0400 251.5900 312.8900
frame00109.jpg 224.4600 77.6450 465.7600 68.1180 476.6600 261.7000 252.8600 310.3100
frame00110.jpg 223.9600 75.3090 464.2500 65.9520 473.8600 259.9700 251.2000 308.8300
frame00111.jpg 220.5600 74.5520 460.2400 65.5470 469.4000 257.8700 248.0700 306.6200
frame00112.jpg 214.1100 68.5940 452.5600 60.0150 461.5800 252.1500 240.7700 302.5200
frame00113.jpg 207.6200 68.2550 445.4300 59.9700 454.9800 253.5400 236.0200 304.4400
frame00114.jpg 202.9500 69.9630 439.2200 62.2270 449.1700 254.8000 231.4100 306.1100
frame00115.jpg 198.4700 72.9540 433.5900 65.2900 444.0400 257.3000 227.6100 308.9500
frame00116.jpg 194.7100 75.2740 427.9300 67.8460 439.2300 259.2300 223.7800 311.7300
frame00117.jpg 191.1300 79.9490 423.0900 72.4550 434.9500 262.7800 221.1100 315.4700
frame00118.jpg 189.2700 81.5370 419.8000 74.2060 432.9300 262.5400 220.5400 315.1600
frame00119.jpg 190.3000 81.0020 419.4200 73.6160 433.3400 261.7800 222.7000 314.4800
frame00120.jpg 194.4100 81.1580 421.7100 73.8290 436.1300 261.7100 227.2100 314.3700
frame00121.jpg 200.1100 83.3810 425.7200 75.9200 440.4400 264.3000 233.5000 316.7400
frame00122.jpg 206.2700 84.7640 429.4700 77.1270 443.4900 262.5400 237.4100 314.3100
frame00123.jpg 210.3500 81.4260 432.1900 73.7050 446.5100 260.1900 242.2400 312.3600
frame00124.jpg 214.8000 82.8140 435.1200 74.7950 448.3300 261.1900 245.5300 313.3900
frame00125.jpg 215.5900 82.9550 434.6500 74.5900 448.0200 259.7900 246.1400 312.3300
frame00126.jpg 215.9700 79.3700 434.0000 70.4170 448.6500 254.1600 247.6200 307.6700
frame00127.jpg 216.4700 75.6000 434.5300 64.4570 450.1400 250.4500 250.5700 306.1900
frame00128.jpg 217.1600 75.6780 434.7500 62.7330 451.2000 248.7900 252.7200 305.8400
frame00129.jpg 217.5500 73.6350 434.3800 60.1100 450.9200 245.6000 253.1900 303.2100
frame00130.jpg 217.0800 70.5420 433.3700 56.4610 450.3300 242.9200 253.7100 301.6000
frame00131.jpg 218.8500 72.3000 433.6800 57.4750 451.5700 244.9800 256.5700 304.2100
frame00132.jpg 221.8200 75.2460 435.1000 61.0320 452.1800 247.8000 258.0200 306.3000
frame00133.jpg 223.4000 78.1220 435.2000 64.4380 452.0900 250.7000 259.0900 309.0200
frame00134.jpg 225.2700 81.1740 435.6000 67.0840 453.4500 252.0600 261.9000 310.8000
frame00135.jpg 229.3000 84.9140 437.9400 69.7810 456.7400 254.9500 266.7200 314.4200
frame00136.jpg 232.4800 89.2450 439.7100 73.5030 458.1400 257.5600 269.0400 317.5000
frame00137.jpg 234.5100 92.3300 440.2100 76.0470 459.2500 259.2700 271.3100 319.3400
frame00138.jpg 237.5300 94.8220 441.9800 78.4760 461.0300 261.4100 274.2000 321.2400
frame00139.jpg 240.4400 96.5440 443.6600 80.6380 462.1700 262.8100 276.1100 322.1900
frame00140.jpg 242.3900 98.4290 444.6100 82.3920 463.3500 263.9500 278.4600 323.2800
frame00141.jpg 244.9000 99.3920 445.8300 82.7600 464.7800 263.7800 280.6300 323.5700
frame00142.jpg 246.4200 102.4700 445.6600 85.3710 464.3000 267.4900 280.5600 328.5200
frame00143.jpg 244.7800 109.1900 442.8000 91.9490 461.2800 273.0200 278.6200 334.1800
frame00144.jpg 243.0000 112.4400 440.0700 95.7620 459.0300 275.0100 277.7600 335.1900
frame00145.jpg 244.7900 112.9900 440.4700 96.7700 459.9400 274.9200 279.8800 334.4700
frame00146.jpg 247.2400 112.9300 441.6600 96.9290 460.7300 275.6400 281.4700 335.1100
frame00147.jpg 249.7500 115.4900 443.0100 99.8450 462.0100 277.6100 284.0000 336.0000
frame00148.jpg 252.7000 116.7200 444.4800 101.5300 462.7200 279.1800 285.0200 337.3000
frame00149.jpg 252.7400 120.7200 443.5600 105.7100 461.2200 282.5600 284.2000 340.2100
frame00150.jpg 251.7100 122.8800 441.8200 107.8600 460.2200 282.9300 284.0500 340.2900
frame00151.jpg 253.6900 123.2700 443.1400 108.3300 462.7000 283.0000 287.9800 339.6900
frame00152.jpg 259.7000 122.2200 448.3700 106.9100 468.7700 280.0400 294.3500 336.6900
frame00153.jpg 264.9600 122.1100 453.3100 105.6800 473.2400 280.2300 298.7800 336.6200
frame00154.jpg 267.7000 124.5600 455.4700 108.3400 473.6700 282.8000 298.7700 338.6600
frame00155.jpg 264.7300 126.3400 452.4500 110.8600 468.6600 284.2100 293.7700 339.9400
frame00156.jpg 258.7100 128.2200 446.1700 113.1700 463.0800 286.4600 288.4600 342.0200
frame00157.jpg 254.6000 128.6000 441.8600 113.6400 459.7200 284.9100 285.1300 340.5300
frame00158.jpg 251.7200 127.4800 439.0100 111.7500 458.0500 283.6000 283.8500 339.8800
frame00159.jpg 250.9400 126.6000 438.0600 110.6000 457.8300 281.5400 283.7900 337.7900
frame00160.jpg 250.3300 124.5100 437.6500 108.1000 457.3100 279.4800 283.3200 336.1700
frame00161.jpg 247.7700 124.2300 435.1200 107.2400 454.7400 278.4700 281.0600 335.8800
frame00162.jpg 245.3600 123.9000 432.4700 106.6300 452.8400 278.1500 279.5900 335.9200
frame00163.jpg 243.9300 124.0600 430.7000 106.5900 451.4200 276.9200 278.5700 334.5200
frame00164.jpg 242.8900 120.5600 429.3200 103.2800 450.3000 273.6600 277.8800 331.2000
frame00165.jpg 243.0000 117.8700 428.9700 101.0700 449.5400 271.0700 277.4500 328.2000
frame00166.jpg 241.8200 113.9800 427.6400 98.0410 447.2600 268.8000 275.6000 325.2000
frame00167.jpg 241.4800 113.2200 426.6600 98.1750 446.7900 269.0900 276.2500 324.6300
frame00168.jpg 244.4600 110.8300 428.4200 96.6180 449.3400 265.8600 279.6300 320.7600
frame00169.jpg 248.9900 107.5300 432.6300 93.5240 453.7700 263.9000 285.5800 318.5500
frame00170.jpg 255.7100 105.8200 437.8300 91.5380 459.4000 260.2900 291.6100 314.4400
frame00171.jpg 260.6900 102.2100 442.4700 87.2380 464.0900 257.2100 297.6100 311.7100
frame00172.jpg 266.0400 101.3900 446.7200 85.7480 468.5100 255.7700 302.9100 310.2800
frame00173.jpg 270.5700 100.9000 450.1400 84.9590 471.5700 254.5600 306.8400 308.7600
frame00174.jpg 273.5900 98.3020 451.9600 82.2830 473.2800 251.2400 309.3100 305.4300
frame00175.jpg 276.1700 96.6950 453.6500 80.4550 474.5000 250.2100 311.6700 304.2000
frame00176.jpg 277.2800 96.4650 453.7400 80.5870 473.4400 250.0300 311.4700 303.5000
frame00177.jpg 276.8000 96.2690 452.0800 80.7280 471.7700 249.7200 310.9900 302.9800
frame00178.jpg 277.5300 96.9220 451.6200 80.9610 472.1900 249.4000 312.7700 303.0200
frame00179.jpg 279.0400 97.1340 452.0500 80.6590 472.6100 248.3100 314.1300 301.9100
frame00180.jpg 278.6900 95.8820 450.8700 79.5060 470.6700 246.5400 312.9800 300.1200
frame00181.jpg 276.3900 94.7210 447.7300 78.6460 467.3800 245.6500 310.6500 299.2300
frame00182.jpg 274.5200 94.0450 444.8300 78.2920 464.7600 244.4100 309.0400 297.5700
frame00183.jpg 272.5700 91.5150 442.1500 76.6350 461.7000 242.5300 306.6300 295.1500
frame00184.jpg 271.3200 89.7680 439.8700 75.2630 460.3400 240.5200 306.2800 292.7100
frame00185.jpg 271.4700 86.1020 439.2800 71.6680 459.7900 236.3400 306.6800 288.3200
frame00186.jpg 270.4000 82.1400 437.5600 68.0800 457.3500 233.1000 305.1100 284.7700
frame00187.jpg 268.2900 78.0800 434.4900 65.6250 453.3500 230.7300 302.0300 281.3000
frame00188.jpg 267.1100 75.1720 432.2300 64.5050 450.6200 229.9200 300.4900 279.1000
frame00189.jpg 267.5300 72.8610 431.2700 63.1790 449.6700 227.9700 300.7800 276.5800
frame00190.jpg 269.3300 72.2420 431.5100 62.8930 450.0900 228.0900 302.7800 276.2200
frame00191.jpg 272.1000 72.5080 432.6400 64.1530 450.5100 229.0400 304.5200 276.1100
frame00192.jpg 274.6500 74.6650 433.2700 66.9740 450.6800 231.5800 306.0100 278.2100
frame00193.jpg 275.5500 78.3250 432.1800 70.6980 449.4000 234.5900 305.8900 281.3200
frame00194.jpg 274.9600 82.9960 430.1000 75.4830 447.8400 237.7100 305.9500 284.0500
frame00195.jpg 275.8900 84.3330 429.5900 76.3870 448.3600 237.5400 307.9400 284.1000
frame00196.jpg 278.3500 86.4990 430.7700 78.0130 450.1400 239.0700 311.3000 285.8800
frame00197.jpg 281.5000 88.8610 432.3700 80.2940 451.0500 239.8700 313.1900 286.0200
frame00198.jpg 282.1300 89.6600 431.7300 81.7220 449.0500 241.2200 312.2700 287.0400
frame00199.jpg 280.9700 92.0370 429.2600 84.0150 447.0400 241.6300 311.2300 287.1400
frame00200.jpg 279.5300 92.2070 426.9100 84.2550 444.0600 241.5100 309.0500 287.2800
frame00201.jpg 275.5300 93.5000 422.5700 85.7550 440.0400 241.7100 305.6600 287.5600
frame00202.jpg 271.0600 90.9720 418.0800 83.1090 435.9900 238.5800 301.4500 284.8600
frame00203.jpg 265.3100 88.9540 413.0200 80.9710 431.4400 237.1200 297.0400 284.1600
frame00204.jpg 260.7100 86.7910 408.6500 78.5750 427.3500 235.0300 292.8900 282.4800
frame00205.jpg 256.3400 85.5140 404.5500 77.9170 422.8900 234.6200 288.3800 281.8300
frame00206.jpg 252.3600 85.1820 400.2700 78.0380 418.5500 235.4400 283.8100 282.7900
frame00207.jpg 247.6700 87.4250 395.7100 80.8360 413.5800 238.4400 278.8800 286.0700
frame00208.jpg 241.0700 89.5460 389.4300 83.4740 407.1100 240.4800 272.5000 288.3400
frame00209.jpg 234.9200 91.0340 383.1900 84.3060 403.2800 240.6200 268.7400 288.3600
frame00210.jpg 234.3200 89.8240 382.4300 82.3870 404.1900 238.7000 270.0700 287.0000
frame00211.jpg 234.9000 89.0800 382.9400 80.9850 404.9500 237.3200 270.7800 286.0800
frame00212.jpg 234.4800 86.0830 382.5400 77.7340 405.2600 234.0400 271.3400 283.0800
frame00213.jpg 235.5000 84.0480 383.7600 75.6900 406.4700 232.5100 272.8600 281.5500
frame00214.jpg 235.7600 82.7130 383.7400 74.2570 406.0400 231.5600 272.4700 280.6700
frame00215.jpg 235.2300 82.7190 382.9400 74.3700 405.8000 231.6300 272.7700 280.5900
frame00216.jpg 237.5300 81.0130 385.0600 73.1610 408.6800 230.0200 276.4500 279.0800
frame00217.jpg 241.3200 81.1100 388.1100 73.0330 411.0100 230.5500 279.0000 279.1500
frame00218.jpg 243.3200 81.3650 389.5300 73.4700 412.3000 230.4600 280.6900 278.8600
frame00219.jpg 245.6400 81.2530 391.3100 73.2440 414.1400 230.2300 283.0100 278.6100
frame00220.jpg 247.4400 82.1770 392.4000 74.0710 414.6200 231.6500 283.7200 280.0700
frame00221.jpg 247.4900 84.8390 391.8400 76.8980 413.8000 234.0100 283.1700 282.1000
frame00222.jpg 248.0000 86.0550 391.9600 78.3930 413.9000 234.9000 283.7200 282.5800
frame00223.jpg 249.1700 86.8370 392.7000 79.3260 414.2600 236.0000 284.2600 283.6400
frame00224.jpg 249.3900 88.8980 392.6600 81.3280 413.8900 237.4000 284.0900 284.9200
frame00225.jpg 248.9300 89.0720 391.8900 81.5720 412.8300 237.1500 283.0500 284.3000
frame00226.jpg 248.2500 88.6530 391.0400 81.5450 411.8500 237.5100 282.3100 284.7000
frame00227.jpg 246.9100 89.4370 389.7000 82.6960 409.6700 238.0900 280.1900 285.0200
frame00228.jpg 243.8700 88.8990 386.4600 82.6650 405.9600 238.0600 276.6000 284.9200
frame00229.jpg 241.1700 90.4530 383.1200 84.8040 402.5600 240.6000 273.5300 287.2600
frame00230.jpg 238.9900 93.5510 380.4800 88.2920 399.9500 243.0000 271.2100 289.2700
frame00231.jpg 236.5400 94.9880 377.8300 90.0300 397.2200 244.7100 268.4700 290.7600
frame00232.jpg 235.4600 96.3170 376.6800 91.6610 396.6600 245.9900 268.0600 291.5400
frame00233.jpg 235.9100 96.3290 377.0600 91.5640 397.2000 246.0300 268.4600 291.7700
frame00234.jpg 235.6700 97.0460 377.0200 92.0470 396.8900 246.6000 268.1700 292.3700
frame00235.jpg 234.9900 96.8060 375.9900 91.9850 395.8700 246.6300 267.2300 292.4400
frame00236.jpg 235.0900 99.5700 375.5200 94.7940 395.5400 249.7300 267.1500 295.5700
frame00237.jpg 235.2000 101.8700 375.4700 97.2310 395.4200 251.7300 267.2400 297.3900
frame00238.jpg 236.2300 105.0400 376.1500 100.3700 396.5300 254.5100 268.8600 300.0400
frame00239.jpg 239.1500 106.7000 378.7400 101.9800 399.3800 255.2200 272.1200 300.5900
frame00240.jpg 242.2500 107.7200 381.5100 102.5700 401.7700 255.8000 274.5100 301.0900
frame00241.jpg 243.5200 108.0900 382.4500 102.6600 402.3800 255.4200 275.0900 300.7400
frame00242.jpg 244.3100 107.3900 383.2200 102.0900 403.0600 254.9300 275.8400 300.0400
frame00243.jpg 245.2700 106.8600 384.1300 101.7500 403.6900 254.8300 276.4500 299.8500
frame00244.jpg 246.6400 107.4900 385.3100 102.1600 404.8500 255.1300 277.6600 299.9900
frame00245.jpg 248.2900 106.9000 386.3600 101.8800 406.3500 254.8300 278.3600 299.9000
frame00246.jpg 250.1500 106.1300 388.1300 101.4100 406.8200 255.2200 280.0100 299.7200
frame00247.jpg 252.7600 106.2600 389.8200 101.4400 409.3300 256.8300 281.2800 297.6700
frame00248.jpg 252.0000 102.0000 389.3100 101.5500 408.5000 254.9000 281.6000 298.9600
frame00249.jpg 252.9900 101.4000 390.6300 100.4400 408.8200 254.9600 282.0200 298.0500
frame00250.jpg 253.8800 101.6500 391.7400 99.3420 409.2800 252.9700 281.8400 296.2100
frame00251.jpg 254.4200 100.9800 391.6000 98.0610 409.6100 252.2400 281.8800 296.1400
frame00252.jpg 253.9700 102.1500 391.6200 97.7070 411.6800 251.3400 282.8100 295.7900
frame00253.jpg 254.4200 99.6220 392.8900 98.4700 412.3000 250.6000 283.0500 296.1300
frame00254.jpg 256.0000 100.0000 393.7200 98.0700 415.6900 250.1300 285.6800 296.5100
frame00255.jpg 257.0000 99.0580 396.7600 96.9630 415.9300 250.7100 290.1400 297.3300
frame00256.jpg 257.9700 98.2130 399.0500 96.6760 416.3500 250.3600 291.5400 295.4800
frame00257.jpg 260.1900 99.9460 400.3800 98.1870 416.9900 252.3200 292.6400 296.5000
frame00258.jpg 261.6400 99.9760 401.7600 99.1970 418.2700 251.3800 295.1200 296.6600
frame00259.jpg 264.2500 100.4100 407.2400 98.6300 424.4800 252.7100 299.5800 295.8200
frame00260.jpg 271.5000 101.2100 408.0000 99.0000 431.3400 251.7800 304.7200 294.2800
frame00261.jpg 277.0400 101.0500 415.0000 95.0000 438.4400 250.7800 309.0600 293.8900
frame00262.jpg 278.7200 101.5400 419.6000 96.5990 437.7800 250.3500 312.3500 296.7600
frame00263.jpg 279.2000 101.8300 419.0000 98.0000 437.1800 249.8900 311.8900 296.1900
frame00264.jpg 277.1000 101.3800 418.4600 96.5880 435.4500 250.2400 309.5200 297.2300
frame00265.jpg 274.7500 102.3800 416.3600 97.9680 435.8300 251.8300 309.2300 297.4100
frame00266.jpg 275.4400 102.8100 416.7200 97.3150 435.4700 252.7500 308.6400 297.6500
frame00267.jpg 275.8400 107.4000 417.2500 98.7830 437.7600 255.6400 306.3300 299.5300
frame00268.jpg 278.0000 108.0000 417.7200 102.5200 432.9400 258.8000 305.7600 302.1500
frame00269.jpg 278.0000 111.0000 418.0800 104.9500 430.9300 259.4300 306.3500 302.1800
frame00270.jpg 277.0000 111.0000 417.3400 105.5300 430.7400 259.7900 306.4200 304.7900
frame00271.jpg 272.8900 111.8900 416.5500 107.2000 432.2700 262.6200 303.8700 307.1900
frame00272.jpg 274.0000 114.0000 414.4800 108.3900 430.2800 263.8600 302.1800 308.7700
frame00273.jpg 271.0000 116.0000 413.5000 108.5000 430.6000 263.3800 301.5000 308.4000
frame00274.jpg 270.0000 114.0000 412.4400 107.1000 429.7400 263.3000 302.6000 310.2700
frame00275.jpg 270.0000 115.0000 412.8100 106.9200 432.1300 264.0500 301.7500 310.7700
frame00276.jpg 269.0000 116.0000 412.9600 108.2800 432.1400 264.4000 302.1300 311.8500
frame00277.jpg 268.0000 115.0000 412.3100 109.9300 432.7000 264.5100 301.2700 312.1500
frame00278.jpg 266.0000 114.0000 412.8500 107.2000 430.0600 262.5200 298.8600 309.6700
frame00279.jpg 263.5600 110.2600 412.1900 105.7100 429.3500 263.1600 297.9500 309.4200
frame00280.jpg 261.9100 108.0200 411.7500 104.4300 428.7800 262.2600 297.5300 306.8200
frame00281.jpg 261.9700 107.1900 412.1600 102.6300 430.0700 261.2000 298.2700 305.7300
frame00282.jpg 263.2400 105.7300 413.9600 100.9000 431.8100 259.5500 298.5100 304.7100
frame00283.jpg 263.1300 104.0400 415.1100 100.3800 431.0900 259.5600 298.7200 304.4900
frame00284.jpg 263.7400 101.8000 415.5200 98.8030 432.2400 257.9900 299.3200 304.6900
frame00285.jpg 264.4400 103.5600 416.2100 99.4190 433.6800 259.9600 299.1900 307.0400
frame00286.jpg 264.7900 102.5300 417.0000 99.2760 434.7800 259.6700 301.1500 305.8600
frame00287.jpg 265.2900 100.7200 419.0700 98.3910 436.6200 259.3800 303.4800 305.1300
frame00288.jpg 267.6600 99.7800 421.1000 98.3140 437.4600 260.5000 303.4700 306.9500
frame00289.jpg 268.6300 100.6300 421.4100 98.5840 438.1900 261.0800 302.6900 308.1400
frame00290.jpg 269.1500 101.0200 422.3500 98.8560 439.4900 261.8900 303.6100 309.9700
frame00291.jpg 270.4900 100.8200 424.3500 100.1700 440.8700 263.1600 304.6000 311.2200
frame00292.jpg 272.2000 99.6230 427.1200 99.4390 441.7000 263.9800 306.4100 310.8800
frame00293.jpg 273.3600 102.4600 429.2700 100.2400 445.8900 266.0500 307.1400 313.9000
frame00294.jpg 273.7800 104.9400 430.3100 103.2700 446.2700 268.8300 306.3800 317.0300
frame00295.jpg 273.7700 108.8200 429.5600 106.7700 447.5300 273.7000 305.7400 321.6600
frame00296.jpg 272.7800 110.3500 430.0400 109.1000 447.8800 274.7800 306.7800 324.7900
frame00297.jpg 273.8700 113.6600 431.3700 110.5000 452.3500 277.6200 307.8800 328.9200
frame00298.jpg 275.0500 116.0800 434.6400 111.0600 455.1200 278.7800 310.3400 331.8300
frame00299.jpg 276.6400 115.9600 438.5300 111.4400 458.6700 281.1100 313.9400 333.0800
frame00300.jpg 279.0400 118.8300 441.6700 113.7000 460.3400 282.0000 316.6900 336.5600
frame00301.jpg 282.0500 122.7100 446.0700 116.3000 465.8900 285.9800 318.7900 339.6200
frame00302.jpg 284.1700 123.2000 449.8800 118.3000 468.5700 288.7900 320.6500 341.4400
frame00303.jpg 285.9900 123.6400 452.6100 118.3000 471.0400 289.4300 320.8300 342.0500
frame00304.jpg 285.6500 123.1900 453.9700 118.5900 470.9300 289.6700 319.3500 343.3800
frame00305.jpg 284.7100 122.4700 454.3600 118.5300 471.4200 291.6700 317.8300 342.8000
frame00306.jpg 283.0400 120.3900 454.9000 116.3800 471.3000 290.1500 317.0200 341.0400
frame00307.jpg 281.3600 118.4700 455.9600 115.1300 471.8900 289.9300 316.9600 339.8000
frame00308.jpg 281.9100 118.0100 457.7000 114.7700 473.4500 290.9000 316.4800 340.2900
frame00309.jpg 281.4000 115.5900 460.2000 113.7000 475.3800 289.3700 316.5600 340.8100
frame00310.jpg 282.3300 114.5100 463.0900 112.9700 477.0000 289.8200 317.4900 339.8900
frame00311.jpg 283.5800 113.2900 465.9200 111.3400 480.2500 289.3000 317.3700 340.8000
frame00312.jpg 283.6500 113.1300 466.7700 109.6900 481.9700 288.7200 315.5000 340.8800
frame00313.jpg 278.8100 111.7200 465.5100 108.8100 480.1000 290.0100 311.4000 343.6900
frame00314.jpg 276.9900 113.2900 464.7600 110.7500 480.0700 292.6100 308.4300 345.5200
frame00315.jpg 273.7300 114.5800 464.9200 111.8800 480.5900 294.3800 305.8400 348.7600
frame00316.jpg 272.2500 114.6300 464.7200 112.0700 481.5600 294.4700 304.7100 349.5600
frame00317.jpg 273.6600 116.2300 466.9200 111.3200 485.2400 295.9900 302.5900 349.4500
frame00318.jpg 271.6800 116.4700 467.3800 110.7800 485.4400 297.3400 300.3100 351.8100
frame00319.jpg 269.8800 117.0100 467.3300 111.3700 486.0000 297.6800 297.5500 352.9300
frame00320.jpg 267.2300 118.1500 467.4000 111.1500 486.6200 298.4800 295.2500 354.1300
frame00321.jpg 263.5500 118.5500 467.3400 112.2000 485.5900 301.6800 291.9200 356.6700
frame00322.jpg 260.0100 117.6500 466.5700 112.2800 483.5900 301.9000 287.5400 358.4600
frame00323.jpg 257.0500 119.9300 465.6200 112.3100 483.4100 303.0600 284.7000 359.7600
frame00324.jpg 253.8300 119.4500 465.4300 112.2600 483.7400 303.5400 281.5100 360.5600
frame00325.jpg 250.1900 119.9900 464.6000 112.3400 483.0800 304.4600 277.1700 362.8600
frame00326.jpg 246.6600 119.9500 463.8300 112.8200 481.0900 305.8700 272.1200 363.2100
frame00327.jpg 238.2800 117.6900 461.4700 112.4900 476.9800 307.1800 267.3800 365.1400
frame00328.jpg 231.7700 117.7100 459.1700 112.3500 474.3500 306.6700 261.7200 363.7200
frame00329.jpg 229.1800 118.5500 456.3200 110.6600 473.3700 304.9500 254.9200 364.4500
frame00330.jpg 224.0800 118.0000 454.6700 109.9700 472.1800 305.6100 250.5500 364.9200
frame00331.jpg 218.7700 114.9300 453.4500 107.7700 470.0200 306.1400 247.0600 363.3800
frame00332.jpg 213.0300 115.1700 451.5000 107.2800 466.9800 307.1900 241.8200 365.1700
frame00333.jpg 205.6800 113.1700 448.7800 107.2900 464.7100 307.6200 236.4100 365.9000
frame00334.jpg 202.0200 115.2100 446.7500 108.5900 462.4000 310.6000 230.6500 368.7400
frame00335.jpg 196.3900 114.8700 445.5500 109.9200 460.0700 311.6600 226.5500 370.2000
frame00336.jpg 193.7600 116.3700 445.1400 110.2900 460.4900 312.6400 224.2600 372.0000
frame00337.jpg 192.3500 117.6100 445.9600 110.1300 462.7900 312.6900 224.8200 371.9000
frame00338.jpg 192.8500 119.3700 448.8400 109.9600 466.0600 314.8300 225.5400 374.5000
frame00339.jpg 191.5700 121.6600 450.3900 112.1100 467.8500 316.0900 225.5600 376.0100
frame00340.jpg 191.6500 122.3200 453.1300 112.3200 471.5500 318.8800 227.2100 379.1900
frame00341.jpg 192.9500 126.9100 455.7300 114.4000 474.0700 320.1700 227.4500 381.3400
frame00342.jpg 193.1700 129.1300 457.0700 115.1100 475.6100 323.1800 227.2400 384.9300
frame00343.jpg 192.2600 133.2600 457.6100 118.4200 476.1200 325.9100 224.6200 387.5100
frame00344.jpg 189.0300 133.3500 457.2100 119.2900 474.8000 327.5700 222.0300 389.3100
frame00345.jpg 186.4700 134.2800 456.6400 120.8800 473.9400 329.3900 219.1800 390.2800
frame00346.jpg 186.0200 136.3200 455.2800 123.2900 473.1700 331.3300 213.8800 391.8200
frame00347.jpg 181.7300 134.7900 454.4800 122.1700 471.5000 331.4500 211.3200 390.4600
frame00348.jpg 180.4300 136.1300 453.1700 121.5400 471.4100 332.5600 208.3400 391.9700
frame00349.jpg 178.7000 135.9900 453.3400 122.0500 470.6700 332.1200 206.3800 390.6300
frame00350.jpg 175.8000 134.0700 453.4500 121.0100 470.1700 332.5000 204.2900 390.4100
frame00351.jpg 171.9300 130.7600 453.1100 119.5000 468.4400 330.3700 201.8000 387.7900
frame00352.jpg 172.4300 130.8700 451.9300 118.3000 468.9400 330.0700 197.1600 387.4500
frame00353.jpg 168.9000 127.0400 451.8900 116.3500 467.1000 328.8600 194.9000 384.7700
frame00354.jpg 166.4500 123.6800 451.5200 113.4500 466.1700 327.2800 192.6500 381.9800
frame00355.jpg 164.7500 121.0200 451.9200 111.4700 465.9700 326.1700 191.1300 379.3300
frame00356.jpg 163.7000 116.9700 452.8500 108.7700 466.1500 324.4800 189.1600 377.0200
frame00357.jpg 162.9600 112.8200 454.6100 106.5100 467.3000 322.8300 189.7200 374.4000
frame00358.jpg 164.5800 112.5300 456.8100 105.3700 469.6100 322.7700 189.7000 373.8800
frame00359.jpg 164.6300 111.5500 458.8700 104.5600 471.1200 322.8700 189.5000 373.2900
frame00360.jpg 165.6300 111.5400 460.9500 104.1700 473.6800 323.1300 190.0500 373.2400
frame00361.jpg 166.9600 112.3900 462.7700 104.4200 475.4200 325.3000 190.2800 375.4300
frame00362.jpg 165.4000 113.6600 463.2500 105.5500 475.2700 325.0700 189.3800 376.0200
frame00363.jpg 163.2600 113.1800 462.8400 104.7900 474.9800 325.8200 186.3500 377.9900
frame00364.jpg 158.7400 113.5900 460.9900 105.3800 473.0200 326.8100 183.3100 379.1700
frame00365.jpg 155.3100 113.2100 459.2600 104.3800 471.5400 326.9000 180.0800 379.7000
frame00366.jpg 152.7800 111.8500 459.2700 104.0600 471.2500 328.8300 179.7300 381.0700
frame00367.jpg 153.9200 114.5000 460.4800 106.6200 472.6800 331.1000 179.3500 381.9300
frame00368.jpg 153.9500 114.0900 461.1900 107.2700 472.4500 332.3300 177.4100 383.1200
frame00369.jpg 153.3800 115.5800 461.4600 108.3900 472.8200 334.1600 176.3800 383.4400
frame00370.jpg 152.2800 114.6400 462.4900 108.1400 474.1500 334.2000 177.5800 382.5400
frame00371.jpg 154.7600 113.2100 465.4000 107.0000 477.5600 333.6500 180.1200 381.3100
frame00372.jpg 157.6900 111.5400 469.9500 105.9300 481.1800 333.3400 182.9400 380.0500
frame00373.jpg 160.9400 109.9200 473.4600 104.1000 484.1000 332.2800 184.8700 378.1600
frame00374.jpg 163.9000 109.6100 476.7200 103.7300 486.6200 332.8700 185.6500 377.1800
frame00375.jpg 165.8700 108.8800 478.6100 103.9000 487.7500 334.0700 184.0600 377.6200
frame00376.jpg 165.3500 107.9700 479.8400 105.0500 487.5600 334.5800 183.1300 376.7700
frame00377.jpg 165.4600 103.6700 482.0200 102.4200 489.0200 333.4100 184.3200 373.7300
frame00378.jpg 167.8700 101.6200 485.1300 102.5200 491.2100 334.8500 185.2600 373.1400
frame00379.jpg 169.4300 99.2930 488.4300 101.9600 492.4600 334.2700 186.0300 371.0100
frame00380.jpg 169.9800 98.0600 489.2600 101.3300 492.6500 334.1800 183.8400 370.1800
frame00381.jpg 167.5100 95.5360 489.3200 99.2520 491.4800 333.5500 181.5300 369.0800
frame00382.jpg 165.2500 93.3050 489.1700 96.6510 492.3500 331.4100 182.0100 367.9300
frame00383.jpg 166.7500 91.1110 491.7500 92.2890 497.6700 327.7400 187.4800 365.0900
frame00384.jpg 173.1000 91.1530 497.1800 90.3440 505.0000 326.7100 191.5700 365.4800
frame00385.jpg 174.7600 89.9820 501.7100 88.7520 507.8000 325.7800 194.3700 364.8200
frame00386.jpg 175.1400 88.9010 503.6600 86.9300 508.9000 324.9000 194.1800 364.9100
frame00387.jpg 175.1700 89.1820 504.7700 86.4700 511.1700 325.0100 194.5700 364.4500
frame00388.jpg 175.7100 88.0670 506.5000 84.9220 511.6800 325.5500 193.7300 364.6800
frame00389.jpg 175.6300 88.6900 506.6500 85.3800 512.1900 326.4400 191.5100 365.0900
frame00390.jpg 174.4700 87.0020 507.3500 85.0660 513.0000 327.0100 190.8800 365.0500
frame00391.jpg 173.5200 85.0620 509.2200 84.5530 513.5000 329.7100 190.1000 366.4700
frame00392.jpg 173.4500 84.9670 510.4900 85.6380 514.3100 330.2200 189.5400 365.7700
frame00393.jpg 175.0700 83.9270 513.0300 85.2980 517.4600 332.1800 190.7500 367.0300
frame00394.jpg 177.7800 85.1680 516.8400 86.7240 520.4700 334.7700 192.4600 368.8900
frame00395.jpg 178.1900 85.8180 519.5300 87.6770 522.3300 336.0000 193.7900 369.8100
frame00396.jpg 179.7400 86.2250 521.6000 87.3750 524.9000 336.3600 194.2000 370.6300
frame00397.jpg 180.4100 86.0570 524.1600 86.3510 528.0000 335.9600 195.8600 370.4800
frame00398.jpg 181.5400 83.7530 527.5000 84.5890 530.8100 336.3800 197.6900 370.3100
frame00399.jpg 184.7700 83.4700 530.4300 84.0910 534.4500 336.2400 199.3100 369.3900
frame00400.jpg 187.4000 81.8380 534.7900 82.8270 537.6900 337.0100 201.1000 369.7600
frame00401.jpg 188.7400 81.6430 536.8700 83.2900 538.8400 336.5200 200.8100 369.0700
frame00402.jpg 189.0500 79.2280 538.4800 81.1080 540.2800 336.2500 200.7800 368.9500
frame00403.jpg 188.6300 78.3370 539.8700 81.5410 539.8200 337.8300 199.7200 369.3100
frame00404.jpg 185.8800 75.4150 540.2200 79.7030 538.6100 336.4400 198.7500 367.6800
frame00405.jpg 184.4500 74.6710 539.6900 78.9690 537.6900 337.1400 196.0100 368.6800
frame00406.jpg 183.1400 74.6640 539.0800 79.2650 537.8900 338.2600 195.4200 369.8000
frame00407.jpg 180.9400 75.6960 538.4700 79.9330 536.4300 339.9500 194.2500 372.2500
frame00408.jpg 177.4200 78.3180 535.8200 81.6100 534.3500 341.0600 191.8700 375.3900
frame00409.jpg 174.2100 80.7900 531.7500 82.0190 531.2400 340.8400 187.4600 378.1400
frame00410.jpg 167.8700 82.2660 525.4000 81.8500 525.5100 340.9300 180.6500 380.0400
frame00411.jpg 159.9300 83.1100 518.1100 82.6840 519.0000 341.0500 174.0800 382.8200
frame00412.jpg 152.4400 83.8680 511.4300 82.5040 513.0900 339.9700 168.7000 383.7900
frame00413.jpg 144.9100 84.2230 504.5000 81.1510 507.6000 336.9300 162.5600 383.6100
frame00414.jpg 136.3100 82.1120 495.8100 78.9180 499.7500 334.5400 154.4300 384.4900
frame00415.jpg 125.4100 81.0070 487.2900 78.0920 490.0600 332.9400 146.0600 385.2100
frame00416.jpg 114.6300 79.9400 476.7600 76.5830 481.8400 331.7400 136.1400 386.8400
frame00417.jpg 104.2500 80.6360 466.8500 76.7530 473.8600 331.1900 127.3700 389.6700
frame00418.jpg 95.1770 80.9620 459.2200 76.3710 467.1100 329.6900 123.2600 389.4400
frame00419.jpg 89.5360 81.1600 452.6500 73.8790 462.5900 326.4600 118.8200 388.7500
frame00420.jpg 83.3390 81.0790 445.7600 72.9310 456.6300 324.7500 112.2000 389.5700
frame00421.jpg 75.3160 79.1150 438.5700 71.8860 450.2400 322.3400 106.9400 389.0200
frame00422.jpg 68.3340 77.9850 431.1800 70.0180 443.0300 320.4600 100.0000 389.5900
frame00423.jpg 59.7460 75.7840 424.4600 70.0050 436.4600 320.9800 95.6270 391.0800
frame00424.jpg 55.2220 76.1110 419.7800 72.5440 430.9700 321.3100 93.1050 391.8600
frame00425.jpg 51.4130 74.8390 415.4700 70.2360 427.5500 317.0500 90.8570 389.7700
frame00426.jpg 48.5920 74.7620 410.7900 68.1200 425.1300 314.9400 90.3720 391.1200
frame00427.jpg 47.3110 77.8930 407.4100 67.4030 424.7300 313.2200 93.6760 392.6800
frame00428.jpg 48.7440 80.6680 406.7600 66.1530 426.1900 310.8300 99.5990 393.8100
frame00429.jpg 50.5280 83.3480 406.4600 64.9060 427.8300 308.4000 106.3100 395.2900
frame00430.jpg 54.2580 87.7150 406.4800 64.6120 430.3200 307.3000 113.9800 396.8700
frame00431.jpg 59.3400 92.5100 407.2700 64.4620 433.1900 304.6200 121.0500 397.1500
frame00432.jpg 64.4160 97.1770 407.0900 62.1120 436.7800 300.6400 128.5700 397.9400
frame00433.jpg 65.5280 100.7500 406.7500 60.0730 439.0900 297.6100 136.6500 400.6500
frame00434.jpg 70.7390 108.4100 405.4800 59.6560 442.3900 295.7200 143.8800 403.7700
frame00435.jpg 72.4860 112.9500 405.6800 60.2610 444.9600 296.2200 153.4200 409.4000
frame00436.jpg 78.4100 123.8200 405.8700 62.5820 449.8800 295.3400 164.5800 414.0300
frame00437.jpg 84.6730 131.4100 407.1200 62.9030 455.4500 294.0500 174.9300 417.4500
frame00438.jpg 90.4500 137.7200 407.8500 62.3590 459.1600 290.0300 182.2900 418.4500
frame00439.jpg 89.3800 140.8300 405.2400 59.7930 458.7600 286.2700 187.5400 420.9200
frame00440.jpg 91.8420 146.9800 402.5800 59.1460 460.4800 284.1500 193.8300 422.8800
frame00441.jpg 92.0450 152.9100 400.5900 59.7480 460.7400 283.6500 198.4600 428.0200
frame00442.jpg 93.0550 162.5000 395.9300 62.6700 460.2500 285.2200 202.5000 434.7800
frame00443.jpg 92.8220 172.6200 392.6400 67.5540 459.9700 286.9400 206.4200 441.6300
frame00444.jpg 92.7610 181.7900 388.9100 72.5490 459.7100 289.4500 212.5700 446.7000
frame00445.jpg 95.8310 187.9800 386.7500 73.6700 462.7000 285.9600 219.9400 448.1900
frame00446.jpg 100.9200 194.3000 386.1700 73.1390 466.2400 283.6600 227.4100 450.6300
frame00447.jpg 106.2300 199.5000 386.2000 73.0370 469.4400 281.1900 235.0900 451.5600
frame00448.jpg 110.2600 207.5000 385.1000 74.7000 471.6000 281.8500 241.1500 456.7300
frame00449.jpg 113.0300 216.4900 383.1000 78.4230 473.3400 282.8500 247.5300 462.3200
frame00450.jpg 118.5700 225.9000 381.8500 84.3010 475.6100 285.3800 253.0300 468.3100
frame00451.jpg 119.9400 229.0200 381.8900 87.4790 478.2700 285.5500 262.5400 466.7200
frame00452.jpg 123.0400 229.4500 383.1900 85.4410 481.1900 282.4200 269.9800 465.2200
frame00453.jpg 127.3000 231.8400 384.9500 85.6600 482.9300 281.0100 272.8600 464.6700
frame00454.jpg 126.5200 232.3600 382.3700 86.0450 480.4000 279.7200 272.9200 464.4000
frame00455.jpg 127.8600 233.0100 380.2700 85.4220 480.4500 278.0600 275.5400 463.2900
frame00456.jpg 130.1100 235.5400 379.7300 86.0480 480.7600 279.0800 277.0900 467.4500
frame00457.jpg 127.6900 240.2100 376.4100 90.0280 477.0000 281.9700 275.4900 470.4400
frame00458.jpg 126.3200 244.4000 371.9700 93.6600 474.5100 283.3900 275.7900 473.3400
frame00459.jpg 125.8200 246.6300 368.9300 95.7220 471.8900 283.6700 273.8000 474.0600
frame00460.jpg 122.2300 250.8900 364.8600 99.1670 467.7200 287.1000 270.7800 480.4000
frame00461.jpg 117.8700 252.7800 360.0600 103.5600 462.7200 289.1200 268.2500 479.3800
frame00462.jpg 117.5200 251.1600 358.0400 103.1400 461.3200 287.8000 269.9900 478.5300
frame00463.jpg 117.0800 251.1800 357.5200 104.0900 460.2800 287.9200 270.1400 478.6300
frame00464.jpg 119.1700 251.2300 355.5700 105.1800 458.2300 289.1600 270.0800 478.8600
frame00465.jpg 120.6700 250.4300 355.3600 106.5000 458.5600 288.4400 274.1700 474.6300
frame00466.jpg 124.2600 247.2800 356.4400 103.9500 459.5400 284.6000 276.6200 469.7300
frame00467.jpg 128.2800 243.8300 356.8800 102.3800 459.7200 282.2700 277.7000 466.8000
frame00468.jpg 130.1400 240.0300 357.9300 100.4700 459.7000 280.1100 279.3900 461.2200
frame00469.jpg 130.3200 233.4700 357.3200 95.8140 457.8200 275.9000 278.2800 455.3500
frame00470.jpg 128.7600 229.5800 355.3200 93.3610 455.6900 273.4900 277.5000 451.8600
frame00471.jpg 132.9800 223.8900 356.3100 91.8240 456.5000 271.5400 279.5400 445.6500
frame00472.jpg 138.8800 216.7500 358.8800 87.7450 457.4800 266.6600 279.4600 438.0300
frame00473.jpg 140.4800 211.2000 359.0500 83.5320 457.2300 261.4900 280.3100 431.8400
frame00474.jpg 141.7700 205.2300 359.2500 78.9570 455.9500 257.5300 279.7200 426.4500
frame00475.jpg 139.4700 200.7400 356.3000 75.2620 452.0400 253.5900 277.9700 420.6400
frame00476.jpg 138.4800 196.7200 352.9100 70.8260 448.9300 248.9700 277.3200 417.7800
frame00477.jpg 139.0600 196.2300 351.6400 71.2310 447.5800 249.0400 277.3700 415.7200
frame00478.jpg 138.2000 194.5600 350.0200 69.8850 445.5300 246.5200 276.2900 412.4100
frame00479.jpg 136.1800 194.7100 347.3600 69.8760 442.1300 248.8800 275.5600 415.6000
frame00480.jpg 131.3700 196.8300 344.5200 75.4270 437.6300 254.8400 274.4700 417.9100
frame00481.jpg 130.6800 199.8000 342.3400 81.2650 434.1700 258.0000 271.9600 419.9500
frame00482.jpg 136.0000 201.0000 339.4900 85.5860 432.4000 258.4900 269.4000 422.1700
frame00483.jpg 134.0000 204.0000 337.6300 88.6480 430.8600 262.6300 269.5600 423.9700
frame00484.jpg 133.0000 207.0000 335.4200 93.2150 427.1700 264.9400 266.7100 426.5700
frame00485.jpg 130.0000 208.0000 330.8100 97.5220 422.0300 267.3300 262.3400 428.6300
frame00486.jpg 129.0000 207.0000 326.0200 100.2700 416.9900 268.8500 258.5100 427.8500
frame00487.jpg 125.0000 207.0000 322.6800 101.3000 412.9400 270.8100 255.8000 429.2900
frame00488.jpg 121.0000 211.0000 318.8000 106.1400 408.7500 274.2600 252.9700 430.7200
frame00489.jpg 120.0000 209.0000 316.4500 108.0800 405.9900 275.2000 252.9000 429.3800
frame00490.jpg 126.0000 206.0000 317.2100 106.9500 406.5400 273.4100 256.3800 423.7700
frame00491.jpg 130.2700 205.4400 318.6200 103.5300 406.5200 271.2600 259.2100 419.4100
frame00492.jpg 130.1100 198.5900 320.9900 102.2500 405.7200 270.6400 263.2300 413.7200
frame00493.jpg 136.1200 196.1300 323.6500 100.4100 407.6300 266.7400 266.3100 409.4300
frame00494.jpg 139.9100 195.8800 323.8000 99.8090 407.9600 265.6200 265.4400 406.3000
frame00495.jpg 142.0000 193.0000 322.5700 100.5800 408.4200 263.5300 266.0400 403.3800
frame00496.jpg 144.0000 191.0000 322.4100 100.2900 407.5000 262.0200 266.5900 400.1200
frame00497.jpg 144.0000 187.0000 322.0100 99.0320 406.9500 259.3600 267.9200 396.0300
frame00498.jpg 147.0000 184.0000 322.7100 97.7200 405.9600 258.3100 267.4700 393.5500
frame00499.jpg 145.0000 183.0000 321.1200 94.8680 400.2500 257.5500 266.2900 388.3100
frame00500.jpg 145.0000 179.0000 319.2900 92.8750 397.3100 255.8900 263.3200 385.2300
frame00501.jpg 143.0000 177.0000 316.5400 93.2890 392.6700 256.0600 260.4800 384.4700
frame00502.jpg 140.0000 176.0000 312.8600 94.1790 388.8300 256.4100 256.7500 383.0600
frame00503.jpg 137.0000 175.0000 309.7700 93.9780 384.0000 256.0200 253.1300 380.1700
frame00504.jpg 136.0000 172.0000 306.8800 92.8240 380.8100 254.3400 249.3700 377.4100
frame00505.jpg 132.0000 170.0000 304.0500 92.1240 377.3000 253.7800 245.0300 374.3400
frame00506.jpg 129.0000 167.0000 301.6400 91.8310 372.8700 253.4800 240.6600 371.6500
frame00507.jpg 127.0000 162.0000 298.4800 91.1610 368.2800 252.5300 234.9500 369.4100
frame00508.jpg 120.7000 156.9800 296.3000 89.8190 365.0300 252.2300 231.5500 365.6900
frame00509.jpg 120.4300 152.8700 294.7400 87.1180 362.0700 250.3900 228.6300 362.2300
frame00510.jpg 123.9200 152.2000 294.7600 86.8440 361.7900 250.6600 226.1900 361.2600
frame00511.jpg 124.0000 149.0000 294.3600 86.7290 361.3800 251.3300 221.2400 358.6000
frame00512.jpg 119.0000 146.0000 290.7900 86.5360 356.7200 252.9900 216.2200 358.9600
frame00513.jpg 115.0000 144.0000 287.7800 89.0840 352.1100 254.4900 211.6000 360.4600
frame00514.jpg 111.0000 145.0000 285.2400 88.3040 346.2300 253.2100 207.6100 355.4800
frame00515.jpg 109.0000 138.0000 281.5300 85.3450 341.6000 252.2500 204.7000 355.0600
frame00516.jpg 107.0000 136.0000 279.3200 85.8010 340.1500 253.1700 204.6000 355.0700
frame00517.jpg 108.8100 136.4800 280.4300 85.8990 341.7400 252.6000 206.7700 353.2400
frame00518.jpg 114.0000 135.0000 281.8500 87.1840 344.7600 252.7100 209.6400 352.7200
frame00519.jpg 117.2500 135.5400 285.7700 87.0890 346.4700 253.0300 213.0600 351.6800
frame00520.jpg 119.8700 133.0100 288.8100 85.1080 347.0400 252.0600 215.2300 348.8800
frame00521.jpg 124.6600 133.6700 288.0800 86.7800 348.0500 250.5600 215.5600 347.7000
frame00522.jpg 130.7400 129.8000 291.4600 84.1240 351.8800 246.5900 219.7500 342.1100
frame00523.jpg 134.0800 121.2300 297.9400 76.8110 355.6600 241.8600 225.4900 335.5600
frame00524.jpg 137.4300 118.2200 300.5600 75.8600 356.9700 241.8800 227.2700 333.9000
frame00525.jpg 140.5600 115.2500 302.2800 76.5780 358.1800 240.1900 231.1400 328.6900
frame00526.jpg 148.2800 107.7800 308.5300 70.0620 362.6600 234.9400 237.6600 323.8300
frame00527.jpg 154.7600 105.7700 315.5100 69.3360 366.9400 236.0300 242.7600 322.2200
frame00528.jpg 166.0000 104.0000 321.0200 69.7070 372.3100 233.7400 250.9700 319.3100
frame00529.jpg 176.0000 100.0000 330.2800 65.0360 378.3400 229.3000 257.2100 314.1200
frame00530.jpg 180.0000 95.0000 334.6300 62.0000 381.6800 227.7000 260.8500 310.6300
frame00531.jpg 186.0000 94.0000 339.1900 60.8790 385.3800 225.7400 264.4000 309.4300
frame00532.jpg 193.0000 91.0000 343.0000 59.0000 391.9300 224.1500 267.7100 302.7000
frame00533.jpg 195.0000 85.0000 346.0000 54.0000 393.1800 219.7400 272.1800 297.0900
frame00534.jpg 197.4000 80.9680 348.0000 50.0000 400.8900 216.8700 275.6500 291.4700
frame00535.jpg 204.4700 71.6260 356.8700 43.0630 401.0700 212.2700 278.5900 287.4800
frame00536.jpg 203.9200 66.3770 359.5400 37.2500 403.1800 204.9300 280.5700 282.0100
frame00537.jpg 203.8600 60.8340 359.2900 33.5270 402.7900 202.3800 279.2700 278.1500
frame00538.jpg 205.3200 54.4230 360.4000 28.0450 404.1500 197.5800 278.8900 273.7600
frame00539.jpg 206.4700 49.6350 361.8500 22.7680 406.2400 196.4300 280.6100 271.4700
frame00540.jpg 209.0000 48.0000 364.4800 21.6360 413.0700 194.9800 283.7400 269.5900
frame00541.jpg 215.0000 47.0000 370.1200 20.7400 414.0400 194.8300 290.1000 268.8400
frame00542.jpg 223.3500 48.1300 374.0000 26.0000 418.3900 197.1700 295.5000 270.5000
frame00543.jpg 229.0600 49.0880 380.0000 27.0000 424.1400 198.6000 300.9200 271.1800
frame00544.jpg 232.9400 52.0740 384.8700 27.6010 427.0200 200.3300 305.2800 272.7500
frame00545.jpg 235.5300 56.1880 387.9600 29.4010 430.7400 201.1600 310.0800 274.3500
frame00546.jpg 240.1100 59.9620 391.1700 31.7370 435.8600 203.1200 314.2600 277.2600
frame00547.jpg 242.2400 59.0960 393.3800 32.8410 436.6200 203.8800 314.6000 277.8300
frame00548.jpg 243.4900 57.5390 394.2600 32.8810 436.7800 204.2500 314.5000 277.8900
frame00549.jpg 244.1400 56.1660 394.7600 32.5930 434.9900 203.2800 313.9200 275.8800
frame00550.jpg 243.8800 55.2220 394.0200 31.5580 433.6900 204.1200 313.0500 276.7400
frame00551.jpg 245.7500 59.8420 394.6000 36.6640 434.1500 207.7000 313.6100 281.1900
frame00552.jpg 249.5400 64.5200 396.4000 42.3670 435.9900 212.5400 316.6100 285.2800
frame00553.jpg 254.4300 66.6920 399.8300 45.8570 438.1100 214.7300 319.4300 287.1100
frame00554.jpg 256.6600 67.0700 402.6300 47.5980 439.0900 217.5100 318.7600 286.5600
frame00555.jpg 257.3700 69.5310 402.5700 51.3530 436.8100 222.3600 315.9100 290.8500
frame00556.jpg 255.1400 71.0620 401.7300 54.9290 434.4700 225.6200 313.6600 291.3500
frame00557.jpg 255.2000 72.2220 401.1700 55.7810 434.3200 225.8400 313.4200 292.7000
frame00558.jpg 254.4200 73.9400 401.0700 58.2810 433.4300 228.0000 312.4000 294.4200
frame00559.jpg 253.9000 79.7670 398.9300 64.0520 430.5600 232.7400 307.1400 300.8000
frame00560.jpg 248.3500 85.5330 396.6200 68.1210 426.1900 237.6800 299.4600 303.6200
frame00561.jpg 242.9000 89.1220 386.0000 74.0000 420.4600 243.1300 292.3900 306.3700
frame00562.jpg 235.7600 92.4940 382.0000 79.0000 414.6700 245.7400 287.3900 311.7000
frame00563.jpg 236.0000 95.0000 381.8200 80.2160 409.3300 246.2300 284.2500 314.4200
frame00564.jpg 233.0000 96.0000 378.0000 82.0000 409.3200 248.7400 282.5000 312.1100
frame00565.jpg 230.0000 98.0000 374.0000 85.0000 409.1600 250.8800 277.3800 313.5800
frame00566.jpg 225.0000 97.0000 369.0000 85.0000 402.8700 251.5700 270.1200 313.7900
frame00567.jpg 217.9100 93.0410 368.5800 83.9670 391.6600 250.4500 266.9800 314.2500
frame00568.jpg 215.7000 93.1710 366.3300 82.9090 391.7600 251.5700 262.6200 313.9300
frame00569.jpg 212.5300 89.9880 364.0900 82.4280 386.6600 249.5600 259.9000 312.4600
frame00570.jpg 212.0400 88.6160 362.6400 81.0230 386.5600 247.4200 258.8800 311.7500
frame00571.jpg 215.7600 91.7980 364.1100 81.7320 389.8900 248.6100 258.9300 309.4000
frame00572.jpg 217.1300 92.8640 364.7400 83.4970 390.9100 250.8000 260.2600 311.7300
frame00573.jpg 220.1700 94.0990 366.8500 85.2550 392.9700 251.8100 260.9000 311.6900
frame00574.jpg 222.2600 93.7770 369.6500 85.4840 394.3400 252.8400 261.7100 312.6900
frame00575.jpg 222.5900 94.0040 370.6100 86.7610 393.1900 253.4300 260.6300 312.4700
frame00576.jpg 220.6300 92.0870 369.6200 85.8560 392.0400 252.0300 258.3300 310.4300
frame00577.jpg 220.5900 91.3010 369.7800 85.9730 391.8400 253.4900 257.4400 311.2000
frame00578.jpg 220.6600 91.9760 370.3100 87.7810 391.1000 255.2300 256.1200 312.4300
frame00579.jpg 219.7900 93.7760 369.9300 89.4600 390.9500 256.3100 256.0300 313.1500
frame00580.jpg 220.2900 93.6390 370.7600 89.6490 391.5800 256.0700 256.1300 313.1200
frame00581.jpg 220.0900 93.5380 370.7800 89.7120 391.3400 256.9300 255.5900 313.9400
frame00582.jpg 219.9600 95.1130 370.7900 91.1510 390.7500 258.4900 254.7800 314.8300
frame00583.jpg 218.7200 95.0110 369.9500 91.5050 389.7100 258.7300 253.4900 314.4700
frame00584.jpg 217.7500 94.3770 369.5000 91.9350 388.6200 259.4800 252.2300 314.8700
frame00585.jpg 217.1700 95.3390 368.8500 94.0880 387.2700 262.7200 250.4500 317.1400
frame00586.jpg 217.7700 97.1580 368.6800 97.7620 385.8600 266.2000 248.4700 319.0500
frame00587.jpg 218.2000 98.9940 369.0500 101.0000 385.5500 269.2500 248.1500 320.6800
frame00588.jpg 219.4900 98.8580 369.9400 102.1300 385.9000 269.1400 248.3700 319.5600
frame00589.jpg 220.4800 96.8860 370.8400 101.3000 385.6800 268.3700 248.1400 317.8300
frame00590.jpg 220.7200 93.8940 370.8100 98.8340 385.4600 265.9300 248.1200 315.1100
frame00591.jpg 222.0400 92.4920 371.5800 97.5030 386.1500 265.7900 249.1500 314.6600
frame00592.jpg 225.0900 92.5830 374.2300 98.5680 388.0500 266.6400 251.3700 314.5200
frame00593.jpg 227.8600 93.1670 376.1900 100.3200 388.6100 269.4300 251.8600 316.3400
frame00594.jpg 230.6000 94.8990 378.3300 103.4000 389.4000 272.2700 252.5600 317.4800
frame00595.jpg 232.8800 96.1750 380.2000 106.5900 389.1400 275.3400 251.7800 318.7800
frame00596.jpg 233.8900 96.0640 381.0800 108.2700 387.6700 276.3600 249.5300 318.1200
frame00597.jpg 232.9500 93.4580 380.4900 107.8600 384.8500 276.4500 245.6400 316.8900
frame00598.jpg 230.8300 92.6170 379.0700 108.4200 382.4900 277.0600 242.3300 316.6300
frame00599.jpg 228.1700 89.1830 377.6900 106.1000 379.7000 274.9900 238.1200 314.6000
frame00600.jpg 221.9500 86.0620 373.0000 104.6300 373.5500 274.6800 230.4900 314.5600
frame00601.jpg 218.3500 86.4130 370.6800 105.5600 371.8400 277.2000 227.1900 315.2300
frame00602.jpg 219.7900 84.2280 373.2000 105.5000 373.3800 277.1400 227.3600 313.5400
frame00603.jpg 223.5500 82.0820 377.9700 105.8700 377.1100 278.2300 230.9100 313.5700
frame00604.jpg 231.1800 79.7070 385.9600 104.9800 384.9600 276.8800 238.3100 311.7000
frame00605.jpg 240.2100 78.1730 395.7200 103.3000 394.8600 276.2400 248.5600 311.2700
frame00606.jpg 249.7400 76.9130 405.7500 101.0200 404.7500 272.9700 256.0900 308.5200
frame00607.jpg 258.2400 74.9890 415.7200 97.2780 417.3900 272.7500 269.2900 309.9100
frame00608.jpg 270.8400 77.4440 429.0400 98.5990 429.6900 273.9600 280.9800 310.4800
frame00609.jpg 280.3400 78.7590 443.3100 98.9470 444.7100 277.0000 290.7900 312.7100
frame00610.jpg 291.1800 82.3820 451.4800 101.7600 450.8200 278.6700 299.3400 315.9600
frame00611.jpg 300.4500 85.3840 460.5900 104.8300 459.5400 282.8100 308.1900 318.4300
frame00612.jpg 312.0400 86.3610 472.7700 106.1500 470.9400 284.1800 318.8100 319.7900
frame00613.jpg 323.1600 91.6660 484.3500 110.9600 482.4600 290.3400 328.7900 325.6800
frame00614.jpg 333.4800 94.8150 496.1100 114.0200 494.9800 293.8900 340.6000 327.6900
frame00615.jpg 345.0900 96.7900 510.7000 115.1000 508.4800 295.2400 350.4600 328.8500
frame00616.jpg 355.1000 98.2050 521.1100 115.9700 517.2200 297.8500 358.7600 332.3200
frame00617.jpg 362.9700 101.1300 533.3400 117.5800 528.3500 299.2400 366.1900 332.5500
frame00618.jpg 370.0800 100.2400 540.7900 114.0800 536.3700 295.8200 371.3900 330.2600
frame00619.jpg 373.2300 98.3800 546.7900 110.8800 541.8500 295.6300 376.0900 330.8500
frame00620.jpg 376.8100 98.0330 551.9900 108.3200 547.7900 292.6100 379.3600 328.9500
frame00621.jpg 377.4900 96.6920 555.0600 105.4700 549.8200 292.1800 380.0000 329.3100
frame00622.jpg 375.8200 95.3810 555.1100 104.0400 549.4000 290.6200 378.1300 328.0900
frame00623.jpg 373.6100 93.1630 554.4500 101.9300 548.1700 288.9900 375.6400 326.5600
frame00624.jpg 370.2500 89.9200 552.4600 99.7170 544.3100 287.7600 370.4700 325.0100
frame00625.jpg 366.0600 88.8620 549.3600 99.4360 541.6500 287.9000 366.9300 324.1300
frame00626.jpg 365.0600 87.1550 549.4600 98.9160 541.2400 288.5900 365.2800 323.6600
frame00627.jpg 365.5400 86.2620 550.9500 99.0670 542.8000 286.9900 365.1700 320.5900
frame00628.jpg 367.5400 80.7860 555.1600 93.5910 546.5900 283.0700 367.4900 316.7900
frame00629.jpg 369.7000 78.0680 559.5500 90.9430 549.8800 281.5600 369.0700 314.8400
frame00630.jpg 370.4000 75.9340 562.2700 88.8330 551.1100 279.8300 368.3500 312.8700
frame00631.jpg 367.2200 73.4040 561.0000 87.4780 547.0700 279.5400 362.5500 312.8600
frame00632.jpg 360.3300 73.5980 556.3800 86.6950 544.6000 278.3200 358.7500 311.8200
frame00633.jpg 357.9700 73.1660 555.6600 84.2970 545.7900 278.2800 357.7600 313.7800
frame00634.jpg 354.7200 80.5380 555.2100 88.8530 547.4400 282.3700 357.8800 319.3200
frame00635.jpg 353.7300 81.6550 556.2000 86.8960 550.0800 279.4400 358.1700 318.5000
frame00636.jpg 350.0600 84.5350 555.2500 87.1830 549.0300 280.5600 355.7100 321.1400
frame00637.jpg 345.4400 85.5670 552.0000 86.4460 546.9000 279.3600 352.1100 321.0000
frame00638.jpg 341.4900 88.8330 549.7400 88.1650 545.8100 281.0200 350.1000 323.1200
frame00639.jpg 339.0700 92.2090 548.4100 89.6130 545.4300 281.5400 348.6600 324.3800
frame00640.jpg 336.6200 95.4880 546.5000 91.5500 544.2400 283.6500 346.4200 327.0800
frame00641.jpg 334.2600 102.2200 544.8800 97.1750 544.3300 288.0800 346.3300 331.3900
frame00642.jpg 334.2500 106.9900 545.0800 100.3200 544.7000 289.0300 346.1300 332.2700
frame00643.jpg 332.4300 111.6700 541.6600 104.5700 540.2600 295.4700 340.2200 339.5300
frame00644.jpg 326.0100 120.9400 535.9500 113.7900 535.6200 299.9100 337.1400 342.2500
frame00645.jpg 323.1600 124.4200 531.4000 117.9300 528.5500 305.1600 329.1900 346.8400
frame00646.jpg 314.8300 130.1600 523.1500 125.5000 521.6300 307.4000 323.5800 346.6400
frame00647.jpg 311.7000 129.5400 519.7400 126.2100 515.8300 307.8100 318.0500 345.1800
frame00648.jpg 306.3400 128.5200 513.6500 127.3600 508.9800 306.2000 311.3300 341.0500
frame00649.jpg 301.5900 126.8900 508.2700 128.5400 500.9700 306.6700 303.9300 339.0000
frame00650.jpg 296.5900 121.8600 502.2400 125.6500 493.1500 299.0000 295.5400 328.1200
frame00651.jpg 290.2900 115.4500 496.0700 122.7200 484.0200 298.7600 288.0100 325.6300
frame00652.jpg 284.1600 112.4800 490.4700 122.2100 477.9400 295.0300 281.8000 319.3000
frame00653.jpg 278.4300 106.5300 483.9300 117.4200 470.0200 290.7400 273.7500 314.8100
frame00654.jpg 269.5800 103.5700 476.1200 115.1500 461.8900 286.7400 264.7900 310.6400
frame00655.jpg 257.8300 100.0400 465.7400 111.4200 451.4500 283.7200 252.6700 308.0900
frame00656.jpg 245.5900 96.2920 450.7200 108.1600 437.1500 277.8600 241.9200 303.9600
frame00657.jpg 237.6900 94.1570 444.2200 106.0300 432.4600 278.0300 236.2600 302.5900
frame00658.jpg 234.0100 93.4720 440.4700 105.5900 429.8800 275.9600 233.8200 299.9500
frame00659.jpg 232.7000 93.3740 438.8900 105.6300 428.4600 276.6700 232.7800 300.4700
frame00660.jpg 230.6900 93.7600 436.6900 106.0400 425.8600 275.4400 229.9600 298.8600
frame00661.jpg 227.0600 92.3810 433.1100 105.5100 421.2100 274.7700 225.4800 297.5700
frame00662.jpg 222.9200 90.5970 428.5700 104.9100 416.2200 274.5100 220.3200 296.1400
frame00663.jpg 219.2300 90.5740 424.6800 107.0400 410.5300 275.9400 214.8000 295.6600
frame00664.jpg 216.0200 89.2980 420.6400 108.2200 406.5500 277.0100 210.6500 294.5400
frame00665.jpg 215.5700 89.9510 419.7700 110.6700 404.9600 278.3700 209.3300 294.4100
frame00666.jpg 214.8400 87.6140 418.6000 109.5200 403.2300 276.1400 207.5600 291.1400
frame00667.jpg 215.2200 86.4480 418.6300 109.3400 402.7500 276.9000 207.5600 290.9000
frame00668.jpg 215.8500 88.6300 417.8900 112.7900 400.0500 281.3700 204.4000 294.3700
frame00669.jpg 211.9600 93.2250 414.0400 118.4600 395.7200 284.8800 200.4100 297.0500
frame00670.jpg 208.8600 95.5720 410.2200 120.9800 392.4100 287.5500 196.6800 299.7200
frame00671.jpg 206.6300 100.9600 407.9500 126.2500 390.9700 293.2300 195.6900 305.5900
frame00672.jpg 205.8100 105.4900 406.8000 129.9100 389.9900 294.4100 194.8800 306.7100
frame00673.jpg 204.5900 107.7300 405.0900 131.7300 387.7400 296.6900 192.6000 309.2500
frame00674.jpg 200.2600 110.8100 400.9600 134.9300 382.6200 299.0700 187.0900 311.6100
frame00675.jpg 192.3900 112.0000 393.7900 136.8200 374.0900 299.8900 178.2000 312.7100
frame00676.jpg 182.1600 111.4300 383.9300 136.9300 364.9000 299.1500 168.4400 312.0400
frame00677.jpg 173.9000 111.7000 376.3500 137.9000 357.5200 300.4600 160.5500 312.9600
frame00678.jpg 166.9300 111.5800 369.7000 137.6400 352.4000 298.8500 154.5100 311.5300
frame00679.jpg 160.6000 109.7400 364.1200 136.0500 346.4200 297.2800 148.0000 309.9900
frame00680.jpg 152.9000 107.4500 356.8800 134.8600 338.7800 295.6000 139.7400 307.7200
frame00681.jpg 145.6300 104.7900 350.3700 133.5200 332.0300 294.4000 132.1200 305.5200
frame00682.jpg 137.4100 102.1700 344.1100 132.1200 325.3500 292.2700 123.5700 302.6700
frame00683.jpg 124.3600 96.7570 333.0800 128.3200 314.0800 288.8600 109.0300 298.6800
frame00684.jpg 112.5800 92.2870 321.7500 125.7300 302.3700 286.0200 97.9670 295.6200
frame00685.jpg 102.6500 87.7750 314.6500 122.5000 294.6000 282.6500 87.0840 291.5600
frame00686.jpg 90.4620 82.1830 303.7200 118.3600 282.3500 278.1900 74.0020 287.6500
frame00687.jpg 77.5650 76.5280 294.1500 114.1500 273.8000 274.9700 61.4080 282.8300
frame00688.jpg 65.5000 69.2490 282.3000 108.7600 261.3100 269.5600 49.4640 277.1000
frame00689.jpg 56.3820 62.1880 275.1800 103.8400 254.4800 264.4700 40.9890 270.4800
frame00690.jpg 51.0670 56.5320 270.6400 99.6710 249.4900 261.4500 35.3410 266.3000
frame00691.jpg 45.8620 51.6340 265.9900 95.5980 245.5600 257.5900 31.0530 261.7700
frame00692.jpg 42.7440 48.9420 263.1500 93.2140 242.1400 255.5600 27.6750 259.5500
frame00693.jpg 36.3320 45.8500 257.3000 90.4870 235.6100 252.6200 20.0980 256.8900
frame00694.jpg 27.1750 43.6650 250.0600 88.6220 227.9700 251.7500 11.5360 256.6400
frame00695.jpg 18.7060 43.0860 242.6300 86.4990 222.7500 249.9300 5.1428 256.0100
frame00696.jpg 11.1540 44.8070 234.6700 87.1920 216.0900 253.0500 -2.7260 260.4300
frame00697.jpg 6.3301 51.2420 230.1200 92.2420 212.7700 257.9800 -5.2398 266.9900
frame00698.jpg 1.7867 56.0970 225.9700 95.2030 208.0500 259.5500 -9.9609 270.2100
frame00699.jpg -6.4102 57.5120 217.6800 96.6000 199.9000 261.5300 -19.6420 273.1500
frame00700.jpg -12.3180 61.6220 211.7200 100.6000 195.7300 265.8100 -24.1540 278.5000
