frame ulx uly urx ury lrx lry llx lly
frame00001.jpg 291.0000 150.0300 564.0600 149.9400 564.0600 444.0600 291.0300 443.9500
frame00002.jpg 291.7200 150.1300 564.5200 150.0800 565.0400 444.0700 292.1200 443.7300
frame00003.jpg 292.8700 149.0600 566.2200 149.9200 565.4500 443.7300 292.4200 442.8700
frame00004.jpg 292.0100 148.3400 565.7400 148.4700 564.4700 443.2300 291.0700 442.5600
frame00005.jpg 290.2000 148.8000 564.3100 148.3100 563.4400 443.5500 289.9600 443.2800
frame00006.jpg 289.5700 149.2000 563.4800 148.6800 563.0800 443.6700 289.9200 443.7400
frame00007.jpg 290.2900 149.7600 563.7300 149.4400 564.2400 443.6300 291.2300 443.6200
frame00008.jpg 292.0500 149.6300 565.0800 149.8200 564.9200 444.5500 291.8400 443.9600
frame00009.jpg 291.7400 150.6600 564.7700 150.8000 564.5300 445.4100 291.0300 445.0500
frame00010.jpg 290.4800 151.7400 563.8100 151.2300 563.8200 445.3100 290.5200 445.5200
frame00011.jpg 290.6600 151.6500 563.9700 151.0700 564.4400 445.0300 291.1100 444.9300
frame00012.jpg 291.2700 150.5900 564.3100 151.1000 564.0500 445.0300 290.8800 444.7400
frame00013.jpg 290.9600 150.9700 563.7400 151.3900 563.9800 445.1200 290.7100 444.5900
frame00014.jpg 291.2300 150.5800 564.2700 150.2300 565.1300 444.4600 291.5900 443.7400
frame00015.jpg 292.1700 150.6300 565.2500 150.6000 565.6300 445.3900 291.8400 444.1300
frame00016.jpg 292.7600 151.0200 565.5300 150.7700 565.5700 445.9200 291.9200 443.9200
frame00017.jpg 292.4400 150.7500 565.1600 150.4100 565.3400 446.5900 291.9900 444.8700
frame00018.jpg 292.3300 152.0600 565.5800 151.1600 565.5800 447.9500 293.3100 446.0100
frame00019.jpg 295.1100 152.1200 568.2300 151.7100 567.9200 448.2300 295.4400 443.2600
frame00020.jpg 298.2500 151.6600 571.6700 150.8000 569.5900 448.3600 297.2100 441.4400
frame00021.jpg 299.0300 151.0100 572.7300 150.6900 569.6800 448.2900 297.5900 440.8100
frame00022.jpg 298.7400 152.0200 572.8500 150.5600 569.2500 448.4100 297.6900 440.6200
frame00023.jpg 298.2000 152.8200 571.8200 150.8800 568.9500 449.2300 297.3300 441.4200
frame00024.jpg 298.2900 152.9500 570.8700 151.6300 568.9400 449.2500 296.7100 441.2800
frame00025.jpg 298.6300 152.4900 571.1700 151.8000 569.0800 449.9100 296.9900 441.3300
frame00026.jpg 300.2200 151.1800 572.6500 152.4400 568.9300 452.0700 295.7000 440.1400
frame00027.jpg 300.9200 149.2900 573.8700 153.1300 568.4800 453.8900 294.5200 438.3100
frame00028.jpg 301.6000 146.4100 575.8000 151.4700 568.6600 453.5100 294.2300 434.9300
frame00029.jpg 302.7500 143.3300 577.5500 149.3700 568.9100 454.0000 293.7300 431.9600
frame00030.jpg 302.5100 140.9100 578.3600 147.1600 568.0000 453.2600 292.9600 430.0400
frame00031.jpg 302.1200 139.0200 579.0400 145.1400 567.1800 452.9000 292.1300 427.8100
frame00032.jpg 302.1300 136.8600 580.1900 144.0500 566.8800 454.1200 291.7600 426.0200
frame00033.jpg 302.5400 135.0300 581.8000 144.5100 566.9200 455.6800 291.0800 424.7700
frame00034.jpg 303.0000 132.5200 582.4000 144.7400 566.5700 456.4500 290.7300 423.3300
frame00035.jpg 302.9900 130.3200 583.3200 143.6400 566.4900 455.7800 291.1400 421.6600
frame00036.jpg 303.8600 127.3800 584.4700 142.3400 566.9900 454.7300 291.9700 419.9300
frame00037.jpg 303.9600 125.3100 585.1700 140.7800 566.7000 453.5400 291.6800 419.2600
frame00038.jpg 302.8600 124.4600 584.1000 136.7200 564.8400 452.1400 290.5000 417.5500
frame00039.jpg 301.6100 124.2300 583.3300 133.2200 565.6100 451.4700 291.4700 416.4100
frame00040.jpg 303.2000 123.6900 585.4700 130.3100 568.6400 451.7000 294.1400 415.3400
frame00041.jpg 304.7500 124.4300 587.2100 128.2100 571.5200 452.0100 296.5100 415.3500
frame00042.jpg 307.0500 124.2700 588.8200 128.9800 572.6900 453.2800 297.6600 415.9500
frame00043.jpg 308.6400 125.1800 589.4100 129.8100 572.8500 454.0500 297.8800 416.9600
frame00044.jpg 308.3400 126.7700 587.6000 128.8700 572.1600 453.8200 298.2400 418.6200
frame00045.jpg 308.2700 129.8400 587.3200 129.6800 572.3800 456.3200 298.9100 420.7500
frame00046.jpg 308.7500 132.5500 587.0700 132.0100 571.5200 458.3600 298.4700 422.6400
frame00047.jpg 308.2500 135.0800 584.8100 133.2900 571.8200 458.5200 298.2500 424.4500
frame00048.jpg 308.6200 136.5600 584.3700 132.1900 572.4200 457.8700 299.6500 424.3300
frame00049.jpg 309.5500 137.1200 584.3900 130.7500 572.9100 457.1500 300.2800 423.6800
frame00050.jpg 309.7000 137.5100 584.2500 127.8600 573.7700 455.3200 301.4200 422.8300
frame00051.jpg 310.6600 136.3100 583.7200 123.6800 573.3600 452.3000 302.9800 422.0400
frame00052.jpg 310.1600 135.3500 581.2000 119.9900 573.2200 449.8700 304.3400 423.2800
frame00053.jpg 309.2600 136.4900 579.6100 116.3800 573.5100 447.0000 306.2500 423.9000
frame00054.jpg 308.9900 137.3000 577.6100 114.2800 573.7300 444.5900 307.2200 424.3400
frame00055.jpg 308.8000 139.0800 575.0800 111.1400 572.6800 442.1100 307.1400 424.1900
frame00056.jpg 306.4700 142.0100 570.6200 106.7700 569.2600 439.3600 306.6900 426.2300
frame00057.jpg 303.6400 145.9700 565.1800 103.8700 566.4000 438.2900 305.3200 427.9500
frame00058.jpg 302.8100 147.6500 561.1200 103.5600 565.4100 438.0600 305.6600 429.9300
frame00059.jpg 303.3000 151.2600 560.0100 101.4700 564.0200 438.1800 306.4800 429.3800
frame00060.jpg 304.1000 152.8100 554.9300 99.1990 561.4500 434.0600 306.2600 429.6300
frame00061.jpg 303.3900 155.0200 550.1500 95.1110 559.2300 431.8400 306.0900 429.9300
frame00062.jpg 302.2300 156.6100 546.9800 92.5720 557.1600 430.1300 306.8900 431.4400
frame00063.jpg 301.8700 157.8900 543.9500 91.4720 556.2800 428.4800 307.4100 432.8700
frame00064.jpg 302.1100 158.5400 542.2800 90.7550 555.1200 426.1700 307.8100 433.7900
frame00065.jpg 302.1200 159.9800 540.1400 89.4840 553.9300 424.3700 308.2400 435.4500
frame00066.jpg 302.0400 161.8400 537.5500 89.1240 552.8500 422.6300 308.3600 437.1500
frame00067.jpg 302.0300 162.9100 535.7200 88.7710 552.7300 419.5600 309.1900 438.0800
frame00068.jpg 302.3600 165.1000 534.6300 86.0160 551.5300 416.2000 309.9300 438.0100
frame00069.jpg 302.8400 166.7300 532.4800 82.7740 550.0900 413.3800 310.4900 437.6100
frame00070.jpg 303.0500 168.0300 531.7700 79.8870 551.0900 410.5200 311.7400 437.5300
frame00071.jpg 303.3700 170.2300 531.3200 78.3780 550.1300 405.2500 311.9400 438.9100
frame00072.jpg 304.1100 172.2500 528.8900 79.5350 549.7300 400.4800 310.9800 441.1600
frame00073.jpg 303.7000 176.7200 529.1500 79.6000 551.6700 398.8600 311.1300 442.3700
frame00074.jpg 306.1700 178.4800 530.8900 82.3800 550.6800 396.7700 310.3200 442.2200
frame00075.jpg 307.7200 180.4500 529.6300 83.2320 550.2900 392.4600 310.7500 443.1500
frame00076.jpg 308.3600 183.8600 528.1100 82.6830 548.9900 389.2900 310.8200 444.2200
frame00077.jpg 307.8500 187.0100 524.9300 82.2430 545.6500 385.9000 309.6500 445.4900
frame00078.jpg 307.7300 190.8100 520.9200 79.8640 541.8600 382.0900 310.1000 447.2200
frame00079.jpg 308.9400 192.3700 517.5600 80.1710 540.1800 379.3000 310.4300 448.6100
frame00080.jpg 308.6300 195.8100 515.7300 80.3950 540.0500 376.6900 310.2800 450.0100
frame00081.jpg 309.4200 198.3800 514.8400 81.1360 538.4200 373.6400 310.0100 450.6300
frame00082.jpg 311.7300 201.4600 514.5900 82.2620 537.8100 370.2900 310.9100 450.8000
frame00083.jpg 313.7900 205.3200 516.3900 86.9660 538.8700 368.5300 310.0500 451.3100
frame00084.jpg 316.0300 208.3300 519.0800 94.3560 539.4900 366.6900 309.2400 453.0000
frame00085.jpg 317.8900 210.6300 521.2700 103.4400 540.5300 367.9500 309.6800 451.1000
frame00086.jpg 319.4100 211.5700 525.6400 103.0600 544.5600 367.5500 310.6400 449.3700
frame00087.jpg 319.7800 211.0400 528.1300 102.6700 544.6300 366.4100 309.5600 447.5300
frame00088.jpg 317.3700 212.8000 526.0000 99.1050 541.9100 362.1700 307.4700 446.6100
frame00089.jpg 314.3100 212.2600 521.1500 102.0000 540.0400 358.9300 304.6600 446.3800
frame00090.jpg 313.1600 211.6200 519.3300 101.6800 539.0200 356.6000 303.3200 446.0400
frame00091.jpg 315.0000 209.0000 515.0000 101.0000 540.0000 362.0000 302.0000 444.0000
frame00092.jpg 313.4500 205.1600 521.4600 101.3500 536.0000 363.0000 301.2700 442.9100
frame00093.jpg 312.1200 205.1300 520.5400 102.7400 539.0000 360.0000 300.9900 443.8700
frame00094.jpg 311.7400 206.7600 520.9400 104.3600 537.0000 360.0000 299.4600 443.0900
frame00095.jpg 313.7900 208.2200 524.0400 101.3400 538.0000 363.0000 298.8400 437.9300
frame00096.jpg 316.0000 209.0000 525.0000 111.0000 544.0000 365.0000 298.0000 435.0000
frame00097.jpg 315.0000 217.0000 522.0000 105.0000 543.0000 371.0000 297.0000 433.0000
frame00098.jpg 315.7300 214.2400 532.1000 118.5500 546.6700 360.1000 290.8000 427.8400
frame00099.jpg 314.2000 215.8500 533.9700 120.6600 548.1400 360.9300 289.3000 426.0800
frame00100.jpg 312.7800 216.3300 532.7400 123.5600 548.1100 360.6500 288.1500 426.9800
frame00101.jpg 311.8000 214.7200 532.1900 126.0400 549.7000 359.4200 287.2200 426.8400
frame00102.jpg 312.0700 214.0800 532.8300 127.8000 550.9800 360.0900 286.3800 426.8800
frame00103.jpg 312.3200 211.5800 534.5000 130.6100 553.2000 360.9900 285.8600 426.1000
frame00104.jpg 310.8300 209.7900 534.9300 134.1800 554.2000 361.0800 280.7900 429.4600
frame00105.jpg 307.4000 209.8700 534.0600 134.9500 553.9700 358.0800 287.3800 428.1800
frame00106.jpg 306.5200 209.8600 533.2900 136.7600 553.7400 358.9200 286.9700 429.8800
frame00107.jpg 306.9100 209.0100 534.1900 138.2400 554.7400 360.2300 287.6500 428.2100
frame00108.jpg 307.1200 208.0600 535.2600 140.3000 556.6400 362.0900 289.2800 428.4500
frame00109.jpg 308.6100 207.7900 538.2300 142.4700 558.9200 365.6800 291.4800 427.5400
frame00110.jpg 309.0900 206.2800 540.7300 144.2000 560.8700 369.5900 292.0900 425.9900
frame00111.jpg 309.7400 203.8300 543.0400 147.0900 562.5600 375.3800 292.2200 424.6800
frame00112.jpg 311.2500 201.9300 545.6200 151.2000 564.9100 379.6500 293.1500 423.0000
frame00113.jpg 312.1600 200.7100 547.9700 154.7000 565.7700 384.4400 292.7000 421.7600
frame00114.jpg 311.1700 199.2100 548.0300 157.9200 566.3500 387.4200 292.3300 421.2700
frame00115.jpg 312.0400 196.4900 549.7400 161.5100 567.4200 392.7100 292.2800 419.9400
frame00116.jpg 312.6700 193.4400 552.0800 163.8800 569.6400 396.4500 293.3100 418.1300
frame00117.jpg 313.4100 189.6400 553.7600 166.1700 571.2300 400.6100 293.5600 416.3100
frame00118.jpg 314.3000 185.0100 556.3000 167.8100 572.6900 404.0800 294.4100 413.6800
frame00119.jpg 315.9200 179.3800 558.8100 170.6500 574.6600 410.0200 296.1800 411.4100
frame00120.jpg 317.2000 173.4000 561.5500 173.8300 575.2300 414.2100 296.3100 408.6300
frame00121.jpg 317.1900 168.1000 561.5500 177.3300 573.5700 419.2600 295.3800 406.9500
frame00122.jpg 316.3700 162.4800 561.2400 180.8500 572.0000 424.4100 294.2500 404.7300
frame00123.jpg 316.3200 156.2900 560.4700 184.3600 569.0800 429.7600 293.6500 402.4200
frame00124.jpg 316.1800 152.9600 559.3500 188.7400 567.3400 434.9900 293.5300 400.0700
frame00125.jpg 317.6000 148.1200 558.9700 193.5400 564.2300 439.5800 293.6700 399.4300
frame00126.jpg 317.7700 143.7900 557.7500 195.1700 561.3300 442.9200 293.8500 398.2500
frame00127.jpg 316.9700 139.1700 555.1300 196.5300 557.8500 444.9200 293.2100 397.3300
frame00128.jpg 317.2300 135.4700 554.2000 198.8700 555.7000 448.1700 292.9100 396.2900
frame00129.jpg 318.9600 131.6900 552.6600 200.6600 551.1500 451.0300 291.7300 395.2800
frame00130.jpg 317.7700 126.4700 550.5600 201.0200 546.6700 451.0400 290.3100 393.9100
frame00131.jpg 318.3700 121.0800 547.5600 199.0600 543.3200 450.3000 289.7100 392.6100
frame00132.jpg 317.3800 113.9700 545.0200 196.0100 539.5500 448.9900 289.4100 391.7700
frame00133.jpg 315.2300 107.9900 542.1600 193.2000 536.0300 447.4000 287.7600 391.3000
frame00134.jpg 313.3900 102.9200 540.2400 190.5800 533.6600 445.8200 286.8200 390.7600
frame00135.jpg 312.8600 100.3400 539.9600 188.4300 532.5400 445.5500 286.5500 388.7900
frame00136.jpg 313.0700 96.5130 538.4300 185.1800 530.0700 442.0100 288.5100 389.9900
frame00137.jpg 314.3000 91.9020 534.9000 183.0200 526.5400 441.7800 289.2900 391.1300
frame00138.jpg 313.8200 88.9450 533.0700 184.3300 523.7400 442.3900 288.4200 391.3100
frame00139.jpg 313.1100 87.0450 531.2600 183.7800 520.3600 441.1400 287.1700 391.3500
frame00140.jpg 312.6100 82.7550 529.4500 180.4500 516.1500 438.8300 285.6500 389.4500
frame00141.jpg 314.0200 79.6200 527.7600 180.0000 513.5900 440.0200 285.6800 389.1700
frame00142.jpg 315.2500 77.2700 527.0300 180.3700 510.9700 439.8500 285.4600 388.9100
frame00143.jpg 317.1600 74.6480 526.2000 179.2300 507.9900 438.6100 286.9700 388.9700
frame00144.jpg 318.4300 72.4170 525.1700 177.3100 506.3700 436.6400 288.8300 388.8800
frame00145.jpg 321.4200 71.1240 524.8500 176.8400 504.7900 437.9100 290.2000 389.8300
frame00146.jpg 322.4300 69.3150 524.3000 177.0100 502.3300 437.0800 289.7100 390.6700
frame00147.jpg 323.5200 67.5080 523.0500 174.3700 500.2700 435.2100 289.1500 390.2600
frame00148.jpg 326.2000 64.3470 523.7100 173.5600 498.3900 434.6600 288.7900 388.4000
frame00149.jpg 329.2300 61.5820 524.5500 172.8000 497.1400 433.2100 289.3000 388.0100
frame00150.jpg 331.5100 58.4060 525.2600 169.6100 497.4600 431.4000 291.5700 389.4200
frame00151.jpg 335.1100 55.9100 527.9100 167.5500 497.0300 430.9900 294.0400 389.9600
frame00152.jpg 339.1900 52.9030 530.1700 166.5400 495.2300 428.9300 294.8900 390.3100
frame00153.jpg 344.2600 49.4250 531.0500 163.3500 494.1100 425.7300 295.9700 389.6000
frame00154.jpg 346.2500 46.3660 533.7300 160.1700 493.6800 424.8500 295.5100 387.9800
frame00155.jpg 347.7700 43.8860 534.7200 157.5700 492.4900 422.2000 293.7700 387.4800
frame00156.jpg 347.2000 40.3220 534.6300 149.2400 492.7700 418.2600 294.6500 388.8700
frame00157.jpg 347.4800 37.7740 536.6800 145.5600 492.0500 416.3900 294.6900 387.1400
frame00158.jpg 350.7400 36.5340 537.1400 142.9100 489.8600 414.1900 296.3200 389.8200
frame00159.jpg 352.7200 37.1470 537.1800 141.1900 489.5300 413.9400 296.5200 392.9200
frame00160.jpg 353.2300 37.4200 538.8800 140.9400 489.4200 414.0300 295.2600 394.4000
frame00161.jpg 355.7900 38.7700 540.0500 139.5200 487.9300 413.2200 295.5500 396.3500
frame00162.jpg 356.7400 38.9990 540.9700 138.1900 488.0400 413.3400 296.8800 398.8500
frame00163.jpg 359.7900 38.7700 542.9000 140.4200 487.7100 413.7800 297.2400 400.6700
frame00164.jpg 364.0400 40.4480 544.0200 140.9000 487.4100 414.4000 299.1300 404.7600
frame00165.jpg 365.2700 43.1120 545.9300 143.6800 487.9800 416.9900 299.0300 406.9100
frame00166.jpg 368.3800 44.7150 547.2900 146.2100 487.2600 417.1800 300.0600 408.6900
frame00167.jpg 374.4700 40.2840 543.9700 148.1700 488.9100 413.8100 311.2600 422.2900
frame00168.jpg 384.6700 45.5650 547.8500 153.1200 489.9700 418.2400 313.0900 424.0800
frame00169.jpg 389.5700 47.9530 554.8300 155.7800 493.1700 419.1600 311.8700 427.2100
frame00170.jpg 395.5700 52.2370 564.1400 155.8500 491.7700 423.9300 309.8700 418.1100
frame00171.jpg 400.5500 55.6100 566.9600 157.5200 490.8000 427.2300 311.8800 418.5000
frame00172.jpg 404.8800 57.3470 567.0400 159.5900 489.2300 425.9200 313.1800 418.6700
frame00173.jpg 411.3100 57.7470 567.7500 158.3000 489.8400 423.9400 318.6000 418.8700
frame00174.jpg 417.8800 60.8100 571.7000 162.2600 492.2800 426.9500 322.1400 420.3200
frame00175.jpg 423.0900 64.4010 575.7800 167.4200 492.6900 427.5900 323.4300 422.7200
frame00176.jpg 433.9700 72.9210 578.0600 170.6200 490.9900 429.9200 327.7700 426.1500
frame00177.jpg 445.5000 75.2630 579.0000 177.6100 490.7500 431.3000 330.5800 426.9200
frame00178.jpg 453.0800 78.7770 581.4400 182.7300 489.6700 431.3700 333.6500 427.1200
frame00179.jpg 459.3600 87.1570 583.7700 186.6900 487.6600 433.1900 335.6600 425.6500
frame00180.jpg 461.5000 91.7310 584.5600 190.4400 488.3500 434.2900 337.2400 423.9600
frame00181.jpg 464.3900 93.2170 584.0400 194.2100 487.6700 433.6600 339.2100 423.4400
frame00182.jpg 467.3500 96.6930 583.4500 195.8400 486.2700 432.7000 343.0900 422.5600
frame00183.jpg 467.6800 100.0000 583.6100 199.5600 486.5800 436.4000 343.2600 419.4000
frame00184.jpg 466.8000 101.7100 583.4100 201.6700 486.4100 435.0700 342.9000 420.3500
frame00185.jpg 467.8500 104.5100 582.3800 202.5300 484.2300 434.7400 343.8500 418.4500
frame00186.jpg 466.3100 103.9800 579.2500 203.5100 484.3700 433.8400 344.6900 418.4800
frame00187.jpg 467.4100 100.8700 576.7700 203.8900 481.6300 431.4600 344.3800 415.4000
frame00188.jpg 469.3000 101.0100 575.1100 203.9300 480.0000 430.2800 345.5300 413.9000
frame00189.jpg 468.0100 99.9200 576.2000 204.8900 481.6200 433.6300 345.2800 410.2700
frame00190.jpg 468.4500 92.0740 577.4500 209.1900 486.0700 432.9100 341.5600 409.8500
frame00191.jpg 467.5800 90.2550 580.8900 209.0400 486.2700 433.7000 342.3200 404.5900
frame00192.jpg 466.2200 93.7160 581.4900 211.5900 486.4100 440.0200 345.2800 400.4300
frame00193.jpg 465.2600 92.6840 580.7100 223.8500 488.4100 452.7700 345.7900 397.1800
frame00194.jpg 459.7700 97.1330 584.7700 235.3100 492.9000 464.4000 344.1700 389.0900
frame00195.jpg 459.7700 96.5220 587.6300 246.4700 496.9800 470.5400 342.4300 389.2500
frame00196.jpg 460.5900 102.9700 590.8000 257.3300 500.2700 480.0100 342.0500 389.5200
frame00197.jpg 457.4700 107.3000 593.8400 265.6100 504.0100 487.5600 340.3100 387.7800
frame00198.jpg 451.8000 108.1400 596.1500 268.2800 509.0700 490.8300 340.1100 386.3200
frame00199.jpg 447.1800 111.7500 598.6600 270.3800 512.8400 495.8600 341.7600 383.6600
frame00200.jpg 445.1400 113.0300 598.8800 272.7000 516.1000 500.4200 339.6600 381.9600
frame00201.jpg 440.6900 113.4400 599.2400 274.3500 518.4100 502.5700 336.9300 381.1300
frame00202.jpg 434.3600 112.1000 599.2500 274.2600 520.9600 503.7600 335.0600 381.4100
frame00203.jpg 426.8500 112.7900 600.3900 271.8900 524.8900 504.7200 332.7100 379.2100
frame00204.jpg 422.2500 112.5900 603.4600 268.5500 529.4400 503.6200 331.8500 377.3000
frame00205.jpg 419.9700 111.4100 606.4000 266.3700 534.3900 503.9000 331.2900 376.5200
frame00206.jpg 416.5100 110.8300 608.6600 263.3300 538.5900 503.2400 329.6100 375.9500
frame00207.jpg 413.1400 109.9500 610.6300 260.5000 542.5200 502.4900 327.7200 376.0900
frame00208.jpg 410.5200 111.3000 613.9200 257.6300 545.6500 502.1100 328.6100 376.2700
frame00209.jpg 407.4600 112.2800 615.0900 253.9900 548.2200 500.9800 327.3600 376.7200
frame00210.jpg 404.9800 112.9900 615.5600 251.9600 550.7700 500.9700 325.1400 377.2000
frame00211.jpg 401.9900 112.6100 615.7500 248.2300 554.3900 498.4100 323.1200 378.1500
frame00212.jpg 397.6300 110.9500 617.0900 241.9200 559.1800 495.6600 323.2800 379.8600
frame00213.jpg 395.3400 110.6200 618.1700 238.8200 560.8100 494.7000 322.4200 379.5200
frame00214.jpg 391.8500 111.8000 617.3100 235.4200 562.2000 492.6700 321.5900 381.0600
frame00215.jpg 388.3900 112.0200 616.8000 231.9000 564.6500 490.1500 321.0400 382.6700
frame00216.jpg 386.9700 112.9800 616.7900 230.1900 564.9100 488.8200 320.4300 383.3000
frame00217.jpg 382.0800 112.9700 614.8100 226.6400 564.5900 486.4400 318.3000 384.2600
frame00218.jpg 378.2300 113.6000 612.9500 225.0600 564.3200 486.3500 315.8100 385.2400
frame00219.jpg 376.0100 115.6000 611.8800 223.7900 565.4900 486.0900 315.1800 386.5000
frame00220.jpg 374.4000 116.4400 612.3300 220.4300 566.9100 482.9800 315.4600 385.3100
frame00221.jpg 373.8700 115.7900 613.4700 216.7500 568.7700 480.8200 315.3600 384.1300
frame00222.jpg 373.0600 116.9500 614.5500 214.5000 569.6800 481.0900 314.1400 383.1700
frame00223.jpg 370.6700 118.3200 614.5300 211.1800 570.0900 479.0300 313.0100 381.8300
frame00224.jpg 367.7500 116.7700 612.9400 206.3400 570.8300 475.3900 312.2300 383.3600
frame00225.jpg 363.8600 116.7000 610.5500 202.5900 571.0800 473.4400 311.3200 386.1400
frame00226.jpg 361.1400 117.7500 609.3500 200.5900 570.9200 472.1300 310.0600 386.5600
frame00227.jpg 359.5900 119.1700 609.1400 198.7700 570.9400 470.4300 309.0100 385.5900
frame00228.jpg 357.5400 118.5900 608.3400 195.3000 572.4600 466.8900 308.6800 386.0300
frame00229.jpg 357.7000 119.0000 610.2400 193.0100 573.4700 467.6300 308.9200 384.5000
frame00230.jpg 358.4400 120.0900 611.3100 193.4900 574.5400 467.2200 308.8000 384.2100
frame00231.jpg 357.2400 119.9600 609.9500 190.6400 575.0300 464.4100 308.0200 385.5500
frame00232.jpg 354.4300 120.4100 607.4800 187.8100 575.3900 462.5600 306.3600 387.1100
frame00233.jpg 353.3500 120.2200 607.0400 185.6200 575.8200 461.9400 305.7500 386.4100
frame00234.jpg 352.5300 119.2600 607.3800 183.0700 577.0900 459.1800 305.6700 385.8900
frame00235.jpg 352.4700 118.7600 608.1000 179.1800 578.4300 457.4200 306.6800 385.0100
frame00236.jpg 353.3100 118.9200 610.0900 176.3200 579.9300 455.1900 307.5400 383.2600
frame00237.jpg 352.8600 119.0300 610.8600 171.2100 580.5500 451.8500 307.6400 382.1200
frame00238.jpg 351.1100 119.3500 610.2300 166.3100 580.6600 447.8800 306.9400 382.3600
frame00239.jpg 349.2800 119.8400 608.9400 162.0700 580.0500 444.9100 306.0000 382.4000
frame00240.jpg 346.7300 121.0700 606.6600 156.7700 579.2700 440.3600 304.7800 382.4000
frame00241.jpg 345.2100 120.7900 605.1600 152.2000 580.1600 435.8500 304.9300 383.2300
frame00242.jpg 345.5700 121.1500 605.8000 147.1800 581.6900 433.2700 306.1300 382.9200
frame00243.jpg 345.7900 120.9600 607.0800 142.7000 582.5000 432.0700 307.1800 383.5300
frame00244.jpg 347.0500 120.7200 608.1400 141.9500 583.7000 434.2000 308.2400 384.5500
frame00245.jpg 348.7500 122.0500 610.4400 142.7700 584.6400 435.3600 308.6000 384.7100
frame00246.jpg 349.0000 123.6700 610.2600 139.4500 584.4200 433.0200 308.8100 385.6000
frame00247.jpg 347.7800 124.8600 609.1400 135.2700 583.2600 432.3300 307.9100 385.8500
frame00248.jpg 347.6200 125.6300 608.7300 134.7200 582.8800 434.1000 307.6500 387.3200
frame00249.jpg 349.8700 127.8200 610.8100 136.8900 582.3500 436.7800 307.8900 386.2900
frame00250.jpg 351.3900 129.6400 610.9200 135.6900 582.2000 434.7300 308.5700 386.6500
frame00251.jpg 351.4400 130.2500 611.1300 130.8200 581.9600 432.0800 309.0200 387.5700
frame00252.jpg 351.1000 130.4200 610.7700 127.7300 580.4100 431.1000 309.0100 388.7800
frame00253.jpg 350.9600 131.2800 609.9200 125.8100 579.1500 429.9200 309.0200 389.8700
frame00254.jpg 352.5900 132.9600 610.1300 124.7500 579.2700 430.1500 309.6100 389.6400
frame00255.jpg 354.8400 134.7500 611.0600 124.0900 578.4600 430.3700 309.6800 389.9900
frame00256.jpg 356.9100 136.3800 611.2100 122.0300 577.0900 430.4400 310.4700 390.3800
frame00257.jpg 358.6400 137.5500 612.3500 121.1700 577.2500 430.3400 311.8100 390.2500
frame00258.jpg 361.6100 137.5900 613.8700 121.5000 578.2400 430.7300 313.6200 389.7000
frame00259.jpg 365.3500 137.4200 617.9900 122.0900 580.0700 433.6600 315.8000 388.7300
frame00260.jpg 370.8800 137.4400 623.0600 127.3300 579.9500 439.4300 316.2200 387.7600
frame00261.jpg 375.7300 137.0000 626.3400 131.7100 579.0500 442.8100 316.6300 386.2800
frame00262.jpg 377.6100 135.8300 629.2500 131.6900 578.3300 442.8400 316.9000 384.2200
frame00263.jpg 377.3600 135.4200 630.5200 129.8800 578.1000 442.7600 316.3800 382.0800
frame00264.jpg 377.6100 135.0900 630.8100 128.8600 575.9900 442.7600 315.7900 382.0400
frame00265.jpg 377.8500 135.9600 631.5700 127.9400 575.1100 445.9100 316.4700 381.7300
frame00266.jpg 381.6500 138.6600 630.0000 130.0000 568.0000 452.0000 317.3600 379.2800
frame00267.jpg 384.4600 137.9600 629.0000 137.0000 568.0000 454.0000 318.6700 383.0100
frame00268.jpg 387.9700 139.4100 635.0000 143.0000 566.0000 459.0000 319.6800 384.3300
frame00269.jpg 391.2600 141.8400 642.2300 150.1700 568.4700 464.9400 318.9100 384.5300
frame00270.jpg 393.3500 142.6500 636.0000 154.0000 560.0000 466.0000 317.4500 384.0200
frame00271.jpg 393.8700 141.9900 635.0000 157.0000 558.0000 466.0000 316.5500 383.7900
frame00272.jpg 394.5100 142.1400 636.0000 161.0000 555.0000 470.0000 315.8400 382.5600
frame00273.jpg 394.7300 141.2900 634.0000 160.0000 555.0000 467.0000 315.5800 381.2400
frame00274.jpg 394.8500 140.8300 636.0000 160.0000 555.0000 467.0000 315.1900 379.5900
frame00275.jpg 396.8900 138.2000 639.0000 164.0000 553.0000 469.0000 314.3800 377.1200
frame00276.jpg 398.4600 137.2800 641.0000 168.0000 548.0000 473.0000 313.4700 374.5500
frame00277.jpg 399.8800 136.1200 644.0000 173.0000 549.0000 479.0000 311.9400 370.0200
frame00278.jpg 400.9900 134.5200 646.0000 177.0000 549.0000 482.0000 311.1700 366.5700
frame00279.jpg 401.2200 132.4500 646.0000 183.0000 549.0000 482.0000 307.6500 365.0100
frame00280.jpg 401.8700 132.3500 649.0000 185.0000 546.0000 482.0000 307.0500 363.0100
frame00281.jpg 406.8100 128.8700 650.0000 189.0000 549.0000 487.0000 308.5600 359.3100
frame00282.jpg 409.3400 126.0500 655.0300 195.5100 551.2500 487.4700 309.4900 357.1100
frame00283.jpg 410.8800 124.1700 658.7300 199.6700 551.4400 489.8300 308.8800 352.4900
frame00284.jpg 414.1200 119.9900 661.3700 203.6500 551.2200 493.1500 310.1700 347.5000
frame00285.jpg 417.6200 115.9300 665.3300 209.8100 551.6000 495.8000 310.2700 339.8600
frame00286.jpg 419.6200 110.6500 668.9500 211.6900 552.1000 493.4700 310.5900 332.8000
frame00287.jpg 422.3600 103.7700 671.6000 214.9100 551.1300 493.0500 310.1300 325.2100
frame00288.jpg 425.2900 96.9880 674.5000 217.7800 549.8500 492.9100 310.1900 316.7700
frame00289.jpg 428.6800 89.2010 677.4000 219.3800 549.1300 492.2900 310.1900 307.4300
frame00290.jpg 431.5400 79.0180 680.5600 221.1700 547.6800 492.3700 310.0700 299.1600
frame00291.jpg 434.3900 70.5980 680.9300 226.0100 543.4100 493.6600 308.1300 289.7300
frame00292.jpg 436.2400 62.4670 680.1900 230.5200 540.1600 494.3300 306.0100 281.6600
frame00293.jpg 436.6200 53.6020 679.2500 233.1100 538.6000 493.8300 304.8500 274.6500
frame00294.jpg 437.5000 46.6890 678.1000 237.4700 534.6800 492.6600 302.9700 267.1000
frame00295.jpg 437.0700 39.4800 675.4900 237.3100 531.5100 490.0100 300.4300 261.2100
frame00296.jpg 436.9700 31.8750 673.6200 238.9300 525.9900 490.0400 298.3300 253.7800
frame00297.jpg 440.4000 27.5290 669.8300 247.3300 520.0800 492.8100 296.1800 246.4100
frame00298.jpg 443.9100 24.4840 665.3300 256.4300 514.6900 494.8700 294.4500 240.9000
frame00299.jpg 445.5900 22.1290 661.0700 262.9000 507.5400 494.5000 292.2000 235.6300
frame00300.jpg 443.9200 19.6020 657.7700 265.0100 502.2500 493.8400 288.9200 231.9800
frame00301.jpg 442.3800 16.3550 655.5700 265.9300 497.9900 493.0500 286.2300 227.6400
frame00302.jpg 441.1400 13.3780 652.3900 266.5900 494.8000 492.0300 284.0700 225.0400
frame00303.jpg 440.9200 12.2820 649.4000 269.2300 491.2400 495.1700 282.9500 224.3900
frame00304.jpg 443.2300 12.5350 646.6000 275.3200 486.8500 497.5800 281.6300 220.6100
frame00305.jpg 444.4500 11.3100 644.4500 277.1000 485.2500 496.2000 280.8500 218.2400
frame00306.jpg 443.7600 7.8883 642.2500 274.8300 483.3000 492.5700 278.6100 217.5700
frame00307.jpg 440.8500 3.1821 640.2200 268.5000 480.1700 487.4800 275.5100 216.7100
frame00308.jpg 435.8400 -2.7135 638.6000 261.6000 479.0600 483.3200 271.7000 214.9400
frame00309.jpg 431.6200 -8.4459 637.5100 257.5200 477.1100 481.1300 268.1200 212.6500
frame00310.jpg 427.4400 -12.3430 633.5700 255.1000 472.9600 480.1400 263.5500 210.4300
frame00311.jpg 421.4000 -14.6460 627.0300 252.6800 468.4600 477.3400 258.4400 210.8200
frame00312.jpg 415.4800 -16.7790 621.1200 250.6700 465.4700 475.4800 253.9100 212.3200
frame00313.jpg 411.2200 -16.0450 616.3300 250.6800 462.3800 476.2000 250.5700 213.2900
frame00314.jpg 407.6900 -13.9450 611.9100 251.7200 458.7400 476.5100 247.2100 215.2100
frame00315.jpg 402.6600 -12.0360 607.2800 250.7300 456.1600 477.2200 243.2600 218.2900
frame00316.jpg 397.9800 -9.1962 603.9300 251.6700 453.4400 478.8100 239.7700 221.5500
frame00317.jpg 393.7300 -6.4177 600.4000 251.6600 450.9400 479.3000 235.8500 223.6800
frame00318.jpg 386.8500 -6.1332 597.5900 246.4800 448.6900 478.1800 231.9500 225.8000
frame00319.jpg 380.0100 -7.1930 593.1000 241.9600 446.8400 476.1600 226.7800 228.4100
frame00320.jpg 373.6400 -8.0332 590.4300 237.1300 446.2200 475.0400 223.6500 230.8100
frame00321.jpg 370.8700 -7.3160 587.2200 237.4100 443.0100 476.3400 220.7600 232.8100
frame00322.jpg 366.7000 -4.8529 582.8800 239.1100 439.6900 477.2300 217.1500 235.3600
frame00323.jpg 362.1000 -2.8639 578.3400 236.0900 437.7100 474.6800 213.9000 236.6600
frame00324.jpg 355.0500 -3.8619 574.6700 230.4200 437.6300 472.0700 210.3700 239.5500
frame00325.jpg 348.4300 -3.7102 571.3300 227.1300 435.6100 470.6600 206.5400 243.8300
frame00326.jpg 340.1600 -3.4187 566.5400 222.6400 432.5300 470.1300 201.2400 246.9800
frame00327.jpg 331.1200 -3.1033 561.6000 218.6900 430.8500 468.8400 195.7000 252.1400
frame00328.jpg 323.9100 -3.0838 556.4300 215.4000 428.7800 467.3300 191.1500 256.1400
frame00329.jpg 319.2000 -2.8408 552.8600 214.2300 427.0500 466.5600 187.7500 258.1300
frame00330.jpg 315.5100 -1.3422 549.9900 213.8400 425.3400 466.6800 185.0400 259.1600
frame00331.jpg 311.3400 0.3896 546.0700 212.4100 423.6000 465.5900 182.5100 262.0400
frame00332.jpg 306.4500 2.1653 542.5700 210.0100 422.8300 464.6100 179.8800 264.5400
frame00333.jpg 302.3500 3.6353 539.2700 209.0700 419.6300 464.3300 176.9100 266.3600
frame00334.jpg 295.6200 3.2336 534.1400 205.4400 416.5900 462.3900 172.1200 267.5700
frame00335.jpg 287.1900 2.0465 528.3700 200.5600 414.5600 459.4700 166.3800 270.6400
frame00336.jpg 279.6400 0.9356 523.3000 195.6400 412.4200 456.9200 161.6600 273.8700
frame00337.jpg 272.5200 1.4483 518.4100 192.2000 410.0800 455.5500 156.9000 277.5000
frame00338.jpg 264.8200 2.6503 512.5400 188.7700 407.9400 454.0600 152.5500 281.8600
frame00339.jpg 256.9900 2.6124 507.9000 184.6500 405.9000 451.0800 147.8900 284.4900
frame00340.jpg 249.5900 2.6335 501.1500 181.3700 404.3500 449.0900 143.6000 289.7200
frame00341.jpg 241.6700 4.3798 495.2600 177.8600 400.6300 447.3100 139.0100 292.8400
frame00342.jpg 232.0400 5.5088 488.3000 173.1600 395.4000 444.5700 131.3400 293.3300
frame00343.jpg 221.0600 5.4841 479.3300 168.8000 390.1300 440.7300 123.5900 297.2400
frame00344.jpg 210.0800 7.3116 472.1300 162.7600 385.5300 437.8300 117.0800 300.3600
frame00345.jpg 200.0700 7.5352 465.0800 157.1700 382.0300 434.9000 110.6100 302.6100
frame00346.jpg 190.3600 8.8908 457.9800 151.5300 376.9200 432.8600 104.2900 305.1600
frame00347.jpg 179.3000 9.2857 450.1500 146.5800 373.7300 429.0600 97.2180 308.9800
frame00348.jpg 168.8700 10.2690 443.1200 140.1000 371.1900 425.9600 92.3150 313.4900
frame00349.jpg 159.0300 9.9188 435.5700 135.8500 368.0300 422.2200 86.7110 318.2400
frame00350.jpg 149.3500 12.8050 428.3300 129.3000 365.3500 418.7800 81.5660 320.7800
frame00351.jpg 140.6200 14.6530 421.4600 124.6800 362.6500 415.2200 77.2460 324.8000
frame00352.jpg 131.5200 17.1190 415.4000 119.3400 361.1000 410.8600 74.2300 328.0800
frame00353.jpg 124.9500 20.0430 408.7200 114.5400 360.4400 406.2400 72.1690 332.5500
frame00354.jpg 118.9800 23.2430 403.4900 110.1800 359.1600 402.3800 70.5800 335.9400
frame00355.jpg 111.7500 26.6780 398.2700 105.3000 358.3300 398.1100 69.5700 339.0300
frame00356.jpg 106.3500 29.9050 393.6300 100.6400 358.6200 394.9400 69.4030 342.7000
frame00357.jpg 103.0400 34.6380 390.0400 98.7110 357.2500 394.1700 68.9890 345.9800
frame00358.jpg 98.0700 38.6700 385.0800 98.1240 354.8000 393.1900 66.9240 350.8800
frame00359.jpg 90.4830 43.5600 378.7400 97.5140 352.2800 392.1000 62.9250 356.0000
frame00360.jpg 82.6930 48.5470 371.9900 94.5830 350.1800 390.0300 60.0250 360.4000
frame00361.jpg 76.0840 52.1770 365.7700 91.7250 348.4600 387.3000 59.1610 366.5800
frame00362.jpg 72.3600 57.7550 361.4700 92.0870 346.2400 388.2300 57.5090 370.5300
frame00363.jpg 66.0540 63.2410 355.0000 91.9160 342.1300 387.6400 53.8770 375.2700
frame00364.jpg 57.4050 68.8050 347.7200 91.0950 339.3100 385.5100 50.7000 381.0300
frame00365.jpg 50.9000 74.9390 341.3100 90.1550 335.9800 385.1700 48.5970 386.0000
frame00366.jpg 43.9570 81.8210 334.3300 90.6560 332.6200 383.6200 45.5720 391.8300
frame00367.jpg 35.8300 88.3300 326.1900 89.4000 329.7300 380.5700 43.5020 397.0100
frame00368.jpg 29.9270 94.7640 318.6600 88.5740 326.6600 378.0500 41.0660 401.2600
frame00369.jpg 25.2280 99.6260 312.4700 88.4150 324.0900 376.4300 39.7300 404.9100
frame00370.jpg 21.3430 103.7400 307.1900 88.6740 321.9400 373.9800 38.9910 407.3500
frame00371.jpg 17.1080 107.3400 303.3600 85.4070 321.1500 369.0800 38.9880 407.1000
frame00372.jpg 14.2720 109.2800 299.8600 80.5320 323.0100 363.4100 42.7310 406.8300
frame00373.jpg 12.2300 110.0200 297.0000 76.5320 324.1300 360.0900 44.7420 407.7300
frame00374.jpg 9.5436 111.1500 295.5000 73.1220 323.1700 357.3200 45.5010 409.1800
frame00375.jpg 6.5241 112.5600 294.0700 71.6880 322.9200 355.6400 47.4720 410.8000
frame00376.jpg 5.6507 115.4000 292.3300 70.2890 324.0500 353.2100 51.9380 410.9300
frame00377.jpg 7.1426 117.8800 291.9700 69.8590 325.8200 350.6100 57.3500 411.9400
frame00378.jpg 10.3010 119.7600 292.3600 70.6950 327.3800 347.9300 61.8830 412.8900
frame00379.jpg 15.1880 121.9800 292.8900 72.9370 329.1700 345.8400 67.9210 412.3500
frame00380.jpg 19.4410 122.9600 294.0700 74.8690 332.0700 343.7600 72.6350 412.2200
frame00381.jpg 22.7520 125.0400 294.8300 76.0020 332.9300 341.9700 74.9790 412.6500
frame00382.jpg 25.5290 126.8900 294.3000 76.9800 333.0100 340.7400 76.4570 413.4500
frame00383.jpg 26.6840 129.4400 294.4400 77.8800 333.6900 340.6500 78.3850 413.1500
frame00384.jpg 29.2710 130.4900 295.3200 79.1170 335.1600 339.3600 81.9090 412.8900
frame00385.jpg 32.0430 133.3900 296.0300 80.0150 336.8900 338.3200 84.8200 413.8300
frame00386.jpg 32.6920 137.5000 295.2600 79.4570 338.2500 336.7100 88.4850 414.1300
frame00387.jpg 35.7080 140.4200 296.0000 77.7040 341.0700 333.2600 95.0240 411.9100
frame00388.jpg 41.9600 141.2600 300.0500 77.9310 345.6300 330.7500 101.8900 410.3900
frame00389.jpg 47.8320 140.1500 304.6900 77.8800 348.4900 327.8900 106.3400 406.8800
frame00390.jpg 52.3750 139.7300 306.5500 75.5500 351.8600 324.8800 111.2400 405.1700
frame00391.jpg 56.9280 140.0900 309.6600 75.8840 355.5600 323.5800 115.6300 403.6600
frame00392.jpg 62.9800 139.4300 313.5400 76.3010 358.5900 322.9300 120.4700 401.8300
frame00393.jpg 68.4370 140.4300 316.9300 77.0470 362.1700 321.4200 125.9700 401.9500
frame00394.jpg 73.3610 140.8900 320.6400 78.2040 364.4300 320.7900 128.9200 402.1800
frame00395.jpg 77.6250 142.0200 323.6100 78.8720 366.4000 322.2200 131.6700 401.6900
frame00396.jpg 81.1650 142.8000 326.8700 79.7710 369.3900 323.0600 135.3100 400.7800
frame00397.jpg 85.6860 143.6900 330.3100 81.3870 372.7900 322.8800 140.0300 400.4900
frame00398.jpg 90.0180 145.2800 333.3700 83.0030 375.3200 322.6400 144.4100 400.0800
frame00399.jpg 96.0100 147.3600 336.6400 85.6430 378.9300 322.7300 151.5000 399.8500
frame00400.jpg 105.3000 149.7500 340.7000 87.9960 383.1400 323.6100 159.5400 399.8200
frame00401.jpg 113.3600 152.1600 345.8000 90.6650 387.8200 325.1800 167.1200 400.1200
frame00402.jpg 122.2400 153.9800 352.2600 94.4390 392.6000 327.4200 174.1800 399.9400
frame00403.jpg 130.1200 153.8900 357.6000 98.1220 397.8300 328.4900 180.9000 400.9200
frame00404.jpg 136.8300 154.9100 363.1900 101.1000 403.2300 329.0600 188.8300 401.4600
frame00405.jpg 144.2500 154.7700 369.9100 104.3700 408.9300 330.1400 194.2600 400.5900
frame00406.jpg 150.5700 154.3600 375.2300 105.3300 413.9400 330.3600 200.2400 400.6100
frame00407.jpg 158.3500 155.1000 380.6700 107.1300 419.2300 332.3900 205.7800 400.4300
frame00408.jpg 166.0000 153.1800 386.6200 109.7900 425.3000 333.3100 214.4300 398.9200
frame00409.jpg 176.7800 151.1600 394.5500 110.0600 432.1900 334.1700 222.0800 396.2200
frame00410.jpg 187.1000 151.0000 403.9400 109.5300 439.7600 334.8100 229.5400 394.0300
frame00411.jpg 196.1100 150.9400 413.2300 109.4900 447.3800 336.8100 236.4100 392.3000
frame00412.jpg 205.9800 150.1000 421.4600 111.5500 454.1400 339.5300 243.9300 392.5200
frame00413.jpg 214.2200 149.3800 430.7200 113.6600 461.8100 342.0900 250.0600 391.9600
frame00414.jpg 223.3600 148.9000 438.7300 115.8600 468.5600 344.9100 257.1700 391.7600
frame00415.jpg 231.8300 148.8300 447.1500 118.3500 475.7600 348.1700 263.4700 390.8800
frame00416.jpg 241.2500 149.6000 457.8300 118.7300 483.9100 352.1600 270.2700 387.1400
frame00417.jpg 250.9500 148.3500 467.0300 122.0900 490.4100 355.7100 276.1500 386.6100
frame00418.jpg 258.0000 146.6800 475.4200 125.1100 496.1300 357.0900 281.9400 386.0900
frame00419.jpg 266.2600 146.8100 484.4900 125.9000 502.4800 361.1100 287.7900 385.4700
frame00420.jpg 275.8300 142.8200 491.1800 130.6100 508.6000 362.9700 293.8100 387.4200
frame00421.jpg 285.1800 140.5800 500.6900 132.6500 515.0300 366.6700 299.5900 386.8900
frame00422.jpg 293.4500 140.0400 511.2000 135.2400 521.0600 372.6000 301.9500 384.8400
frame00423.jpg 300.1200 142.0000 520.3500 137.7800 525.1100 378.2500 302.9100 381.6700
frame00424.jpg 306.1200 142.9200 527.9500 140.6900 531.0200 383.1900 306.8700 380.4100
frame00425.jpg 314.8400 143.1500 536.9400 142.6600 537.0900 387.4400 313.3200 379.4700
frame00426.jpg 323.8500 142.7300 546.2900 146.0400 544.8700 392.8500 320.5300 379.8000
frame00427.jpg 331.5300 141.0800 556.1500 149.9900 552.2000 397.2400 325.9300 380.5800
frame00428.jpg 339.8100 140.0100 566.7100 152.8600 559.7800 403.7400 332.8200 380.8400
frame00429.jpg 348.6300 139.1700 579.4500 156.2400 568.4900 409.8500 338.6800 379.5800
frame00430.jpg 359.7600 137.9600 591.6300 161.7800 574.7100 416.3100 343.7700 379.5900
frame00431.jpg 367.4700 136.0900 601.2100 165.1800 579.2100 419.5800 348.2700 377.7800
frame00432.jpg 375.1100 135.2500 609.2300 166.7200 584.8900 423.2700 353.7200 377.1100
frame00433.jpg 383.4000 135.0600 619.4200 170.5100 591.4400 429.1000 358.7200 374.9600
frame00434.jpg 392.1600 133.9600 628.6400 173.9700 597.8400 435.5500 363.3600 373.6800
frame00435.jpg 399.5000 132.7800 638.3800 177.2900 605.0200 440.5000 368.2100 372.9200
frame00436.jpg 407.9300 128.8300 648.6000 181.7200 613.2000 445.1100 375.9700 373.7200
frame00437.jpg 419.0800 128.7800 661.3400 185.4500 614.5600 452.6800 377.4300 368.0300
frame00438.jpg 425.8300 127.4300 668.8300 188.7400 617.4500 457.2500 378.6500 364.3100
frame00439.jpg 430.5700 126.1900 677.9500 189.0900 621.6300 459.3100 381.9500 360.5900
frame00440.jpg 437.3200 124.3900 683.7300 190.3400 624.4400 460.6000 384.9000 360.4400
frame00441.jpg 441.2100 123.6700 688.5200 189.4000 626.3100 462.3400 386.8900 358.4500
frame00442.jpg 444.7900 122.8300 694.1100 187.6000 630.0200 463.8500 390.2700 356.9400
frame00443.jpg 451.1600 122.0600 699.4800 188.4700 632.8700 466.1900 393.7900 356.5500
frame00444.jpg 455.2600 122.9500 702.3100 188.3500 634.2800 465.7100 395.5300 357.5000
frame00445.jpg 456.1900 123.3400 703.6300 185.3600 635.9700 465.1300 397.2000 357.8900
frame00446.jpg 458.8100 125.3900 706.6800 185.2500 637.5300 466.3700 399.3900 358.5500
frame00447.jpg 461.1000 127.8500 710.4200 184.0900 638.4200 465.7400 400.3900 358.0600
frame00448.jpg 464.0200 130.2900 713.0300 181.2700 641.7000 466.5600 403.2400 359.5400
frame00449.jpg 466.8000 131.3200 715.5100 179.8200 643.7400 466.1700 405.7200 360.1400
frame00450.jpg 469.1400 131.4400 717.4700 177.8700 645.6000 464.6800 407.5200 361.0200
frame00451.jpg 471.6700 133.6800 719.8000 175.9000 647.6300 463.6200 409.4400 361.9600
frame00452.jpg 473.0700 134.4900 720.9100 172.2800 648.5400 460.0000 410.0500 362.5800
frame00453.jpg 472.8900 133.9900 720.0700 167.7800 648.1300 456.2600 409.5900 363.1500
frame00454.jpg 472.9400 134.8200 720.6000 163.8300 647.8000 453.4900 409.5800 363.6100
frame00455.jpg 474.3800 134.7300 719.4000 159.4100 648.2200 449.2900 410.5800 362.9100
frame00456.jpg 476.3300 134.5500 721.4200 155.4400 649.7100 446.4000 413.0000 361.3900
frame00457.jpg 479.6400 133.2500 724.4200 155.1300 650.8000 442.8600 414.2200 358.6600
frame00458.jpg 481.1600 133.8400 727.1000 152.7600 652.4600 439.5500 414.8400 356.9300
frame00459.jpg 483.3500 133.5600 729.3300 151.9600 655.2200 438.3900 414.3100 355.8700
frame00460.jpg 487.4100 133.5700 732.9200 149.7900 656.5200 437.3400 417.6400 354.9700
frame00461.jpg 490.6600 135.6400 736.6500 147.9300 658.5500 436.1500 420.9500 355.1700
frame00462.jpg 494.3400 136.3700 739.8100 147.8100 662.0900 434.8000 423.1400 353.9200
frame00463.jpg 498.7800 134.6400 744.6600 145.9200 665.7500 435.5200 425.5500 351.7700
frame00464.jpg 501.6500 133.1100 748.9900 142.5100 670.6300 430.3700 431.5200 352.1300
frame00465.jpg 504.8000 130.2900 751.4400 138.0200 673.0700 425.8600 435.6400 351.8100
frame00466.jpg 508.0100 127.7400 754.8100 137.2100 675.2800 426.1100 436.1200 348.6600
frame00467.jpg 509.9700 125.8100 757.2600 136.0100 677.1600 423.8800 437.1600 346.8800
frame00468.jpg 511.8200 123.6100 762.0800 134.7100 677.4600 422.3000 438.2100 344.0900
frame00469.jpg 512.1900 119.7700 762.8600 132.5200 677.2800 419.6500 437.5700 342.2500
frame00470.jpg 513.6500 117.3400 765.6000 131.9800 676.5700 421.8700 436.5100 338.7600
frame00471.jpg 513.8800 112.0900 768.3200 132.5300 674.7200 419.6500 434.9400 334.2000
frame00472.jpg 515.5300 107.0800 770.7600 128.3400 678.0300 420.1700 434.5300 327.3800
frame00473.jpg 518.5900 102.2300 774.9900 128.5100 680.7400 419.8600 435.0700 322.1300
frame00474.jpg 523.1200 97.6000 776.6800 130.6400 680.5200 418.0300 434.4000 318.5600
frame00475.jpg 525.6400 93.7910 778.8300 133.1800 679.6500 417.0300 434.3700 314.0000
frame00476.jpg 529.0000 89.5860 782.2200 138.1200 676.9100 416.5300 432.3100 303.4900
frame00477.jpg 531.4000 86.1410 784.2900 141.0700 674.0600 416.3000 431.4000 297.9700
frame00478.jpg 533.9500 83.5460 786.6100 145.6800 670.8500 418.3100 430.7600 293.0700
frame00479.jpg 536.4000 81.4480 789.3600 152.1500 669.2000 419.1100 430.2600 286.8900
frame00480.jpg 539.9600 79.0980 793.1800 160.8300 667.5400 421.8700 429.4900 278.7000
frame00481.jpg 543.4600 76.1160 796.3800 170.3800 664.7300 426.3900 428.9300 270.4800
frame00482.jpg 546.0000 72.1190 796.7700 179.2800 662.0300 428.5100 427.2600 264.3200
frame00483.jpg 548.5300 66.5980 797.7000 186.9200 659.5900 432.8300 426.4000 257.5400
frame00484.jpg 550.3300 62.4970 798.9800 195.6500 656.1000 437.8800 425.2300 249.7400
frame00485.jpg 551.5900 58.1140 797.0500 204.0200 652.2400 443.1500 423.1100 246.2800
frame00486.jpg 551.3200 54.2700 794.5600 212.8700 647.2200 449.8400 420.1000 242.1600
frame00487.jpg 552.0900 53.0890 793.0100 223.3900 645.0800 457.4600 418.9500 239.2200
frame00488.jpg 555.7900 52.2350 792.7200 234.3400 641.8400 463.4700 419.0200 236.4200
frame00489.jpg 558.0200 50.8200 791.4500 243.1700 638.5300 467.9000 418.4500 233.8800
frame00490.jpg 559.2600 50.4270 790.4300 250.9700 636.5200 474.8300 418.1100 232.6400
frame00491.jpg 561.9600 48.3990 790.2300 258.9800 632.4900 480.5800 417.1300 230.3300
frame00492.jpg 563.1400 44.0820 789.3700 263.4500 629.7900 483.4800 416.3900 227.9400
frame00493.jpg 564.3600 41.4120 785.8900 269.7700 626.4800 490.5000 415.3500 226.7900
frame00494.jpg 565.2100 41.7180 782.4000 279.4000 621.5100 496.0700 413.8000 225.1300
frame00495.jpg 565.4800 39.7350 779.3100 285.8000 620.1400 498.3700 412.3600 223.0400
frame00496.jpg 567.3200 39.2190 777.4200 291.6700 619.1800 501.7600 414.0900 222.0600
frame00497.jpg 569.9400 40.2220 775.6200 296.3800 618.7600 504.2500 414.6800 220.6100
frame00498.jpg 571.1600 37.1960 772.9500 295.8000 617.7600 504.5300 415.1000 222.3600
frame00499.jpg 569.9400 32.1060 764.3500 295.3100 617.3800 505.7500 413.3000 231.3000
frame00500.jpg 568.9000 34.8950 761.7100 302.4300 612.0800 510.8700 411.8600 226.6200
