frame ulx uly urx ury lrx lry llx lly
frame00001.jpg 81.9400 119.0000 515.0300 118.9800 515.0300 373.0000 82.0410 372.9800
frame00002.jpg 80.0120 122.5000 512.7800 122.0800 513.4100 374.6400 80.1030 375.4000
frame00003.jpg 78.7160 123.6900 511.2300 123.0900 512.6400 375.3900 79.3520 376.4700
frame00004.jpg 78.6110 124.7100 510.7900 124.0300 512.4600 376.1900 79.2880 377.4400
frame00005.jpg 78.3310 125.7400 510.3700 124.8100 512.2300 376.7300 79.0260 378.3400
frame00006.jpg 78.2140 126.3800 510.0800 125.2100 512.4200 376.6200 79.1920 378.4600
frame00007.jpg 78.4510 126.4500 510.1700 125.2300 512.7600 377.5600 79.4030 379.5300
frame00008.jpg 78.8250 128.3200 510.3700 126.8600 512.8800 378.5700 79.8440 380.8500
frame00009.jpg 78.8060 129.0400 509.8700 127.4500 512.9000 379.7200 79.2230 382.0600
frame00010.jpg 78.4010 131.0600 509.6300 129.4800 512.6500 381.2800 79.1850 383.8100
frame00011.jpg 78.4660 131.6000 509.6100 130.0900 513.0600 381.7500 79.4670 384.2400
frame00012.jpg 79.5060 132.7400 510.3100 131.4400 514.2000 384.0300 80.4260 385.9800
frame00013.jpg 80.9050 134.3400 511.7400 133.3000 515.1000 384.7400 81.4980 386.3300
frame00014.jpg 81.8470 133.5600 512.4000 132.8600 515.4900 384.2700 81.7370 385.3800
frame00015.jpg 82.5370 133.7400 513.0400 133.5900 515.5300 386.1100 81.8160 386.6300
frame00016.jpg 82.2490 134.9000 512.9600 135.1300 515.1700 386.6700 81.0670 387.0400
frame00017.jpg 81.8410 135.0200 512.4500 135.4300 514.9200 387.4500 81.0380 388.0100
frame00018.jpg 82.3070 136.1900 512.8200 136.4900 515.5400 388.0500 81.6700 388.6100
frame00019.jpg 82.8280 136.4300 513.3100 136.6100 516.0100 388.0200 82.0140 388.6300
frame00020.jpg 82.9090 136.4400 513.3400 136.4800 515.8800 387.3700 81.9890 388.2200
frame00021.jpg 82.5640 135.4000 513.2100 135.4500 515.7200 386.5200 81.6920 387.4300
frame00022.jpg 82.1570 134.6700 513.1300 134.7900 515.3500 385.4500 81.5720 386.4000
frame00023.jpg 81.9920 133.1400 513.0800 133.5000 515.3900 384.5100 81.5370 385.2900
frame00024.jpg 82.1450 133.1000 513.4000 133.7300 515.7600 385.6700 81.4130 386.2900
frame00025.jpg 81.7560 133.5400 513.4900 134.0900 515.6000 385.7400 80.9450 386.4900
frame00026.jpg 81.5320 133.7400 513.2400 134.3100 515.3900 386.1400 81.1560 386.7700
frame00027.jpg 81.9110 134.4100 513.0700 135.0600 515.1000 386.1700 81.4340 386.8200
frame00028.jpg 82.3610 134.7100 512.8100 135.2600 515.0000 386.0200 82.2540 386.6400
frame00029.jpg 83.3360 134.8600 513.0200 135.3100 515.7400 385.6700 83.1220 386.3000
frame00030.jpg 84.1310 134.7500 514.0500 135.0400 516.9200 385.8600 83.9660 386.4800
frame00031.jpg 84.6540 134.7600 515.1600 134.5500 517.8800 385.3200 84.5050 386.1900
frame00032.jpg 84.7630 133.7800 515.6300 133.5100 518.1600 384.9400 84.9810 385.7600
frame00033.jpg 85.5630 134.1100 516.2200 133.8900 518.9200 385.6400 85.6760 386.2000
frame00034.jpg 86.0590 134.5000 516.8200 134.3100 519.1600 385.6200 86.1680 386.1500
frame00035.jpg 86.9080 134.5100 517.4800 134.1700 520.0900 385.6400 87.1900 386.0300
frame00036.jpg 88.6520 134.6000 518.8000 134.3300 522.0900 386.0100 89.1930 385.8800
frame00037.jpg 91.0760 135.3000 520.9100 134.9500 523.9900 386.8600 91.5160 386.4000
frame00038.jpg 92.9670 135.8500 522.3700 135.3300 525.0800 386.8600 92.8340 386.2500
frame00039.jpg 94.1570 136.2900 523.1400 135.5800 525.9200 387.6900 93.6930 386.9200
frame00040.jpg 94.8280 137.5900 523.5500 136.7300 526.3900 388.9600 94.1780 388.4100
frame00041.jpg 95.5010 139.4200 523.7000 138.0500 526.8900 390.6800 94.6150 390.1800
frame00042.jpg 95.7800 141.5300 523.4200 139.9400 526.6400 392.1100 94.5170 392.0000
frame00043.jpg 95.2840 142.9300 522.4200 141.0500 525.8400 392.9800 93.6670 393.2500
frame00044.jpg 94.5230 145.0100 520.8800 142.9200 525.5700 395.8800 93.1860 396.8300
frame00045.jpg 94.8990 149.7300 520.5800 146.9100 525.6400 399.1300 93.4680 400.5600
frame00046.jpg 95.1300 151.5700 519.9400 148.4300 525.6800 399.4300 93.6380 401.2700
frame00047.jpg 95.7980 152.9200 519.9300 149.2900 526.3400 400.5400 94.4520 402.6600
frame00048.jpg 96.3270 154.2100 520.0000 150.1400 526.8400 400.5200 94.9090 403.2300
frame00049.jpg 96.5280 154.5400 519.9700 149.7600 527.0600 400.0800 95.2730 403.2100
frame00050.jpg 96.5980 154.5700 519.8100 149.2500 526.8600 398.8700 95.4110 402.3900
frame00051.jpg 95.8510 152.6000 519.1100 146.9600 526.1900 395.7300 95.0910 399.6700
frame00052.jpg 95.8610 150.0200 519.1300 144.2900 526.7600 393.2700 95.9560 397.2900
frame00053.jpg 96.9560 148.0400 520.1100 141.9600 527.4200 390.6600 97.1550 394.6800
frame00054.jpg 97.7040 146.0200 520.6900 139.4100 528.3500 388.6300 98.0770 392.8000
frame00055.jpg 98.3480 145.0700 521.2800 137.9000 529.4200 387.6500 99.1420 392.3200
frame00056.jpg 99.0600 145.2600 521.9100 137.2700 530.0500 387.0900 99.9160 392.3900
frame00057.jpg 99.0310 145.3000 521.6800 136.5500 530.4700 386.5300 100.3600 392.5700
frame00058.jpg 100.2900 146.9100 522.2100 137.5300 532.7800 389.7600 102.4000 396.2300
frame00059.jpg 103.4100 152.5900 524.4800 142.3400 535.4400 394.8800 105.0300 401.2300
frame00060.jpg 105.5500 155.9100 525.6800 145.3000 537.2300 395.5600 106.4200 402.1100
frame00061.jpg 107.8700 156.4500 527.0300 145.3100 539.7900 395.9800 109.1800 402.1500
frame00062.jpg 111.8200 158.2400 529.8900 146.4700 543.7500 398.3600 113.1700 404.1300
frame00063.jpg 115.3600 160.7900 533.0500 148.5800 545.9500 399.2500 116.0100 404.9800
frame00064.jpg 116.5700 160.6200 533.3200 147.7200 546.0000 397.0200 116.1300 403.5800
frame00065.jpg 116.1600 159.8700 532.1700 145.9400 545.6000 394.9900 116.2500 403.0300
frame00066.jpg 116.3300 159.9700 531.5600 144.9300 545.8600 394.2400 117.1600 403.2100
frame00067.jpg 116.9200 161.7700 531.2400 145.5900 546.1200 394.7000 118.0800 404.7500
frame00068.jpg 116.9300 162.8600 530.2700 145.3800 545.8300 392.7200 118.1000 404.3500
frame00069.jpg 116.0000 161.9500 528.7400 142.8100 544.9200 388.8500 117.9900 402.2800
frame00070.jpg 114.6500 160.4400 526.5400 139.5000 544.0700 385.8800 117.7100 401.2800
frame00071.jpg 114.2200 160.9500 525.0500 138.4800 543.5600 384.0500 117.9400 401.0700
frame00072.jpg 113.0800 159.8000 523.0100 135.6900 542.1800 380.2900 117.0400 399.2500
frame00073.jpg 111.5100 159.8600 520.5600 133.9000 540.9600 378.9400 116.5400 400.0500
frame00074.jpg 110.1100 161.0700 517.9500 133.2900 539.5900 376.9200 115.9400 400.2700
frame00075.jpg 109.1300 161.1500 516.0700 131.4800 539.4400 374.2000 116.6600 399.5300
frame00076.jpg 109.7500 160.9100 515.3500 129.4200 540.2700 371.7800 118.3300 398.7000
frame00077.jpg 110.9600 160.6900 515.5300 127.6200 541.2200 369.0700 120.1200 397.2500
frame00078.jpg 112.1200 159.8200 515.7200 125.3600 542.0900 366.8700 121.8100 396.0500
frame00079.jpg 113.1300 159.7900 515.7800 123.8900 542.6000 364.6900 123.0800 394.9900
frame00080.jpg 113.7800 158.9500 515.3500 121.5700 543.0100 361.8500 124.2800 393.6000
frame00081.jpg 114.3000 159.0700 514.8600 120.2000 543.1900 360.5900 125.3300 393.6600
frame00082.jpg 114.3400 160.0800 513.7100 119.9900 542.3800 359.4600 125.1000 393.8600
frame00083.jpg 112.9100 161.0900 511.4600 119.6700 540.7700 358.8100 124.1800 394.9100
frame00084.jpg 111.6000 162.0200 509.0200 119.6400 539.1500 357.5800 122.9500 394.9700
frame00085.jpg 110.5100 162.7000 506.9400 119.2800 537.9500 356.9900 122.5300 395.5300
frame00086.jpg 110.1700 163.0100 505.5100 118.7000 537.2800 355.2900 122.3400 394.6700
frame00087.jpg 109.2000 162.5400 503.8300 117.2200 536.0600 353.2600 121.6300 393.8500
frame00088.jpg 108.4900 162.8400 502.1400 116.4100 535.3000 352.5900 121.8400 394.5000
frame00089.jpg 108.7500 164.0000 501.4100 116.6300 535.1300 351.7600 122.0700 394.5600
frame00090.jpg 108.2300 164.0400 499.9400 115.9500 534.0500 350.0200 121.7200 393.9300
frame00091.jpg 107.1800 163.5800 498.0200 114.4900 533.0400 348.2400 121.3200 393.6100
frame00092.jpg 107.2000 164.8900 496.9400 114.6600 533.0000 348.2200 122.0100 394.5500
frame00093.jpg 108.3900 165.8300 496.8600 115.0200 533.8600 347.7300 123.5800 394.5400
frame00094.jpg 110.3200 165.7600 497.9000 114.6600 535.1400 346.5400 125.7600 393.3200
frame00095.jpg 112.4800 165.9300 499.0800 114.1300 536.5300 346.0600 127.6400 393.2000
frame00096.jpg 113.9000 166.0400 499.6500 113.9200 537.3600 344.8400 128.6900 392.4400
frame00097.jpg 115.4700 166.0100 500.3700 113.3000 538.8100 344.2000 130.7100 392.0800
frame00098.jpg 117.8300 166.0600 501.7100 112.9100 540.8900 343.3500 133.0500 391.4100
frame00099.jpg 120.2400 167.1400 503.2000 113.1500 542.6200 343.8800 135.2000 392.5600
frame00100.jpg 121.4400 169.0500 503.4700 114.1500 543.2100 343.8500 136.0200 393.9200
frame00101.jpg 121.1400 170.8600 502.3400 114.7200 542.9100 343.8000 135.9400 395.7000
frame00102.jpg 120.8000 173.5100 500.9900 115.8000 543.1700 344.7300 136.6300 398.6500
frame00103.jpg 120.7000 177.1300 499.9900 117.9000 543.0700 345.6900 136.5700 401.9500
frame00104.jpg 118.8500 180.1100 497.3100 119.1100 541.4000 345.4400 135.4100 404.5900
frame00105.jpg 116.8800 182.5500 494.2600 119.4800 540.3600 344.7400 134.7700 406.8300
frame00106.jpg 115.9700 185.2200 491.9600 120.2000 540.2400 345.2000 135.2500 410.1900
frame00107.jpg 115.9500 189.6500 490.7700 122.4800 540.5300 346.7900 136.0300 414.4000
frame00108.jpg 115.7400 193.6300 489.3900 124.6900 540.7900 347.1900 137.1800 416.6900
frame00109.jpg 116.6800 193.8700 489.1100 124.0100 542.1700 344.7900 139.2200 415.3100
frame00110.jpg 119.1400 194.0900 490.4400 123.0500 543.9500 344.1500 141.8100 415.4800
frame00111.jpg 120.1500 194.8500 490.7000 123.2300 544.1800 343.8200 142.2100 415.9200
frame00112.jpg 120.3100 195.5800 490.2600 123.9400 543.9100 343.7300 142.3900 415.9900
frame00113.jpg 121.0300 195.5700 490.2000 124.0500 544.3300 343.4000 143.2100 415.6600
frame00114.jpg 122.7700 195.7000 491.1900 124.1900 545.7400 343.5200 144.9500 415.3200
frame00115.jpg 124.8400 195.9300 492.8000 124.6300 547.1500 343.5600 146.6000 414.8700
frame00116.jpg 126.2100 195.2800 494.0300 124.3000 548.0500 342.5300 147.7200 413.2600
frame00117.jpg 127.6000 193.5900 494.9700 122.8500 548.8700 341.3800 148.6400 411.6400
frame00118.jpg 128.8800 193.7800 496.1900 123.1600 549.3600 342.3800 149.0500 412.0800
frame00119.jpg 129.1100 193.5600 496.2600 123.9600 548.8700 342.5500 148.2600 411.2700
frame00120.jpg 129.2700 193.5300 496.3200 124.6300 548.4200 344.4100 147.7900 411.8500
frame00121.jpg 129.3500 194.1900 496.4200 127.0200 547.2400 346.2900 146.2200 412.2000
frame00122.jpg 127.4600 193.5600 495.0500 128.1300 543.9700 347.3700 142.4400 411.6600
frame00123.jpg 124.7400 193.6900 492.3700 129.8800 540.5800 350.4200 138.5400 413.3600
frame00124.jpg 123.3500 196.0000 490.8500 134.3800 537.5200 354.7000 135.5200 415.0400
frame00125.jpg 120.5600 195.3400 488.1700 136.4300 533.0900 355.8200 130.7200 413.9600
frame00126.jpg 118.2100 195.5400 485.6600 138.7500 529.2700 359.9700 126.5500 415.7600
frame00127.jpg 116.3100 197.2800 483.4900 143.6900 525.0000 364.4600 122.3200 416.7800
frame00128.jpg 114.5000 196.8300 481.4200 146.9300 520.5600 366.5700 118.1800 415.0600
frame00129.jpg 112.3800 193.7200 479.1800 147.5700 515.4300 366.6000 113.9100 410.9600
frame00130.jpg 110.5700 190.2700 476.9600 147.7100 510.9900 366.9600 109.8300 407.5000
frame00131.jpg 109.6300 187.9300 475.8100 148.8400 507.5700 368.0400 106.9200 404.5000
frame00132.jpg 109.3400 183.6200 475.6500 148.3700 505.5500 367.3100 105.3100 399.4400
frame00133.jpg 111.0700 179.0000 478.0200 146.8500 506.1500 366.5600 106.1900 394.1600
frame00134.jpg 115.5300 173.4500 482.7300 144.7900 508.7600 364.5100 109.5500 386.7500
frame00135.jpg 122.4500 167.8600 488.1800 142.4900 511.8400 363.3200 114.3100 380.2600
frame00136.jpg 128.7700 164.2400 493.8000 142.1800 514.2200 363.3900 117.8200 375.4100
frame00137.jpg 133.1300 160.7300 497.6400 142.1500 514.5600 363.2300 118.7900 370.8700
frame00138.jpg 135.2700 157.1300 499.6900 141.8400 513.8100 363.3400 118.5900 367.0400
frame00139.jpg 137.4400 154.9600 501.6200 142.8100 513.4500 364.9700 118.8300 364.5500
frame00140.jpg 139.4300 153.4100 503.0800 144.4600 512.1300 365.8200 118.3200 361.9300
frame00141.jpg 139.9500 150.5400 503.0300 144.4600 510.0200 365.6600 116.6200 358.4800
frame00142.jpg 140.2800 149.4300 502.8400 145.8200 508.1300 368.5000 115.2600 358.2000
frame00143.jpg 140.8500 150.5100 502.7700 149.5700 506.2100 371.0900 114.0100 357.7500
frame00144.jpg 141.1100 149.3800 502.2400 151.0400 503.6100 372.1500 112.0000 355.9300
frame00145.jpg 140.6200 148.7200 501.0000 152.7700 500.6200 373.8500 109.4600 355.0300
frame00146.jpg 139.7200 148.4900 499.5400 155.0100 497.2100 375.9400 106.7700 354.2700
frame00147.jpg 138.5400 147.6400 497.5400 157.1500 493.4400 376.7100 103.4100 352.3300
frame00148.jpg 137.3600 145.1600 495.7400 157.8400 489.8000 376.9500 100.3700 349.2300
frame00149.jpg 136.6900 143.2900 494.4800 159.0200 486.1000 378.0700 97.7220 346.9700
frame00150.jpg 135.7500 141.1800 492.9600 160.0900 482.2000 377.6900 94.8800 343.4700
frame00151.jpg 135.1800 137.3700 491.4300 159.5200 479.0000 376.7000 92.5830 339.1200
frame00152.jpg 136.3100 135.6200 491.6400 160.3900 477.8900 377.5000 92.8700 336.9000
frame00153.jpg 138.9100 135.0400 492.9200 161.8200 478.1000 379.1900 94.2710 335.6000
frame00154.jpg 142.7500 135.6300 495.6300 164.1000 479.6500 380.8700 97.2700 334.5800
frame00155.jpg 147.2100 134.8800 498.8600 164.7200 481.6000 380.9700 100.5500 332.3300
frame00156.jpg 151.7400 134.9200 502.2600 166.0100 483.7400 382.8100 104.2300 331.6600
frame00157.jpg 156.3600 135.2900 505.6900 167.3500 485.5900 383.5700 107.6300 330.3700
frame00158.jpg 160.0400 134.9600 508.0200 168.0400 486.1400 383.6800 109.8400 328.6800
frame00159.jpg 163.0500 134.6200 510.0200 168.4300 486.7600 384.1700 111.9900 327.4100
frame00160.jpg 165.5200 134.4300 511.0600 169.0400 485.7700 383.9100 113.0400 325.7600
frame00161.jpg 165.7500 133.4900 509.9500 169.1100 482.6400 383.4800 111.6800 323.9600
frame00162.jpg 164.1200 131.7900 507.1300 168.3600 478.5200 381.7400 109.1700 321.3200
frame00163.jpg 163.1400 130.4900 504.8500 167.9500 475.8200 381.7500 107.6600 319.9200
frame00164.jpg 163.3600 130.9200 503.9400 169.1900 473.8900 382.1200 107.2000 319.2200
frame00165.jpg 163.3600 129.5500 502.7900 168.3700 471.3200 379.9300 106.3600 316.2500
frame00166.jpg 162.9600 126.5000 501.4800 166.2200 469.1300 377.8600 105.7300 313.1400
frame00167.jpg 163.3000 125.7100 500.8900 165.9200 467.6900 377.2100 105.7200 311.6500
frame00168.jpg 164.2200 124.7200 500.6900 165.5000 466.8900 376.3500 106.3800 309.8700
frame00169.jpg 165.4800 123.2200 500.8000 164.3800 465.4500 374.2900 106.9300 307.0300
frame00170.jpg 165.7400 121.1700 499.9900 163.0900 463.8400 373.4800 106.7700 305.1700
frame00171.jpg 166.2200 121.6500 499.7000 163.6400 463.4100 373.4000 107.6700 304.7400
frame00172.jpg 168.9300 121.4100 501.2600 163.2500 464.5800 373.1800 110.4400 304.0400
frame00173.jpg 170.6700 122.2300 501.7800 163.8300 463.6900 373.4900 111.0300 303.9400
frame00174.jpg 169.7500 121.6900 500.0500 163.0100 461.4000 371.6300 109.8300 302.3600
frame00175.jpg 169.4400 120.0800 498.8800 161.6800 459.9500 370.9600 109.4300 301.0900
frame00176.jpg 169.5800 121.2300 497.9900 163.0000 458.5700 372.5200 109.0900 302.2500
frame00177.jpg 169.1100 122.1600 496.5400 163.7900 456.6800 372.2900 108.2300 301.9900
frame00178.jpg 169.3800 122.3100 496.3300 164.8200 456.5600 373.7200 108.9900 302.1200
frame00179.jpg 172.7100 123.9200 498.1900 166.9400 457.5500 375.8500 111.4400 302.9400
frame00180.jpg 173.7800 125.4900 498.1900 168.9300 456.0400 376.9500 111.4700 303.4400
frame00181.jpg 174.4300 126.2200 497.7900 169.9600 455.9100 378.3200 112.0200 304.1600
frame00182.jpg 175.7700 128.2100 498.1500 172.2100 455.1000 379.4900 112.7800 304.7900
frame00183.jpg 176.0300 127.7700 497.4800 172.5100 453.5600 379.1100 112.2400 303.6100
frame00184.jpg 176.3400 127.4500 496.9500 172.5200 452.7500 379.5300 112.3900 303.3200
frame00185.jpg 176.4100 128.5000 496.4000 173.6400 451.5400 379.6700 112.4100 303.5800
frame00186.jpg 176.2700 126.7200 495.4800 171.8200 450.0300 376.5900 112.1100 300.7600
frame00187.jpg 175.3800 124.0200 494.2100 169.0600 448.1700 373.8500 111.0600 298.2300
frame00188.jpg 173.6600 120.1800 492.8600 165.4000 446.3100 368.3300 110.4100 293.5500
frame00189.jpg 174.2300 116.8300 492.5400 161.5400 447.2200 367.2400 111.4500 291.7800
frame00190.jpg 175.0700 118.4500 493.0200 162.3000 447.0600 367.5600 112.2900 292.9200
frame00191.jpg 174.9400 118.8400 492.3500 162.1100 446.4200 367.1200 112.3700 292.9200
frame00192.jpg 174.7600 118.1500 491.4000 161.4700 444.9300 365.7800 111.5600 291.4600
frame00193.jpg 174.1000 116.4500 490.5800 160.3600 444.0200 364.2800 111.2800 289.4100
frame00194.jpg 175.9200 114.8400 491.7800 159.7000 444.5100 364.1300 112.6800 287.7200
frame00195.jpg 177.3800 115.0500 492.4100 161.1300 443.6600 364.7500 113.0200 287.1400
frame00196.jpg 178.4800 112.9900 492.9900 160.3900 443.5300 362.8500 113.6800 283.9100
frame00197.jpg 180.6300 110.9700 494.7400 159.4700 444.3500 362.3200 115.3100 281.6900
frame00198.jpg 183.1300 109.2300 496.7200 158.8200 445.2500 360.8500 117.2700 278.8800
frame00199.jpg 185.9300 107.3100 499.2000 158.2400 446.6100 360.2000 119.6800 276.7300
frame00200.jpg 189.4300 105.5800 502.0600 157.8700 448.4900 359.9300 122.6200 274.4900
frame00201.jpg 193.2500 106.4000 504.9200 159.7500 450.2000 362.0500 125.6600 274.9200
frame00202.jpg 195.9800 107.3600 506.7600 161.8500 450.7000 363.2000 127.3400 274.7200
frame00203.jpg 198.6100 106.9000 508.5800 162.6800 451.7200 362.7800 129.4300 272.9400
frame00204.jpg 201.6200 106.3000 510.7100 163.9100 452.3200 365.3200 131.3600 272.7500
frame00205.jpg 203.7300 109.1300 511.7900 168.0500 452.4600 368.2200 132.6300 274.4000
frame00206.jpg 205.8200 110.1200 512.7800 169.6500 452.4000 368.8700 133.8600 274.3700
frame00207.jpg 205.8000 110.7300 511.7300 170.7200 450.3800 369.6500 132.8300 274.8300
frame00208.jpg 203.7000 111.5300 508.8000 171.5600 446.9900 370.2800 130.1600 275.7800
frame00209.jpg 200.6900 112.5200 505.6800 172.3800 445.2800 370.4400 128.2300 276.2800
frame00210.jpg 202.2400 112.7400 506.9900 172.8500 446.9900 371.2300 130.4400 276.4500
frame00211.jpg 203.5700 114.4800 507.3000 174.8400 446.0400 372.8300 130.7100 277.7600
frame00212.jpg 203.8200 114.0100 507.3300 174.6900 446.3200 371.8800 131.1000 276.3000
frame00213.jpg 205.1900 113.7100 508.4600 175.3700 446.2500 373.1300 131.8400 276.3900
frame00214.jpg 205.3200 113.5100 508.3100 175.5100 445.6900 372.5000 131.4100 275.4500
frame00215.jpg 205.3900 112.0300 508.8600 174.6200 446.1900 371.7200 131.9000 273.9800
frame00216.jpg 207.5300 110.1200 511.5000 173.6800 448.4100 371.0900 134.2700 272.0700
frame00217.jpg 209.8700 108.6500 513.8100 172.8500 449.5900 370.2300 135.9300 270.4000
frame00218.jpg 211.6100 106.7500 516.2400 171.6500 451.9900 369.5900 138.0900 268.8300
frame00219.jpg 214.9700 106.5800 519.4000 172.0100 454.0900 370.5800 141.0800 268.5800
frame00220.jpg 216.6500 106.8500 520.9000 173.1900 454.7700 371.8400 142.0200 268.8500
frame00221.jpg 218.0400 107.8700 522.3500 174.8200 456.3900 373.7800 143.6000 269.8800
frame00222.jpg 221.4900 109.6500 525.8200 177.1400 460.0400 376.2900 147.5000 271.3000
frame00223.jpg 225.9100 109.9200 530.4300 177.9300 462.9800 375.8400 151.0700 270.1800
frame00224.jpg 228.1600 108.5000 532.3700 177.6900 463.5100 376.6500 152.0700 269.3000
frame00225.jpg 228.1700 108.7700 532.5400 178.5800 463.3800 377.1200 151.9300 269.2500
frame00226.jpg 229.3700 108.6900 534.4300 179.4400 465.8900 378.6800 154.0500 269.8200
frame00227.jpg 232.4300 110.1100 536.8700 180.8500 466.7100 379.7900 155.6600 270.5400
frame00228.jpg 231.5600 110.7700 535.3500 181.6800 464.5500 380.4100 153.9300 271.2700
frame00229.jpg 229.4800 110.8500 533.2900 181.8800 463.1800 380.4300 152.1100 271.2600
frame00230.jpg 229.1600 111.4100 532.8000 182.8200 462.8900 381.5500 151.8700 272.0200
frame00231.jpg 228.7800 111.9500 532.4100 183.0700 462.3700 380.6300 151.4900 271.8600
frame00232.jpg 228.6700 109.4600 532.6900 180.6100 462.8600 378.2400 151.7000 269.3900
frame00233.jpg 229.4200 107.5400 533.5700 179.5400 462.9000 377.8300 152.2900 267.9300
frame00234.jpg 229.7200 107.9100 533.8900 180.5500 463.4800 379.3000 152.7700 268.7900
frame00235.jpg 231.3100 109.8800 535.5700 181.4500 466.3700 379.7700 155.3100 270.3900
frame00236.jpg 234.1600 109.1100 538.8400 178.7900 469.6300 376.9200 158.8500 269.0500
frame00237.jpg 235.0000 109.4100 539.4400 178.8900 470.1600 378.4200 159.7600 270.7900
frame00238.jpg 235.6200 111.6300 540.5000 179.1400 473.2400 377.8700 161.8200 272.0200
frame00239.jpg 239.3200 111.6700 544.7000 177.6800 478.5600 377.5100 166.7400 272.4100
frame00240.jpg 242.7000 112.7000 547.3300 177.6100 479.2200 377.7600 169.1700 273.2700
frame00241.jpg 240.3200 114.1300 544.4700 179.0700 475.8700 379.2800 166.2700 275.0800
frame00242.jpg 238.5700 115.1900 542.3700 180.3300 475.0100 380.5800 165.0900 275.8700
frame00243.jpg 238.3000 117.8100 541.4400 182.8800 474.2600 382.6600 164.6400 278.5900
frame00244.jpg 236.4900 120.1100 539.5500 184.2400 474.2000 384.4500 163.5500 281.3800
frame00245.jpg 237.5800 123.4100 541.8200 185.2000 479.1700 384.3400 167.1900 283.3200
frame00246.jpg 244.5300 122.5100 549.9800 182.9600 489.5300 383.7300 176.6800 282.6700
frame00247.jpg 253.8800 126.1800 558.7200 184.7800 497.2200 387.0000 185.7800 286.4700
frame00248.jpg 259.0400 130.1800 563.6200 186.8200 503.2100 389.0500 191.2200 289.8100
frame00249.jpg 264.6300 133.4900 569.9800 188.7000 511.5800 391.9300 198.8600 293.3600
frame00250.jpg 272.1200 138.1600 577.4500 191.9700 518.6100 396.0100 207.0400 298.1800
frame00251.jpg 277.1800 143.4800 581.8300 195.0900 522.6400 398.3100 211.7100 302.3300
frame00252.jpg 279.2000 145.2300 583.7600 194.9600 525.4400 397.6800 214.6100 303.2500
frame00253.jpg 282.6400 146.1100 586.6900 194.4400 528.9300 398.1700 218.6200 304.3200
frame00254.jpg 284.1000 148.1500 587.5200 195.1600 529.0300 398.6300 219.6900 306.0800
frame00255.jpg 282.4800 149.2400 585.2300 194.9300 527.2300 397.8500 218.5600 307.1300
frame00256.jpg 280.8600 150.6000 582.8200 195.1500 525.8000 398.4000 217.6600 308.7700
frame00257.jpg 279.0600 152.7600 580.1700 196.3800 523.6400 399.5300 216.0800 311.0600
frame00258.jpg 277.2000 154.7700 577.3900 197.2200 521.9400 399.3900 214.7200 312.3900
frame00259.jpg 274.8600 154.6200 573.9000 195.6800 518.5800 397.2300 212.2600 311.8900
frame00260.jpg 271.3600 154.5900 569.6800 194.7400 515.3300 396.2300 209.4300 312.3900
frame00261.jpg 269.3300 154.7300 567.0500 193.3500 514.2400 394.4700 208.7600 312.1800
frame00262.jpg 268.2600 155.2900 565.2800 192.7400 512.5100 394.0800 207.8500 313.0400
frame00263.jpg 264.6200 154.7300 560.8500 190.8900 507.9100 390.6900 204.2600 311.8200
frame00264.jpg 261.2800 153.6300 556.7000 189.3700 505.2200 390.0100 201.6700 311.6700
frame00265.jpg 260.0100 154.9300 554.8600 189.9300 504.3500 390.2800 201.0800 312.7900
frame00266.jpg 259.3400 155.9100 553.2100 190.2900 502.9100 390.5400 200.1600 313.7500
frame00267.jpg 257.7400 157.2000 551.2700 191.2200 501.4100 391.3800 198.9600 315.0900
frame00268.jpg 256.8900 159.0000 549.5000 193.0900 499.5400 393.8000 197.7700 317.1500
frame00269.jpg 254.3400 162.3000 546.2000 196.1500 496.0200 396.3100 194.7300 320.5200
frame00270.jpg 251.5000 164.2100 542.8400 197.0600 494.2000 395.7200 192.7200 321.3300
frame00271.jpg 250.4900 164.1700 541.2000 196.4800 493.5500 395.9100 191.8800 321.9800
frame00272.jpg 247.9900 166.0800 538.1700 197.3600 490.1000 396.3300 188.8500 323.9100
frame00273.jpg 243.8200 166.0500 534.1500 196.5300 487.6700 394.9000 185.6000 323.7200
frame00274.jpg 242.4500 165.6900 532.7600 195.6700 486.5300 394.1700 184.6200 323.8000
frame00275.jpg 239.2900 165.7300 529.4100 194.9300 483.0000 393.9600 180.5200 324.6000
frame00276.jpg 233.3500 167.3800 523.6000 196.0200 478.4500 395.9600 175.5400 328.0300
frame00277.jpg 229.4300 171.7600 519.7900 199.1500 475.8300 399.0000 172.3000 332.6900
frame00278.jpg 224.8400 175.0200 514.8600 201.3200 471.3500 401.1600 167.2500 336.4700
frame00279.jpg 218.4700 178.6700 508.5200 203.4900 466.5000 403.1000 161.6100 340.6900
frame00280.jpg 212.8800 180.9600 502.4800 203.9000 462.8600 403.3300 156.4000 343.3600
frame00281.jpg 207.6900 183.0300 497.3400 204.4600 458.7700 404.8300 152.0500 347.0400
frame00282.jpg 201.6500 186.4000 491.5200 205.6600 454.5300 405.5300 146.6900 350.4900
frame00283.jpg 195.8100 188.0500 485.6500 205.7600 450.3900 406.5600 141.3200 353.2500
frame00284.jpg 189.9100 190.6300 480.4200 206.6500 446.5800 407.0200 136.2800 356.5400
frame00285.jpg 184.9900 192.0900 475.6600 206.4600 443.5700 407.0700 132.4700 358.7900
frame00286.jpg 180.8000 194.4200 471.6400 207.4700 440.9300 408.5400 128.9400 362.1300
frame00287.jpg 177.4500 197.0000 467.9800 208.6200 438.7100 409.1000 126.2600 364.7500
frame00288.jpg 174.4900 198.4000 464.8400 208.4700 437.4000 408.5800 124.6000 366.2800
frame00289.jpg 172.5500 199.1500 462.5600 207.7900 435.8100 408.5000 122.8400 367.8600
frame00290.jpg 168.1900 201.1500 458.4300 208.6900 432.1300 410.4300 118.5700 371.5700
frame00291.jpg 162.4500 204.7800 453.0700 210.1500 428.2800 411.5700 113.2700 375.4700
frame00292.jpg 157.8300 205.4400 449.1900 209.4000 425.7100 410.3700 109.6500 376.0400
frame00293.jpg 154.5300 204.5700 446.3500 208.1000 423.0900 409.1400 106.3500 375.5500
frame00294.jpg 150.7600 203.7200 442.8300 207.2000 419.6500 408.3100 102.9600 375.3100
frame00295.jpg 148.6800 202.8900 440.9800 206.5900 418.5800 407.6600 101.2400 374.5100
frame00296.jpg 148.1000 201.6300 440.6500 205.6700 418.1000 406.7100 100.6600 373.0200
frame00297.jpg 148.3000 199.7700 441.1300 204.7600 419.0700 406.1400 101.2200 371.3100
frame00298.jpg 151.2100 199.7700 444.1700 205.7100 421.7900 407.7300 104.2900 371.5500
frame00299.jpg 154.1400 199.9400 446.9200 206.2600 423.5500 407.4700 106.5000 370.6900
frame00300.jpg 155.2900 198.7500 447.9500 205.1700 423.6500 406.6200 107.0600 369.5800
frame00301.jpg 154.6600 199.1500 447.1600 205.8400 422.6400 408.2300 105.5800 370.8400
frame00302.jpg 154.5100 199.9900 447.0700 206.7600 423.1900 407.8200 106.2200 370.4400
frame00303.jpg 156.1700 198.5100 448.6600 205.7300 424.4800 407.4800 107.6000 369.2900
frame00304.jpg 156.6700 198.5000 449.2500 206.2600 423.9400 407.1500 107.5900 368.4100
frame00305.jpg 157.6900 196.1700 450.1600 204.7800 425.2600 405.2800 108.9400 365.6100
frame00306.jpg 160.7800 194.1500 453.3500 203.7300 427.7500 404.7600 111.7800 363.5700
frame00307.jpg 163.0200 193.3600 455.5700 204.0900 428.1300 404.7200 112.6800 362.1800
frame00308.jpg 163.3200 191.5100 455.7200 203.3500 428.3200 403.1300 112.4400 359.6700
frame00309.jpg 165.9800 188.6300 459.3000 201.6300 432.0500 401.4700 116.7000 356.1100
frame00310.jpg 171.9500 184.8800 465.4100 198.8700 437.1500 397.9800 122.5000 350.9800
frame00311.jpg 176.7500 181.5100 469.8600 196.1800 440.1300 396.5400 125.9600 348.4500
frame00312.jpg 179.1400 180.8100 472.5500 196.1400 441.9100 396.3500 127.7300 347.4700
frame00313.jpg 181.8200 179.5900 474.9200 195.4900 444.2100 395.6400 130.2700 345.7500
frame00314.jpg 184.9900 178.5200 478.2000 195.1300 446.7500 395.4500 133.3600 344.3900
frame00315.jpg 187.3800 177.8500 480.6000 195.4500 447.6600 395.8300 134.6600 343.5600
frame00316.jpg 187.5800 177.2500 480.7700 195.4300 446.9900 395.2400 134.1300 342.5100
frame00317.jpg 187.6000 176.0300 480.9200 194.6100 446.9200 394.5900 134.2500 341.3600
frame00318.jpg 187.9500 175.5000 481.1600 194.2600 446.8200 393.8900 134.1800 340.6400
frame00319.jpg 187.6300 174.3300 480.7500 192.5100 446.6200 392.0800 134.0800 339.4800
frame00320.jpg 187.2100 173.9300 480.3600 191.5000 446.6700 391.7600 134.1800 339.8300
frame00321.jpg 186.3000 175.3600 479.3600 192.3200 445.7500 392.5600 133.4000 341.5500
frame00322.jpg 185.1100 176.6200 477.9100 193.0000 445.0800 393.2400 132.5200 342.8100
frame00323.jpg 184.7400 177.7100 477.4200 194.0600 444.4700 394.1700 131.9100 343.8200
frame00324.jpg 183.4500 178.7200 476.0300 195.2900 442.8200 395.0500 130.1200 344.8500
frame00325.jpg 182.1200 178.2900 474.7900 194.8900 442.3600 394.1200 129.3300 343.9100
frame00326.jpg 183.4500 178.0100 476.1300 194.9500 443.6700 394.5900 130.8400 343.8200
frame00327.jpg 184.0300 177.8600 476.7200 194.7700 443.7200 394.1800 130.8800 343.5600
frame00328.jpg 183.2000 177.6500 476.1500 194.2600 443.2700 393.3900 130.3900 343.3300
frame00329.jpg 182.7000 177.1100 475.4100 193.6200 442.6200 393.4400 129.5600 343.3700
frame00330.jpg 181.3400 177.9900 474.3300 194.3200 441.5600 393.7300 128.4200 344.1200
frame00331.jpg 180.7000 177.5100 473.5900 193.6900 441.5100 393.1400 128.1100 343.5300
frame00332.jpg 181.2100 177.9700 474.0000 194.2600 441.7400 394.1500 128.4500 344.3000
frame00333.jpg 181.2200 178.5400 474.0500 195.0600 442.0200 394.6500 128.5700 344.6300
frame00334.jpg 182.4000 179.2400 475.0600 196.0500 442.9500 395.5800 129.7500 345.1600
frame00335.jpg 183.2000 179.2100 475.9700 196.3300 443.4900 395.4400 130.2800 344.7500
frame00336.jpg 184.2500 178.6000 477.0900 195.9100 444.8800 394.7600 131.4600 343.7200
frame00337.jpg 186.0700 177.1600 478.9400 194.8100 445.9200 393.4500 132.7600 341.9800
frame00338.jpg 186.1600 176.0800 479.1700 193.9200 445.5200 392.3600 132.4900 340.7600
frame00339.jpg 185.9200 173.9900 479.0900 191.4600 445.9600 389.6200 132.7700 338.6500
frame00340.jpg 186.7200 173.0700 480.0100 190.4100 447.1600 389.7600 133.9300 338.3800
frame00341.jpg 187.4900 173.2500 480.8200 190.4800 447.7300 389.2200 134.5600 338.0000
frame00342.jpg 187.6900 172.5500 481.0400 189.7900 447.5100 388.9300 134.4200 337.6900
frame00343.jpg 186.5500 172.6000 480.0400 189.8800 446.1200 388.5000 133.1400 337.5100
frame00344.jpg 185.2000 171.9400 478.6400 189.4000 444.7800 387.8400 131.5900 336.9900
frame00345.jpg 183.9200 171.0900 477.3100 188.4400 443.5500 386.7400 130.2600 336.1200
frame00346.jpg 182.4700 171.0600 475.8100 188.4700 442.0200 387.2000 128.5700 336.8300
frame00347.jpg 180.1400 172.0900 473.7100 189.6100 439.9500 387.8800 126.1100 337.6300
frame00348.jpg 179.4700 171.9200 473.0400 189.9900 440.3500 387.8100 125.7300 337.0300
frame00349.jpg 181.0800 170.8000 475.0400 189.6400 442.0500 387.1000 127.3700 335.6300
frame00350.jpg 182.5500 168.8100 477.0700 188.3000 443.7200 385.2500 128.7300 333.2300
frame00351.jpg 184.0600 166.6000 479.1600 186.4600 445.2700 383.7400 129.9900 331.2300
frame00352.jpg 183.8900 164.7800 479.4200 184.5100 444.9000 382.0300 129.0100 329.7700
frame00353.jpg 181.5100 164.3700 477.4600 183.7200 443.4000 381.9200 126.7000 330.5500
frame00354.jpg 179.2300 164.9200 475.7600 183.4100 442.4900 381.5900 125.2000 331.4000
frame00355.jpg 176.7600 166.1000 473.1900 184.5300 440.3100 384.0600 122.1900 334.8000
frame00356.jpg 171.1500 170.7800 468.6000 188.1800 435.4700 387.1000 116.7100 339.7900
frame00357.jpg 166.9900 173.6600 464.1200 189.9500 434.0800 387.9600 113.6700 342.1400
frame00358.jpg 166.2600 174.8000 463.5900 190.4300 435.1900 388.5500 113.9600 343.5000
frame00359.jpg 166.1400 176.1400 463.9600 190.9500 435.8700 389.2900 114.2800 345.3600
frame00360.jpg 165.3100 177.2400 463.1000 190.8800 435.3800 389.5100 113.1600 346.7400
frame00361.jpg 161.9900 178.7400 460.2000 190.9800 433.5200 390.5400 110.0600 349.4100
frame00362.jpg 157.1000 180.7700 456.1800 192.0200 429.9900 391.5300 105.7500 352.4100
frame00363.jpg 153.7400 182.3900 452.5000 192.5400 427.4000 391.5500 102.5500 354.2500
frame00364.jpg 149.1000 183.1400 448.5100 191.4400 424.3400 390.4400 98.7370 355.5400
frame00365.jpg 143.5100 182.7400 444.0500 189.1500 421.8000 387.8100 95.1650 355.6700
frame00366.jpg 141.6400 182.3500 442.6700 187.5100 422.2900 387.7200 94.4910 356.3900
frame00367.jpg 140.1800 182.8700 441.8100 187.0700 421.8100 387.5200 92.7360 357.2000
frame00368.jpg 136.4100 182.7100 438.9700 185.5100 419.5400 386.6200 88.5250 357.8200
frame00369.jpg 130.6300 182.3900 434.5500 184.7600 415.9500 385.9000 83.8760 358.8300
frame00370.jpg 126.9900 182.0300 431.9600 184.0700 413.6300 384.9600 81.4090 359.0800
frame00371.jpg 124.3400 180.9300 430.1700 182.1500 412.7400 383.5400 79.5290 358.9800
frame00372.jpg 122.4700 181.4600 429.2700 181.5800 412.7800 383.4700 78.8750 360.3300
frame00373.jpg 122.1200 181.6200 429.7100 180.7600 415.0200 383.1800 79.6980 360.8900
frame00374.jpg 123.8900 182.2100 431.9300 180.2400 418.2900 383.1700 82.3520 361.6500
frame00375.jpg 125.3700 182.0600 433.9900 179.0700 420.7300 381.9100 84.0130 361.4300
frame00376.jpg 124.6100 180.8000 434.0100 177.3400 420.5700 380.4800 82.7140 360.9900
frame00377.jpg 122.8500 180.1500 433.3800 176.1000 420.7200 379.6300 82.0530 360.7600
frame00378.jpg 122.7300 178.5300 434.0000 174.2900 422.0400 377.9500 82.3910 359.3600
frame00379.jpg 123.0100 176.6900 435.2100 172.4800 423.1500 376.4000 83.1390 357.8600
frame00380.jpg 123.3800 175.2100 436.3700 170.8500 424.3500 375.4800 83.5770 356.9900
frame00381.jpg 123.2100 174.5700 436.9300 170.3700 425.2900 375.2000 83.7920 356.9500
frame00382.jpg 124.2900 174.0500 438.5600 169.4700 427.4500 374.5700 85.2920 356.5300
frame00383.jpg 124.6000 173.8000 439.5300 168.8500 428.1500 374.4100 85.4130 356.8200
frame00384.jpg 124.1400 174.5500 439.5100 169.1400 428.9600 374.9900 85.3670 357.9500
frame00385.jpg 123.7700 175.4300 439.6000 169.3100 429.3100 375.1100 85.2640 359.1200
frame00386.jpg 122.7400 176.7800 438.8400 169.9000 429.5500 376.3600 84.5340 361.5100
frame00387.jpg 121.9000 178.9300 438.5300 170.6000 430.4100 376.5000 84.6360 363.3500
frame00388.jpg 122.2400 178.6100 439.3300 168.9400 432.9300 374.2500 86.7150 362.6300
frame00389.jpg 124.1400 176.8500 441.7400 165.9200 435.6500 371.5300 89.0800 360.5900
frame00390.jpg 123.6000 174.8100 441.9100 163.1600 435.3800 369.3400 88.1580 359.3200
frame00391.jpg 122.2500 173.3700 441.4600 161.3300 435.3900 367.9000 87.6510 358.3600
frame00392.jpg 121.3700 172.3900 441.3300 160.2000 435.4400 366.8800 86.6650 357.7500
frame00393.jpg 117.8700 170.5500 439.0700 158.2800 432.9800 365.0800 83.5810 356.1400
frame00394.jpg 116.4900 166.8500 438.2200 155.0600 433.7100 361.9700 82.5670 352.6000
frame00395.jpg 115.8100 165.0500 438.2500 153.2200 432.6800 361.3500 82.2030 352.4900
frame00396.jpg 116.1600 166.6600 438.7000 155.2500 434.5100 363.9500 82.8660 353.5200
frame00397.jpg 118.3700 165.4800 441.2100 154.1700 436.6400 362.6900 86.2030 352.4000
frame00398.jpg 120.8500 165.0500 444.4200 154.5700 437.3300 362.9100 88.7560 353.0000
frame00399.jpg 120.6200 165.7200 444.8400 155.2400 436.6700 362.1900 89.6350 354.1900
frame00400.jpg 124.3500 165.8600 447.2400 154.8200 440.5000 363.1000 93.3000 354.3800
frame00401.jpg 127.5000 168.2400 450.9100 155.0100 450.3700 365.3400 96.9180 355.4800
frame00402.jpg 129.1300 168.7400 453.4100 153.8900 452.1800 362.6200 100.2400 355.0800
frame00403.jpg 132.2800 168.6500 456.1700 152.2900 455.6000 362.3200 103.7300 355.1800
frame00404.jpg 134.3500 168.8400 458.1500 151.1800 458.7100 360.7600 106.0800 354.9900
frame00405.jpg 135.0900 167.4200 458.8800 148.8200 458.7100 357.4400 106.7000 353.4000
frame00406.jpg 134.0700 165.4900 458.7500 146.5900 458.8000 355.6300 106.0900 352.0100
frame00407.jpg 133.1900 163.4800 458.2200 144.5200 458.0800 354.0500 104.7400 350.5400
frame00408.jpg 131.2500 163.1500 457.1100 144.0400 457.0500 353.5800 103.4300 350.3800
frame00409.jpg 129.6900 161.3400 455.9500 142.1200 456.4300 351.4100 102.4800 348.6200
frame00410.jpg 129.2800 159.8800 456.0100 140.3000 457.0600 349.5600 103.1500 347.4600
frame00411.jpg 129.6500 158.2200 456.4900 137.8800 458.3000 347.5500 104.0800 346.5800
frame00412.jpg 130.1000 158.3800 457.4500 136.7400 459.8900 347.0100 105.4700 347.1900
frame00413.jpg 130.5400 158.9900 458.1400 135.9500 461.2700 346.1800 106.9600 347.9100
frame00414.jpg 131.3600 158.7000 458.9200 134.2700 463.2400 344.5200 108.4300 347.2700
frame00415.jpg 132.3900 158.7600 460.2100 133.5100 465.1500 344.6000 110.4400 348.2000
frame00416.jpg 134.3700 159.1500 462.1400 133.5500 467.6900 344.2200 112.5700 348.0600
frame00417.jpg 136.8600 158.3100 464.9400 132.7900 470.3300 343.6600 115.2300 347.2300
frame00418.jpg 137.9900 158.3000 466.3200 132.8100 470.8600 344.2900 115.6500 347.5100
frame00419.jpg 137.5700 158.5100 466.1600 133.0500 470.7700 344.0700 115.1500 347.5800
frame00420.jpg 137.1600 158.3400 466.1800 132.9800 470.7700 344.0200 114.9900 347.7100
frame00421.jpg 137.0800 158.1400 466.3300 132.8200 471.1700 343.5600 114.7500 347.2800
frame00422.jpg 136.0200 157.9000 465.5700 132.4800 470.2300 343.5300 113.3100 347.8700
frame00423.jpg 134.1900 158.1500 463.9600 132.8900 469.1600 343.4900 111.5400 348.1200
frame00424.jpg 133.4900 158.0300 463.7000 132.6900 469.6200 343.5500 111.6300 348.2500
frame00425.jpg 133.4400 158.0200 463.9600 132.4700 470.0200 343.4200 111.6200 348.5700
frame00426.jpg 133.4700 158.6600 464.4200 132.6800 471.1900 343.7700 112.3700 349.5200
frame00427.jpg 134.2400 157.9800 465.4900 131.6700 472.5900 342.2500 113.2400 348.3300
frame00428.jpg 134.5700 157.2400 466.4100 130.5500 473.3600 342.5200 113.4500 348.9400
frame00429.jpg 133.6600 158.5400 465.7800 131.4000 472.6100 342.8000 112.3000 349.9600
frame00430.jpg 132.4400 158.0400 464.7300 130.0800 472.6100 341.4100 112.0600 349.4800
frame00431.jpg 131.9700 158.6000 464.5100 129.8800 472.5900 341.9200 111.8700 350.8200
frame00432.jpg 130.4900 159.9400 463.0700 130.3600 471.4800 341.6000 110.8600 352.2000
frame00433.jpg 129.2000 161.1400 461.7400 130.4200 471.0500 341.8900 110.4200 353.6100
frame00434.jpg 128.1600 162.3200 460.5800 130.8600 470.6200 342.0400 109.4900 354.6800
frame00435.jpg 126.8700 163.6000 459.0900 131.2000 470.1900 342.9900 109.0100 356.6500
frame00436.jpg 125.8900 165.9000 458.0800 133.1300 469.4100 344.3500 107.9200 358.8500
frame00437.jpg 124.9800 166.9800 457.1400 133.5300 469.5200 344.6900 107.6300 359.7900
frame00438.jpg 124.9200 167.4700 457.2600 133.8500 469.6300 344.8700 107.6500 360.2700
frame00439.jpg 124.5900 168.0100 457.3700 134.1700 469.7800 345.2600 107.6300 360.7800
frame00440.jpg 124.3300 167.3600 457.2400 133.3800 470.0300 343.8100 107.7700 359.6900
frame00441.jpg 124.8100 166.6000 457.8800 131.8900 470.9600 343.3200 108.3600 359.7500
frame00442.jpg 123.9400 167.6600 457.2000 132.3600 469.6900 343.8000 107.3200 361.0900
frame00443.jpg 122.0700 169.0700 455.0200 133.1400 468.4900 344.7400 105.8100 363.0800
frame00444.jpg 121.4000 170.9500 454.2300 134.7400 468.1200 346.2600 105.7600 364.8700
frame00445.jpg 120.9300 172.3400 453.7300 135.8100 467.7600 346.7400 105.3100 365.9200
frame00446.jpg 120.0300 172.9000 452.9100 135.9500 467.2600 347.1200 104.6900 366.6800
frame00447.jpg 119.7800 173.6800 452.7300 136.4800 467.0500 347.5500 104.7200 367.4100
frame00448.jpg 119.1500 174.0800 452.1300 136.5300 466.7700 347.4900 104.1900 367.8600
frame00449.jpg 118.8700 174.2500 451.5500 136.2500 466.4900 347.2200 104.0000 368.0900
frame00450.jpg 118.5900 174.9200 450.9600 136.5600 466.2900 348.1800 103.7100 369.6800
frame00451.jpg 118.4000 176.8300 450.4900 137.9600 466.0600 349.2300 103.6700 371.0900
frame00452.jpg 117.8600 178.1800 449.6000 138.8800 465.4400 350.8500 103.1700 373.4000
frame00453.jpg 117.3400 180.1200 449.1600 140.8500 464.6600 351.8100 102.4100 374.3200
frame00454.jpg 116.5600 180.2100 448.2800 141.1100 464.4300 352.6700 102.1200 375.0800
frame00455.jpg 117.5900 181.1800 449.2400 142.4900 465.0500 354.1000 102.6700 375.8500
frame00456.jpg 117.2000 180.7600 449.1100 142.7600 463.8500 354.2300 101.3000 375.4800
frame00457.jpg 115.8500 180.8200 447.8500 143.4900 462.4100 355.2200 99.5100 376.0800
frame00458.jpg 114.2300 180.8200 446.2300 143.8300 460.5600 355.2800 97.5130 375.9700
frame00459.jpg 113.1100 181.1900 444.9900 144.6100 459.9200 356.7400 96.7700 377.1300
frame00460.jpg 113.2200 182.1200 445.0500 145.7300 459.7100 357.7300 96.5310 377.8600
frame00461.jpg 112.8000 183.7100 444.5100 147.3800 459.2700 359.5600 96.1260 379.6200
frame00462.jpg 112.8600 185.1700 444.4100 148.7900 459.8400 361.2900 96.4910 381.3900
frame00463.jpg 113.3600 187.0300 444.6700 150.5700 459.8900 362.8400 96.5170 382.8200
frame00464.jpg 113.2000 188.4600 444.4800 152.1300 459.6100 364.7000 96.0960 384.6500
frame00465.jpg 112.9100 189.1500 444.2800 153.2800 459.3300 365.1500 95.7750 384.5100
frame00466.jpg 112.5100 188.7700 444.2200 153.2300 458.7400 365.5900 94.8770 384.4300
frame00467.jpg 111.9000 188.7900 443.7800 153.7400 458.0300 366.1000 94.2730 384.4800
frame00468.jpg 111.7500 188.7000 443.7800 154.1900 457.6800 366.5100 93.9900 384.2300
frame00469.jpg 112.0200 188.4200 444.1800 154.4000 458.0200 367.0400 94.2170 384.1600
frame00470.jpg 112.3400 189.3100 444.4100 155.4300 457.8800 369.0400 93.9650 386.0800
frame00471.jpg 112.6800 191.9600 444.5000 158.5300 458.4200 373.0400 94.1160 390.1800
frame00472.jpg 114.2500 197.0000 445.8500 163.1600 459.7100 377.9000 95.2820 394.7300
frame00473.jpg 113.9600 199.5000 445.5400 165.8400 458.9900 379.1700 94.1260 395.9700
frame00474.jpg 113.2700 199.2100 444.7400 165.8600 458.7200 378.4000 93.7530 394.9600
frame00475.jpg 114.2400 198.3400 445.5100 165.3900 459.5000 379.2000 94.4560 395.0400
frame00476.jpg 114.6700 199.0700 446.2000 166.7500 459.4700 380.0100 94.3410 395.0900
frame00477.jpg 114.6000 198.0400 446.2400 166.1700 459.6400 379.2400 94.3000 394.0900
frame00478.jpg 115.8400 197.9800 447.5000 166.2000 461.0000 379.9900 95.7410 394.3100
frame00479.jpg 116.8100 197.5400 448.7600 166.1500 461.6700 379.5100 96.5160 393.2900
frame00480.jpg 117.0500 196.5500 449.2300 165.2600 461.8300 378.2400 96.8110 391.9200
frame00481.jpg 117.5000 194.9200 449.7300 163.6900 462.3600 377.4100 97.2900 390.8600
frame00482.jpg 117.4200 194.3100 449.7900 163.7100 461.4600 376.8200 96.4030 389.8800
frame00483.jpg 116.4000 192.2100 449.1400 162.1200 460.5200 374.7800 95.5880 387.0600
frame00484.jpg 117.1200 189.7100 449.7700 160.1500 461.2600 374.1700 96.2420 385.7900
frame00485.jpg 117.5600 190.9300 450.4300 161.9900 460.6900 375.9200 95.6440 386.7900
frame00486.jpg 116.1000 189.3100 449.2200 161.2600 459.0000 373.7600 93.9790 384.2200
frame00487.jpg 115.9300 187.6400 449.0600 159.7900 459.1000 373.1400 94.4540 383.2800
frame00488.jpg 116.4800 187.0400 449.5900 159.6400 459.2300 372.6600 94.2340 382.2600
frame00489.jpg 116.9500 186.3000 450.0000 159.1700 459.6600 372.8300 94.9770 382.1100
frame00490.jpg 117.8100 186.2700 450.7800 159.5200 460.0700 372.5300 95.3040 381.2800
frame00491.jpg 118.1200 185.1600 451.3500 158.6400 460.6600 372.2700 95.8240 380.4900
frame00492.jpg 119.6300 185.5000 452.6200 159.1600 461.6900 373.1900 97.0690 381.0500
frame00493.jpg 120.3600 186.8300 453.1900 160.7100 461.6600 374.8000 97.0990 382.5800
frame00494.jpg 119.6100 187.7000 452.4200 161.6200 460.4400 374.9400 95.5620 382.8300
frame00495.jpg 118.7100 188.3500 451.1000 162.2000 460.8500 377.8200 95.4440 385.8400
frame00496.jpg 119.9400 193.6000 452.4000 167.2000 461.3700 381.8200 96.0880 390.0400
frame00497.jpg 119.7000 194.9300 451.8500 168.5000 461.8700 383.0100 95.8760 391.5000
frame00498.jpg 121.3700 197.5000 453.4600 170.6300 463.9200 384.9400 97.9330 393.5500
frame00499.jpg 123.1800 197.5700 454.7500 170.3800 467.0900 385.9600 100.3900 394.6900
frame00500.jpg 128.2900 206.6400 459.5600 177.4700 473.3800 398.7500 106.7700 406.9900
frame00501.jpg 133.4100 215.7100 463.4800 186.2300 477.6100 402.7800 111.2300 412.3500
frame00502.jpg 137.5800 217.2300 466.8800 186.3900 482.6100 400.7300 116.9000 410.8800
frame00503.jpg 145.2600 214.7700 472.9900 182.0500 490.6200 397.1100 125.8500 407.9400
frame00504.jpg 151.8300 216.8700 479.3900 182.9300 497.3300 400.4800 133.5400 412.4200
frame00505.jpg 156.9700 222.5500 483.3700 187.2500 501.8700 404.6100 138.4000 417.4100
frame00506.jpg 162.6400 227.5000 487.5300 190.6400 507.5000 407.3900 144.9600 420.6200
frame00507.jpg 168.4500 229.7400 492.2500 192.3300 512.1100 408.4600 149.4700 421.2100
frame00508.jpg 171.1100 230.7500 494.6300 192.9800 513.5400 408.3300 151.6600 421.2900
frame00509.jpg 172.2600 230.4300 494.8900 192.3000 514.0200 406.6200 152.8600 420.1700
frame00510.jpg 174.0100 229.5700 495.9900 191.0400 515.2900 405.1100 155.0000 418.7900
frame00511.jpg 176.3200 229.7200 497.6000 190.8000 516.5900 405.0400 156.8000 418.3700
frame00512.jpg 176.2400 228.3500 496.9600 189.5600 514.8300 401.8300 156.1800 415.8400
frame00513.jpg 175.7100 225.9600 495.3000 186.2600 513.7900 399.2200 156.1700 413.6200
frame00514.jpg 176.1900 227.7600 495.3200 187.9300 513.4600 402.5000 157.0000 417.0800
frame00515.jpg 176.6200 230.9900 494.4300 190.8800 512.1000 402.5100 156.0200 417.3700
frame00516.jpg 174.1700 227.4600 491.2500 187.2600 508.2000 397.0300 153.8100 412.8400
frame00517.jpg 173.0500 226.6600 489.1300 185.6100 505.8900 396.3900 152.8400 412.6600
frame00518.jpg 172.1300 227.1900 487.0900 186.2000 503.6400 395.4600 151.5600 411.8300
frame00519.jpg 171.3900 225.8400 484.1200 185.2300 500.3800 395.0500 150.6000 410.9200
frame00520.jpg 172.1200 229.2400 484.1800 189.0700 499.4700 398.6300 150.4300 413.7100
frame00521.jpg 171.7300 228.5600 483.1900 189.5700 497.0300 395.0500 149.2700 409.1900
frame00522.jpg 171.3500 223.5200 481.5900 185.2500 495.2500 391.3100 148.5800 405.0000
frame00523.jpg 171.4600 222.3400 481.1300 184.4300 493.4500 389.8200 148.1800 402.7300
frame00524.jpg 169.4500 218.2300 478.8600 181.5900 489.4400 385.2200 145.6500 397.6600
frame00525.jpg 168.5200 214.8100 476.5700 178.3700 487.2800 382.2200 144.4900 394.0400
frame00526.jpg 169.5100 213.0800 476.6900 177.5100 486.1900 381.1700 144.5800 391.3700
frame00527.jpg 168.8100 208.6800 475.8200 175.1200 482.7500 376.8500 142.5000 385.6500
frame00528.jpg 167.6600 203.9300 473.8600 171.8000 479.4500 373.1600 140.1800 380.3200
frame00529.jpg 167.0400 199.6500 472.3400 168.6200 476.3800 369.9000 139.0200 375.8700
frame00530.jpg 166.6200 197.7400 471.4400 168.2600 473.5300 368.4200 137.2800 372.1000
frame00531.jpg 164.9300 191.2300 469.1700 164.7600 469.3600 363.8200 134.6000 365.2900
frame00532.jpg 165.3000 187.7000 469.0600 162.1200 467.7400 360.1200 134.3200 360.3000
frame00533.jpg 166.9400 182.2200 469.6200 158.5600 466.9000 357.0200 135.2800 354.6800
frame00534.jpg 168.2800 179.8400 470.5100 158.0000 465.2000 355.5900 134.5500 350.7800
frame00535.jpg 167.3500 175.6600 468.7000 155.9200 461.9000 352.5700 132.0800 345.8000
frame00536.jpg 167.5300 170.7300 468.5600 152.8600 459.8700 348.2300 131.6900 340.0300
frame00537.jpg 169.1700 164.2900 470.2100 148.3800 459.1000 343.0900 132.5700 332.0800
frame00538.jpg 170.5600 156.8200 471.2700 143.3700 457.8500 337.6900 132.3700 323.1100
frame00539.jpg 171.7800 147.8500 472.1400 136.7100 456.6600 330.4900 132.1700 313.5100
frame00540.jpg 173.2600 140.4800 473.8600 132.2700 454.9700 327.0100 132.1800 306.6700
frame00541.jpg 173.2800 135.6600 473.5100 130.0800 451.6300 324.0700 129.9200 301.1200
frame00542.jpg 171.9800 131.0200 471.6300 128.1700 447.5500 322.0100 126.9600 296.1900
frame00543.jpg 172.0800 126.1200 471.2700 125.9600 445.4100 318.5000 126.2800 289.5400
frame00544.jpg 174.4000 119.8500 472.9400 122.9300 444.2000 314.9000 126.6300 282.5300
frame00545.jpg 175.5900 113.5800 473.3500 119.9900 440.9500 311.3400 124.9700 275.5500
frame00546.jpg 174.9600 109.6300 471.5800 118.6000 436.6200 310.0300 122.4900 271.2300
frame00547.jpg 173.8500 106.9100 469.2900 118.9500 431.6100 309.0900 119.4300 267.3700
frame00548.jpg 172.6000 103.0000 466.9700 118.6400 427.2000 306.9300 116.2300 262.0800
frame00549.jpg 171.0500 97.3910 464.2200 116.6700 422.0000 304.1800 112.7000 255.9900
frame00550.jpg 169.6100 92.9690 461.8000 115.4400 416.8300 301.6300 109.6700 250.7000
frame00551.jpg 168.5900 89.8410 459.5500 114.6900 412.7900 300.8700 107.3200 246.9400
frame00552.jpg 167.2900 87.9670 457.1200 115.1200 408.6500 299.7300 104.3800 244.1400
frame00553.jpg 164.2600 84.7050 453.6400 114.1000 403.8200 297.6900 100.1200 240.2000
frame00554.jpg 162.7100 80.6250 451.0600 111.8400 401.2500 294.3600 98.1630 235.4500
frame00555.jpg 163.0700 75.9100 450.8000 108.4400 400.7100 290.0100 98.8890 230.0400
frame00556.jpg 165.8000 74.5870 452.3300 108.1000 401.2700 290.8100 101.4700 229.9200
frame00557.jpg 166.6900 77.5250 451.8300 110.6400 399.9800 292.3900 101.2200 231.9000
frame00558.jpg 165.5600 79.2740 450.5500 111.8200 400.1400 293.2900 101.3900 233.2200
frame00559.jpg 168.3100 81.1160 453.2300 113.3500 403.3300 294.5400 105.0300 234.6700
frame00560.jpg 169.3000 82.9010 453.4800 114.6700 402.2400 295.4700 104.6100 236.1500
frame00561.jpg 165.7500 84.8140 449.8000 115.9800 399.2500 296.4400 100.9900 238.1500
frame00562.jpg 163.0200 85.9350 447.4700 116.7400 398.5200 296.7200 99.4230 239.2900
frame00563.jpg 162.7700 88.0850 446.9700 118.2800 398.9000 298.4100 99.4810 241.7400
frame00564.jpg 161.3800 89.4140 445.7300 118.8300 397.7100 298.2500 98.0330 242.8100
frame00565.jpg 158.0300 89.7210 442.9500 118.6800 396.4800 298.1000 94.7700 243.5900
frame00566.jpg 156.5100 90.3800 441.8900 118.9900 396.8300 298.8300 94.3930 245.0200
frame00567.jpg 155.2500 92.3060 441.0400 120.1200 396.1500 300.0300 92.9980 247.5800
frame00568.jpg 150.5100 94.8670 437.1600 121.9300 393.0500 302.4300 88.2940 252.0100
frame00569.jpg 146.0300 98.5450 433.6100 123.4100 392.8000 303.2200 85.9090 255.1800
frame00570.jpg 144.9000 100.1000 433.4700 123.2300 394.6900 303.7700 86.5890 257.6700
frame00571.jpg 142.5500 103.4300 432.1000 124.5400 394.3000 305.2500 84.3490 262.0000
frame00572.jpg 138.9800 105.1900 429.6600 123.8200 394.7900 304.2000 82.8690 263.8900
frame00573.jpg 137.6800 108.0700 430.1300 122.7700 399.1800 303.8000 84.6670 268.1500
frame00574.jpg 136.9700 108.8400 430.0600 122.2900 400.8300 304.0700 84.6050 270.4300
frame00575.jpg 134.8900 112.3600 429.0000 123.7600 400.9000 304.9400 84.0010 274.0200
frame00576.jpg 133.2300 113.5000 427.7100 122.9100 402.2800 304.0100 83.8420 275.4700
frame00577.jpg 133.6500 115.7900 428.5600 124.3300 404.2900 305.8300 85.1000 278.8600
frame00578.jpg 132.0100 118.7000 427.1300 125.5500 403.5800 306.0500 83.1250 281.4000
frame00579.jpg 128.7900 120.5100 424.3000 125.1500 403.2600 305.0500 81.8500 283.1500
frame00580.jpg 127.6400 121.6900 423.3100 124.9300 404.0000 305.0900 81.6250 285.0600
frame00581.jpg 125.8700 123.7900 421.8200 125.9100 403.5200 305.2500 80.3450 287.1600
frame00582.jpg 124.4900 124.8800 420.8000 125.9500 404.5000 304.9900 80.3730 288.2500
frame00583.jpg 124.9600 125.8200 421.7700 126.4600 406.0000 305.1000 81.3160 288.8600
frame00584.jpg 124.5500 125.2100 422.2400 125.6900 406.6800 303.3600 81.5850 287.6000
frame00585.jpg 123.8000 120.3600 422.2700 121.9500 408.0200 298.8900 79.3850 283.4900
frame00586.jpg 123.8400 115.5100 423.9900 116.7300 409.1000 294.1800 81.7980 278.5400
frame00587.jpg 124.5900 114.3100 425.0600 115.3100 410.6900 293.6600 82.6630 278.2900
frame00588.jpg 125.4400 114.4000 426.3700 114.8300 412.9200 292.8100 84.2500 278.3100
frame00589.jpg 124.8300 114.1600 426.2900 113.8200 412.7500 292.1000 83.3010 278.8800
frame00590.jpg 120.9600 115.8200 423.4600 115.1000 410.5200 293.6400 80.2360 281.8100
frame00591.jpg 119.1600 117.8900 421.9900 116.1200 411.0000 293.5800 79.5300 282.7300
frame00592.jpg 118.9000 117.9100 422.3700 115.6900 412.0300 293.1600 79.7170 283.1700
frame00593.jpg 116.6600 117.2300 420.7600 114.7500 410.2800 291.7900 77.0820 283.2600
frame00594.jpg 110.7800 116.9500 416.3800 113.9000 407.0000 290.5800 71.5140 283.8900
frame00595.jpg 104.9900 113.3900 412.4200 110.9300 404.8800 285.8400 67.1660 280.7200
frame00596.jpg 105.3400 110.6000 413.5100 105.3600 409.7200 282.8200 71.7170 278.7800
frame00597.jpg 109.9600 110.5600 418.3400 104.5300 414.7300 282.3000 76.9580 278.8500
frame00598.jpg 112.5300 111.4600 421.5500 105.2500 418.1400 283.9200 79.8860 281.7900
frame00599.jpg 113.3500 114.6900 422.5500 107.3900 420.1600 285.9500 80.6110 285.1100
frame00600.jpg 115.3300 117.9700 424.3900 109.1100 424.1300 287.3100 84.5410 288.1100
frame00601.jpg 120.1000 119.9400 428.8800 109.2400 430.3100 287.2700 90.4290 288.8600
frame00602.jpg 129.2400 100.4300 433.8800 93.3370 439.0000 269.0000 99.0000 273.0000
frame00603.jpg 130.9800 105.4100 442.2900 91.2700 453.4800 278.8600 110.8000 281.8400
frame00604.jpg 148.4100 119.5700 459.0600 103.9700 465.9600 285.3800 124.9600 290.7200
frame00605.jpg 158.4700 125.7000 469.4700 108.1800 478.9700 290.2300 137.5000 297.2600
frame00606.jpg 172.5600 133.6300 480.9900 112.7300 492.2600 295.8900 151.6100 304.6500
frame00607.jpg 184.7300 144.5800 492.8700 121.7900 504.4100 305.2500 162.9000 314.7700
frame00608.jpg 192.9100 152.8800 501.4300 128.6100 514.9300 312.9900 172.6800 323.0400
frame00609.jpg 201.8000 160.2000 508.5100 132.3500 522.6200 315.3600 180.6700 327.2600
frame00610.jpg 206.1900 163.5900 512.6600 134.6700 528.6900 323.1300 185.5600 334.5700
