frame ulx uly urx ury lrx lry llx lly
frame00001.jpg 329.9500 196.0000 565.0500 195.9500 564.9900 435.9900 330.0400 435.9600
frame00002.jpg 329.9900 196.6200 564.8400 197.1200 564.7500 435.8500 329.7800 435.3100
frame00003.jpg 330.4600 196.1600 565.2900 196.5200 565.4800 435.6000 330.7300 435.0500
frame00004.jpg 331.2500 196.1800 566.0900 196.2700 566.1100 435.4200 331.3100 434.9400
frame00005.jpg 331.5200 196.4500 566.2800 196.2500 566.5600 435.3600 331.6900 435.3500
frame00006.jpg 331.2100 196.7500 566.0700 195.3500 566.7200 434.4200 331.7000 435.4800
frame00007.jpg 330.1100 196.7900 565.1900 194.9400 565.9800 434.7700 330.6800 436.2500
frame00008.jpg 329.0300 197.1200 564.2600 195.4100 565.3700 434.8000 329.8200 436.2500
frame00009.jpg 329.0000 196.2800 564.3000 194.7200 565.5200 434.4600 330.0000 435.5100
frame00010.jpg 329.1800 196.1400 564.4700 194.7400 565.4900 434.5600 329.9900 435.4500
frame00011.jpg 329.4600 195.9200 564.7200 194.8900 565.4600 434.6200 330.1000 435.0900
frame00012.jpg 330.1900 196.2700 565.2700 195.9500 565.7800 436.0100 330.4900 435.9000
frame00013.jpg 330.9800 197.3000 565.7900 197.5500 566.0600 437.5400 330.9200 436.8100
frame00014.jpg 331.6600 199.0300 566.2400 199.6300 566.5700 439.0900 331.6600 438.0100
frame00015.jpg 333.0000 200.1700 567.0600 201.0600 567.2700 440.6900 332.6600 439.2900
frame00016.jpg 333.6500 202.3300 567.2700 203.6200 567.1200 442.7200 332.8200 441.0600
frame00017.jpg 334.1600 203.0700 567.3900 204.5000 567.3800 442.1900 333.4100 440.4700
frame00018.jpg 334.7300 202.4600 567.5600 203.5700 567.4700 441.8000 333.8400 440.5300
frame00019.jpg 334.7900 204.1700 567.4100 205.0700 567.5600 443.3600 334.1900 442.2800
frame00020.jpg 335.4700 205.3400 567.7300 206.7600 567.6300 443.8400 334.6100 442.4400
frame00021.jpg 335.7300 205.3700 567.6400 206.7800 567.2800 444.0000 334.6300 442.9500
frame00022.jpg 335.2000 206.1300 566.7800 207.3900 566.4000 443.7400 334.1200 442.9600
frame00023.jpg 334.7200 205.8400 566.0800 207.3400 565.3600 443.5000 333.4700 442.7500
frame00024.jpg 333.6300 204.4500 564.8000 206.2900 563.7900 441.2000 332.0400 440.7100
frame00025.jpg 332.1400 202.9800 563.1300 204.4900 562.3500 439.7400 330.9800 440.2000
frame00026.jpg 331.0600 202.7800 561.7200 203.9000 561.1700 438.6600 330.2800 439.8600
frame00027.jpg 329.8700 202.3400 560.2100 203.3500 559.6000 437.3400 329.3300 439.2100
frame00028.jpg 329.2000 201.5900 558.9800 202.4800 558.5100 436.1700 328.9800 438.8100
frame00029.jpg 328.9900 201.1100 558.0700 202.5200 557.3600 435.2800 328.4500 437.7600
frame00030.jpg 328.4500 200.3000 556.9000 202.3000 555.7100 434.9700 327.4800 437.3900
frame00031.jpg 327.8900 200.2000 555.8000 203.0300 554.2700 434.9300 326.7500 436.7500
frame00032.jpg 327.9600 199.3200 555.4000 203.3600 553.3200 434.8400 326.5000 436.0600
frame00033.jpg 328.6000 199.2600 555.3100 204.0000 552.9400 434.4400 326.8400 435.4900
frame00034.jpg 329.4000 198.7000 555.3200 204.3500 552.0900 434.1300 326.8800 434.8600
frame00035.jpg 329.4600 198.4200 554.6500 204.9200 550.9000 433.6300 326.7000 434.5500
frame00036.jpg 330.0100 198.6400 554.4100 205.7000 550.3000 433.5000 327.3400 434.5000
frame00037.jpg 330.8200 197.8500 554.2100 205.3100 549.6500 432.4300 327.5900 433.6200
frame00038.jpg 331.0700 198.2600 553.6100 206.2400 548.9700 432.6600 327.8600 433.6300
frame00039.jpg 331.9400 197.8700 553.7500 206.2000 549.0200 431.5500 328.5900 432.5600
frame00040.jpg 332.4000 197.4400 553.5900 205.7300 548.4900 430.6600 328.7300 432.1300
frame00041.jpg 332.0900 197.0800 552.8800 205.4300 547.4900 429.7800 328.1200 431.3800
frame00042.jpg 331.5600 196.6200 552.0200 205.3000 546.3300 429.8600 327.4700 431.4400
frame00043.jpg 331.0300 196.8400 551.3700 205.7400 545.3800 429.7400 326.9300 431.5000
frame00044.jpg 330.4300 197.3200 550.5800 205.9800 544.5900 429.7700 326.4800 431.9900
frame00045.jpg 330.2500 197.8200 550.1600 206.0800 544.5000 429.5500 326.7700 432.2600
frame00046.jpg 330.2800 197.3600 549.8900 205.7800 543.8600 428.2100 326.5200 431.2200
frame00047.jpg 330.0400 196.1700 549.4200 204.7700 542.8700 427.2500 326.0900 430.4300
frame00048.jpg 329.6400 195.5400 548.7900 204.4600 541.7000 426.3300 325.5500 429.6600
frame00049.jpg 329.9300 194.2200 548.4900 204.0200 540.8000 425.3300 325.3100 428.1400
frame00050.jpg 330.3300 193.4500 548.3600 204.2300 539.7200 425.3400 324.9800 427.8400
frame00051.jpg 330.6300 193.2800 548.0700 204.7900 538.8600 425.1700 324.7900 427.6300
frame00052.jpg 331.1200 193.8600 548.2000 205.5300 538.4200 425.5900 325.2100 428.2800
frame00053.jpg 331.8500 193.7900 548.4900 205.6900 538.2400 424.5100 325.8100 427.4500
frame00054.jpg 333.0800 194.3600 549.4300 206.6600 538.3600 425.8700 326.6000 428.9100
frame00055.jpg 334.5200 195.7300 550.4600 208.1100 538.3100 426.3800 327.0700 429.2600
frame00056.jpg 335.2700 196.2400 551.3500 209.3800 538.0600 427.0600 327.2400 429.5500
frame00057.jpg 336.4000 195.8000 552.8100 209.8500 538.7300 427.5600 327.6700 429.0200
frame00058.jpg 337.4700 195.8300 554.5200 210.6700 539.4200 428.1000 328.1100 428.5400
frame00059.jpg 337.7900 194.9600 555.3900 210.1900 539.3300 428.0200 327.7100 428.1500
frame00060.jpg 337.2600 194.7800 555.5700 210.3600 538.5700 428.1100 326.8800 428.1900
frame00061.jpg 337.7600 193.6300 556.6600 209.8900 538.9300 427.2900 327.2100 426.8000
frame00062.jpg 339.5700 191.9700 559.0300 209.0400 539.8300 426.5900 328.1900 425.4000
frame00063.jpg 340.8100 190.8400 560.7900 208.7000 540.3400 426.3700 328.5100 424.3500
frame00064.jpg 342.2000 188.6000 562.6900 207.9700 540.7600 425.2600 328.7100 421.8300
frame00065.jpg 343.1600 185.6400 564.1200 206.6800 540.2500 424.5000 328.1900 419.7300
frame00066.jpg 343.5900 184.6500 564.7500 207.1700 539.4400 425.0200 327.3400 419.0800
frame00067.jpg 344.4500 184.8800 565.8200 209.1500 538.7900 426.5600 327.1800 419.5700
frame00068.jpg 346.2500 185.2200 567.4900 210.6300 539.1400 427.4900 327.9000 419.6000
frame00069.jpg 348.2900 185.6000 569.3000 211.9200 539.8700 428.3100 328.8400 419.4700
frame00070.jpg 349.6300 186.1000 570.7000 212.8200 540.7900 429.5600 329.6800 420.2800
frame00071.jpg 350.3800 186.7300 571.6800 213.7700 541.2600 430.4000 330.0400 420.4300
frame00072.jpg 351.1800 186.5700 572.6500 214.2100 541.6700 430.8500 330.3700 420.2600
frame00073.jpg 351.8200 186.4600 573.3800 214.6000 541.6300 430.6600 330.3600 419.5500
frame00074.jpg 352.1600 185.2700 573.9100 213.9300 541.1700 429.7200 329.9500 418.2300
frame00075.jpg 351.8100 184.1500 573.6000 213.1300 540.1400 428.4600 329.0000 416.9000
frame00076.jpg 351.2100 182.4500 573.0500 212.1300 538.7500 427.6500 327.8100 415.5100
frame00077.jpg 350.7300 181.3900 572.2500 211.8600 537.4300 426.9700 326.7100 414.5100
frame00078.jpg 350.3100 180.8500 571.7800 211.9400 536.4600 427.0600 326.0500 414.4300
frame00079.jpg 350.7700 180.2100 572.0600 212.3400 536.2600 427.1400 326.0700 413.5800
frame00080.jpg 352.3600 179.7000 573.6300 212.7600 536.9400 427.2900 326.9900 412.7500
frame00081.jpg 353.9500 179.1700 575.1200 213.2800 537.2000 427.7800 327.6200 412.1300
frame00082.jpg 355.5800 178.5700 576.5100 214.1400 537.2000 428.1600 327.9200 411.0900
frame00083.jpg 356.9300 177.2800 577.7700 213.9200 537.0800 427.6100 328.0800 409.4300
frame00084.jpg 357.8200 175.8300 578.6800 213.9500 536.2900 427.8900 327.6500 408.3600
frame00085.jpg 358.3600 174.8100 579.2900 214.4300 535.4500 428.3600 326.8000 407.3300
frame00086.jpg 359.1400 174.5700 580.3200 215.3900 535.4100 428.9300 326.7000 406.9200
frame00087.jpg 360.0400 173.8100 581.3100 216.4300 535.0600 429.6200 326.5000 406.2000
frame00088.jpg 360.8600 174.0000 582.0800 217.3200 534.9600 430.4400 326.6800 406.3900
frame00089.jpg 361.9800 174.6800 583.1400 218.9800 535.4100 431.7000 327.3600 406.9300
frame00090.jpg 364.1000 175.0500 585.0200 220.5600 536.3000 432.7700 328.5700 406.8000
frame00091.jpg 365.8600 174.6100 586.4500 221.3700 536.2600 432.6300 328.6600 405.5600
frame00092.jpg 366.2300 173.4400 586.7900 221.8000 535.2300 432.8400 327.8300 404.2800
frame00093.jpg 366.0800 171.4600 586.4800 221.4000 533.9000 431.4300 326.8700 402.0700
frame00094.jpg 366.0700 169.7100 586.2600 220.6300 532.8700 430.6500 326.0200 400.6100
frame00095.jpg 365.8800 167.5600 586.0500 218.9800 532.1000 428.5700 325.3900 398.2000
frame00096.jpg 365.4300 166.8600 585.5000 218.2600 531.5200 428.0000 325.0400 398.2000
frame00097.jpg 365.3100 166.2000 585.0600 216.8500 531.5300 427.0500 325.1100 398.0300
frame00098.jpg 365.0700 166.7300 584.6800 217.0500 531.4200 427.0000 325.1400 398.3200
frame00099.jpg 365.2000 166.8500 584.4300 216.7800 531.8500 427.2500 325.7300 398.7000
frame00100.jpg 365.0800 167.2300 583.5500 217.1500 531.2900 427.5400 325.4100 399.2700
frame00101.jpg 364.7100 167.4500 582.4400 216.9400 530.5300 427.0600 325.1700 399.3300
frame00102.jpg 364.7200 166.9800 581.3800 216.4200 529.3700 426.5100 324.7700 398.9900
frame00103.jpg 364.3000 167.0200 579.5400 217.0600 527.0100 426.3600 323.5300 399.0400
frame00104.jpg 363.8200 167.0200 577.3200 216.6900 525.1700 425.0400 322.7100 398.5500
frame00105.jpg 363.8500 166.9300 575.5500 216.7600 523.0700 424.8000 322.1900 398.6300
frame00106.jpg 363.3200 167.2400 573.3600 217.3600 520.9800 424.2900 321.3900 398.5700
frame00107.jpg 363.9300 167.4700 571.7800 217.8300 519.4500 423.8200 321.3500 398.3100
frame00108.jpg 364.7000 168.1200 570.2300 219.5800 516.9700 424.2700 320.7200 398.6400
frame00109.jpg 364.8000 169.5300 567.6900 222.1400 513.8000 425.3100 319.4000 399.7400
frame00110.jpg 365.4800 172.3100 566.1500 225.6600 511.8900 427.1000 319.3800 401.8100
frame00111.jpg 367.1200 174.5500 565.5800 228.6900 510.3000 427.7000 319.5300 402.3700
frame00112.jpg 368.0300 176.5500 564.7200 231.1000 508.5300 428.9900 319.3300 403.9100
frame00113.jpg 368.1800 178.4600 562.9800 233.2500 506.6700 429.9600 318.5400 405.2000
frame00114.jpg 367.9800 179.6300 561.5500 234.6000 505.3100 430.0700 317.8300 405.4600
frame00115.jpg 367.3700 180.0200 560.2700 234.5900 504.7400 430.2600 317.5900 406.1400
frame00116.jpg 367.2200 180.7700 559.2800 235.1400 504.0400 430.1500 317.3600 406.2900
frame00117.jpg 367.2100 179.9800 558.3100 234.2300 503.1700 428.5600 317.2300 405.3100
frame00118.jpg 366.9400 179.5200 556.9600 232.8900 502.2800 427.0700 317.1000 405.0000
frame00119.jpg 365.8600 179.4700 554.8200 232.4000 500.8500 426.5000 316.2500 405.2800
frame00120.jpg 364.5900 179.0000 552.5200 230.9700 499.7800 425.0100 315.7200 405.0300
frame00121.jpg 363.1100 179.3300 549.8400 229.9700 497.9900 424.4300 314.4800 405.7100
frame00122.jpg 361.1300 180.0800 547.0000 229.6900 496.3400 424.0400 313.4700 406.5700
frame00123.jpg 360.0700 180.4300 545.0000 228.9200 495.2300 422.5700 313.1600 406.4500
frame00124.jpg 358.8900 180.1800 542.5100 228.1400 493.0200 421.6800 311.9300 406.5900
frame00125.jpg 357.3100 180.1400 539.3800 227.8300 490.2100 420.6700 310.4200 406.4200
frame00126.jpg 356.7400 180.2100 536.9200 228.0600 487.7800 419.8400 309.3500 405.9000
frame00127.jpg 356.7700 179.5700 535.3200 227.4400 486.3600 418.2700 309.3400 404.9700
frame00128.jpg 357.7900 179.9200 534.5600 227.5700 485.8200 417.9400 310.3300 405.0000
frame00129.jpg 359.2200 180.2300 534.5500 228.4500 485.8700 417.8300 311.6000 404.5500
frame00130.jpg 361.2900 180.5900 535.0600 229.0500 486.3000 418.1600 313.1700 404.5700
frame00131.jpg 363.0900 181.9000 535.3200 230.4700 486.2600 418.7400 314.2600 404.8800
frame00132.jpg 365.0200 182.3000 535.2700 231.8500 485.2600 419.4200 314.6200 405.0700
frame00133.jpg 366.4700 183.7700 534.5200 233.7000 483.6800 420.0500 314.7400 405.5700
frame00134.jpg 367.7900 184.1000 533.8800 234.6200 482.5100 420.0800 315.0500 405.2900
frame00135.jpg 369.1400 184.9600 533.4200 235.8700 481.5800 420.4900 315.4100 405.4700
frame00136.jpg 369.9600 185.3700 533.1600 236.2900 481.6400 420.5600 316.3700 405.7400
frame00137.jpg 371.4100 185.8000 533.6200 236.5200 482.4800 420.4800 317.6900 405.7000
frame00138.jpg 373.1100 185.6400 534.2400 236.3200 482.7900 419.8000 319.0600 405.0300
frame00139.jpg 374.4700 184.9900 534.5000 235.3200 483.3700 418.3900 320.4900 404.0500
frame00140.jpg 375.5900 184.3400 534.5600 234.0500 483.8000 417.0500 321.9500 403.2600
frame00141.jpg 376.2200 183.2200 534.0400 232.8300 483.4200 415.8500 322.5800 402.2800
frame00142.jpg 375.8300 183.0400 532.5900 232.5200 482.2800 415.6000 322.3300 402.3000
frame00143.jpg 376.0200 183.0000 531.2800 232.6400 481.4200 415.3000 322.8100 401.6200
frame00144.jpg 377.7100 182.7700 530.9500 232.9600 480.9800 414.8500 324.2200 401.0100
frame00145.jpg 379.4500 183.5700 530.3100 234.3100 479.3900 415.9500 324.4400 401.3000
frame00146.jpg 379.8900 184.8700 528.3900 236.3800 476.7100 416.7400 323.3300 401.5100
frame00147.jpg 380.0600 185.8600 526.4900 238.6200 474.2000 418.0600 322.3700 402.0000
frame00148.jpg 381.1900 186.5600 525.7800 240.1300 473.2400 418.7200 323.0400 402.1200
frame00149.jpg 383.2600 187.6800 525.8200 242.1100 472.7400 420.0200 323.9600 402.5700
frame00150.jpg 385.1800 188.7600 526.1500 244.6900 472.5600 421.9800 324.8700 403.1100
frame00151.jpg 387.5000 189.6900 526.9200 246.8000 473.1000 423.3300 326.4700 403.2500
frame00152.jpg 389.5600 189.9900 527.9200 248.2700 473.8600 424.5300 327.9500 403.2800
frame00153.jpg 390.8400 190.4600 528.9600 249.5100 475.6100 425.9200 329.8700 403.8600
frame00154.jpg 391.6200 190.0700 529.9800 249.4500 477.4900 426.8500 331.3800 403.6300
frame00155.jpg 390.8300 189.0400 530.3100 249.1600 479.2100 427.4800 332.0400 403.3200
frame00156.jpg 388.9600 187.8100 530.2800 248.1500 481.4500 428.6900 332.6500 404.0300
frame00157.jpg 386.6100 187.0500 530.2400 247.6800 483.7700 429.5800 333.3400 403.9200
frame00158.jpg 384.8700 185.2000 530.7700 246.5300 487.0400 430.4800 334.5300 403.6800
frame00159.jpg 383.4600 184.4200 531.6000 245.9900 490.1000 431.4500 335.6800 403.5400
frame00160.jpg 382.4300 183.8300 532.1500 245.4900 492.6500 432.0300 336.7100 403.5900
frame00161.jpg 381.8000 183.4400 532.7500 245.7200 494.9900 433.2900 337.3400 404.2300
frame00162.jpg 381.4800 183.8600 533.8100 246.5700 497.3300 434.7400 337.9200 404.8600
frame00163.jpg 380.9600 184.3600 534.9100 247.3100 499.5600 436.4100 338.4900 405.5600
frame00164.jpg 380.4100 184.9200 536.0400 248.0400 501.4900 437.9900 338.6400 406.5200
frame00165.jpg 379.7800 185.9200 537.3900 249.0000 503.7800 439.5800 338.9400 407.4900
frame00166.jpg 379.2300 185.7700 539.0200 248.7700 506.5000 440.4200 339.5200 407.9400
frame00167.jpg 378.6400 185.8500 540.7100 248.4200 509.3600 441.1500 340.0900 408.2000
frame00168.jpg 378.8500 185.4800 543.0800 247.6900 512.6900 441.5600 341.3700 408.1100
frame00169.jpg 379.5600 184.4400 545.9000 246.1500 516.4500 440.5500 343.2700 406.8600
frame00170.jpg 380.1300 183.1300 548.5200 244.5900 519.5500 440.4700 344.6000 406.4700
frame00171.jpg 379.3200 183.0600 549.4500 243.9400 521.2000 440.5800 344.2900 407.2600
frame00172.jpg 377.2500 183.3600 549.4300 242.5600 522.5300 440.2400 343.7500 408.4200
frame00173.jpg 374.8800 183.9800 549.3700 240.9800 524.8000 440.0600 343.7600 409.4900
frame00174.jpg 373.3400 184.3600 550.3000 238.6500 528.2100 438.6400 344.7400 410.0900
frame00175.jpg 371.4000 184.7400 550.9300 235.7500 530.8000 437.1600 345.0700 411.1400
frame00176.jpg 368.5000 184.8000 550.5200 232.4400 532.8400 434.9500 344.8300 411.5100
frame00177.jpg 365.3300 184.8300 549.8600 228.7300 535.0300 432.8300 344.8400 412.2700
frame00178.jpg 362.3300 185.1700 549.3600 225.1600 537.6100 429.8800 344.8500 412.4300
frame00179.jpg 359.7900 183.6200 549.4000 219.6100 540.8200 425.7100 345.2200 411.1000
frame00180.jpg 356.4800 181.8200 548.7900 213.8500 542.4900 421.0900 344.2300 409.5200
frame00181.jpg 351.8100 180.5000 546.9600 208.9700 543.0500 417.6700 342.0200 409.0100
frame00182.jpg 347.1300 179.8300 544.9000 203.9600 544.0900 413.9300 340.3600 408.5900
frame00183.jpg 343.6400 179.5600 543.6300 199.8000 545.4500 410.6200 339.5600 408.2200
frame00184.jpg 341.3800 178.4100 543.2200 195.4900 546.8900 407.9800 339.1600 408.3100
frame00185.jpg 339.6500 179.6600 543.1100 193.3100 548.5900 406.8100 339.2000 409.4800
frame00186.jpg 338.5400 180.1500 543.6000 191.2000 550.4300 405.9900 339.5500 410.5400
frame00187.jpg 338.1700 181.3600 544.4600 190.1400 552.6400 405.7700 340.0600 411.7400
frame00188.jpg 338.3700 181.6600 546.2100 188.5900 555.3700 405.4400 341.1800 412.2100
frame00189.jpg 338.7100 181.6500 548.1800 187.1200 557.6900 404.9200 341.7300 412.2700
frame00190.jpg 338.5700 181.2100 549.9100 184.7200 560.2700 403.7900 342.4200 412.1800
frame00191.jpg 338.2900 180.7500 551.5000 181.6600 562.6200 402.2000 342.7800 412.1100
frame00192.jpg 336.9600 180.3800 552.1600 178.7400 564.2100 400.4700 342.3500 411.7800
frame00193.jpg 335.1400 179.3800 552.1300 174.7600 565.3300 397.7100 341.4500 411.2200
frame00194.jpg 332.1000 178.5000 550.7500 170.6300 565.3700 394.4000 339.8300 410.4700
frame00195.jpg 328.6000 176.8100 548.9800 165.0600 565.4500 389.6700 338.4800 409.5100
frame00196.jpg 325.3800 175.4800 547.1100 159.9000 565.3800 385.4400 337.1700 408.4400
frame00197.jpg 323.0500 173.9600 545.8200 155.3300 565.8000 381.9100 336.6700 407.4700
frame00198.jpg 321.8900 172.2600 545.7200 150.5300 567.5200 377.5400 337.3800 405.3500
frame00199.jpg 321.4200 169.5500 546.5200 144.7500 569.5100 372.8000 338.3100 403.1000
frame00200.jpg 320.2100 167.0100 546.7000 139.4100 569.9200 368.8400 337.3600 401.2200
frame00201.jpg 316.7000 164.2700 544.9300 134.1400 568.8200 364.8800 334.8800 399.1800
frame00202.jpg 312.6700 162.2300 542.5600 128.6300 568.3100 361.0900 333.1600 398.9000
frame00203.jpg 309.9900 160.4200 541.1100 122.8500 568.9100 356.6800 332.6000 397.5600
frame00204.jpg 308.3200 158.4900 540.7800 117.6700 569.9900 352.7400 332.5000 395.9900
frame00205.jpg 306.8300 156.3700 540.5100 112.1700 570.9900 349.4800 332.4800 395.1500
frame00206.jpg 306.0600 155.7100 540.6700 108.3800 572.8800 346.3800 333.5000 394.0800
frame00207.jpg 306.2000 153.8500 541.5900 103.2900 574.9200 343.0800 334.3000 392.9900
frame00208.jpg 304.9700 153.3700 541.5700 100.1500 575.6300 341.1500 334.1700 392.7200
frame00209.jpg 303.7500 152.2900 541.3500 96.5640 576.3000 339.1900 334.0300 392.5200
frame00210.jpg 302.6000 151.5000 541.2000 94.3750 576.5700 338.3100 333.5800 392.5200
frame00211.jpg 301.4800 149.7900 541.3800 92.5330 576.2700 337.8500 332.6700 391.8500
frame00212.jpg 300.5100 147.5800 541.8800 90.9880 575.7600 338.3800 331.5400 391.3200
frame00213.jpg 299.8700 145.1900 542.6000 89.8210 575.4300 338.1200 331.0400 389.9800
frame00214.jpg 299.3900 142.5600 543.6300 88.2140 574.8200 337.7700 330.4100 388.9500
frame00215.jpg 298.7200 141.2200 544.2300 88.1050 573.5400 338.9800 329.2200 389.0600
frame00216.jpg 297.8200 139.4800 544.1200 88.4410 571.9800 339.3200 327.6700 388.3200
frame00217.jpg 296.8900 139.3200 543.8300 88.8570 570.7100 340.4900 326.6600 388.9100
frame00218.jpg 296.2700 138.4600 543.6100 89.3780 569.5700 341.4500 325.4300 388.4600
frame00219.jpg 295.8100 137.4700 543.8500 90.5160 568.0200 342.8200 324.0600 388.0900
frame00220.jpg 294.6100 136.9700 543.4200 91.6980 565.9400 344.0800 322.3000 388.3300
frame00221.jpg 293.7500 135.9400 543.1100 93.3710 563.5300 345.0500 320.6300 388.1500
frame00222.jpg 293.2400 135.3400 543.3100 95.5100 560.5600 346.5300 318.8200 388.5600
frame00223.jpg 292.5400 134.6700 543.0200 97.5740 557.4500 348.5800 316.6600 389.0500
frame00224.jpg 291.8300 133.9100 542.5900 100.6500 554.5700 350.8700 314.3700 388.6200
frame00225.jpg 291.4500 132.9000 542.3900 103.0000 552.4700 353.3700 312.4500 388.7500
frame00226.jpg 291.6300 132.2700 542.8300 105.3000 551.5500 354.6500 311.5300 388.0800
frame00227.jpg 292.5400 130.7100 544.2500 106.1500 550.9600 355.8400 310.9500 387.3000
frame00228.jpg 292.5900 129.0000 545.0900 107.4100 548.9400 357.3900 308.7700 386.9700
frame00229.jpg 291.6900 128.7300 545.0000 109.8400 545.9500 359.8500 306.0700 387.8300
frame00230.jpg 290.5500 127.8700 544.6800 112.7100 542.7400 361.4000 303.2100 387.3300
frame00231.jpg 290.6300 125.6600 545.3100 114.1500 540.5800 362.1200 301.6500 385.9100
frame00232.jpg 292.1700 123.4000 547.4400 115.2500 540.0200 362.6900 301.6100 384.3300
frame00233.jpg 294.6100 121.4600 550.0600 116.9200 539.7700 364.2600 301.5900 382.9300
frame00234.jpg 296.3700 119.5000 552.0700 118.6800 538.9200 365.9400 300.4500 381.7000
frame00235.jpg 297.2200 118.3200 553.4500 121.7300 536.9500 368.4100 298.4200 381.0200
frame00236.jpg 297.9700 116.8300 554.5500 125.1400 534.3500 371.8300 295.8200 380.5200
frame00237.jpg 299.2900 114.5900 556.4700 129.8900 531.5200 375.2100 293.1500 378.3100
frame00238.jpg 302.1100 111.4400 559.4800 134.9000 529.2300 379.0400 291.1000 375.5900
frame00239.jpg 305.6100 107.5200 562.9200 139.6900 527.4500 382.9100 289.2200 372.2300
frame00240.jpg 308.8100 103.8200 565.9800 144.9800 524.8300 387.3900 286.7100 368.9400
frame00241.jpg 311.0400 100.3100 568.2700 150.6500 522.3200 392.7800 283.7200 366.1800
frame00242.jpg 313.7900 97.3920 571.0200 156.9800 520.9800 399.1700 281.7400 362.9900
frame00243.jpg 317.1500 93.7620 574.2900 163.0200 520.0300 405.1100 280.0600 358.7100
frame00244.jpg 320.0300 90.3670 576.8200 167.9000 518.8900 409.9000 278.1700 354.5300
frame00245.jpg 321.4300 86.6170 577.8700 171.6200 516.4000 413.4200 275.4000 350.7900
frame00246.jpg 321.9800 83.7160 577.1500 176.2100 511.8800 417.3400 271.2500 348.0500
frame00247.jpg 321.4400 80.9900 575.6500 180.6500 507.0600 420.0900 266.8300 344.4500
frame00248.jpg 322.2500 77.7170 574.7800 185.3800 502.7400 422.9300 263.6100 340.1400
frame00249.jpg 324.7000 74.5180 574.6200 190.6700 499.1500 427.1800 261.3200 336.4000
frame00250.jpg 327.6000 74.5400 574.0700 199.7500 494.8100 433.2700 259.2500 335.0600
frame00251.jpg 332.1300 75.0840 574.7400 208.9900 491.4300 438.9200 258.8300 333.0900
frame00252.jpg 338.3800 77.5880 576.2200 220.2500 488.7500 445.8800 259.6200 332.1500
frame00253.jpg 346.3200 80.2100 579.1300 230.7300 487.5400 451.7500 262.1900 329.8200
frame00254.jpg 355.7600 81.9030 582.0900 241.5800 485.6800 458.0600 264.9400 327.3600
frame00255.jpg 363.9100 83.7550 584.1700 251.6100 482.8200 463.1000 266.4000 325.0800
frame00256.jpg 370.3100 85.9000 585.4500 261.2200 479.7400 468.9800 267.0000 323.2100
frame00257.jpg 375.7200 88.0070 586.1200 270.4000 477.0000 474.1600 267.4100 321.1900
frame00258.jpg 380.6600 89.2650 587.2500 277.4200 475.7300 478.8100 268.5300 319.5000
frame00259.jpg 385.4500 91.4460 588.9200 283.9800 475.4000 482.7800 270.4200 318.9900
frame00260.jpg 390.1400 93.5820 591.2800 289.2500 476.0500 486.3100 272.9000 318.8000
frame00261.jpg 393.8900 96.1100 593.3700 294.4300 476.9700 490.4500 275.0200 319.6800
frame00262.jpg 397.6500 98.3210 595.8600 298.1200 478.3900 492.9400 277.5300 320.0100
frame00263.jpg 400.7800 98.8620 597.6500 300.4700 478.5100 494.0300 279.0800 318.7300
frame00264.jpg 402.7300 98.6190 598.1600 301.9900 478.0600 494.9800 279.4800 317.0700
frame00265.jpg 403.5600 97.8870 597.4100 302.7300 476.7700 495.6300 278.9500 315.9300
frame00266.jpg 403.6200 96.4820 596.5200 302.3400 476.0300 494.1900 278.7800 313.3600
frame00267.jpg 405.1000 94.1830 596.5900 301.4800 475.8300 492.7100 279.7700 310.3800
frame00268.jpg 407.5400 92.6320 596.6300 301.6000 475.0700 491.7600 280.9600 307.5500
frame00269.jpg 409.8000 92.2940 595.4600 303.8700 472.8600 492.2600 281.3800 305.5300
frame00270.jpg 411.3700 93.5660 593.3700 306.7500 470.5000 493.6400 281.4300 304.6600
frame00271.jpg 413.5200 94.9560 591.7400 309.8800 468.2500 493.8700 282.2800 302.6400
frame00272.jpg 416.6000 95.1850 589.9900 313.0500 465.3100 494.9200 283.1300 299.8500
frame00273.jpg 418.5000 99.0460 587.1700 319.2200 461.6000 498.1700 283.0600 300.7700
frame00274.jpg 420.1700 102.5600 584.7200 324.6900 458.6800 501.0000 283.4300 300.8600
frame00275.jpg 422.6400 107.3000 582.8800 330.7500 456.5000 504.0700 284.6300 301.6600
frame00276.jpg 425.0500 112.2700 581.1200 336.6500 454.4900 507.4000 286.0500 302.8900
frame00277.jpg 427.3600 116.8800 579.5000 341.7300 452.8300 510.2300 287.7400 303.7700
frame00278.jpg 429.1200 121.7000 577.1100 346.9600 450.7100 513.6600 289.0300 305.1300
frame00279.jpg 430.3600 126.9700 574.5100 351.5900 448.5500 515.4600 289.9100 306.8700
frame00280.jpg 431.8300 130.7200 572.7100 355.0800 446.8100 516.7700 291.3700 307.5900
frame00281.jpg 433.3800 134.7900 570.8400 358.9200 445.4600 518.3600 292.7100 308.5400
frame00282.jpg 435.1900 138.4200 569.4800 361.8700 444.8100 519.7000 294.7100 309.4400
frame00283.jpg 436.5300 141.4200 567.7100 364.0800 443.2800 520.2700 295.9400 309.4700
frame00284.jpg 437.0700 144.0700 565.9500 366.3600 442.5300 521.1100 296.9600 309.9600
frame00285.jpg 437.8300 146.2300 564.8800 366.7600 442.4900 520.5200 298.5700 310.0200
frame00286.jpg 438.0000 146.8500 563.2700 366.9400 441.8200 519.8700 299.4400 309.2300
frame00287.jpg 438.0500 148.1700 562.0100 367.7100 441.5000 519.5100 300.2900 309.0300
frame00288.jpg 438.4800 149.2600 560.6700 368.2200 440.6700 518.8300 301.2100 308.3800
frame00289.jpg 438.5400 150.4000 558.6700 369.4800 439.2300 518.6700 301.6900 307.6000
frame00290.jpg 438.2800 152.2500 555.7400 371.7000 436.9700 519.5600 301.9000 307.7400
frame00291.jpg 437.9300 155.4400 552.3100 374.5600 434.2900 520.6600 301.9200 308.2500
frame00292.jpg 438.7000 159.5000 549.4700 379.1400 431.4200 522.8900 302.5100 309.4000
frame00293.jpg 439.9800 164.0400 546.4600 383.5600 428.2600 524.1100 303.2800 309.8300
frame00294.jpg 441.6400 167.9400 544.1300 387.6500 425.7200 525.5300 304.6100 309.9000
frame00295.jpg 442.7300 172.0700 541.2500 392.1100 422.4900 527.3400 305.1600 310.1800
frame00296.jpg 442.8400 175.7500 538.6100 395.9800 420.1500 528.7300 305.4400 310.1700
frame00297.jpg 443.1800 178.3800 535.9500 399.5200 417.8900 530.2400 306.2500 309.7200
frame00298.jpg 443.5500 182.0200 532.8100 403.4500 414.4900 531.4000 306.5900 309.2000
frame00299.jpg 444.6800 185.1400 529.9100 407.4900 411.0300 532.4100 307.2900 308.5800
frame00300.jpg 445.6700 188.8100 526.2600 410.9700 406.6800 532.5600 307.4300 307.9500
frame00301.jpg 446.0600 192.5000 522.5200 414.1200 403.0700 533.1000 307.6200 308.0700
frame00302.jpg 445.9300 196.4800 519.1400 417.2300 400.5600 534.0700 308.2100 309.4300
frame00303.jpg 446.3200 200.4300 517.1900 419.4100 399.3400 534.7200 309.6900 311.2300
frame00304.jpg 446.3400 203.9300 515.0100 421.0500 397.8600 534.5600 310.6200 312.9800
frame00305.jpg 446.1800 207.3700 513.2000 423.0000 396.8400 535.3700 311.5000 315.3900
frame00306.jpg 445.7100 210.4100 510.7000 423.5800 394.9600 534.6300 311.7300 316.7500
frame00307.jpg 443.8500 211.3600 506.7900 423.6600 391.7200 534.0900 310.4900 316.5500
frame00308.jpg 441.6300 213.4800 502.7100 424.5400 388.1600 533.9800 308.7600 317.3100
frame00309.jpg 439.7500 214.3400 499.3800 423.5400 385.3200 531.0200 307.4600 316.5300
frame00310.jpg 439.2000 214.1700 497.1300 422.1900 383.6000 528.6300 307.3100 315.2800
frame00311.jpg 438.9500 213.9400 494.9400 420.5600 382.0500 525.8000 307.6400 313.8400
frame00312.jpg 438.7100 214.0600 493.2900 419.2500 381.1100 523.7100 307.9900 312.9800
frame00313.jpg 437.7800 213.8400 491.3600 417.7600 379.9900 521.9800 307.8000 312.4000
frame00314.jpg 436.9100 213.7300 489.7900 416.6800 379.2700 520.5300 307.8300 312.0700
frame00315.jpg 435.7900 213.6900 487.8100 415.3100 377.8100 518.5600 307.3000 311.7200
frame00316.jpg 433.8400 212.4700 485.9900 412.5900 376.9100 516.0600 306.1900 310.8500
frame00317.jpg 431.5400 211.3900 483.4500 410.0500 374.9500 514.2300 304.4300 310.2000
frame00318.jpg 428.1600 210.3500 480.1700 408.0600 372.5200 512.0200 301.7700 309.8600
frame00319.jpg 424.6900 209.3400 477.4200 405.0500 371.2700 510.3600 299.4700 309.8700
frame00320.jpg 421.6800 208.7300 474.9700 402.8300 370.2400 508.9200 297.8700 310.6800
frame00321.jpg 419.4300 208.4100 473.0700 400.4000 369.8400 506.9200 296.7900 310.8800
frame00322.jpg 417.5000 207.2700 471.5500 397.4200 369.7400 504.6700 296.2400 310.9600
frame00323.jpg 415.6900 205.7200 470.3400 393.6700 369.9700 501.5000 296.1600 310.1200
frame00324.jpg 413.6300 204.0000 468.7500 390.4100 369.7400 498.8600 295.3400 309.2800
frame00325.jpg 410.4800 201.7600 466.7400 386.1500 369.2400 495.7400 293.6800 308.2700
frame00326.jpg 406.6600 198.9000 464.2900 381.5600 368.4800 492.6600 291.4800 307.1700
frame00327.jpg 401.8000 196.0300 461.2600 376.6900 367.4300 489.4400 288.6100 306.4000
frame00328.jpg 397.0500 193.8800 458.4400 372.4200 366.7400 486.9100 285.7400 306.5800
frame00329.jpg 392.4100 191.2900 456.2000 367.1400 367.1600 483.3200 283.4700 306.5500
frame00330.jpg 387.9600 188.3100 454.0000 361.2100 368.1900 479.8000 281.9200 306.1700
frame00331.jpg 383.5300 185.0300 451.6200 355.7300 368.6600 475.9600 280.4400 305.8500
frame00332.jpg 379.2000 181.7300 449.4300 349.9500 368.4800 472.1000 278.3500 304.8800
frame00333.jpg 374.7800 179.4900 447.1800 345.4600 368.0800 469.4100 275.8000 305.1100
frame00334.jpg 370.5300 177.3200 444.9300 340.6800 367.4600 466.2900 273.1500 305.4500
frame00335.jpg 366.2000 174.9400 442.9100 335.8100 367.5200 462.8600 270.7600 306.0700
frame00336.jpg 361.6900 172.3700 440.8100 329.7300 368.3200 458.6400 269.0300 306.2300
frame00337.jpg 357.1600 169.1100 438.8100 322.8300 369.3400 453.7200 267.5700 306.1800
frame00338.jpg 352.4800 166.4500 437.0400 316.3800 370.5400 449.4400 266.0100 307.1400
frame00339.jpg 347.0600 165.0000 434.5500 310.6100 371.6800 445.4200 264.3300 308.7600
frame00340.jpg 342.0400 164.1900 432.3500 305.5100 372.3700 442.2400 262.7000 310.9800
frame00341.jpg 337.9100 164.1500 430.7300 300.7200 372.8200 438.4300 261.1600 313.4600
frame00342.jpg 335.2900 163.7900 430.0900 295.7600 373.2500 434.4300 260.1200 315.6900
frame00343.jpg 332.8200 163.7600 429.6700 291.9800 373.2500 431.9300 258.4300 318.8200
frame00344.jpg 330.0800 163.9300 429.5500 288.7900 374.0700 430.3400 256.8200 321.3800
frame00345.jpg 326.9000 164.0600 430.1200 285.7700 376.1700 429.2400 255.1100 323.9300
frame00346.jpg 322.8000 163.1800 431.1500 281.4800 379.9700 427.9000 254.1700 326.4100
frame00347.jpg 318.0500 163.4300 432.2300 277.6700 383.9800 426.9000 252.9600 329.9000
frame00348.jpg 313.5200 163.4600 433.5000 273.2200 388.3900 424.8100 252.2900 332.7900
frame00349.jpg 310.7800 162.1400 435.6000 267.4800 393.0700 421.6500 252.9600 334.4900
frame00350.jpg 310.0000 162.2400 438.7800 263.3300 398.1000 419.3100 255.0500 337.4000
frame00351.jpg 310.6800 161.3800 441.7500 259.3000 401.9400 416.7600 257.4400 338.6000
frame00352.jpg 311.2700 160.7700 443.8000 256.6200 404.5700 415.3100 259.2400 339.7300
frame00353.jpg 312.4800 160.9400 446.1400 254.9400 407.4000 414.6500 261.3000 341.3600
frame00354.jpg 313.3900 160.5400 448.1100 252.9600 410.3200 413.4600 263.4000 341.8400
frame00355.jpg 313.1300 160.5800 449.3700 251.1500 413.0400 412.9900 264.5100 343.5500
frame00356.jpg 311.9100 161.1900 450.8100 248.3700 416.4700 411.7700 265.6300 346.0600
frame00357.jpg 310.7800 162.1800 452.7300 245.4800 420.1400 410.5100 266.7700 348.8900
frame00358.jpg 309.1200 162.1700 454.6600 241.2900 423.7600 408.1900 267.2600 350.6100
frame00359.jpg 306.6900 162.5300 456.1100 237.9200 426.8000 406.8000 267.3300 353.3200
frame00360.jpg 304.2700 162.7300 457.3900 233.4500 430.3000 404.0500 267.7900 355.0400
frame00361.jpg 302.1500 162.6400 458.7200 228.6300 434.0500 400.8200 268.8800 356.5500
frame00362.jpg 300.5300 160.9100 460.2500 222.3300 437.7400 396.2400 270.3500 356.5900
frame00363.jpg 299.1200 160.1400 461.7400 217.1800 441.3600 392.9100 271.7900 357.7100
frame00364.jpg 297.7900 159.5400 463.3800 212.6700 444.7400 390.2100 273.0000 358.8600
frame00365.jpg 296.4300 158.8600 465.0900 207.9900 448.1700 387.1900 274.1100 359.7500
frame00366.jpg 295.4900 159.3300 467.4700 203.3200 452.8500 384.5200 276.5100 361.7700
frame00367.jpg 294.9000 160.2000 470.0800 198.3200 457.8900 381.2300 279.1000 363.2300
frame00368.jpg 293.7500 160.7300 472.3800 192.0700 463.7200 377.0200 282.3500 364.8500
frame00369.jpg 292.8900 161.3800 474.9200 185.0300 470.0000 371.7600 286.0700 366.0300
frame00370.jpg 291.7000 161.9300 476.9100 178.1000 475.5800 367.1200 288.8000 367.3600
frame00371.jpg 289.8800 162.8600 478.2100 171.8800 480.5000 362.8200 290.9300 369.1000
frame00372.jpg 288.0000 164.6500 479.1600 166.4300 484.9600 359.6900 292.9700 371.5500
frame00373.jpg 286.9900 166.4900 480.3500 162.0500 489.3200 357.1000 295.4500 373.4900
frame00374.jpg 287.0500 168.5200 482.0100 158.3400 493.7600 354.8200 298.8000 375.8200
frame00375.jpg 287.6400 170.8900 483.7500 155.3600 497.7700 352.8800 301.9900 378.4000
frame00376.jpg 288.3300 172.8100 485.3300 153.0100 501.4700 351.3800 304.9700 380.3200
frame00377.jpg 289.7900 174.3000 487.6400 150.4800 505.6600 349.3900 308.7600 381.6400
frame00378.jpg 291.3600 174.4900 490.1800 146.6600 509.5600 346.4500 312.0900 381.8600
frame00379.jpg 291.7700 174.8600 491.6800 142.7900 512.8300 343.4500 314.6100 382.2900
frame00380.jpg 292.0700 175.3500 492.8900 138.3000 516.5900 340.2500 317.5300 382.9900
frame00381.jpg 292.3300 176.5200 494.1600 133.4500 520.7400 336.1900 321.0600 383.4000
frame00382.jpg 292.8800 178.3700 495.3000 127.8600 525.3900 332.2200 324.8200 384.7400
frame00383.jpg 292.4600 180.9600 495.2200 123.3500 528.3700 328.7000 326.9600 386.7500
frame00384.jpg 290.5100 184.8200 493.6000 119.9500 530.3300 326.1900 328.5100 389.7600
frame00385.jpg 288.9100 188.4000 491.9300 116.3700 532.0700 322.9800 330.5000 391.8700
frame00386.jpg 287.3700 191.4300 490.1200 112.4800 533.5300 319.2700 332.1500 393.7800
frame00387.jpg 284.6700 194.7100 487.1100 108.7600 533.7800 315.8200 332.7900 395.8700
frame00388.jpg 281.8600 197.6700 483.4000 105.4600 533.5600 312.2400 333.0400 397.2600
frame00389.jpg 279.0300 200.3100 479.8800 102.2100 532.9400 309.4000 333.0000 399.1200
frame00390.jpg 276.1300 202.6700 476.1100 99.5840 532.2800 305.9600 332.7200 400.0300
frame00391.jpg 273.1500 204.8400 472.3200 96.3350 531.2100 302.7700 332.4900 401.3000
frame00392.jpg 270.0000 206.4300 468.4500 93.2190 530.0200 298.8800 332.0400 401.6000
frame00393.jpg 266.9300 207.6500 464.8800 89.7450 529.0300 295.3800 331.7700 402.1100
frame00394.jpg 264.3000 208.3800 461.9700 86.6430 528.2500 292.0500 331.5300 402.1100
frame00395.jpg 261.7000 209.4200 459.1200 83.4300 527.6700 289.0700 331.4500 402.4800
frame00396.jpg 259.6400 210.6100 456.4200 80.1240 527.4300 285.8100 332.1300 402.8500
frame00397.jpg 257.9800 212.1300 454.1600 76.8840 528.1200 282.8400 332.8700 403.8100
frame00398.jpg 256.3900 214.0900 452.0100 73.7590 529.0600 280.2200 333.9200 405.1000
frame00399.jpg 254.9000 215.8300 450.3600 71.1830 529.4200 278.3500 334.4800 406.2200
frame00400.jpg 252.9900 218.0100 448.4500 70.0290 529.1500 277.5700 334.2700 407.8900
frame00401.jpg 251.3000 220.1100 446.7600 69.8360 528.6700 277.5400 334.2100 409.2000
frame00402.jpg 250.6100 221.5500 446.2900 69.8760 529.2400 277.1300 335.0900 410.0500
frame00403.jpg 250.2800 222.8100 446.5500 69.0430 530.2100 275.8700 336.4000 410.9900
frame00404.jpg 249.6400 223.7400 446.7100 68.2190 530.8100 274.9600 336.4600 411.8200
frame00405.jpg 247.8100 224.8000 446.2200 67.6520 530.5000 275.1500 335.4500 413.5200
frame00406.jpg 245.6900 226.2900 445.4200 67.5240 530.2400 275.9500 334.5900 415.2400
frame00407.jpg 243.9100 227.2300 445.1600 67.4210 530.6100 276.9700 333.7600 416.3900
frame00408.jpg 242.2100 228.5100 444.7100 66.4120 531.3100 277.5600 333.5900 418.1700
frame00409.jpg 240.8500 230.6400 444.3200 65.1130 532.8200 277.1600 334.6900 419.7900
frame00410.jpg 240.2500 233.7000 443.8200 63.1930 535.3200 276.4300 336.7200 421.9500
frame00411.jpg 239.3700 236.5700 443.0400 61.5780 537.4500 275.7100 338.1900 423.9400
frame00412.jpg 237.8500 239.5200 441.1200 59.4490 538.8200 274.7000 339.5900 425.8600
frame00413.jpg 237.2500 242.4900 439.0700 57.3070 541.1500 273.7700 341.7200 428.2900
frame00414.jpg 237.9100 245.6300 438.3900 56.2020 544.2800 273.6600 344.9700 430.0400
frame00415.jpg 239.2600 247.9000 438.2500 54.0050 547.7200 272.4500 348.1600 431.6200
frame00416.jpg 239.7300 250.5500 437.9400 53.4650 550.0500 273.7600 349.6900 433.9500
frame00417.jpg 239.2900 253.3700 436.9900 54.1790 551.2500 276.4400 350.3600 436.7300
frame00418.jpg 239.3100 256.1100 436.4600 55.7340 552.8200 279.1000 351.4200 439.7700
frame00419.jpg 240.6000 258.9100 436.4400 57.8330 554.9200 282.7900 353.2200 442.8000
frame00420.jpg 243.2000 260.0200 438.2800 59.3330 557.9900 285.4900 355.4900 444.9000
frame00421.jpg 245.9100 261.4300 440.9300 60.3090 561.1300 288.2000 357.8900 447.3700
frame00422.jpg 248.2700 263.3100 443.1400 62.2630 563.7500 292.2500 359.7200 450.4600
frame00423.jpg 250.6500 266.0500 445.3600 65.5420 566.7600 297.4000 361.9200 454.2000
frame00424.jpg 253.4300 268.9300 447.7500 69.2920 569.7600 302.4700 364.2600 457.5300
frame00425.jpg 256.6200 271.1500 450.4700 72.3740 573.1600 307.1300 366.7000 460.9500
frame00426.jpg 259.7400 272.6000 454.2500 75.2350 576.6800 312.1700 368.7500 463.8200
frame00427.jpg 262.1000 273.7900 458.4200 78.3740 580.1200 317.0900 369.9600 466.4100
frame00428.jpg 263.9900 273.9500 462.6300 80.6390 583.1800 321.9000 370.5000 468.4700
frame00429.jpg 265.7900 274.0900 466.7800 83.3060 585.9900 328.0000 370.9600 471.2300
frame00430.jpg 268.0800 273.7900 471.4000 85.8370 589.3900 334.1100 371.7800 473.5200
frame00431.jpg 270.5100 273.8500 476.2600 88.5780 592.9400 340.5500 372.7500 475.9900
frame00432.jpg 272.6400 274.3300 480.8700 92.3090 595.8900 348.0000 373.3100 478.7000
frame00433.jpg 275.0600 274.3500 485.1600 95.9250 598.7200 355.4200 373.9800 480.8000
frame00434.jpg 277.9900 274.4700 489.2500 99.1910 601.8300 362.0600 375.3900 483.2000
frame00435.jpg 281.2100 274.9000 493.4500 101.9600 605.4300 367.4100 377.2500 485.1600
frame00436.jpg 283.6100 275.0300 497.0000 103.7400 607.8900 371.7200 378.1500 486.8200
frame00437.jpg 284.6700 276.0200 498.4400 105.2400 608.8400 375.6800 378.1600 489.0900
frame00438.jpg 285.7400 276.8900 498.5900 106.7400 609.6100 378.6000 378.8600 490.5700
frame00439.jpg 287.4700 277.1500 498.6800 106.6500 610.4000 379.7000 380.4200 491.3000
frame00440.jpg 288.8100 277.6800 497.7200 105.3400 610.3200 380.0300 380.9200 492.4300
frame00441.jpg 288.3100 278.5700 495.1500 104.5100 608.8300 380.2900 380.4300 493.7700
frame00442.jpg 287.5000 279.6500 492.5000 104.4300 607.7000 381.6300 379.8900 495.1200
frame00443.jpg 286.1900 280.8200 490.3600 105.1700 606.3100 384.5300 378.9300 496.7400
frame00444.jpg 285.5500 281.9300 488.4300 106.6100 605.4900 387.5200 378.4800 498.0700
frame00445.jpg 285.9800 282.1300 487.3000 107.7700 604.9400 390.4300 378.4900 499.1700
frame00446.jpg 286.8100 282.3200 486.6900 108.3000 604.6100 393.0600 378.5700 500.2400
frame00447.jpg 287.6700 281.5600 486.3100 107.8300 604.6300 394.8400 378.5700 500.4500
frame00448.jpg 287.5800 280.9400 486.0700 107.3400 604.1200 396.6400 377.7500 500.6300
frame00449.jpg 286.3100 280.0200 485.3100 106.8400 603.1600 397.9400 375.9400 500.8900
frame00450.jpg 284.7800 279.1200 484.3700 106.0500 601.5700 400.4600 373.8400 501.8000
frame00451.jpg 283.6500 278.6200 483.3400 106.3800 600.0400 404.1100 372.0300 502.9000
frame00452.jpg 283.0200 277.3000 482.8000 106.4500 599.0500 407.4000 370.3400 503.1000
frame00453.jpg 281.7800 276.0000 482.8300 106.9100 597.9100 411.5300 367.8200 504.0400
frame00454.jpg 279.1300 274.4000 482.7600 107.6100 596.2200 415.4000 364.3100 504.1400
frame00455.jpg 276.5700 272.1400 483.1200 108.3000 595.1200 419.6900 361.0600 503.8600
frame00456.jpg 274.2900 269.8500 484.7600 109.5600 594.2200 423.8300 357.6800 503.4300
frame00457.jpg 272.5100 266.5700 487.0300 110.5500 593.2700 427.3300 353.9100 502.3500
frame00458.jpg 270.5800 262.9500 489.7900 111.6800 591.7700 431.2100 349.3100 501.6100
frame00459.jpg 268.6600 259.4800 492.7500 113.0700 590.6300 433.8100 345.1500 500.3900
frame00460.jpg 267.2000 255.2700 496.5900 113.3500 589.6300 435.7000 340.7200 498.7300
frame00461.jpg 264.4200 250.2700 499.8300 113.5000 587.1100 438.2300 334.5900 496.7900
frame00462.jpg 261.0600 246.1500 502.5900 115.2000 584.6400 441.7500 328.2700 495.9400
frame00463.jpg 258.3500 240.5100 506.1400 116.5700 582.4500 444.0200 322.5000 493.0900
frame00464.jpg 256.0900 234.9100 509.8400 117.4500 580.7600 446.8200 317.0100 491.0400
frame00465.jpg 254.6400 229.5900 513.9100 118.4700 579.4800 450.1100 312.1800 488.9100
frame00466.jpg 253.5500 224.5200 517.6700 120.5900 577.7700 454.6200 307.7000 486.5700
frame00467.jpg 252.9200 219.7300 521.6400 123.4500 576.2800 459.7200 303.6100 484.6800
frame00468.jpg 252.2000 215.3400 525.8000 127.0300 574.5500 465.2200 299.3600 482.8100
frame00469.jpg 251.2200 210.5000 529.7600 131.1800 572.1100 471.4100 294.3000 480.7300
frame00470.jpg 249.7400 205.0000 533.6900 135.3500 569.7800 476.2400 289.3300 477.8800
frame00471.jpg 248.9700 198.2200 538.6000 138.8900 567.5400 481.1000 284.0100 474.1400
frame00472.jpg 248.5400 191.7400 543.8600 144.1800 564.9900 487.4900 278.2700 471.1400
frame00473.jpg 249.1600 185.6200 549.5900 150.4500 562.9600 493.3300 273.9800 467.9000
frame00474.jpg 250.6500 180.1100 555.5000 156.6700 561.5000 497.8800 270.0600 464.8100
frame00475.jpg 252.5500 175.0500 561.6200 162.3900 560.2400 501.6600 267.1200 461.6300
frame00476.jpg 254.4300 168.4100 566.9600 166.9900 558.0200 502.0900 263.9700 455.8400
frame00477.jpg 255.5300 158.9900 571.0500 168.8000 554.2400 500.9300 259.0800 448.1400
frame00478.jpg 256.6600 148.3200 574.0800 169.1500 549.8200 499.6500 253.8100 439.1200
frame00479.jpg 258.9500 137.3000 577.2600 170.2700 546.1300 499.3100 249.2100 430.6000
frame00480.jpg 262.1100 126.7100 581.4900 172.7600 542.7700 498.4000 245.8900 421.8600
frame00481.jpg 266.6400 116.3900 586.0600 177.0400 539.8100 498.8700 243.6300 413.1700
frame00482.jpg 273.0900 108.3800 591.5700 183.0800 537.6200 499.2800 243.2900 405.0300
frame00483.jpg 280.7200 100.3400 596.9800 188.5600 535.5400 499.6900 243.1400 396.5700
frame00484.jpg 287.7600 94.2230 601.0400 195.1900 532.9100 501.4600 242.5300 390.3000
frame00485.jpg 294.8200 89.4380 604.5800 202.1600 530.7200 503.0100 242.6600 384.3300
frame00486.jpg 302.0800 84.9430 608.3300 207.5400 530.0700 503.1200 244.2800 377.9200
frame00487.jpg 310.5100 79.8040 612.8100 211.2900 530.0100 502.8700 246.9600 371.8200
frame00488.jpg 318.3600 76.3540 616.6400 216.2000 529.3200 502.8700 249.1500 367.0100
frame00489.jpg 324.8200 73.1510 618.8300 220.0600 527.5200 503.3700 249.9500 362.0800
frame00490.jpg 329.9100 70.7980 620.1100 225.8100 525.5900 506.5000 250.2200 359.3600
frame00491.jpg 335.4800 69.6480 622.5300 231.7300 524.5100 508.2600 251.8500 356.3800
frame00492.jpg 341.5400 69.3900 624.6100 238.0800 523.0400 511.1000 253.1400 354.1100
frame00493.jpg 346.5500 69.2490 625.8300 244.7800 521.0400 515.2800 253.7500 352.4200
frame00494.jpg 350.8300 70.7540 626.5900 251.2600 519.4600 518.0100 254.4100 351.5500
frame00495.jpg 354.0800 71.5570 626.9500 254.5500 518.7500 518.8000 255.2000 350.1600
frame00496.jpg 356.6100 72.0980 626.9900 256.6500 518.7300 519.2500 256.5000 349.7900
frame00497.jpg 359.0900 73.1560 626.8800 258.1300 518.0100 518.2500 257.7600 349.0400
frame00498.jpg 361.2100 72.3390 625.5400 258.4400 516.8100 516.9500 258.2600 347.2200
frame00499.jpg 362.3900 72.3700 623.9400 258.3800 515.9800 514.6100 258.9900 346.5300
frame00500.jpg 363.7100 71.5820 622.2500 257.1300 515.3700 511.9100 259.8900 344.7800
frame00501.jpg 364.9400 71.1420 620.1300 257.0800 514.1400 511.4800 260.0500 343.7700
frame00502.jpg 365.4300 72.4780 617.8400 258.6100 512.4100 511.5700 259.9900 344.2500
frame00503.jpg 366.1000 73.3000 615.7600 259.7300 511.2100 510.7300 260.0300 343.9200
frame00504.jpg 366.9600 74.0560 614.2300 260.6600 510.3400 509.8700 260.5400 344.9500
frame00505.jpg 367.4400 75.2000 612.5600 260.2800 509.4100 507.7800 260.9600 346.0000
frame00506.jpg 367.4900 75.4800 610.5800 259.7400 508.5800 505.6400 260.9700 346.5500
frame00507.jpg 367.5000 74.5570 609.0700 257.4400 508.6300 502.8500 261.5600 346.3600
frame00508.jpg 368.5700 73.9320 608.2000 256.2100 507.9300 501.8600 262.2700 346.5000
frame00509.jpg 368.7500 73.3470 606.1400 256.8200 505.4100 501.9100 261.0600 346.7600
frame00510.jpg 368.2500 74.3810 603.4700 258.9500 503.1800 502.8000 259.8100 348.5300
frame00511.jpg 368.8300 75.3490 602.5400 259.9600 502.6100 501.7400 260.1900 348.9200
frame00512.jpg 371.3500 74.1650 603.4500 258.5800 503.4300 498.9900 262.2400 347.1700
frame00513.jpg 374.5500 71.7730 605.5000 256.9600 505.2400 496.7100 265.2900 345.7400
frame00514.jpg 378.3100 70.2500 607.6500 257.0600 505.9700 496.0100 267.7400 344.5000
frame00515.jpg 381.6100 69.3880 609.5000 257.6300 507.0500 495.5900 269.8100 342.6500
frame00516.jpg 385.2800 67.4560 612.2500 257.1700 509.2800 494.6800 272.9400 340.6600
frame00517.jpg 389.4400 65.5700 614.3500 257.2200 509.7700 494.0900 275.1000 338.5100
frame00518.jpg 392.6900 63.9200 615.4200 257.9100 509.0800 493.4000 275.9800 337.0100
frame00519.jpg 395.9600 63.2310 616.1300 259.2000 508.1000 492.9600 277.2700 336.4000
frame00520.jpg 399.6300 63.0290 616.9600 260.7000 507.3800 492.2800 279.1100 335.8400
frame00521.jpg 404.3000 63.7700 618.4700 262.3600 507.6800 491.8300 282.0600 335.8300
frame00522.jpg 409.1400 64.2330 620.5500 263.2700 509.0100 491.0900 285.5800 334.7400
frame00523.jpg 413.4600 64.1430 622.7700 263.4000 511.0300 490.8400 289.1600 334.5100
frame00524.jpg 415.9300 65.3590 624.3100 263.7400 512.7700 491.3900 291.2700 335.5400
frame00525.jpg 417.7100 66.6020 626.1100 264.2600 514.9400 492.2200 293.5600 336.5300
frame00526.jpg 419.8000 67.0440 627.4900 264.3000 515.8500 492.1000 295.3800 337.7400
frame00527.jpg 420.5800 68.2130 627.5500 263.9900 515.2900 491.2800 295.5100 339.3900
frame00528.jpg 420.8000 69.0210 627.1000 264.1700 514.2000 491.0100 294.9800 340.6800
frame00529.jpg 421.2000 69.1140 627.1000 264.2900 513.8700 490.4100 294.8400 340.9000
frame00530.jpg 421.9100 68.4280 627.9200 263.0300 515.1500 489.2900 295.8400 340.9100
frame00531.jpg 423.1000 67.8530 629.1700 262.0500 516.5500 489.0200 297.4800 341.8800
frame00532.jpg 425.1300 68.7150 630.5100 262.3400 518.1400 488.6700 299.7000 342.6400
frame00533.jpg 429.6700 70.0910 633.1800 263.4300 520.0000 487.7500 303.8600 344.1000
frame00534.jpg 435.0900 71.0670 635.9700 263.2100 521.4400 486.2700 307.7100 344.0100
frame00535.jpg 439.6200 72.0610 637.4100 264.1900 521.5900 486.4000 310.0900 344.9300
frame00536.jpg 442.4900 73.4810 638.3900 266.2300 521.6000 487.2400 311.4900 346.2600
frame00537.jpg 445.3500 75.0350 639.5400 268.2300 521.2300 487.7000 312.5800 346.8800
frame00538.jpg 448.1000 76.2160 639.8400 270.5800 520.3400 488.8400 313.4300 348.0100
frame00539.jpg 451.3200 78.6680 640.1500 273.4100 519.8400 489.9200 314.9200 350.5200
frame00540.jpg 455.3100 82.0950 641.8000 277.2000 520.5400 491.9000 317.6200 353.2600
frame00541.jpg 460.6100 85.5000 644.3800 280.8200 522.0900 492.9000 321.0100 353.8800
frame00542.jpg 465.6000 87.5650 647.4500 283.4600 524.1300 494.3200 324.1400 354.3900
frame00543.jpg 469.3500 89.5530 649.3200 285.9000 524.7200 496.4600 326.2700 355.7800
frame00544.jpg 471.3500 92.7580 649.1400 289.6300 523.8300 498.3600 326.5600 358.0600
frame00545.jpg 472.5100 95.7390 648.8200 292.0300 523.5100 499.4000 326.9700 359.6100
frame00546.jpg 474.1400 97.3500 648.2700 293.5500 522.6600 499.3800 327.6500 360.3000
frame00547.jpg 475.0900 99.7310 646.0800 294.9000 520.9300 499.1900 327.0600 361.6700
frame00548.jpg 474.7300 101.9300 643.2600 295.6700 518.0500 498.1500 325.7900 362.4900
frame00549.jpg 474.6500 102.1900 641.1600 294.8100 516.1200 495.9200 325.3300 362.1100
frame00550.jpg 474.8500 102.7900 639.7100 293.8900 515.1300 494.3500 325.3800 361.9000
frame00551.jpg 474.1800 102.4500 638.4400 292.2300 514.4700 493.3400 325.3400 361.8400
frame00552.jpg 472.8800 101.9700 636.6400 290.5300 513.1200 492.5400 325.0700 362.5300
frame00553.jpg 471.7800 102.6700 634.8600 289.3800 512.0700 490.7200 324.5400 363.3900
frame00554.jpg 471.2900 103.7700 633.7200 288.7300 511.4800 490.0000 324.6100 364.8700
frame00555.jpg 471.1300 106.3600 632.0400 290.0600 509.9200 490.8300 324.4600 367.3800
frame00556.jpg 471.1900 108.8400 630.9300 290.0300 508.6800 490.4200 325.1700 370.3200
frame00557.jpg 471.7400 111.7600 630.3200 289.5600 508.6400 489.5000 326.5700 372.9900
frame00558.jpg 472.2800 114.9200 629.7400 290.1600 508.8300 490.4800 328.2700 376.4000
frame00559.jpg 473.2000 118.7500 629.6300 291.4000 509.6600 491.1500 330.6000 380.1400
frame00560.jpg 474.9200 121.9900 630.0500 291.7700 510.9300 491.9700 333.4500 383.4600
frame00561.jpg 476.3000 125.5100 629.9300 292.3800 511.5600 492.3800 335.6700 386.8500
frame00562.jpg 477.3800 129.1400 629.5800 292.7700 512.2500 492.4900 337.8800 390.3500
frame00563.jpg 478.9100 131.7300 628.9100 292.5300 512.7200 491.7300 340.2500 393.1500
frame00564.jpg 481.1200 135.0900 627.8300 292.7500 512.2700 491.3100 342.4400 396.1200
frame00565.jpg 482.4300 137.3900 626.4500 292.4600 511.5800 490.5100 343.9200 397.8500
frame00566.jpg 482.6100 138.2400 624.6500 291.8000 510.8700 490.1100 344.7100 399.8100
frame00567.jpg 482.3700 140.7400 623.2200 291.6800 510.4900 489.3700 345.2200 401.6200
frame00568.jpg 482.0700 142.0800 622.2200 290.0100 510.8800 487.8900 346.1600 403.0600
frame00569.jpg 480.7200 143.8300 620.2500 287.8200 511.3500 486.6800 346.8700 406.1100
frame00570.jpg 478.3900 145.2800 617.9700 285.4400 511.0900 485.7800 347.0800 409.0300
frame00571.jpg 475.1500 146.8600 615.1800 283.0400 510.5100 484.6000 346.3700 412.0100
frame00572.jpg 471.1600 148.0000 611.9700 280.7100 509.9400 483.1000 345.4900 413.6400
frame00573.jpg 468.1100 147.2300 609.4000 277.3900 509.5300 480.5200 345.0900 413.8600
frame00574.jpg 465.8300 146.2700 606.9600 273.9000 509.0300 477.2600 344.9000 413.8700
frame00575.jpg 463.5600 146.0200 603.8100 271.0000 507.7200 475.9300 344.2600 414.4600
frame00576.jpg 460.8700 146.0400 600.4400 270.0200 506.0800 474.5800 343.5300 415.7400
frame00577.jpg 458.8000 147.4800 597.6700 268.6900 504.6800 472.3000 342.9300 416.8000
frame00578.jpg 457.2700 148.0900 595.3800 266.1200 504.4300 470.2900 343.3500 417.8700
frame00579.jpg 455.0500 147.9900 593.6000 262.5200 504.4000 467.4600 343.2900 418.8200
frame00580.jpg 451.7200 148.2400 591.9300 259.0100 503.9300 464.9100 342.0200 419.4800
frame00581.jpg 446.8500 147.5500 589.5700 254.5900 504.6300 463.4900 340.4200 420.4000
frame00582.jpg 441.4800 146.7600 587.6600 250.2600 505.5700 461.0300 339.6700 421.7700
frame00583.jpg 437.6400 145.8100 586.8600 244.5200 507.8700 457.2100 339.7900 421.7600
frame00584.jpg 434.3200 143.5500 587.3900 236.6600 511.7700 451.7600 340.8300 420.5000
frame00585.jpg 432.8900 141.0700 589.7700 229.9800 515.8300 446.7700 342.6700 419.3100
frame00586.jpg 432.5500 138.8500 592.1300 224.9900 518.8300 442.6300 344.4800 418.2300
frame00587.jpg 431.9500 137.1500 593.8000 219.9500 521.5800 438.8600 346.4200 417.2500
frame00588.jpg 431.3300 136.6800 595.0600 214.8000 525.3100 436.0500 348.5000 417.2900
frame00589.jpg 430.1600 134.6300 595.3900 210.7800 526.8000 432.4200 350.1400 417.0600
frame00590.jpg 429.2900 135.7300 594.3400 208.9900 527.1900 431.6200 350.7800 418.7900
frame00591.jpg 428.7300 137.2700 593.8800 208.0200 527.3100 430.5400 351.6600 420.0900
frame00592.jpg 429.7900 139.2700 593.9200 208.2200 527.7300 430.2700 353.4500 420.9100
frame00593.jpg 432.4000 141.4600 594.1100 208.8500 527.3600 429.6700 355.4500 421.7100
frame00594.jpg 434.5500 143.3400 593.6100 209.2800 525.6600 427.9000 356.1100 421.5100
frame00595.jpg 434.8400 143.7400 591.9800 209.3300 523.4500 426.3000 356.0500 421.7500
frame00596.jpg 434.4500 145.3000 588.1700 208.5300 521.3100 425.7700 355.7900 423.4000
frame00597.jpg 432.5400 147.2100 584.1500 206.7300 518.4400 421.6200 356.1800 425.1600
frame00598.jpg 430.2400 148.9300 580.9100 203.2300 518.1100 417.0400 357.2800 426.2500
frame00599.jpg 428.0200 149.5800 579.0500 199.1500 519.8400 414.9400 358.6800 427.1600
frame00600.jpg 423.3600 150.0900 578.4700 195.1200 523.1800 412.3900 359.2000 429.2400
frame00601.jpg 415.6800 150.7500 578.8100 190.5500 528.4900 410.5600 358.2400 430.7700
frame00602.jpg 405.8300 150.2500 579.0500 184.3600 535.2300 408.4300 357.8300 431.3200
frame00603.jpg 396.3500 149.0200 579.7100 176.2300 543.4200 403.7900 358.9700 430.9000
frame00604.jpg 386.2400 146.8800 580.3600 166.9100 550.4100 397.6000 359.3600 430.0000
frame00605.jpg 376.7000 145.0600 579.4300 157.6200 557.1100 392.3500 359.5000 429.5200
frame00606.jpg 369.0100 144.4500 578.7800 150.7100 562.7500 388.6500 360.3800 429.5900
frame00607.jpg 364.1800 143.9100 578.9900 144.3300 568.4300 384.3900 361.8300 428.4200
frame00608.jpg 361.1700 142.8900 579.8400 139.1400 572.9700 381.7700 363.1200 427.4200
frame00609.jpg 359.2200 141.8200 580.6200 135.8700 576.0700 379.9500 363.6000 426.3500
frame00610.jpg 357.6500 141.0400 581.1400 133.6900 577.6200 379.6600 363.1900 425.7300
frame00611.jpg 356.6300 140.4100 581.6700 132.8100 578.6500 379.3800 363.0200 424.9100
frame00612.jpg 357.2600 139.4800 582.9400 132.5800 579.8700 379.8100 363.4200 424.1300
frame00613.jpg 358.1100 139.1000 584.6000 132.8500 581.2000 381.1000 364.1500 424.9100
frame00614.jpg 359.5400 141.1400 587.1000 134.9700 584.0800 383.8600 365.7000 426.3800
frame00615.jpg 361.8800 141.9100 590.5900 137.2400 588.1200 386.8700 367.5900 426.9300
frame00616.jpg 364.8300 142.4900 595.4300 138.9400 593.4800 389.5700 370.5300 427.3900
frame00617.jpg 368.6700 143.6800 601.5300 140.7400 599.5500 393.9100 373.2700 429.1800
frame00618.jpg 371.7300 144.7400 608.3600 144.2800 604.8700 399.2600 374.6900 430.0300
frame00619.jpg 374.6600 145.4400 615.6300 148.2000 610.7800 405.7000 375.9400 430.7800
frame00620.jpg 377.9000 147.2000 623.1900 151.6900 617.7000 411.9600 377.9400 431.7400
frame00621.jpg 381.8100 148.4600 631.7700 155.6800 624.7900 419.0100 379.9100 432.1100
frame00622.jpg 386.1000 149.4800 640.9100 160.2700 630.7000 427.6600 380.7800 432.1400
frame00623.jpg 390.2900 150.3500 648.6900 167.8000 634.1600 439.1900 379.7600 432.2500
frame00624.jpg 394.0700 150.7900 655.1100 178.6100 635.2700 451.5100 378.2100 432.3000
frame00625.jpg 398.8800 152.0700 661.3700 190.3600 636.5100 464.1600 377.6100 432.6700
frame00626.jpg 405.5900 152.8600 668.4300 202.6500 637.8800 476.1300 377.8700 430.9800
frame00627.jpg 413.4600 152.0300 676.1900 214.0800 639.0100 487.8900 378.5100 427.7800
frame00628.jpg 420.6200 151.3100 681.8400 226.8900 636.9800 499.9500 376.8500 424.3300
frame00629.jpg 426.1300 149.7500 686.0000 238.0700 634.7000 509.4300 374.9400 420.0300
frame00630.jpg 431.2700 147.7600 691.2800 247.3800 632.3900 517.6600 373.0200 415.6400
frame00631.jpg 434.8900 146.0600 695.2100 256.0000 630.2000 525.4300 370.4200 411.2800
frame00632.jpg 436.8700 143.6100 698.4200 260.8800 629.1900 530.3700 368.2300 406.9700
frame00633.jpg 436.7500 141.0700 700.3100 261.7100 628.1900 532.2600 365.4100 403.0600
frame00634.jpg 433.8700 137.7000 700.2300 258.5100 627.5700 530.5900 362.1800 399.3800
frame00635.jpg 430.0600 132.5300 699.0100 251.3900 626.9600 525.9300 358.7900 394.4400
frame00636.jpg 425.0600 127.8400 696.6800 243.1600 626.2400 521.3000 354.7100 390.4300
frame00637.jpg 420.1000 123.6300 694.4800 235.4600 625.4900 516.8100 351.6000 386.7300
frame00638.jpg 416.0000 119.7200 692.6400 227.7300 625.7300 512.1800 348.9100 382.4900
frame00639.jpg 413.5800 115.8400 692.4600 219.7700 626.9400 507.9300 347.8200 378.2400
frame00640.jpg 412.0000 113.3000 692.9500 213.3900 628.8900 504.8700 347.6400 375.6300
frame00641.jpg 410.9800 112.1100 693.7400 207.8600 631.0700 503.5500 347.9000 375.7400
frame00642.jpg 409.3600 114.1800 694.0300 204.2700 633.2200 503.5900 348.0800 378.1600
frame00643.jpg 408.0800 116.0900 694.4700 200.9900 635.1900 503.0800 348.3900 379.8300
frame00644.jpg 406.7100 117.3400 694.3900 197.5100 636.0600 503.3400 347.9600 381.9100
frame00645.jpg 403.9000 119.7300 693.0200 195.7600 635.3300 504.4100 346.3000 385.1800
frame00646.jpg 400.6300 121.9900 690.5900 193.7600 634.6100 505.1600 344.5000 388.2400
frame00647.jpg 397.8500 125.4900 688.3300 192.6200 634.4800 506.3200 343.6100 391.9500
frame00648.jpg 396.1500 128.9500 687.0400 191.7400 635.1500 506.5600 343.9300 394.8600
frame00649.jpg 395.1700 131.9600 685.7600 190.6300 635.3000 507.1000 344.2100 398.1700
frame00650.jpg 392.6600 136.0200 682.8300 190.2900 633.8900 508.1400 343.2400 402.5900
frame00651.jpg 389.2800 140.3000 678.6400 190.4800 631.7900 508.9500 341.6300 406.4600
frame00652.jpg 386.6300 144.9500 674.7200 191.1500 630.2000 509.0300 340.7200 409.8800
frame00653.jpg 384.3200 148.8000 670.6900 189.9400 629.0400 507.2300 340.0100 412.7000
frame00654.jpg 381.7700 152.7400 666.4000 187.5400 627.9300 504.1500 339.9500 415.3400
frame00655.jpg 379.4100 156.9400 661.7200 184.8300 626.9000 501.1800 339.8700 418.3100
frame00656.jpg 377.0400 161.3800 656.7200 181.6600 625.4500 497.7200 339.7100 421.2800
frame00657.jpg 374.4700 166.4600 651.1700 178.5700 623.6400 493.5500 339.5100 424.4600
frame00658.jpg 371.7700 171.0800 645.2200 174.3400 621.2700 489.5000 339.0900 427.5600
frame00659.jpg 368.5300 176.2200 638.4700 170.8000 618.1200 485.1400 338.1400 431.1800
frame00660.jpg 364.7900 181.2100 631.0700 167.0100 614.6000 480.6700 336.8700 434.4700
frame00661.jpg 361.2200 185.8600 623.6800 162.9100 611.6400 475.3100 336.1100 437.2200
frame00662.jpg 358.2300 190.3500 616.7700 158.7000 608.9300 470.2900 335.8300 440.3400
frame00663.jpg 356.0600 195.3100 610.4500 155.5400 605.6400 466.2200 335.5900 443.7800
frame00664.jpg 354.2700 200.3400 604.3100 153.1800 602.5700 462.5800 335.4100 446.9400
frame00665.jpg 352.2000 206.0300 597.9400 151.4800 599.0500 460.6600 335.3300 451.9500
frame00666.jpg 350.4700 212.1600 591.9100 151.1700 595.8400 459.0300 335.3900 456.4700
frame00667.jpg 349.1000 218.0000 586.7500 151.4500 592.9500 458.8800 335.3100 461.3700
frame00668.jpg 347.0300 223.8700 581.5100 152.9000 590.2000 458.5200 334.6100 465.9600
frame00669.jpg 344.9700 228.5300 576.7700 154.2800 587.5300 459.5800 333.7200 470.2400
frame00670.jpg 343.2100 233.0400 572.8600 156.9300 585.2900 461.0000 332.9500 473.8000
frame00671.jpg 341.4900 235.8800 569.8200 158.8800 583.3600 461.9400 331.8000 476.1300
frame00672.jpg 339.3900 237.4900 567.0200 159.7700 581.6900 461.9900 330.6500 477.5200
frame00673.jpg 337.8000 239.1700 564.3400 159.9400 580.4200 461.2400 330.4000 478.8700
frame00674.jpg 337.2600 240.5400 562.1100 159.0300 579.4000 458.8500 330.7700 479.3600
frame00675.jpg 336.7400 241.9200 559.7100 156.7900 578.2500 456.0200 331.0100 480.4100
frame00676.jpg 335.0100 243.7800 556.0100 154.5000 576.0500 453.1400 330.1800 482.1300
frame00677.jpg 332.6800 245.7700 551.7800 152.2500 573.7000 449.9500 329.3400 483.4600
frame00678.jpg 330.9800 246.4900 548.0500 148.9800 571.7100 445.6700 329.0000 483.4800
frame00679.jpg 329.9200 246.4600 544.6900 144.7000 569.6600 441.0900 329.0700 482.9400
frame00680.jpg 328.6100 246.4600 541.1600 140.9700 566.5900 437.9900 327.8100 483.0000
frame00681.jpg 325.9900 246.5500 536.9500 138.5000 562.7600 435.7800 325.2500 483.2900
frame00682.jpg 322.8200 246.5700 532.6800 136.2900 559.8900 433.8300 323.3900 483.4400
frame00683.jpg 319.8500 245.8900 528.9100 133.9800 556.8700 431.9700 321.0000 483.2400
frame00684.jpg 315.8700 246.0800 524.6000 132.7400 552.8800 430.7000 317.2400 483.9400
frame00685.jpg 311.2400 246.0900 519.4700 131.2400 548.7600 428.6800 313.7400 484.2600
frame00686.jpg 307.4100 245.8700 514.6000 129.2600 544.5000 427.1200 310.5400 484.1300
frame00687.jpg 303.7700 245.0900 509.6600 127.2600 539.6200 424.7000 307.3200 483.2600
frame00688.jpg 299.9400 244.4000 504.4500 123.9800 534.8200 422.1500 304.1200 482.9800
frame00689.jpg 295.4800 244.0400 498.5000 121.3200 529.3400 419.9200 300.1400 483.0700
frame00690.jpg 291.0500 243.6400 492.7900 119.1100 524.5100 417.9100 296.3800 482.6900
frame00691.jpg 287.2800 242.6600 488.2700 116.9400 521.4200 415.8500 293.4800 482.1700
frame00692.jpg 283.3300 241.2600 484.4200 114.3300 518.5400 413.6000 290.8600 481.0000
frame00693.jpg 280.1600 239.7100 480.9600 111.9400 515.1700 412.1300 287.7600 480.1500
frame00694.jpg 276.8300 238.6200 477.4000 110.1900 510.9500 410.4900 283.9900 479.5800
frame00695.jpg 273.0800 237.6300 472.9800 107.5200 506.3900 408.7600 280.2800 479.0700
frame00696.jpg 269.9300 237.2100 468.2100 104.8700 502.0700 407.4700 277.5200 479.1500
frame00697.jpg 267.7000 236.8100 464.5900 102.9300 499.2500 406.0800 275.5700 478.9300
frame00698.jpg 265.7900 236.0300 462.1900 100.9300 497.3700 405.5100 273.8200 479.2400
frame00699.jpg 264.1200 236.4200 460.6000 100.5000 496.4600 405.7800 272.5100 480.3700
frame00700.jpg 262.8700 236.9700 459.9800 101.1000 495.7900 406.9600 270.9700 481.2300
frame00701.jpg 261.6600 236.6000 459.6000 101.1800 495.6700 408.8300 269.6300 482.3600
frame00702.jpg 260.1400 236.8200 459.7600 102.9900 494.9000 412.0000 267.4000 483.2400
frame00703.jpg 257.5000 236.3100 458.9400 104.3700 492.9300 415.4900 263.8400 484.7400
frame00704.jpg 254.5900 236.8300 457.7800 106.3300 491.5300 417.8100 260.9700 485.7300
frame00705.jpg 251.7800 235.5700 457.1200 106.6400 491.2900 418.6400 258.1700 485.4400
frame00706.jpg 247.8500 233.5100 456.5000 105.9400 490.6500 418.3800 254.5400 484.9800
frame00707.jpg 243.5800 231.1600 455.6100 105.2700 490.1100 417.6700 250.3500 483.9500
frame00708.jpg 239.0600 227.7500 454.6700 103.3200 489.4000 416.3500 246.1700 482.1000
frame00709.jpg 233.9600 224.5900 453.2600 101.7100 487.8200 415.3300 241.1700 480.7200
frame00710.jpg 228.7900 221.3400 451.2600 100.1500 486.6000 414.1200 236.7900 479.0500
frame00711.jpg 224.4700 218.7800 449.4600 97.9670 485.6900 412.5200 233.9000 477.9800
frame00712.jpg 221.2400 216.8400 447.6400 95.9950 484.7700 410.4900 231.7800 476.6700
frame00713.jpg 218.8200 215.0400 446.1000 93.3490 483.5300 407.1200 230.0200 474.9300
frame00714.jpg 216.1000 213.0500 443.6900 89.6940 482.1000 402.9000 228.0100 473.1100
frame00715.jpg 212.4200 210.1500 440.7100 85.5150 479.7400 399.0200 224.8300 470.9500
frame00716.jpg 207.3200 207.4900 437.3700 82.6700 476.7500 396.4400 220.3500 469.5700
frame00717.jpg 200.7200 204.6200 434.0800 81.1300 474.9800 394.2300 215.4400 468.1500
frame00718.jpg 194.7800 201.5400 431.8600 79.7680 474.4100 392.0800 211.3000 466.6900
frame00719.jpg 190.4800 197.8400 431.2500 78.9030 474.1800 390.7300 207.6600 464.1900
frame00720.jpg 186.9900 193.7200 431.5800 78.5740 474.5100 389.6000 204.5100 461.9100
frame00721.jpg 184.1000 190.4700 432.4900 78.5060 475.0700 389.6500 201.7900 460.2300
frame00722.jpg 181.7100 186.2100 433.4300 77.9210 475.4200 388.3600 199.5300 457.2200
frame00723.jpg 180.5300 181.5800 435.1500 76.6350 476.8900 386.7400 198.3500 453.5900
frame00724.jpg 180.4300 177.5200 437.9700 75.0020 479.4200 385.6100 198.6400 450.8700
frame00725.jpg 180.5900 173.6800 440.9800 74.4180 481.7900 384.6200 198.9500 448.0300
frame00726.jpg 180.1600 169.3800 443.5600 72.6890 483.8200 383.9700 198.7800 445.6700
frame00727.jpg 179.5300 166.2500 445.4400 72.1700 485.1300 383.9600 198.3800 444.0400
frame00728.jpg 178.7600 162.8100 447.1200 71.0290 485.9400 382.9600 197.7800 441.5600
frame00729.jpg 177.3500 159.2700 448.0500 68.9480 486.2700 382.0200 196.4500 439.7200
frame00730.jpg 176.2800 156.3200 448.9000 67.0010 487.5600 380.8100 196.1200 437.9300
frame00731.jpg 176.6800 153.1300 451.1300 65.1630 489.4400 380.1400 196.4400 436.2800
frame00732.jpg 176.8500 149.6100 453.6400 63.4870 491.0300 381.2900 196.1100 435.3000
frame00733.jpg 176.3500 147.6400 455.8700 63.5350 492.7000 383.6300 196.1300 435.4700
frame00734.jpg 176.9000 145.4900 458.4900 63.7130 494.7900 385.2900 196.7400 434.6300
frame00735.jpg 178.6700 143.5300 462.0900 64.1150 497.3000 387.8000 198.1100 434.2500
frame00736.jpg 181.0500 141.6200 466.4000 65.5380 500.4900 389.5500 199.8400 433.0300
frame00737.jpg 182.9600 138.8100 470.8600 66.7290 503.3600 391.5700 200.6300 431.9700
frame00738.jpg 183.9400 135.1100 475.1400 67.9440 506.1900 393.1200 200.9900 430.5300
frame00739.jpg 185.3600 131.0800 480.1800 69.8170 509.4300 395.9500 201.6900 429.4800
frame00740.jpg 188.2000 127.6100 486.4700 73.4670 513.5300 399.8000 203.9900 428.5700
frame00741.jpg 192.6100 124.6400 493.6500 77.3010 517.9700 404.0000 207.0600 427.7800
frame00742.jpg 197.6800 123.3700 500.8600 81.6830 522.1400 409.8000 210.5300 428.5900
frame00743.jpg 203.2600 125.3100 507.2000 87.7430 526.3400 416.3100 214.1200 431.7000
frame00744.jpg 208.3200 128.7900 512.5900 93.4800 529.9700 422.1400 217.2300 434.7300
frame00745.jpg 212.3800 131.9200 516.7700 98.2260 533.3100 427.1300 220.0000 437.8600
frame00746.jpg 216.0800 134.2100 520.8700 101.1500 537.3200 429.4900 223.2000 439.1400
frame00747.jpg 219.2700 133.3600 524.8400 101.2700 540.4800 430.2600 225.3200 438.4100
frame00748.jpg 221.0900 131.4500 528.3700 101.4800 542.6800 431.4100 226.2900 437.2600
frame00749.jpg 223.1300 127.5400 532.0900 100.1800 544.8500 430.8100 227.2600 433.9700
frame00750.jpg 224.2800 123.1000 535.3000 97.1380 546.5400 429.6000 227.3500 431.7900
frame00751.jpg 223.5200 120.4400 536.6400 94.6350 547.5600 428.8900 226.9100 431.4800
frame00752.jpg 223.0800 118.1800 538.2900 92.9940 549.2300 429.0700 227.4100 431.0600
frame00753.jpg 224.4000 117.0800 541.0900 93.4380 551.9400 431.0600 228.8700 431.7800
frame00754.jpg 227.5900 116.3500 545.4200 94.0820 556.4000 432.3800 232.6400 431.2900
frame00755.jpg 233.4800 116.1500 551.7400 94.9760 562.3600 434.2100 238.3000 431.0600
frame00756.jpg 239.6600 116.0000 558.5000 96.1020 567.6900 436.2400 242.9700 430.8400
frame00757.jpg 244.6100 115.6300 564.1300 97.2300 572.3000 437.5900 246.5900 430.3000
frame00758.jpg 248.0300 114.0700 568.7400 96.4460 576.1200 437.4100 249.3000 429.1000
frame00759.jpg 251.0500 111.5100 573.1800 95.0220 579.3300 436.0300 251.5800 426.8200
