frame ulx uly urx ury lrx lry llx lly
frame00001.jpg 210.00 163.00 516.00 163.00 516.00 451.00 210.00 451.00
frame00002.jpg 210.14 161.20 515.92 162.90 515.03 450.83 209.43 448.57
frame00003.jpg 210.73 159.49 516.87 161.50 516.37 448.81 210.62 447.36
frame00004.jpg 213.48 156.24 520.17 156.04 521.33 442.75 215.32 444.51
frame00005.jpg 219.29 150.47 526.21 147.50 528.75 434.05 222.35 439.61
frame00006.jpg 225.20 142.16 532.85 140.43 533.67 427.89 227.15 432.56
frame00007.jpg 227.32 138.99 535.38 138.50 534.68 426.64 228.40 429.92
frame00008.jpg 227.90 137.65 536.37 137.13 534.84 425.81 228.89 429.81
frame00009.jpg 225.58 142.62 534.06 138.87 533.75 427.66 227.96 435.18
frame00010.jpg 220.99 150.83 529.17 143.79 530.16 431.70 225.06 442.64
frame00011.jpg 218.07 155.35 525.58 148.70 527.22 434.78 223.01 445.20
frame00012.jpg 218.54 157.24 525.42 151.60 526.73 435.96 223.21 445.64
frame00013.jpg 219.32 155.47 524.04 148.66 526.89 431.76 223.56 444.08
frame00014.jpg 219.22 152.57 522.01 143.63 527.17 426.97 223.59 440.74
frame00015.jpg 220.10 147.67 520.83 140.11 526.17 423.63 222.68 436.20
frame00016.jpg 219.99 147.06 520.45 139.68 525.72 423.33 222.55 435.78
frame00017.jpg 220.03 147.20 520.50 140.42 525.09 424.09 222.45 435.68
frame00018.jpg 220.14 148.23 520.69 142.25 524.84 425.70 222.67 436.55
frame00019.jpg 220.84 150.02 521.41 143.86 525.82 426.96 224.28 437.77
frame00020.jpg 222.77 152.30 523.27 145.07 528.15 427.99 227.28 439.40
frame00021.jpg 225.03 155.17 525.25 146.45 530.43 429.08 230.05 441.32
frame00022.jpg 226.91 157.56 526.64 147.33 532.47 429.65 232.56 442.75
frame00023.jpg 228.83 159.32 528.22 148.14 534.18 430.30 234.54 443.76
frame00024.jpg 230.61 160.33 529.40 149.04 535.28 430.95 236.13 444.21
frame00025.jpg 231.38 160.98 530.38 150.12 535.56 431.97 236.26 444.89
frame00026.jpg 231.63 161.17 530.55 150.97 535.37 432.68 235.72 444.51
frame00027.jpg 231.92 159.45 530.59 151.00 534.92 433.23 234.57 442.95
frame00028.jpg 232.45 157.64 530.75 151.05 534.39 433.65 233.80 440.83
frame00029.jpg 233.30 154.98 531.30 150.60 534.01 433.15 233.47 437.68
frame00030.jpg 234.69 151.93 531.98 149.60 533.66 432.40 233.26 434.01
frame00031.jpg 235.97 148.55 532.54 148.08 533.74 431.09 233.09 429.85
frame00032.jpg 237.97 144.93 533.60 145.85 534.53 429.79 233.69 425.78
frame00033.jpg 239.83 142.43 534.87 143.77 535.84 428.02 235.06 422.83
frame00034.jpg 241.57 140.82 536.10 141.59 537.34 425.81 237.07 421.17
frame00035.jpg 242.75 140.56 537.11 139.93 538.78 423.78 239.02 421.11
frame00036.jpg 243.14 141.20 537.52 138.73 539.99 422.04 240.64 422.34
frame00037.jpg 242.89 142.35 537.55 138.32 540.55 421.19 241.47 423.77
frame00038.jpg 242.86 143.23 537.43 138.67 540.74 421.44 241.78 425.04
frame00039.jpg 242.99 144.30 537.77 139.82 541.36 422.54 242.16 426.57
frame00040.jpg 243.64 145.59 538.83 141.04 542.21 423.78 243.10 428.07
frame00041.jpg 244.46 146.82 539.69 141.94 543.26 424.50 243.92 429.06
frame00042.jpg 245.27 147.45 540.49 142.10 544.23 424.14 245.38 429.24
frame00043.jpg 246.24 147.16 540.96 141.10 544.79 422.57 246.32 428.46
frame00044.jpg 246.50 146.17 541.15 140.25 544.54 421.67 246.28 427.25
frame00045.jpg 246.94 144.56 541.90 141.62 543.07 424.63 244.63 425.68
frame00046.jpg 247.86 143.71 543.28 145.45 541.55 428.28 244.41 423.33
frame00047.jpg 250.36 142.80 545.73 148.75 541.76 430.87 245.92 420.97
frame00048.jpg 252.56 143.77 547.22 150.28 542.60 431.35 247.61 421.92
frame00049.jpg 251.79 146.80 545.09 149.56 542.97 428.70 247.55 425.47
frame00050.jpg 248.93 149.57 540.96 147.40 542.48 425.52 246.48 430.42
frame00051.jpg 244.76 153.57 536.43 146.11 540.99 423.76 244.76 435.90
frame00052.jpg 240.09 158.06 531.73 146.47 538.75 424.25 242.17 441.24
frame00053.jpg 236.02 162.28 528.01 148.18 536.04 426.28 239.40 445.04
frame00054.jpg 232.39 165.30 525.08 150.95 533.06 429.52 236.31 447.87
frame00055.jpg 229.34 167.07 523.43 154.34 530.11 432.81 233.08 449.23
frame00056.jpg 227.31 167.22 522.17 157.00 527.63 435.47 230.34 449.19
frame00057.jpg 225.95 167.42 521.32 158.59 526.03 436.65 228.84 449.03
frame00058.jpg 225.39 165.98 521.20 159.12 524.96 437.12 227.51 447.12
frame00059.jpg 225.14 162.87 521.69 159.23 523.66 437.04 226.13 444.17
frame00060.jpg 225.50 159.52 522.14 158.41 522.97 436.33 225.22 440.71
frame00061.jpg 225.69 156.46 522.46 157.28 522.10 435.47 224.30 438.09
frame00062.jpg 225.56 154.32 521.90 156.20 521.05 434.49 223.38 435.78
frame00063.jpg 224.67 153.04 520.68 154.80 519.83 433.34 222.34 434.33
frame00064.jpg 223.80 152.27 518.97 153.58 518.62 431.97 221.18 432.81
frame00065.jpg 222.76 150.48 517.24 152.10 517.05 430.37 219.84 430.80
frame00066.jpg 221.91 148.95 515.77 151.11 515.30 429.42 218.74 428.79
frame00067.jpg 221.23 147.71 514.53 150.41 513.92 428.45 217.83 426.81
frame00068.jpg 220.99 146.66 513.66 149.93 513.03 427.73 217.44 425.29
frame00069.jpg 221.05 145.61 513.38 149.40 512.52 426.91 217.26 424.06
frame00070.jpg 221.42 144.98 513.29 149.18 512.59 426.73 217.39 423.38
frame00071.jpg 221.78 144.38 513.62 149.11 512.55 426.41 217.58 422.61
frame00072.jpg 222.33 143.33 514.30 148.91 512.75 426.26 217.68 421.59
frame00073.jpg 223.07 142.19 515.10 148.94 513.02 426.29 217.89 420.87
frame00074.jpg 223.69 141.50 515.85 148.83 513.43 426.41 218.27 420.38
frame00075.jpg 224.22 141.50 516.24 149.23 513.65 426.78 218.36 420.45
frame00076.jpg 224.66 141.23 516.71 149.57 513.74 427.15 218.42 420.38
frame00077.jpg 224.93 141.03 517.01 150.13 513.74 427.75 218.30 420.35
frame00078.jpg 224.91 141.23 517.16 150.82 513.53 428.47 218.15 420.90
frame00079.jpg 224.83 142.24 516.97 151.62 513.34 429.31 218.12 421.95
frame00080.jpg 224.46 143.39 516.60 152.61 513.10 429.94 217.90 422.86
frame00081.jpg 223.92 144.49 515.99 153.16 512.78 430.34 217.63 423.94
frame00082.jpg 223.42 145.75 515.36 153.89 512.28 430.99 217.41 424.99
frame00083.jpg 222.66 146.92 514.73 154.50 511.74 431.64 217.13 425.97
frame00084.jpg 222.04 148.20 513.97 155.25 511.35 432.25 216.67 426.94
frame00085.jpg 221.38 148.91 513.28 155.47 510.96 432.36 216.09 427.55
frame00086.jpg 220.56 149.05 512.68 155.43 510.51 432.35 215.61 427.89
frame00087.jpg 219.91 149.15 512.18 155.42 510.25 432.40 215.01 428.09
frame00088.jpg 219.49 149.03 511.90 155.24 509.96 432.38 214.69 428.20
frame00089.jpg 218.99 148.90 511.69 155.24 509.84 432.33 214.29 428.39
frame00090.jpg 218.92 148.99 511.55 155.06 509.85 432.39 214.24 428.43
frame00091.jpg 218.61 149.17 511.49 155.16 509.77 432.58 213.97 428.87
frame00092.jpg 218.40 149.29 511.46 155.37 509.72 432.86 213.78 429.07
frame00093.jpg 218.19 149.27 511.46 155.67 509.52 433.37 213.43 429.29
frame00094.jpg 218.01 149.43 511.41 156.09 509.43 433.87 213.01 429.59
frame00095.jpg 217.51 149.62 511.20 156.26 509.23 434.08 212.70 430.05
frame00096.jpg 217.01 150.06 510.99 156.42 508.97 434.37 212.51 430.71
frame00097.jpg 216.77 150.46 510.78 156.63 508.84 434.60 212.21 430.80
frame00098.jpg 216.50 150.28 510.56 156.83 508.53 434.81 211.78 430.85
frame00099.jpg 216.43 150.30 510.44 156.89 508.13 435.09 211.56 430.55
frame00100.jpg 216.23 149.94 510.26 157.08 507.76 435.26 211.10 430.19
frame00101.jpg 215.83 149.51 510.15 157.14 507.41 435.31 210.74 429.67
frame00102.jpg 215.79 149.01 510.09 156.93 507.23 435.24 210.55 429.14
frame00103.jpg 215.81 148.90 510.00 156.90 507.17 435.31 210.52 429.14
frame00104.jpg 215.56 148.80 509.94 156.84 507.17 435.34 210.24 429.25
frame00105.jpg 215.50 148.74 509.90 156.81 507.09 435.61 210.00 429.40
frame00106.jpg 215.07 148.93 509.91 157.37 506.77 436.23 209.67 429.88
frame00107.jpg 214.84 149.31 509.93 157.91 506.60 437.07 209.42 430.50
frame00108.jpg 214.73 150.14 509.96 159.01 506.35 438.26 209.06 431.16
frame00109.jpg 214.42 150.53 509.85 160.03 506.02 439.19 208.56 431.67
frame00110.jpg 214.10 151.02 509.76 160.60 505.86 439.78 208.37 432.17
frame00111.jpg 213.65 151.24 509.55 160.65 506.00 439.62 208.29 432.65
frame00112.jpg 213.89 151.83 509.69 160.23 506.86 439.47 209.16 433.27
frame00113.jpg 214.68 152.57 510.70 160.07 508.51 439.24 210.71 433.93
frame00114.jpg 216.37 151.87 512.92 159.20 511.26 438.24 212.95 433.78
frame00115.jpg 219.11 151.53 516.25 158.69 514.73 438.06 216.35 434.34
frame00116.jpg 222.45 151.19 520.47 158.33 518.66 437.38 219.79 434.22
frame00117.jpg 225.73 149.36 524.85 157.01 522.39 436.57 222.75 433.80
frame00118.jpg 228.60 147.27 528.81 155.29 525.68 434.90 225.42 432.83
frame00119.jpg 230.81 144.66 531.65 152.46 528.51 432.47 227.43 431.93
frame00120.jpg 232.41 143.73 533.60 150.14 530.88 430.68 229.67 432.36
frame00121.jpg 233.44 143.93 534.93 148.50 532.57 429.52 231.23 433.11
frame00122.jpg 233.47 145.02 535.35 148.50 532.84 430.23 231.60 434.97
frame00123.jpg 231.90 147.83 534.34 149.91 532.03 431.52 230.74 438.26
frame00124.jpg 229.17 152.26 531.84 151.21 530.69 432.60 229.97 442.72
frame00125.jpg 227.67 156.88 529.82 153.21 529.69 433.17 230.35 444.21
frame00126.jpg 227.73 158.44 528.69 153.50 529.82 432.17 231.32 444.26
frame00127.jpg 228.04 159.60 528.20 152.57 530.75 430.95 232.98 444.80
frame00128.jpg 229.33 160.82 528.81 151.33 533.34 429.14 235.83 444.89
frame00129.jpg 232.46 160.90 531.35 149.71 536.84 428.17 239.92 444.55
frame00130.jpg 236.27 161.97 534.98 150.64 539.56 429.36 243.45 443.88
frame00131.jpg 239.69 162.36 537.79 152.21 540.85 430.27 245.85 441.89
frame00132.jpg 243.10 161.03 539.99 153.69 541.43 431.40 247.35 438.95
frame00133.jpg 245.54 160.15 541.56 155.30 541.13 431.96 248.48 436.85
frame00134.jpg 246.87 160.22 541.85 156.25 540.74 431.48 249.14 435.33
frame00135.jpg 247.64 159.19 541.09 155.43 540.01 429.83 249.40 433.13
frame00136.jpg 248.47 157.83 540.32 154.74 539.26 428.58 249.73 430.65
frame00137.jpg 249.99 156.36 540.33 154.98 538.73 428.35 250.28 427.40
frame00138.jpg 252.28 154.80 541.29 155.23 539.04 428.37 252.10 423.77
frame00139.jpg 255.68 153.77 543.16 155.05 540.85 428.05 255.13 420.96
frame00140.jpg 258.97 153.52 545.02 154.33 542.50 427.47 257.74 418.97
frame00141.jpg 260.36 153.47 545.56 153.59 542.90 426.62 259.08 417.92
frame00142.jpg 260.51 153.77 544.71 152.92 542.00 425.43 259.03 417.23
frame00143.jpg 259.22 153.28 542.58 152.58 539.63 424.11 257.61 415.95
frame00144.jpg 258.23 152.54 540.19 152.43 537.08 422.39 256.34 414.09
frame00145.jpg 257.22 150.89 537.90 151.80 534.46 419.88 255.02 411.59
frame00146.jpg 256.99 148.80 535.95 150.86 532.66 416.76 254.15 408.76
frame00147.jpg 256.63 146.81 533.84 149.07 530.62 412.70 253.50 406.49
frame00148.jpg 255.77 145.34 531.44 147.19 528.78 409.23 252.86 404.98
frame00149.jpg 254.92 144.64 529.35 146.38 527.25 406.57 252.54 404.33
frame00150.jpg 254.89 144.39 527.83 145.92 526.36 404.59 252.51 403.79
frame00151.jpg 254.94 144.56 526.99 146.23 525.62 403.93 252.54 404.18
frame00152.jpg 255.14 144.98 526.63 147.21 525.14 403.81 252.72 404.61
frame00153.jpg 255.64 145.50 526.59 148.41 524.83 404.27 252.92 404.64
frame00154.jpg 256.39 145.59 527.09 149.37 525.01 404.55 253.57 404.51
frame00155.jpg 257.38 145.91 527.58 149.81 525.36 404.56 254.32 404.55
frame00156.jpg 257.77 146.23 527.69 150.11 525.29 404.23 254.42 404.74
frame00157.jpg 257.14 146.25 526.57 149.90 524.19 403.71 253.46 404.80
frame00158.jpg 255.49 146.09 524.80 149.83 522.49 403.41 251.89 405.00
frame00159.jpg 254.15 145.98 523.50 149.73 521.43 402.95 250.73 404.92
frame00160.jpg 253.33 145.48 522.54 149.30 520.80 402.48 250.03 404.97
frame00161.jpg 252.40 144.97 521.80 148.76 520.33 401.93 249.27 404.85
frame00162.jpg 251.58 144.58 521.04 147.94 519.88 401.36 248.52 404.46
frame00163.jpg 250.54 144.08 520.36 147.17 519.23 400.76 247.64 404.03
frame00164.jpg 249.52 143.05 519.64 146.14 518.47 399.83 246.64 402.85
frame00165.jpg 248.73 141.45 518.97 144.58 517.87 398.55 245.84 401.14
frame00166.jpg 248.28 139.43 518.31 143.01 517.37 397.32 244.98 399.22
frame00167.jpg 247.66 137.85 517.69 141.70 516.84 396.68 244.20 398.15
frame00168.jpg 246.86 137.42 517.13 141.03 516.81 397.00 243.30 398.37
frame00169.jpg 245.83 137.45 517.13 140.34 517.13 397.17 242.95 399.36
frame00170.jpg 245.54 138.03 517.38 140.11 517.79 397.65 242.91 400.38
frame00171.jpg 245.65 138.50 517.68 140.60 518.21 398.87 242.74 401.17
frame00172.jpg 245.43 139.82 517.98 142.11 518.26 401.28 242.24 403.19
frame00173.jpg 244.72 141.79 518.14 144.04 518.02 403.61 241.62 405.52
frame00174.jpg 243.60 143.29 517.68 145.50 517.54 404.99 240.78 407.50
frame00175.jpg 242.34 144.71 516.82 146.59 516.67 405.72 239.84 408.98
frame00176.jpg 241.30 145.44 515.68 147.17 515.91 406.04 238.89 409.79
frame00177.jpg 240.34 146.28 514.67 147.20 515.61 406.14 238.45 410.98
frame00178.jpg 239.22 147.19 513.93 146.92 515.44 405.87 237.96 412.34
frame00179.jpg 238.19 147.60 513.58 146.39 515.50 405.64 237.76 413.01
frame00180.jpg 237.93 147.37 513.60 145.85 515.69 405.14 237.83 412.67
frame00181.jpg 237.89 146.30 513.67 144.92 515.69 404.26 237.63 411.59
frame00182.jpg 237.79 145.04 513.54 143.95 515.41 403.12 237.37 410.39
frame00183.jpg 237.86 143.51 513.35 142.70 515.17 401.60 237.29 408.50
frame00184.jpg 238.37 141.88 513.16 141.33 515.24 400.16 237.72 406.83
frame00185.jpg 238.83 140.50 513.33 140.53 515.42 399.09 237.90 405.79
frame00186.jpg 239.35 139.46 513.50 139.98 515.43 398.72 237.99 404.85
frame00187.jpg 239.92 139.21 513.79 140.20 515.49 399.14 237.99 404.52
frame00188.jpg 239.81 139.05 513.81 140.50 515.01 399.57 237.55 404.81
frame00189.jpg 238.95 139.46 513.36 141.02 514.56 400.04 237.10 405.52
frame00190.jpg 238.75 139.94 513.05 141.22 514.44 400.16 236.92 405.80
frame00191.jpg 238.74 139.80 513.11 141.32 514.54 400.10 236.94 405.77
frame00192.jpg 238.83 139.61 513.37 141.35 514.73 400.16 237.01 405.61
frame00193.jpg 239.19 139.00 513.69 141.26 514.76 399.97 236.95 404.86
frame00194.jpg 239.40 137.93 513.82 140.83 514.57 399.43 236.74 403.94
frame00195.jpg 239.44 136.88 513.67 140.10 514.40 398.64 236.54 402.83
frame00196.jpg 239.42 135.95 513.57 139.08 514.36 397.78 236.55 401.97
frame00197.jpg 239.51 135.19 513.54 138.51 514.51 397.51 236.62 401.65
frame00198.jpg 239.40 134.99 513.85 138.44 514.65 397.63 236.60 402.10
frame00199.jpg 239.44 135.32 514.20 138.90 514.93 398.19 236.79 402.89
frame00200.jpg 239.83 135.42 514.73 139.34 515.30 398.51 237.16 403.21
frame00201.jpg 240.43 135.33 515.39 139.69 515.82 398.49 237.75 403.21
frame00202.jpg 241.35 134.56 516.05 139.34 516.48 397.65 238.43 402.65
frame00203.jpg 241.93 133.48 516.40 138.54 516.90 396.70 238.80 402.11
frame00204.jpg 242.01 132.35 516.58 137.78 517.22 395.78 239.06 402.00
frame00205.jpg 242.07 131.51 517.02 137.05 517.66 394.80 239.44 402.08
frame00206.jpg 242.48 130.62 517.50 136.07 518.62 393.82 240.23 401.98
frame00207.jpg 243.60 129.64 518.60 135.21 519.74 393.01 241.36 401.35
frame00208.jpg 244.83 128.31 519.70 134.14 520.79 391.59 242.60 400.25
frame00209.jpg 245.70 126.72 520.47 132.46 521.50 389.95 243.47 399.05
frame00210.jpg 246.59 124.92 520.81 131.24 522.17 388.59 244.16 397.79
frame00211.jpg 247.63 123.28 520.98 130.40 522.98 387.33 244.78 396.69
frame00212.jpg 248.39 121.89 521.55 129.01 523.62 386.16 245.72 395.82
frame00213.jpg 248.99 121.15 521.70 128.09 524.32 385.05 246.68 395.19
frame00214.jpg 249.69 120.25 522.20 126.83 524.87 383.35 247.65 394.47
frame00215.jpg 250.19 119.75 522.33 125.38 525.35 381.56 248.98 394.55
frame00216.jpg 250.41 119.57 522.26 124.23 525.79 380.05 250.10 394.67
frame00217.jpg 250.71 119.61 522.29 123.54 526.13 379.16 251.20 395.67
frame00218.jpg 251.22 120.66 522.71 123.58 526.82 379.01 252.77 397.54
frame00219.jpg 251.84 122.43 523.55 124.09 527.45 379.37 254.31 400.11
frame00220.jpg 252.29 124.53 523.93 124.97 528.12 379.93 255.75 403.07
frame00221.jpg 253.06 126.77 524.74 126.42 528.68 381.28 256.89 405.79
frame00222.jpg 254.07 128.44 525.59 128.06 529.22 382.29 257.75 407.24
frame00223.jpg 254.83 128.75 525.72 128.27 529.74 382.03 258.50 407.52
frame00224.jpg 255.24 128.64 525.62 127.91 530.08 381.33 258.99 407.62
frame00225.jpg 255.66 127.75 525.47 126.65 531.28 380.15 259.74 406.62
frame00226.jpg 256.45 126.24 526.16 125.55 532.54 379.60 260.02 405.31
frame00227.jpg 256.88 124.11 526.59 124.20 533.08 378.10 259.83 403.22
frame00228.jpg 256.77 121.85 525.92 122.39 533.37 376.42 259.84 401.23
frame00229.jpg 256.55 120.10 525.01 120.61 533.56 374.18 259.90 398.85
frame00230.jpg 256.30 117.52 523.62 118.17 533.64 371.04 260.00 395.79
frame00231.jpg 256.11 115.43 522.49 116.26 533.81 368.82 260.14 393.53
frame00232.jpg 256.14 113.82 521.92 115.04 533.86 366.88 260.37 391.51
frame00233.jpg 256.38 112.15 521.21 113.95 533.79 365.38 260.61 389.78
frame00234.jpg 256.47 111.04 521.00 113.60 533.80 364.64 260.96 388.90
frame00235.jpg 257.00 110.60 521.20 113.33 534.29 364.19 261.82 388.59
frame00236.jpg 257.56 110.26 521.48 113.05 534.75 363.98 262.42 388.48
frame00237.jpg 258.18 109.23 522.16 113.09 535.32 363.45 262.60 386.39
frame00238.jpg 258.84 107.56 522.66 112.64 535.39 363.13 262.15 383.97
frame00239.jpg 259.00 106.21 522.85 112.07 535.10 362.54 261.28 381.63
frame00240.jpg 258.56 104.26 522.18 111.10 534.27 361.01 259.89 378.51
frame00241.jpg 258.08 102.20 521.23 110.01 533.18 359.66 258.45 374.99
frame00242.jpg 257.91 99.17 520.62 108.75 532.16 357.28 256.84 369.30
frame00243.jpg 257.95 95.07 519.74 107.02 531.04 354.43 255.23 362.44
frame00244.jpg 258.52 91.33 519.49 105.41 530.42 352.05 253.95 356.26
frame00245.jpg 259.48 87.94 520.00 103.80 530.09 349.92 253.00 350.66
frame00246.jpg 260.74 84.75 520.97 102.47 529.83 349.09 251.89 345.60
frame00247.jpg 262.20 81.58 523.09 102.23 528.91 350.51 250.02 341.42
frame00248.jpg 264.15 78.35 525.72 103.01 527.92 352.02 247.93 335.80
frame00249.jpg 266.30 75.48 527.90 103.86 526.42 354.03 245.45 330.96
frame00250.jpg 266.87 73.22 529.53 104.53 524.27 357.30 242.58 329.05
frame00251.jpg 266.87 71.90 530.71 105.46 521.70 360.74 240.03 327.40
frame00252.jpg 265.81 70.56 530.64 106.63 518.07 364.55 236.42 326.83
frame00253.jpg 263.23 70.17 529.69 108.29 513.56 369.50 232.32 328.17
frame00254.jpg 259.36 70.89 527.84 110.74 508.33 374.90 228.06 330.30
frame00255.jpg 255.87 72.39 525.67 113.87 503.60 380.09 224.24 332.23
frame00256.jpg 252.52 74.21 523.22 117.35 499.25 384.83 220.78 334.15
frame00257.jpg 249.63 76.45 520.94 120.50 495.80 389.25 218.15 336.15
frame00258.jpg 246.65 79.18 518.51 123.64 492.84 393.79 215.66 339.38
frame00259.jpg 243.39 82.29 516.07 126.65 490.19 397.99 213.69 342.84
frame00260.jpg 240.63 85.68 513.96 129.45 488.23 401.76 212.30 346.10
frame00261.jpg 237.84 88.78 511.73 131.82 486.12 404.82 211.07 349.02
frame00262.jpg 235.11 91.34 509.28 133.71 484.09 406.66 209.78 351.06
frame00263.jpg 232.72 93.09 506.86 134.49 482.35 407.12 208.50 352.29
frame00264.jpg 230.39 93.97 504.33 134.00 480.82 405.81 207.06 352.55
frame00265.jpg 228.41 93.72 502.20 132.06 480.43 402.97 206.00 352.56
frame00266.jpg 226.31 93.58 500.85 129.48 481.08 399.60 205.40 353.64
frame00267.jpg 224.51 94.07 500.28 127.64 482.54 397.63 205.73 355.76
frame00268.jpg 222.78 96.06 500.33 127.21 484.30 396.95 206.50 359.87
frame00269.jpg 220.90 99.20 500.46 128.39 485.61 398.03 207.12 364.88
frame00270.jpg 219.15 104.13 501.00 132.11 486.71 400.76 208.06 370.98
frame00271.jpg 218.59 109.19 502.32 136.24 488.50 403.41 209.55 376.64
frame00272.jpg 219.27 114.09 504.36 140.47 490.50 406.15 211.45 382.02
frame00273.jpg 220.45 118.69 506.34 144.20 492.77 407.98 213.72 386.44
frame00274.jpg 222.82 121.43 508.77 145.66 495.76 407.84 216.38 389.39
frame00275.jpg 225.36 123.32 510.90 145.64 498.83 406.97 219.29 392.07
frame00276.jpg 227.23 125.19 512.54 145.23 501.16 405.72 221.73 394.36
frame00277.jpg 228.86 125.44 513.51 144.08 503.07 403.91 223.46 394.67
frame00278.jpg 230.62 124.64 514.44 142.01 505.11 401.85 225.40 394.88
frame00279.jpg 231.86 125.22 515.21 140.17 506.97 399.97 227.66 396.00
frame00280.jpg 233.04 125.35 515.76 138.32 508.74 397.85 229.65 396.03
frame00281.jpg 234.79 124.76 516.56 136.39 510.83 396.16 231.73 395.51
frame00282.jpg 237.10 123.99 517.86 134.70 513.15 394.41 234.29 394.77
frame00283.jpg 239.26 123.67 519.16 133.15 515.18 392.64 236.74 394.73
frame00284.jpg 241.26 123.73 520.38 132.03 517.37 391.02 239.49 395.18
frame00285.jpg 243.33 124.09 521.78 130.98 519.68 389.37 242.51 396.27
frame00286.jpg 245.80 124.82 523.19 130.40 522.17 388.06 245.79 397.67
frame00287.jpg 249.32 125.29 525.44 129.80 525.41 386.45 250.24 399.00
frame00288.jpg 253.69 126.16 528.53 129.56 529.19 385.45 255.54 400.86
frame00289.jpg 258.53 126.97 532.05 129.66 532.82 384.59 260.74 402.02
frame00290.jpg 263.64 126.95 535.90 129.77 536.31 384.06 265.35 401.92
frame00291.jpg 268.39 125.78 539.83 129.94 539.26 383.60 269.13 400.61
frame00292.jpg 272.58 123.72 543.27 129.40 541.59 382.68 271.97 398.15
frame00293.jpg 275.75 120.97 545.51 128.12 543.16 381.13 273.95 395.28
frame00294.jpg 277.82 118.33 546.91 126.51 544.01 379.15 275.44 392.69
frame00295.jpg 279.11 115.81 547.65 124.42 544.67 376.67 276.57 390.28
frame00296.jpg 280.14 113.58 547.82 122.28 545.55 374.43 277.85 387.94
frame00297.jpg 281.86 111.36 548.53 120.39 546.92 372.29 279.70 385.65
frame00298.jpg 283.45 109.64 549.25 118.62 548.01 370.63 281.28 384.06
frame00299.jpg 284.62 108.39 549.80 117.44 549.04 369.06 282.68 383.10
frame00300.jpg 286.20 107.45 550.41 116.28 550.28 367.95 284.60 382.65
frame00301.jpg 288.19 106.91 551.71 115.71 551.86 367.15 286.79 382.19
frame00302.jpg 290.79 106.31 553.44 115.43 554.19 366.24 289.90 381.70
frame00303.jpg 294.47 106.39 555.96 115.22 557.01 365.84 294.00 382.15
frame00304.jpg 298.35 106.79 558.39 115.33 559.88 365.19 298.14 382.46
frame00305.jpg 302.22 106.60 560.56 114.83 562.74 364.39 302.42 382.88
frame00306.jpg 306.01 107.02 562.87 115.31 565.19 364.38 306.09 383.79
frame00307.jpg 309.28 106.68 565.25 115.28 567.66 363.84 309.56 383.21
frame00308.jpg 312.55 104.63 566.57 114.39 570.03 362.04 312.88 381.29
frame00309.jpg 315.22 102.22 567.73 113.09 571.76 359.98 315.89 379.22
frame00310.jpg 317.75 98.95 568.26 111.21 573.52 356.92 318.87 375.87
frame00311.jpg 319.95 95.01 568.45 108.91 574.74 354.13 321.12 372.47
frame00312.jpg 321.62 91.55 569.07 107.20 575.85 352.18 322.63 369.38
frame00313.jpg 323.06 87.98 570.10 105.51 577.22 350.59 323.76 366.46
frame00314.jpg 324.28 85.43 571.55 104.06 578.36 349.77 324.12 364.80
frame00315.jpg 324.54 83.45 572.67 102.90 579.09 349.19 323.66 362.86
frame00316.jpg 323.31 81.70 572.75 101.75 578.71 349.02 321.62 361.85
frame00317.jpg 320.79 81.28 571.84 101.31 577.00 350.04 318.26 362.80
frame00318.jpg 317.00 82.34 570.43 101.45 574.36 352.21 313.78 365.79
frame00319.jpg 312.58 84.98 568.93 102.95 571.38 355.78 308.99 370.24
frame00320.jpg 308.39 89.19 567.82 105.35 568.52 360.36 304.34 376.34
frame00321.jpg 304.06 94.88 567.11 109.11 565.56 365.87 299.47 382.75
frame00322.jpg 300.05 100.04 566.48 113.20 563.26 371.19 294.79 387.44
frame00323.jpg 296.68 104.37 566.24 117.43 561.03 376.43 290.40 390.41
frame00324.jpg 293.70 107.08 565.83 120.88 559.23 380.57 286.20 391.19
frame00325.jpg 290.80 109.06 565.37 123.71 557.13 384.31 282.33 391.58
frame00326.jpg 287.59 111.81 565.03 126.79 554.67 388.74 278.04 392.34
frame00327.jpg 284.12 114.76 565.01 130.43 552.63 394.08 274.22 392.41
frame00328.jpg 281.88 117.48 565.42 134.52 551.20 399.18 271.75 392.09
frame00329.jpg 280.22 119.88 565.44 138.14 549.56 403.94 269.43 391.63
frame00330.jpg 278.07 121.62 564.36 141.24 547.21 407.59 267.06 390.96
frame00331.jpg 275.51 122.75 562.28 143.49 544.21 410.65 263.85 390.39
frame00332.jpg 272.37 123.28 559.07 145.25 540.82 413.15 260.12 389.31
frame00333.jpg 269.84 122.53 556.23 146.32 537.88 415.48 257.00 387.85
frame00334.jpg 267.80 121.94 553.93 147.55 535.23 417.84 254.32 386.62
frame00335.jpg 266.47 121.40 552.16 148.42 533.57 419.68 252.66 385.29
frame00336.jpg 266.07 120.78 551.20 148.47 532.67 420.45 251.90 384.02
frame00337.jpg 265.87 119.47 550.46 147.29 531.88 419.60 251.06 382.26
frame00338.jpg 265.62 117.62 549.20 145.54 530.87 418.66 249.89 380.08
frame00339.jpg 265.27 115.87 548.25 144.32 529.82 417.97 248.96 378.30
frame00340.jpg 264.88 114.24 547.40 143.23 528.66 417.65 247.80 376.71
frame00341.jpg 264.21 113.25 546.32 142.74 527.28 418.02 246.58 375.63
frame00342.jpg 263.31 112.63 545.25 142.66 525.74 418.56 245.24 374.80
frame00343.jpg 262.52 111.85 544.04 142.82 523.98 419.42 243.66 373.87
frame00344.jpg 261.60 111.28 542.75 143.03 522.22 420.23 242.13 373.18
frame00345.jpg 260.42 110.83 541.31 143.27 520.36 421.23 240.49 372.69
frame00346.jpg 259.23 110.86 539.75 144.06 518.21 422.84 238.74 372.58
frame00347.jpg 257.70 110.93 538.06 145.00 516.09 424.31 236.86 372.57
frame00348.jpg 255.82 111.18 536.22 145.95 513.72 425.67 234.69 372.89
frame00349.jpg 253.34 111.40 533.84 146.91 510.80 426.83 232.18 373.21
frame00350.jpg 250.78 111.42 531.15 147.74 507.78 427.71 229.49 373.06
frame00351.jpg 248.51 111.03 528.73 148.32 504.99 428.05 226.78 372.58
frame00352.jpg 246.46 110.30 526.42 148.43 502.26 428.38 224.32 371.80
frame00353.jpg 244.90 109.68 524.76 148.54 500.83 428.25 222.79 371.12
frame00354.jpg 244.25 108.83 524.52 147.73 501.19 427.53 222.38 370.84
frame00355.jpg 244.50 108.32 525.69 147.27 502.63 427.14 222.98 371.51
frame00356.jpg 245.10 108.77 527.56 147.48 504.98 427.15 224.24 372.99
frame00357.jpg 246.77 109.63 530.53 148.74 508.03 428.20 226.51 374.60
frame00358.jpg 249.54 110.83 534.75 150.69 512.35 429.02 229.79 376.64
frame00359.jpg 253.72 112.03 540.11 152.65 517.46 429.69 234.40 378.68
frame00360.jpg 258.65 113.27 546.02 154.39 523.28 429.00 239.56 380.44
frame00361.jpg 265.66 113.64 552.76 155.38 529.98 428.11 246.20 381.35
frame00362.jpg 273.25 114.23 559.61 156.40 536.61 426.56 253.47 382.69
frame00363.jpg 281.11 115.43 566.03 157.26 543.29 424.33 261.28 383.99
frame00364.jpg 289.68 116.24 572.53 157.25 550.31 422.03 269.73 385.04
frame00365.jpg 297.83 117.82 578.67 157.54 556.54 420.39 278.07 387.16
frame00366.jpg 305.07 120.16 584.06 158.27 561.94 418.63 285.68 389.41
frame00367.jpg 311.93 121.66 588.56 157.85 567.17 416.17 293.04 391.02
frame00368.jpg 318.62 122.82 592.76 157.38 572.05 413.69 300.10 391.98
frame00369.jpg 325.48 123.70 596.74 156.39 577.04 410.82 307.53 392.49
frame00370.jpg 332.24 123.91 601.01 155.03 581.91 408.12 314.69 392.29
frame00371.jpg 338.39 123.93 604.59 153.82 586.21 406.06 320.84 392.15
frame00372.jpg 344.00 124.00 607.93 153.53 590.19 404.97 326.30 391.92
frame00373.jpg 349.33 123.78 611.64 153.37 593.98 404.67 331.00 391.41
frame00374.jpg 353.65 123.10 615.39 153.89 597.18 405.46 334.34 390.74
frame00375.jpg 357.82 122.36 619.25 154.84 600.51 406.33 337.67 389.69
frame00376.jpg 362.14 121.50 623.16 155.08 603.98 406.63 341.45 388.75
frame00377.jpg 366.17 120.74 626.23 155.01 607.30 406.07 345.20 387.83
frame00378.jpg 369.82 119.93 628.61 154.55 610.11 405.30 348.58 387.21
frame00379.jpg 372.21 119.71 630.24 153.87 611.93 404.37 350.73 386.84
frame00380.jpg 373.38 118.94 630.86 153.22 612.85 403.25 352.07 386.23
frame00381.jpg 374.00 118.66 630.95 152.61 613.41 402.34 353.18 386.39
frame00382.jpg 374.55 119.01 630.97 151.94 613.86 401.65 354.18 386.84
frame00383.jpg 375.12 119.51 630.93 151.65 614.43 400.76 355.43 387.26
frame00384.jpg 376.09 119.79 630.72 151.03 615.16 399.66 356.98 387.63
frame00385.jpg 377.02 120.08 630.39 150.39 615.67 398.43 358.70 388.33
frame00386.jpg 378.20 120.69 630.15 149.67 616.22 396.95 360.87 389.44
frame00387.jpg 379.53 121.62 629.71 148.79 616.84 395.20 363.58 390.56
frame00388.jpg 381.35 121.94 629.30 147.71 617.68 393.13 366.69 391.40
frame00389.jpg 383.26 122.53 628.99 146.93 617.80 391.27 369.75 392.27
frame00390.jpg 384.98 122.93 628.02 146.45 617.11 389.55 371.94 392.88
frame00391.jpg 386.56 122.75 626.99 146.05 616.32 387.69 374.25 393.28
frame00392.jpg 387.73 122.31 625.50 145.34 615.36 385.70 376.34 393.43
frame00393.jpg 388.84 121.71 623.93 144.82 614.31 384.28 377.87 393.46
frame00394.jpg 389.69 121.41 623.06 144.92 613.47 383.84 378.89 393.84
frame00395.jpg 390.96 121.97 622.32 145.29 612.62 383.59 379.61 394.19
frame00396.jpg 391.50 121.99 621.78 145.65 612.17 383.69 380.00 394.79
frame00397.jpg 392.03 122.57 621.51 146.11 611.99 383.98 380.33 395.34
frame00398.jpg 391.56 122.46 621.06 146.48 611.47 384.17 380.03 395.59
frame00399.jpg 390.84 122.24 620.11 146.58 610.84 383.86 379.59 395.42
frame00400.jpg 390.14 121.70 618.72 145.95 610.16 382.95 379.38 394.40
frame00401.jpg 389.46 120.72 617.01 145.22 609.18 382.00 378.83 393.09
frame00402.jpg 388.93 119.81 615.44 144.52 608.40 381.08 378.21 391.99
frame00403.jpg 388.52 119.39 614.50 143.85 607.80 380.47 377.82 391.53
frame00404.jpg 388.57 119.19 614.27 143.75 607.48 380.52 377.64 391.69
frame00405.jpg 388.67 119.17 614.42 144.00 607.39 380.79 377.55 391.81
frame00406.jpg 388.66 119.04 614.75 144.32 607.28 381.35 377.30 391.90
frame00407.jpg 388.75 118.99 615.16 144.92 607.14 382.10 376.73 391.86
frame00408.jpg 388.59 119.00 615.66 145.65 607.20 382.90 376.02 391.89
frame00409.jpg 388.09 118.94 616.53 146.37 607.41 383.64 375.02 391.52
frame00410.jpg 387.60 118.70 617.18 146.53 607.82 383.94 374.22 390.81
frame00411.jpg 387.18 118.07 617.29 145.83 608.14 383.02 374.11 390.01
frame00412.jpg 386.46 117.06 616.64 144.68 608.15 381.82 373.84 389.03
frame00413.jpg 385.76 115.97 615.76 143.42 607.92 380.84 373.43 388.10
frame00414.jpg 385.31 115.07 615.14 142.73 607.73 380.27 373.43 387.59
frame00415.jpg 385.24 114.38 615.15 142.41 607.80 380.17 373.37 387.06
frame00416.jpg 385.46 113.51 615.34 142.34 608.06 380.42 373.07 386.13
frame00417.jpg 385.39 112.69 615.64 142.15 608.30 380.34 372.86 385.15
frame00418.jpg 385.20 111.84 615.55 141.38 608.37 379.56 372.79 383.91
frame00419.jpg 384.53 110.42 615.17 139.97 608.68 378.35 372.55 382.13
frame00420.jpg 383.83 108.67 614.66 138.62 609.06 377.26 371.94 380.04
frame00421.jpg 382.72 106.42 614.46 137.17 609.51 376.02 371.04 377.27
frame00422.jpg 381.60 103.76 614.09 135.29 610.09 374.70 369.89 374.13
frame00423.jpg 380.04 100.92 613.83 133.27 610.75 373.16 368.50 370.65
frame00424.jpg 378.50 97.72 613.31 130.95 611.46 371.04 367.20 366.70
frame00425.jpg 376.84 94.89 612.37 128.35 612.03 368.87 365.76 362.98
frame00426.jpg 374.56 91.73 611.24 125.66 612.19 366.19 364.15 359.14
frame00427.jpg 372.53 89.36 609.89 123.09 612.14 363.73 362.60 356.18
frame00428.jpg 370.38 87.49 608.59 120.90 611.51 361.84 360.68 354.49
frame00429.jpg 368.34 86.20 607.40 119.26 610.89 360.84 358.92 353.58
frame00430.jpg 366.77 85.77 606.30 118.44 610.09 360.35 357.76 353.46
frame00431.jpg 365.71 85.76 605.63 117.84 609.63 360.39 357.00 353.88
frame00432.jpg 365.03 86.04 605.37 117.84 609.19 360.71 356.43 354.78
frame00433.jpg 364.78 86.45 605.32 117.73 608.91 360.85 356.53 355.71
frame00434.jpg 364.67 86.56 604.81 117.77 608.25 360.35 356.31 356.29
frame00435.jpg 363.58 86.03 603.54 116.82 606.95 359.21 355.39 355.88
frame00436.jpg 362.15 84.57 602.27 115.31 605.19 358.09 354.13 354.47
frame00437.jpg 360.72 82.63 601.17 114.74 603.17 357.32 351.43 352.41
frame00438.jpg 358.64 79.95 600.16 113.83 601.19 356.77 348.31 349.19
frame00439.jpg 356.63 77.13 600.00 113.15 599.21 356.79 344.51 345.76
frame00440.jpg 354.44 74.30 598.70 112.72 597.12 357.02 339.68 342.79
frame00441.jpg 351.01 70.98 597.32 111.59 593.78 357.19 334.14 339.58
frame00442.jpg 346.39 67.94 595.30 110.90 589.27 358.37 326.62 336.51
frame00443.jpg 340.48 65.36 592.64 111.04 583.59 361.34 317.01 334.52
frame00444.jpg 333.29 63.49 589.54 112.34 576.51 365.00 306.13 332.60
frame00445.jpg 325.54 61.99 585.37 113.47 568.97 368.76 295.03 330.87
frame00446.jpg 317.11 61.00 580.33 114.98 560.65 372.66 283.76 329.97
frame00447.jpg 308.49 60.59 574.99 116.64 552.44 376.68 273.11 329.62
frame00448.jpg 300.15 60.73 569.39 118.33 544.26 380.50 262.96 329.99
frame00449.jpg 291.99 60.98 563.67 120.12 535.93 384.26 253.57 330.18
frame00450.jpg 284.22 61.55 557.74 122.21 527.87 387.71 244.74 330.67
frame00451.jpg 276.58 62.47 551.56 123.93 520.08 390.35 236.57 331.32
frame00452.jpg 268.98 63.52 545.15 125.71 512.33 393.06 228.90 332.50
frame00453.jpg 261.58 65.34 538.77 128.10 504.78 396.46 221.63 334.10
frame00454.jpg 254.69 67.57 532.50 130.42 497.69 399.51 215.21 335.54
frame00455.jpg 248.13 69.38 526.19 132.51 490.98 401.90 209.21 336.88
frame00456.jpg 241.74 71.51 520.13 134.41 484.53 404.48 203.77 338.66
frame00457.jpg 235.42 73.97 514.25 136.67 478.55 407.07 198.65 340.62
frame00458.jpg 229.76 76.36 508.45 138.91 473.01 409.79 194.18 342.51
frame00459.jpg 223.93 79.14 503.00 141.54 467.77 413.17 189.83 345.28
frame00460.jpg 218.10 82.53 498.00 144.99 463.05 417.05 185.99 348.59
frame00461.jpg 212.83 86.31 493.26 148.60 458.89 420.67 182.79 351.73
frame00462.jpg 208.40 89.90 489.56 152.03 456.30 423.68 180.08 354.52
frame00463.jpg 204.89 93.11 486.72 154.51 454.66 425.80 178.87 357.79
frame00464.jpg 202.18 97.19 484.55 156.08 454.23 426.87 178.57 361.30
frame00465.jpg 200.06 100.68 482.89 156.94 454.58 427.68 179.00 364.73
frame00466.jpg 198.59 104.59 482.14 157.73 455.84 428.69 180.00 368.66
frame00467.jpg 197.46 109.14 481.92 158.57 457.92 429.53 181.60 373.29
frame00468.jpg 196.79 113.89 482.23 158.79 461.03 430.03 183.38 378.46
frame00469.jpg 196.18 119.01 482.71 158.88 463.79 430.16 185.47 384.14
frame00470.jpg 195.30 123.81 482.81 158.41 466.55 429.43 186.97 389.52
frame00471.jpg 195.14 128.19 483.37 157.49 470.23 428.09 189.48 394.26
frame00472.jpg 197.91 130.57 485.98 154.58 475.96 424.17 193.32 397.51
frame00473.jpg 201.48 132.05 488.85 150.32 481.53 419.05 197.94 400.79
frame00474.jpg 204.90 133.95 491.49 147.38 486.98 415.15 202.93 404.05
frame00475.jpg 209.23 136.20 495.07 145.93 492.95 412.22 208.98 407.81
frame00476.jpg 214.76 138.90 499.41 145.41 499.40 409.79 215.85 411.65
frame00477.jpg 221.14 141.75 503.84 145.18 506.18 407.34 223.68 416.22
frame00478.jpg 228.20 145.62 508.62 145.41 513.33 405.28 233.08 421.45
frame00479.jpg 236.30 149.31 513.76 146.26 519.92 403.50 242.60 425.77
frame00480.jpg 245.06 152.56 519.28 147.62 526.25 402.91 252.32 429.48
frame00481.jpg 254.32 155.21 525.61 150.11 532.34 403.56 261.52 432.68
frame00482.jpg 263.53 157.67 532.40 152.84 537.92 404.93 269.94 435.45
frame00483.jpg 272.66 159.84 539.33 155.77 543.27 406.79 277.75 437.65
frame00484.jpg 282.01 161.23 546.53 158.78 548.73 408.40 285.45 438.48
frame00485.jpg 290.94 161.73 553.16 160.87 553.87 409.73 292.92 439.10
frame00486.jpg 299.58 162.60 559.57 163.10 558.79 411.22 300.14 439.96
frame00487.jpg 307.83 163.82 565.53 165.49 563.59 413.05 306.75 441.14
frame00488.jpg 315.32 165.99 571.18 168.42 568.21 415.46 313.04 443.48
frame00489.jpg 322.44 168.84 577.20 171.78 572.68 418.40 319.15 446.15
frame00490.jpg 329.16 171.67 582.55 175.91 576.99 422.34 324.22 448.85
frame00491.jpg 333.94 173.27 585.72 178.79 581.21 425.26 328.38 450.48
frame00492.jpg 337.28 172.62 587.48 181.02 584.36 427.88 331.04 450.43
frame00493.jpg 339.36 171.26 587.92 183.63 587.24 431.25 332.72 449.54
frame00494.jpg 341.43 169.80 588.52 187.54 590.41 436.05 333.78 447.77
frame00495.jpg 343.56 168.59 589.50 192.59 594.40 441.32 334.86 444.94
frame00496.jpg 346.14 167.88 590.77 197.32 600.01 444.80 338.40 442.03
frame00497.jpg 349.96 168.64 591.97 200.89 606.27 446.18 343.71 440.04
frame00498.jpg 352.49 170.59 591.84 203.47 611.38 445.74 348.46 438.87
frame00499.jpg 353.81 172.46 590.84 205.29 615.28 444.54 352.55 438.35
frame00500.jpg 354.73 174.75 589.44 206.83 618.19 443.18 355.93 437.72
frame00501.jpg 354.41 176.22 587.66 207.63 620.05 440.81 358.49 436.26
frame00502.jpg 353.81 177.22 585.19 207.81 621.85 437.29 361.02 433.69
frame00503.jpg 352.57 177.25 582.14 206.75 623.26 431.76 363.97 429.76
frame00504.jpg 351.45 176.77 579.04 205.17 624.58 426.14 365.77 424.66
frame00505.jpg 350.41 175.76 576.58 203.45 625.06 421.17 366.40 419.72
frame00506.jpg 349.34 174.25 574.76 201.37 625.11 417.20 366.51 416.21
frame00507.jpg 348.71 172.65 573.64 199.27 624.52 414.64 365.92 414.03
frame00508.jpg 348.01 170.77 572.71 197.23 623.58 412.03 365.09 411.40
frame00509.jpg 346.65 169.02 571.43 195.46 622.78 408.92 364.20 407.70
frame00510.jpg 345.31 167.16 570.02 193.60 621.86 405.50 362.84 403.92
frame00511.jpg 344.11 165.38 568.71 191.64 621.00 402.21 361.91 400.71
frame00512.jpg 343.20 163.70 568.05 189.22 620.53 400.34 361.29 399.51
frame00513.jpg 342.88 162.39 567.92 186.84 619.69 399.12 361.17 400.38
frame00514.jpg 342.66 161.54 567.84 184.71 619.12 397.96 361.62 402.02
frame00515.jpg 342.52 161.12 567.20 182.61 619.00 395.60 363.22 402.59
frame00516.jpg 342.16 161.12 565.24 179.79 618.92 391.13 366.42 402.61
frame00517.jpg 341.83 161.04 562.62 175.78 619.02 385.43 370.60 402.75
frame00518.jpg 341.93 161.30 560.04 171.80 619.49 379.40 376.17 403.26
frame00519.jpg 342.50 162.09 557.56 167.53 620.56 372.91 382.87 404.46
frame00520.jpg 343.05 163.27 554.88 162.90 621.95 365.47 390.09 404.76
frame00521.jpg 343.42 165.00 552.09 159.46 624.11 358.09 397.02 403.89
frame00522.jpg 343.37 166.53 549.49 157.38 626.39 351.78 402.98 401.68
frame00523.jpg 343.20 167.51 547.21 156.44 628.37 346.71 407.17 398.47
frame00524.jpg 342.90 167.51 546.14 156.68 629.59 344.53 407.94 395.73
frame00525.jpg 342.21 166.29 546.94 157.76 630.39 344.81 405.26 392.07
frame00526.jpg 341.59 164.84 548.24 159.71 631.60 345.28 401.89 387.12
frame00527.jpg 340.72 163.57 549.39 162.11 632.65 345.46 398.62 381.15
frame00528.jpg 340.00 162.99 550.19 164.81 633.54 346.06 395.06 376.28
frame00529.jpg 339.58 162.49 551.59 168.14 634.16 347.69 391.15 371.95
frame00530.jpg 339.30 162.05 553.43 171.84 634.69 350.41 386.62 367.69
frame00531.jpg 339.41 161.50 555.51 175.55 634.95 353.61 381.81 363.73
frame00532.jpg 340.10 160.81 558.84 179.85 635.34 358.25 376.43 360.12
frame00533.jpg 341.51 159.91 562.63 184.81 635.25 364.07 370.72 356.24
frame00534.jpg 342.96 158.15 566.52 189.40 634.42 369.67 364.79 351.43
frame00535.jpg 344.80 155.73 570.60 194.25 633.10 374.74 358.39 344.70
frame00536.jpg 346.69 152.67 573.88 198.32 631.26 378.25 352.94 336.81
frame00537.jpg 348.60 148.96 576.96 202.02 628.70 381.90 347.11 328.70
frame00538.jpg 350.25 144.86 579.78 205.25 624.44 385.96 340.01 321.24
frame00539.jpg 351.60 140.31 582.27 208.12 619.43 389.80 332.69 313.35
frame00540.jpg 352.91 135.79 584.52 210.94 613.93 393.38 325.59 305.30
frame00541.jpg 354.05 131.41 586.35 213.82 607.65 396.71 318.15 297.22
frame00542.jpg 355.17 126.95 588.02 216.62 601.18 399.10 310.96 288.25
frame00543.jpg 356.51 122.32 589.45 219.29 594.70 400.46 304.39 278.36
frame00544.jpg 358.43 117.56 590.92 221.49 588.87 401.65 298.99 268.67
frame00545.jpg 360.59 112.11 592.58 222.95 583.24 403.28 294.44 259.96
frame00546.jpg 362.41 106.17 593.88 223.20 576.35 404.57 289.63 252.45
frame00547.jpg 363.60 100.04 594.24 223.05 568.69 405.41 284.41 245.08
frame00548.jpg 364.43 93.68 594.15 222.48 561.52 406.70 279.68 238.30
frame00549.jpg 364.94 87.33 594.18 221.60 554.86 409.39 275.25 234.11
frame00550.jpg 365.58 81.69 594.30 221.30 547.64 412.55 271.47 231.04
frame00551.jpg 366.26 76.55 594.00 222.27 539.81 417.17 267.44 228.36
frame00552.jpg 367.16 71.91 593.71 224.35 531.44 423.87 263.39 227.07
frame00553.jpg 368.00 67.94 593.21 227.68 522.45 431.36 259.32 226.93
frame00554.jpg 368.80 64.39 592.35 231.16 513.38 438.09 255.70 226.88
frame00555.jpg 369.87 61.71 591.20 236.13 503.88 444.95 252.55 226.46
frame00556.jpg 371.02 59.71 589.20 242.38 494.28 451.65 249.19 225.17
frame00557.jpg 371.97 57.95 587.25 248.81 486.25 457.42 246.68 223.45
frame00558.jpg 373.42 56.75 585.82 255.31 479.96 462.54 245.09 221.71
frame00559.jpg 375.03 55.95 584.93 261.25 475.23 467.64 244.18 220.98
frame00560.jpg 376.84 55.60 584.40 267.25 471.12 473.82 243.75 221.85
frame00561.jpg 378.43 55.59 583.46 274.40 466.23 480.74 242.93 223.51
frame00562.jpg 379.48 56.08 582.49 281.83 461.87 487.86 241.91 226.48
frame00563.jpg 380.26 56.83 581.47 289.05 458.04 494.60 240.81 229.82
frame00564.jpg 380.50 57.89 580.31 295.90 454.94 501.19 239.45 234.63
frame00565.jpg 379.79 59.44 579.41 301.56 452.91 506.53 238.22 241.39
frame00566.jpg 378.74 61.42 578.45 306.19 451.73 510.22 237.10 248.01
frame00567.jpg 377.21 64.04 577.85 309.85 451.31 513.77 236.05 256.18
frame00568.jpg 374.54 67.70 577.30 312.45 451.89 515.47 235.20 266.55
frame00569.jpg 371.82 71.92 576.86 313.03 453.51 514.88 234.86 276.15
frame00570.jpg 369.25 76.54 576.52 312.09 455.98 513.43 235.09 285.89
frame00571.jpg 366.60 81.34 576.36 310.15 459.07 510.81 235.52 295.85
frame00572.jpg 364.49 86.48 576.80 307.18 462.75 507.28 237.19 306.28
frame00573.jpg 362.64 91.70 577.89 303.58 467.43 503.93 239.25 316.03
frame00574.jpg 361.75 97.59 579.65 299.12 472.76 500.01 242.53 326.18
frame00575.jpg 361.11 102.18 582.00 293.29 479.16 496.00 246.30 335.24
frame00576.jpg 361.14 105.47 584.71 286.12 486.02 491.43 250.96 342.94
frame00577.jpg 361.30 107.65 587.09 278.48 492.46 486.55 255.68 349.47
frame00578.jpg 360.36 109.69 588.83 270.37 498.12 480.64 260.04 355.96
frame00579.jpg 358.96 113.02 590.42 262.39 503.57 474.12 264.47 362.38
frame00580.jpg 357.55 117.43 591.33 254.80 508.16 467.53 268.68 369.60
frame00581.jpg 356.38 123.74 592.07 248.90 512.02 461.59 272.87 377.79
frame00582.jpg 355.44 132.13 592.92 244.45 515.16 456.16 276.55 386.52
frame00583.jpg 354.65 140.59 593.57 241.32 517.34 452.19 279.61 394.56
frame00584.jpg 353.76 149.46 594.14 240.65 518.60 449.42 281.54 401.53
frame00585.jpg 353.30 158.07 594.83 239.92 519.77 446.38 283.30 407.63
frame00586.jpg 352.66 166.69 596.07 240.12 520.78 443.37 284.80 412.48
frame00587.jpg 352.58 173.46 597.69 239.43 522.29 439.78 286.41 415.55
frame00588.jpg 352.89 178.32 598.95 237.37 523.52 435.76 288.23 417.91
frame00589.jpg 353.31 183.26 600.37 236.21 524.25 431.94 289.49 419.51
frame00590.jpg 353.99 189.43 601.95 236.65 524.20 428.68 290.27 421.23
frame00591.jpg 354.54 196.78 603.43 238.67 523.70 425.94 290.48 423.11
frame00592.jpg 355.38 204.99 604.72 241.15 523.07 423.26 290.68 425.36
frame00593.jpg 356.42 212.91 605.96 243.25 522.71 420.41 290.89 426.89
frame00594.jpg 356.82 217.70 607.15 243.71 523.08 417.86 291.29 427.62
frame00595.jpg 357.70 219.54 608.45 241.91 524.17 414.77 292.55 427.29
frame00596.jpg 358.66 220.45 609.67 239.06 525.27 410.92 294.21 426.62
frame00597.jpg 360.31 218.68 610.46 233.82 526.82 406.05 296.61 424.83
frame00598.jpg 362.46 215.22 611.25 226.67 528.88 401.12 300.12 423.76
frame00599.jpg 365.01 211.13 611.54 218.10 530.98 395.38 303.79 423.15
frame00600.jpg 367.97 206.76 611.52 208.29 533.12 389.11 308.58 422.92
frame00601.jpg 371.71 204.14 611.53 199.83 535.05 382.87 313.47 423.20
frame00602.jpg 375.74 201.85 611.25 191.50 537.04 377.27 318.85 423.87
frame00603.jpg 379.60 197.80 610.77 182.56 539.35 372.05 324.56 424.65
frame00604.jpg 383.61 193.94 609.63 173.70 541.80 367.51 330.63 426.71
frame00605.jpg 387.51 192.36 608.82 166.31 543.78 363.56 337.02 429.26
frame00606.jpg 391.44 192.98 607.90 160.63 545.08 360.08 342.62 432.34
frame00607.jpg 396.07 196.93 607.32 158.12 545.63 356.89 347.41 436.14
frame00608.jpg 401.78 202.32 608.08 156.40 545.82 354.15 352.71 439.28
frame00609.jpg 408.35 207.37 608.45 155.71 546.09 351.80 357.78 442.36
frame00610.jpg 414.89 210.31 608.28 153.38 546.32 349.10 363.55 445.19
frame00611.jpg 421.51 210.56 606.88 150.40 547.03 346.18 369.60 447.65
frame00612.jpg 427.43 208.09 605.73 145.15 547.72 343.02 376.35 448.76
frame00613.jpg 433.44 204.48 604.36 139.83 548.65 339.86 383.21 449.55
frame00614.jpg 438.83 200.25 603.40 134.08 549.51 336.66 389.92 449.46
frame00615.jpg 444.30 196.34 602.49 127.98 550.39 333.66 396.98 449.01
frame00616.jpg 449.83 193.05 600.76 123.39 550.65 330.43 403.64 448.46
frame00617.jpg 454.41 188.98 598.47 119.84 550.90 327.46 409.56 447.49
frame00618.jpg 457.49 184.70 596.08 116.67 551.46 325.14 414.36 446.63
frame00619.jpg 458.92 180.00 593.86 113.64 551.95 323.45 418.36 444.78
frame00620.jpg 459.12 175.40 591.26 110.58 551.98 322.21 421.11 443.22
frame00621.jpg 457.33 170.37 588.12 108.73 551.88 321.53 422.10 441.30
frame00622.jpg 453.56 164.67 584.68 106.47 551.83 321.17 422.15 438.72
frame00623.jpg 448.99 160.40 581.88 105.54 551.20 321.48 420.09 437.08
frame00624.jpg 444.46 157.83 579.52 105.28 550.22 322.14 417.37 436.07
frame00625.jpg 438.44 155.53 577.68 105.23 549.62 323.17 412.47 435.11
frame00626.jpg 429.91 151.44 576.25 105.12 550.18 324.32 406.26 432.51
frame00627.jpg 419.70 146.05 575.57 104.96 551.37 326.73 398.17 429.76
frame00628.jpg 407.47 140.32 575.07 105.67 552.71 330.49 388.04 426.82
frame00629.jpg 394.36 134.22 574.49 106.88 553.44 335.20 377.04 423.46
frame00630.jpg 382.02 128.50 573.23 108.92 553.05 340.37 365.79 419.73
frame00631.jpg 369.31 123.26 571.41 111.56 552.27 345.50 353.76 416.04
frame00632.jpg 357.08 117.81 569.69 113.99 552.09 350.72 342.21 411.84
frame00633.jpg 345.24 113.07 569.15 116.81 551.69 357.01 330.12 407.95
frame00634.jpg 334.18 109.93 568.65 120.82 550.53 364.06 318.14 404.61
frame00635.jpg 324.16 108.05 568.01 124.86 548.99 370.38 306.95 401.54
frame00636.jpg 314.69 106.11 567.20 127.84 547.47 376.39 296.37 398.28
frame00637.jpg 305.56 103.93 565.47 130.03 545.47 381.08 286.65 394.96
frame00638.jpg 297.09 101.54 562.95 131.42 543.07 384.58 277.36 390.96
frame00639.jpg 288.87 98.00 559.79 131.07 540.01 386.85 268.55 386.09
frame00640.jpg 281.20 94.25 555.85 129.76 536.52 387.90 260.78 381.38
frame00641.jpg 274.39 91.22 551.13 128.45 532.46 388.90 253.36 377.66
frame00642.jpg 267.31 89.42 546.12 127.99 527.68 390.32 245.79 375.60
frame00643.jpg 260.52 89.17 541.22 128.71 522.35 392.19 238.54 374.37
frame00644.jpg 253.96 88.90 535.79 129.26 517.19 393.57 231.31 372.78
frame00645.jpg 247.45 88.42 529.92 129.22 511.98 394.67 224.42 371.81
frame00646.jpg 241.06 89.00 524.19 129.83 506.46 396.47 217.67 372.04
frame00647.jpg 234.67 90.40 518.92 131.49 500.91 399.07 211.03 373.12
frame00648.jpg 228.78 92.24 514.06 133.53 495.28 402.23 204.58 373.97
frame00649.jpg 223.02 93.31 509.19 135.50 489.48 405.30 197.90 373.76
frame00650.jpg 217.44 93.49 504.19 136.93 483.70 407.61 191.38 372.93
frame00651.jpg 212.29 93.50 499.11 137.90 477.70 409.82 185.19 371.76
frame00652.jpg 207.25 93.98 493.84 139.03 471.25 412.50 179.16 370.87
frame00653.jpg 201.92 94.35 488.34 140.30 464.59 414.75 173.01 369.83
frame00654.jpg 196.64 94.54 482.57 141.14 457.68 416.69 167.11 368.49
frame00655.jpg 191.76 94.75 476.39 141.58 450.65 418.10 161.79 366.87
frame00656.jpg 187.24 94.69 470.06 142.14 443.39 419.85 156.61 364.95
frame00657.jpg 183.03 94.94 463.65 142.95 436.21 421.21 152.31 363.13
frame00658.jpg 179.21 95.05 457.59 143.23 429.48 422.05 148.36 361.18
frame00659.jpg 176.32 94.79 451.72 143.63 422.33 423.72 144.49 359.37
frame00660.jpg 173.64 95.15 445.61 144.93 414.96 426.53 140.95 357.80
frame00661.jpg 171.40 95.80 439.73 147.52 407.32 430.62 138.08 356.70
frame00662.jpg 169.23 97.06 433.62 151.02 400.08 434.96 135.52 356.18
frame00663.jpg 167.09 98.60 427.64 154.70 392.96 439.09 134.00 355.79
frame00664.jpg 165.48 100.13 422.25 157.90 386.40 442.36 132.21 354.82
frame00665.jpg 164.13 101.18 416.53 160.44 379.61 444.68 130.18 353.65
frame00666.jpg 162.79 101.96 411.54 161.32 374.36 445.29 127.81 352.90
frame00667.jpg 161.46 102.23 407.27 161.22 369.30 445.80 125.41 352.11
frame00668.jpg 160.43 102.76 402.70 161.41 363.46 446.03 122.26 350.99
frame00669.jpg 160.32 102.61 398.83 161.52 356.80 446.81 119.26 349.44
frame00670.jpg 161.22 102.80 395.63 162.92 350.17 448.38 116.61 347.07
frame00671.jpg 163.36 101.79 393.46 165.09 343.74 449.16 114.40 343.37
frame00672.jpg 166.95 100.59 392.48 167.72 337.40 450.44 112.45 338.64
frame00673.jpg 170.61 99.35 391.91 171.27 331.14 452.24 110.90 334.05
frame00674.jpg 174.41 98.22 391.68 175.60 325.64 454.27 109.60 329.81
frame00675.jpg 177.96 97.65 392.13 180.56 321.44 456.96 108.92 326.05
frame00676.jpg 181.32 97.17 393.43 184.68 319.54 458.79 109.02 323.18
frame00677.jpg 185.66 96.88 396.37 187.86 318.70 459.30 109.65 319.91
frame00678.jpg 191.05 96.27 400.18 190.33 318.04 458.87 110.54 315.90
frame00679.jpg 197.20 95.72 404.49 191.92 317.82 456.74 111.89 311.38
frame00680.jpg 204.15 94.63 409.45 192.70 317.46 452.68 113.03 304.78
frame00681.jpg 211.22 93.22 414.01 193.24 316.95 448.80 114.52 298.05
frame00682.jpg 217.27 92.10 417.83 194.31 316.31 446.06 116.26 292.25
frame00683.jpg 222.40 91.62 421.01 195.88 316.12 443.73 117.71 287.60
frame00684.jpg 226.94 91.24 424.31 197.68 316.23 441.75 118.95 282.87
frame00685.jpg 231.49 90.71 427.94 200.03 316.62 440.40 119.99 278.25
frame00686.jpg 235.79 90.56 431.39 203.23 317.65 440.34 121.18 274.51
frame00687.jpg 239.82 90.49 435.02 206.49 319.22 440.57 122.96 271.62
frame00688.jpg 244.16 90.89 439.14 209.88 321.75 440.91 125.14 268.92
frame00689.jpg 248.78 91.46 443.58 213.29 325.06 440.91 127.56 266.26
frame00690.jpg 253.03 91.98 448.51 215.20 330.21 440.03 130.81 264.38
frame00691.jpg 257.26 92.27 454.37 215.49 337.05 437.43 134.55 262.50
frame00692.jpg 262.05 92.76 460.66 216.26 344.38 435.56 138.57 260.25
frame00693.jpg 265.88 92.80 466.83 216.63 353.29 434.70 142.67 259.75
frame00694.jpg 269.33 92.93 473.39 216.72 362.72 434.17 147.03 260.10
frame00695.jpg 273.32 93.08 479.54 218.40 370.45 434.73 150.67 259.30
frame00696.jpg 276.52 93.19 484.72 220.33 377.96 437.13 154.13 260.00
frame00697.jpg 278.93 93.02 490.23 220.90 386.44 439.27 158.46 262.57
frame00698.jpg 282.04 92.72 495.77 221.91 394.11 440.68 162.55 263.57
frame00699.jpg 285.73 92.34 501.03 223.84 400.98 442.49 166.44 263.58
frame00700.jpg 289.78 92.20 506.75 226.05 408.55 445.40 171.35 264.37
frame00701.jpg 294.39 92.05 513.28 228.34 417.22 447.81 177.00 265.54
frame00702.jpg 299.80 91.85 520.18 230.82 426.67 450.04 183.40 265.88
frame00703.jpg 305.82 91.94 527.93 233.38 437.73 452.07 190.79 266.54
frame00704.jpg 312.66 92.10 536.80 235.69 450.88 452.94 200.04 266.95
frame00705.jpg 320.91 92.41 546.06 238.62 464.72 453.28 210.20 265.90
frame00706.jpg 329.69 93.34 555.18 241.85 479.06 453.50 221.08 264.53
frame00707.jpg 338.23 94.36 563.71 244.67 493.96 452.82 232.87 263.58
frame00708.jpg 346.88 95.83 571.58 247.10 509.03 451.21 245.59 262.12
frame00709.jpg 354.77 97.04 578.26 247.86 524.75 447.87 259.25 261.38
frame00710.jpg 362.21 98.22 584.05 247.34 540.62 444.18 274.05 261.75
frame00711.jpg 369.31 99.48 589.37 245.96 555.49 441.30 288.92 264.48
frame00712.jpg 376.44 101.15 594.97 244.00 568.82 440.22 303.41 270.22
frame00713.jpg 382.87 103.04 600.27 241.93 580.21 439.36 316.43 276.85
frame00714.jpg 388.79 105.00 605.21 239.68 590.26 438.74 328.31 283.81
frame00715.jpg 394.21 106.61 609.88 237.27 598.84 438.08 339.08 290.75
frame00716.jpg 399.65 108.44 614.17 234.91 607.10 437.42 349.70 297.55
frame00717.jpg 405.37 109.86 618.57 232.60 615.51 436.09 360.76 303.12
frame00718.jpg 411.58 111.20 622.36 230.34 623.65 434.59 371.67 308.19
frame00719.jpg 417.67 112.37 626.03 227.83 630.54 432.69 382.19 312.95
frame00720.jpg 423.39 112.93 629.80 224.77 636.42 430.68 391.59 317.05
frame00721.jpg 428.74 112.66 634.18 221.40 641.33 429.05 399.34 321.25
frame00722.jpg 433.93 112.42 638.39 218.04 645.08 428.10 405.82 326.00
frame00723.jpg 438.70 111.94 642.28 214.33 648.15 426.45 411.18 330.29
frame00724.jpg 442.68 110.67 646.25 209.96 650.32 423.56 415.63 333.96
frame00725.jpg 446.21 109.52 649.07 205.13 651.75 421.09 419.81 338.49
frame00726.jpg 449.23 108.78 652.11 200.61 652.04 418.68 422.93 342.64
frame00727.jpg 451.50 107.99 654.94 196.10 652.14 416.58 424.59 346.12
frame00728.jpg 453.08 107.54 657.06 192.50 652.04 414.40 425.41 348.81
frame00729.jpg 454.27 106.79 658.39 189.28 651.77 411.88 426.10 350.66
frame00730.jpg 454.38 105.76 659.27 185.71 651.07 409.05 426.34 352.05
frame00731.jpg 454.06 105.09 659.30 182.56 650.07 406.90 425.44 353.23
frame00732.jpg 452.14 104.19 659.42 179.22 648.87 405.14 424.35 354.78
frame00733.jpg 450.78 104.78 659.19 177.13 646.97 403.79 422.46 356.95
frame00734.jpg 449.48 105.97 658.22 175.32 644.31 402.37 420.54 359.55
frame00735.jpg 447.54 107.18 657.60 173.56 641.85 401.50 418.51 361.67
frame00736.jpg 445.45 108.50 656.96 172.35 639.29 400.84 415.89 364.50
frame00737.jpg 443.21 109.95 656.47 171.50 637.17 400.48 413.51 366.97
frame00738.jpg 441.01 111.00 656.10 170.56 635.45 400.34 410.76 368.74
frame00739.jpg 438.88 112.35 656.08 170.19 633.54 400.91 407.29 371.35
frame00740.jpg 436.77 114.65 655.99 170.13 630.73 401.42 403.43 374.28
frame00741.jpg 433.49 116.91 655.41 169.79 627.86 400.99 399.85 377.13
frame00742.jpg 430.01 119.43 654.11 168.36 625.37 399.33 396.57 378.42
frame00743.jpg 425.94 119.68 651.56 165.38 622.99 396.11 393.86 378.74
frame00744.jpg 421.53 118.54 648.32 161.20 620.71 392.56 390.78 378.42
frame00745.jpg 416.69 117.37 645.26 157.78 617.59 389.55 386.32 378.17
frame00746.jpg 411.34 116.03 642.12 154.35 614.53 386.67 382.21 377.20
frame00747.jpg 406.37 113.82 638.52 150.66 612.24 383.86 378.57 375.84
frame00748.jpg 401.33 111.17 635.17 146.91 609.92 381.67 374.68 374.69
frame00749.jpg 396.28 109.82 632.08 144.52 607.07 380.42 370.68 374.57
frame00750.jpg 391.60 109.54 628.73 143.06 604.05 379.23 366.69 374.98
frame00751.jpg 386.81 108.91 624.96 140.81 601.30 377.76 363.11 375.20
frame00752.jpg 381.85 108.44 621.10 138.46 598.42 375.87 359.62 375.88
frame00753.jpg 377.33 108.15 617.06 136.12 595.54 373.72 356.53 376.45
frame00754.jpg 373.16 107.37 613.23 133.29 592.99 371.53 353.88 376.61
frame00755.jpg 369.14 106.48 609.65 130.95 590.58 369.93 351.32 377.10
frame00756.jpg 365.88 105.93 606.73 129.46 588.44 368.86 348.91 377.10
frame00757.jpg 363.16 105.26 604.50 128.30 586.70 368.50 346.82 377.40
frame00758.jpg 360.98 105.22 602.26 128.21 584.98 368.46 345.00 378.30
frame00759.jpg 358.66 105.47 600.06 127.74 583.31 368.40 343.41 379.49
frame00760.jpg 356.62 106.40 597.36 128.03 581.93 368.93 341.70 381.57
frame00761.jpg 354.47 107.73 595.63 128.49 580.41 370.04 339.73 383.44
frame00762.jpg 351.94 108.80 593.56 129.33 578.81 371.47 337.21 385.36
frame00763.jpg 348.91 110.14 591.77 129.99 577.08 372.85 334.57 387.69
frame00764.jpg 344.81 111.71 589.38 130.45 574.67 373.52 331.11 389.93
frame00765.jpg 340.11 113.43 586.14 130.07 571.98 373.69 327.41 392.53
frame00766.jpg 335.56 114.99 582.65 129.52 569.41 373.60 324.33 395.27
frame00767.jpg 331.03 117.14 578.99 128.83 566.98 372.73 321.50 398.57
frame00768.jpg 326.78 119.30 575.50 127.75 564.71 371.51 318.80 401.68
frame00769.jpg 322.63 120.60 571.81 126.66 561.59 370.78 315.87 403.82
frame00770.jpg 318.11 121.57 568.15 126.59 558.05 371.20 311.85 405.16
frame00771.jpg 314.02 121.38 564.97 127.31 555.17 372.05 308.04 404.85
frame00772.jpg 310.36 120.41 562.98 127.79 553.49 372.97 303.81 402.62
frame00773.jpg 306.77 117.32 563.08 127.64 553.82 374.40 299.33 397.31
frame00774.jpg 303.75 112.35 564.94 126.75 555.98 376.61 294.78 389.75
frame00775.jpg 301.60 107.23 567.52 125.94 558.03 379.19 290.68 382.03
frame00776.jpg 300.26 103.23 569.84 125.57 558.79 381.75 286.98 375.22
frame00777.jpg 299.23 101.02 571.12 125.03 558.60 383.47 284.18 370.22
frame00778.jpg 298.31 100.16 571.52 124.99 557.53 385.83 281.92 366.46
frame00779.jpg 297.15 99.64 571.65 125.38 556.50 387.73 280.04 363.62
frame00780.jpg 297.17 99.18 572.00 125.19 555.97 389.13 279.40 361.14
frame00781.jpg 297.14 99.06 572.06 125.20 554.90 390.34 278.52 359.23
frame00782.jpg 296.37 98.98 570.83 124.90 552.94 391.04 276.99 357.65
frame00783.jpg 294.33 98.81 568.81 124.51 550.55 391.11 275.13 356.60
frame00784.jpg 291.86 99.17 566.18 123.80 548.55 390.90 273.39 356.67
frame00785.jpg 289.45 99.69 564.08 123.18 547.22 391.08 272.03 357.36
frame00786.jpg 288.09 100.70 563.14 123.78 546.45 392.89 271.12 358.87
frame00787.jpg 286.65 102.12 562.38 125.70 545.16 395.17 269.70 360.47
frame00788.jpg 284.66 103.41 560.95 127.06 543.52 396.22 268.41 361.65
frame00789.jpg 282.42 104.41 558.78 127.82 541.29 395.87 266.41 362.83
frame00790.jpg 279.45 105.37 555.44 127.79 538.72 394.88 264.07 363.69
frame00791.jpg 276.29 106.52 551.69 128.21 535.73 395.00 261.14 365.07
frame00792.jpg 273.34 107.32 548.42 129.42 532.87 395.98 257.90 365.91
frame00793.jpg 271.07 107.15 546.04 130.57 530.54 396.27 255.22 366.20
frame00794.jpg 269.00 107.05 544.07 130.97 528.69 396.27 253.58 366.69
frame00795.jpg 267.84 107.76 542.76 132.21 527.29 396.12 253.02 367.24
frame00796.jpg 267.15 108.70 541.14 133.03 526.16 394.98 252.95 367.74
frame00797.jpg 267.25 109.55 539.68 133.46 525.42 393.38 253.19 367.90
frame00798.jpg 267.16 109.69 538.25 134.28 523.58 392.91 251.97 368.03
frame00799.jpg 265.19 109.87 535.44 135.55 520.39 393.36 248.99 367.85
frame00800.jpg 262.04 110.11 532.12 135.20 517.77 391.85 247.52 368.07
frame00801.jpg 260.69 111.78 530.24 134.90 516.40 390.04 247.78 367.96
frame00802.jpg 260.18 111.02 528.55 135.05 514.05 389.85 246.54 365.66
frame00803.jpg 260.19 110.25 527.43 136.17 511.95 390.75 245.54 363.03
frame00804.jpg 260.82 108.56 527.10 136.84 510.47 391.37 244.91 360.01
frame00805.jpg 261.12 107.37 527.01 137.68 508.96 392.08 244.42 357.89
frame00806.jpg 261.36 105.19 527.12 138.18 507.69 392.42 243.66 354.65
frame00807.jpg 262.09 102.49 528.09 138.37 507.02 392.30 243.86 351.24
frame00808.jpg 264.10 99.15 529.61 137.92 507.15 391.44 244.39 347.56
frame00809.jpg 265.66 97.86 530.35 137.39 507.38 391.57 245.14 346.83
frame00810.jpg 264.95 100.77 528.93 137.84 506.52 392.55 245.49 349.25
frame00811.jpg 261.90 106.18 524.96 138.97 504.13 394.11 244.71 353.35
frame00812.jpg 257.50 112.04 519.33 140.70 500.39 395.70 242.45 357.47
frame00813.jpg 252.03 117.30 512.72 142.27 496.09 396.58 239.08 361.41
frame00814.jpg 246.80 122.47 506.06 143.03 492.53 396.66 236.15 365.76
frame00815.jpg 242.49 126.51 500.48 142.96 489.74 396.13 233.83 368.74
frame00816.jpg 239.45 128.52 496.74 142.70 487.73 395.52 231.84 369.85
frame00817.jpg 238.13 127.87 495.19 142.34 486.28 395.09 230.62 368.71
frame00818.jpg 237.71 125.71 494.96 142.01 485.31 394.68 229.76 366.47
frame00819.jpg 238.04 123.02 495.62 141.44 484.94 394.01 229.41 363.82
frame00820.jpg 238.61 120.39 496.37 140.50 484.83 393.16 229.18 361.59
frame00821.jpg 238.90 118.41 496.84 139.34 484.83 391.87 229.22 359.92
frame00822.jpg 239.55 116.70 497.33 138.09 484.96 391.00 229.61 358.14
frame00823.jpg 240.35 115.75 497.69 138.14 484.69 391.19 229.91 357.00
frame00824.jpg 241.23 115.07 498.12 138.68 484.49 391.82 230.14 355.66
frame00825.jpg 242.05 114.43 498.61 139.61 484.11 393.23 230.39 354.92
frame00826.jpg 242.65 114.31 499.16 141.28 483.66 394.82 230.57 354.22
frame00827.jpg 243.21 113.47 499.96 142.16 483.61 395.47 230.50 352.94
frame00828.jpg 244.14 111.73 501.17 141.84 484.02 394.95 230.24 351.64
frame00829.jpg 244.73 110.18 502.16 140.80 484.80 393.83 230.45 350.86
frame00830.jpg 245.41 109.37 503.23 139.47 485.99 392.57 231.00 350.54
frame00831.jpg 246.24 108.72 504.04 138.21 487.22 391.47 231.46 350.69
frame00832.jpg 246.38 109.44 504.46 137.69 488.04 391.48 232.06 351.89
frame00833.jpg 246.07 110.91 504.42 137.72 488.83 391.51 232.71 353.20
frame00834.jpg 245.59 112.01 504.24 137.23 489.57 390.75 232.71 354.88
frame00835.jpg 244.84 113.51 503.65 136.61 490.17 390.00 232.76 356.97
frame00836.jpg 243.98 115.32 502.86 136.34 490.67 389.53 232.89 359.09
frame00837.jpg 243.63 116.65 502.49 136.19 490.94 388.88 232.82 360.34
frame00838.jpg 243.31 117.07 502.21 135.89 491.06 388.25 232.81 360.98
frame00839.jpg 243.51 117.21 502.25 135.92 491.28 387.96 233.08 360.94
