frame ulx uly urx ury lrx lry llx lly
frame00001.jpg 286.00 180.00 544.00 180.00 544.00 390.00 286.00 390.00
frame00002.jpg 287.19 179.15 545.16 179.61 544.62 389.40 286.52 389.74
frame00003.jpg 287.83 178.34 545.38 179.11 545.13 388.81 288.04 388.05
frame00004.jpg 289.14 178.24 545.94 178.62 545.46 388.57 287.96 387.15
frame00005.jpg 288.61 176.82 546.08 178.14 544.82 387.74 287.40 386.51
frame00006.jpg 284.38 175.79 541.78 178.24 540.68 386.53 284.03 386.65
frame00007.jpg 283.00 175.68 539.69 178.11 538.50 386.69 280.86 384.98
frame00008.jpg 282.56 174.39 539.24 177.76 538.19 386.45 281.31 384.15
frame00009.jpg 282.62 174.94 539.05 177.54 538.02 385.70 282.00 384.35
frame00010.jpg 283.29 174.77 539.12 177.54 537.60 386.21 281.72 383.42
frame00011.jpg 283.11 174.33 538.81 178.33 537.25 386.07 281.74 383.15
frame00012.jpg 283.12 174.55 538.39 179.16 536.99 386.74 281.42 383.78
frame00013.jpg 283.65 176.93 538.46 179.43 536.45 387.28 281.28 384.43
frame00014.jpg 283.44 176.89 537.88 180.32 536.21 387.40 281.11 384.96
frame00015.jpg 283.68 177.81 537.63 181.00 535.30 388.77 281.70 385.51
frame00016.jpg 282.99 179.00 537.02 182.99 534.54 390.04 280.70 386.60
frame00017.jpg 282.65 178.64 536.86 184.68 533.45 390.93 280.23 385.83
frame00018.jpg 283.47 178.48 536.14 185.74 532.72 390.95 279.34 384.36
frame00019.jpg 283.46 176.17 535.82 183.98 531.97 388.68 279.98 381.17
frame00020.jpg 284.35 173.91 535.66 182.23 532.11 386.72 281.36 377.99
frame00021.jpg 288.25 171.85 538.98 180.27 535.41 383.77 285.06 375.51
frame00022.jpg 292.90 169.72 543.07 178.34 539.26 381.19 290.09 371.93
frame00023.jpg 297.18 168.05 546.56 176.42 542.97 378.09 294.63 370.37
frame00024.jpg 302.22 166.28 550.19 173.95 546.17 375.59 299.62 367.30
frame00025.jpg 306.45 164.69 553.30 172.90 549.94 373.51 303.46 365.27
frame00026.jpg 309.16 167.01 555.17 173.54 551.39 374.20 306.04 367.05
frame00027.jpg 308.71 171.41 553.43 176.93 549.68 376.50 306.33 370.48
frame00028.jpg 306.56 174.79 550.20 178.89 546.91 377.49 303.99 372.84
frame00029.jpg 305.71 177.73 547.95 182.11 544.74 379.96 303.71 374.91
frame00030.jpg 305.53 181.36 546.82 186.56 543.92 382.18 303.71 378.41
frame00031.jpg 306.71 182.71 546.20 187.36 542.90 382.04 303.58 377.51
frame00032.jpg 306.36 183.77 544.29 189.37 541.02 382.68 304.35 378.00
frame00033.jpg 306.21 187.65 541.80 194.30 537.57 386.72 301.67 381.32
frame00034.jpg 304.69 191.97 538.97 199.25 535.02 389.04 301.84 384.13
frame00035.jpg 305.05 195.50 537.01 201.73 533.94 389.49 301.63 385.72
frame00036.jpg 305.69 196.79 536.28 201.69 534.61 387.52 303.81 386.16
frame00037.jpg 308.08 197.51 536.59 199.98 535.96 383.68 307.03 385.10
frame00038.jpg 310.39 197.68 537.11 198.06 537.56 380.42 310.84 384.17
frame00039.jpg 314.01 197.40 538.39 196.81 539.40 377.94 316.30 382.65
frame00040.jpg 316.90 197.13 539.94 196.08 540.61 375.05 318.90 380.30
frame00041.jpg 319.28 195.40 540.03 194.56 541.09 371.47 321.56 378.14
frame00042.jpg 323.62 193.90 542.39 193.06 544.35 368.58 326.54 375.71
frame00043.jpg 329.59 193.29 545.85 191.84 547.55 366.20 330.98 373.30
frame00044.jpg 335.12 191.69 549.96 190.61 551.82 363.21 338.25 370.61
frame00045.jpg 341.76 190.25 554.41 190.31 556.24 361.55 343.76 367.94
frame00046.jpg 346.27 189.15 557.78 190.38 558.45 360.03 347.94 365.89
frame00047.jpg 349.21 188.56 558.65 190.09 558.41 358.29 350.02 363.19
frame00048.jpg 349.82 186.55 557.88 189.65 557.02 356.34 350.68 360.27
frame00049.jpg 352.47 186.77 557.65 189.94 556.73 355.67 352.17 358.17
frame00050.jpg 354.16 188.72 557.28 193.07 555.87 357.37 353.13 359.74
frame00051.jpg 353.47 192.76 555.17 196.57 553.29 359.25 352.28 361.44
frame00052.jpg 352.46 195.62 551.78 200.12 549.82 361.38 350.46 362.86
frame00053.jpg 350.77 197.40 548.16 203.80 546.57 363.00 349.84 363.28
frame00054.jpg 350.58 200.61 545.72 206.87 543.11 365.46 347.89 364.47
frame00055.jpg 349.32 201.66 542.89 209.30 539.55 365.52 346.14 363.63
frame00056.jpg 347.85 201.43 539.56 209.67 535.78 364.92 344.00 361.51
frame00057.jpg 345.15 201.04 535.25 209.96 531.64 363.63 341.62 359.89
frame00058.jpg 342.72 201.39 531.11 210.50 527.51 362.15 338.35 359.37
frame00059.jpg 340.24 202.44 526.93 210.61 523.52 361.41 336.30 358.11
frame00060.jpg 337.97 202.57 523.87 211.11 520.35 360.25 335.26 358.00
frame00061.jpg 337.12 203.25 520.71 211.63 517.54 359.63 333.53 356.81
frame00062.jpg 335.38 203.92 517.82 212.15 513.72 359.22 331.34 355.47
frame00063.jpg 333.71 203.36 514.27 212.87 510.74 358.27 329.11 354.52
frame00064.jpg 332.50 203.88 511.59 212.84 508.29 357.23 328.89 352.96
frame00065.jpg 331.39 203.60 508.98 212.34 505.81 355.06 328.35 352.02
frame00066.jpg 331.72 204.53 507.28 211.29 504.87 353.07 328.98 350.31
frame00067.jpg 331.97 204.45 506.23 209.78 504.15 350.60 329.25 349.01
frame00068.jpg 332.60 203.88 505.37 209.26 503.08 348.78 330.51 346.84
frame00069.jpg 332.05 202.10 503.49 209.06 501.00 346.95 330.05 344.14
frame00070.jpg 330.81 199.63 501.00 206.89 497.81 342.58 327.93 340.17
frame00071.jpg 328.88 193.77 498.08 201.10 495.21 335.46 327.73 333.34
frame00072.jpg 330.42 188.30 497.81 194.11 496.24 327.94 328.41 325.99
frame00073.jpg 335.10 185.11 501.47 189.63 500.50 323.66 334.13 322.83
frame00074.jpg 339.60 184.05 504.98 188.29 504.44 321.22 339.52 321.71
frame00075.jpg 344.51 184.66 508.30 187.47 508.11 319.94 343.91 319.91
frame00076.jpg 347.58 184.54 510.67 187.33 509.68 319.54 346.42 319.46
frame00077.jpg 348.91 183.68 511.20 187.93 509.76 318.84 347.99 317.92
frame00078.jpg 349.78 183.58 510.97 188.94 508.80 319.28 347.93 316.94
frame00079.jpg 350.22 183.90 510.69 189.74 508.30 319.39 348.18 316.81
frame00080.jpg 350.67 183.11 510.25 190.15 507.40 318.95 347.81 315.59
frame00081.jpg 349.81 182.86 509.28 190.03 506.58 318.83 347.45 315.06
frame00082.jpg 350.18 182.35 508.54 190.11 505.72 318.20 347.28 314.04
frame00083.jpg 348.93 182.11 507.01 189.47 504.11 317.11 345.57 313.21
frame00084.jpg 346.27 180.22 504.18 188.20 500.71 315.88 342.84 311.33
frame00085.jpg 345.85 179.87 502.96 187.59 499.75 315.01 342.04 309.93
frame00086.jpg 344.38 178.66 501.68 186.64 498.10 313.86 341.33 308.77
frame00087.jpg 342.54 178.31 499.54 186.39 496.22 313.58 339.25 309.11
frame00088.jpg 339.66 179.80 497.02 188.60 493.55 315.56 336.66 311.35
frame00089.jpg 337.36 182.72 494.36 190.97 491.01 318.25 333.59 314.06
frame00090.jpg 335.71 184.80 492.71 192.70 490.19 319.56 333.21 316.89
frame00091.jpg 334.62 186.79 491.67 193.15 489.50 320.37 332.27 318.75
frame00092.jpg 334.74 189.60 491.82 195.13 490.27 322.86 333.18 322.50
frame00093.jpg 334.41 196.23 491.23 200.61 490.66 328.22 333.35 329.45
frame00094.jpg 335.90 199.38 493.34 201.94 493.95 329.26 336.18 332.98
frame00095.jpg 342.04 201.67 499.35 201.50 501.73 328.89 343.73 334.24
frame00096.jpg 349.16 202.29 506.46 199.93 509.77 327.80 352.58 336.05
frame00097.jpg 354.69 205.17 512.45 201.92 515.92 329.67 357.83 340.86
frame00098.jpg 358.04 209.77 515.27 205.36 519.30 333.42 362.49 344.84
frame00099.jpg 360.39 211.59 517.21 206.39 520.76 334.50 364.14 345.73
frame00100.jpg 362.12 209.68 518.76 204.29 522.62 332.22 365.78 344.21
frame00101.jpg 362.98 207.18 519.71 201.17 523.25 328.87 366.89 341.88
frame00102.jpg 362.76 206.58 519.12 199.88 523.46 327.62 366.96 341.92
frame00103.jpg 361.71 200.48 518.74 194.76 522.22 320.36 367.77 334.87
frame00104.jpg 360.02 191.66 515.80 184.91 519.93 311.15 365.54 326.33
frame00105.jpg 359.69 185.53 514.85 179.99 518.20 306.99 364.59 319.60
frame00106.jpg 361.89 178.92 516.66 177.21 519.32 303.81 365.57 313.89
frame00107.jpg 365.04 172.14 519.72 172.81 520.98 299.22 366.98 307.91
frame00108.jpg 367.28 167.05 521.28 168.01 522.42 294.43 368.60 302.49
frame00109.jpg 369.10 162.31 523.34 164.09 524.38 290.35 370.86 299.23
frame00110.jpg 371.20 161.17 524.48 161.23 525.38 287.73 372.43 295.98
frame00111.jpg 369.76 160.16 522.59 159.36 523.88 286.29 371.14 296.42
frame00112.jpg 367.23 167.04 520.10 169.45 520.62 295.49 368.38 304.33
frame00113.jpg 363.03 174.35 515.05 177.45 515.63 303.27 364.23 311.30
frame00114.jpg 360.34 182.71 511.92 184.74 513.02 310.91 362.26 319.81
frame00115.jpg 362.31 188.41 513.10 187.12 516.13 312.53 366.14 323.54
frame00116.jpg 368.32 189.64 519.28 186.80 523.06 312.20 372.60 325.21
frame00117.jpg 374.49 190.75 525.15 187.28 528.71 312.89 378.93 326.22
frame00118.jpg 378.73 192.96 528.78 189.80 531.68 315.28 382.64 328.20
frame00119.jpg 381.08 198.28 530.57 195.50 532.96 321.13 384.14 333.26
frame00120.jpg 380.63 203.54 529.97 201.40 532.09 327.23 383.39 339.81
frame00121.jpg 379.80 210.18 528.60 209.36 530.70 334.28 382.53 345.80
frame00122.jpg 379.47 216.19 527.76 214.02 530.20 339.19 381.66 351.96
frame00123.jpg 379.92 218.38 528.25 215.92 531.18 340.26 382.85 353.79
frame00124.jpg 381.98 219.43 530.28 214.66 534.51 339.12 386.12 354.70
frame00125.jpg 386.06 219.43 534.10 212.91 538.93 337.48 390.77 354.37
frame00126.jpg 388.76 218.66 536.77 210.98 541.74 335.30 394.37 353.23
frame00127.jpg 390.40 216.63 538.74 209.20 543.74 333.77 395.60 351.92
frame00128.jpg 390.72 215.29 539.06 207.86 543.78 332.32 396.22 350.18
frame00129.jpg 386.79 214.18 534.64 205.71 539.40 330.24 390.88 349.54
frame00130.jpg 383.95 213.18 532.11 203.82 537.70 328.44 390.23 348.52
frame00131.jpg 383.38 212.97 531.11 201.89 537.34 326.66 389.56 347.85
frame00132.jpg 382.20 211.43 530.31 200.33 536.91 325.17 389.75 346.60
frame00133.jpg 382.73 210.04 530.72 199.51 536.81 324.29 388.98 345.35
frame00134.jpg 382.32 206.94 530.70 196.99 536.86 321.57 389.53 342.25
frame00135.jpg 382.29 203.08 531.15 193.78 536.49 317.69 388.94 338.16
frame00136.jpg 381.59 199.06 530.38 189.39 535.93 314.04 388.36 334.47
frame00137.jpg 377.44 195.87 526.35 186.30 531.57 311.09 383.62 331.44
frame00138.jpg 372.18 192.98 521.19 183.63 526.24 308.58 377.86 328.93
frame00139.jpg 367.87 189.64 517.28 180.93 522.07 305.74 373.28 325.89
frame00140.jpg 366.02 186.15 515.52 178.17 520.32 303.42 371.76 322.33
frame00141.jpg 366.34 181.55 515.52 174.69 520.35 300.07 371.53 317.86
frame00142.jpg 367.23 177.07 516.71 170.34 521.55 295.55 372.07 314.11
frame00143.jpg 371.35 171.22 520.19 165.23 526.82 289.54 379.59 307.10
frame00144.jpg 381.07 163.77 529.85 157.99 538.88 281.60 390.86 301.32
frame00145.jpg 392.69 157.24 541.60 149.36 549.65 274.61 399.67 294.92
frame00146.jpg 401.26 151.15 551.97 142.44 558.95 269.82 410.41 289.21
frame00147.jpg 408.12 149.31 558.96 140.88 565.25 268.39 415.27 287.95
frame00148.jpg 412.91 146.99 563.69 138.86 569.02 266.74 419.32 285.32
frame00149.jpg 417.32 143.08 568.36 135.73 575.04 262.82 425.38 281.24
frame00150.jpg 422.56 136.61 574.16 128.83 579.95 256.68 430.10 275.07
frame00151.jpg 425.69 133.17 577.27 125.68 581.33 254.60 430.81 271.73
frame00152.jpg 424.32 131.47 576.15 125.61 578.91 255.14 428.79 270.39
frame00153.jpg 420.70 131.12 572.46 127.47 574.87 256.96 424.27 271.27
frame00154.jpg 418.21 133.77 569.73 131.20 571.43 261.12 420.49 273.21
frame00155.jpg 416.48 134.75 568.13 133.14 570.09 262.25 418.49 274.72
frame00156.jpg 415.81 135.30 567.96 133.20 569.86 262.53 418.48 275.43
frame00157.jpg 415.40 135.06 567.64 132.63 569.87 262.43 418.85 275.64
frame00158.jpg 415.47 136.98 568.01 135.14 570.04 265.34 418.35 278.13
frame00159.jpg 415.97 139.90 568.11 138.41 569.92 268.46 418.16 281.07
frame00160.jpg 415.59 142.67 568.25 141.46 569.57 271.38 417.70 283.32
frame00161.jpg 415.05 143.78 567.72 144.55 568.61 275.01 415.91 285.82
frame00162.jpg 412.38 145.95 565.44 148.57 565.30 278.65 413.62 287.90
frame00163.jpg 407.96 149.07 560.98 152.91 559.64 283.31 407.27 291.33
frame00164.jpg 403.42 152.22 556.22 156.12 555.20 286.77 403.04 294.33
frame00165.jpg 399.67 155.58 552.77 157.82 552.06 288.79 399.03 297.05
frame00166.jpg 398.77 157.67 552.52 160.14 553.90 290.91 402.19 301.28
frame00167.jpg 404.22 161.04 558.67 162.52 559.81 293.54 406.29 303.73
frame00168.jpg 408.21 163.76 563.06 163.41 564.82 294.92 411.15 305.75
frame00169.jpg 410.92 165.11 566.32 163.81 568.63 295.14 414.05 307.51
frame00170.jpg 412.26 162.08 568.92 159.96 570.96 291.75 415.49 303.71
frame00171.jpg 413.22 157.04 570.60 154.91 573.03 287.09 416.50 299.92
frame00172.jpg 412.98 153.94 571.40 151.67 573.61 285.11 415.42 297.62
frame00173.jpg 409.76 152.76 569.99 149.51 572.75 283.13 413.85 297.53
frame00174.jpg 407.32 150.62 569.13 145.61 572.61 280.19 412.36 295.81
frame00175.jpg 407.34 148.25 570.34 142.22 574.32 278.49 412.18 294.24
frame00176.jpg 406.63 147.42 571.48 142.34 574.58 279.42 410.45 293.88
frame00177.jpg 403.57 145.48 570.09 140.88 572.74 279.14 407.63 293.28
frame00178.jpg 399.61 146.28 567.07 141.78 569.76 281.29 402.74 294.45
frame00179.jpg 394.11 148.29 563.61 143.18 566.82 283.43 398.86 298.45
frame00180.jpg 391.16 151.81 562.34 145.07 566.20 286.14 396.11 302.72
frame00181.jpg 388.91 155.64 561.21 147.52 565.45 289.97 393.03 307.25
frame00182.jpg 384.53 159.19 558.69 151.66 562.19 294.76 389.81 310.84
frame00183.jpg 377.64 161.77 552.75 157.06 555.09 300.87 379.88 314.08
frame00184.jpg 367.91 164.08 543.58 161.51 544.53 305.86 367.59 316.68
frame00185.jpg 356.98 165.99 534.38 164.33 535.16 308.89 359.19 319.20
frame00186.jpg 349.45 167.52 528.09 167.76 528.17 313.06 350.68 321.22
frame00187.jpg 343.48 169.49 522.68 170.54 522.50 316.19 342.54 323.52
frame00188.jpg 336.71 169.16 517.54 169.76 517.29 315.40 337.50 322.89
frame00189.jpg 330.97 166.92 512.79 165.90 513.30 311.99 332.07 321.02
frame00190.jpg 324.78 164.55 508.11 162.34 509.27 308.40 328.12 319.15
frame00191.jpg 320.00 161.02 503.68 157.14 505.29 304.52 322.90 315.25
frame00192.jpg 314.45 158.74 499.14 154.13 501.13 301.88 317.91 313.85
frame00193.jpg 308.96 156.90 494.37 150.75 496.78 299.28 312.87 311.80
frame00194.jpg 304.48 154.90 489.93 148.42 492.99 297.29 307.68 310.28
frame00195.jpg 299.34 152.74 485.93 144.63 489.39 293.83 303.96 308.12
frame00196.jpg 294.65 151.98 481.92 141.72 486.57 291.83 300.09 308.29
frame00197.jpg 290.36 152.29 478.38 140.89 482.83 292.02 295.73 308.44
frame00198.jpg 284.04 153.39 473.11 141.62 477.75 293.96 289.59 311.66
frame00199.jpg 279.60 156.69 469.43 144.18 474.54 297.30 285.75 315.25
frame00200.jpg 277.16 157.72 468.01 144.84 473.58 298.47 283.63 317.19
frame00201.jpg 275.92 160.25 467.36 145.92 474.00 300.19 282.62 320.86
frame00202.jpg 274.50 161.85 467.50 146.79 474.62 302.36 282.11 323.40
frame00203.jpg 273.64 164.60 468.29 149.21 475.43 305.26 282.20 327.39
frame00204.jpg 273.19 164.94 468.96 148.77 476.61 305.79 281.83 328.17
frame00205.jpg 273.44 165.38 470.25 149.06 478.20 308.04 281.76 329.26
frame00206.jpg 273.61 165.92 471.80 150.60 479.36 310.56 281.26 330.48
frame00207.jpg 273.02 166.34 473.07 150.43 480.77 311.38 281.61 332.03
frame00208.jpg 273.22 166.24 474.63 150.75 482.38 313.27 281.26 333.80
frame00209.jpg 272.60 167.28 476.16 150.92 483.92 314.68 281.51 335.94
frame00210.jpg 272.14 168.06 477.36 150.47 485.55 315.71 281.36 337.81
frame00211.jpg 269.77 169.72 477.43 151.00 485.54 317.66 279.13 341.15
frame00212.jpg 263.53 172.06 473.35 153.03 481.05 321.59 273.10 346.31
frame00213.jpg 258.21 182.44 468.96 163.83 477.60 333.72 268.05 357.95
frame00214.jpg 255.36 189.26 467.41 169.52 476.77 340.39 265.20 365.24
frame00215.jpg 254.29 193.52 467.83 172.88 477.62 344.70 265.04 369.74
frame00216.jpg 254.54 194.46 469.37 173.83 479.05 346.61 264.94 371.17
frame00217.jpg 254.60 193.98 471.02 173.99 480.13 347.94 264.67 371.56
frame00218.jpg 254.41 193.79 472.17 174.27 481.00 349.38 263.80 372.74
frame00219.jpg 251.15 195.06 470.73 176.17 478.71 352.91 259.45 377.06
frame00220.jpg 246.36 198.91 467.53 180.72 475.44 358.87 254.98 382.44
frame00221.jpg 242.14 204.78 464.48 186.06 472.39 365.01 250.53 388.64
frame00222.jpg 237.93 210.48 461.40 191.12 470.04 370.96 246.80 396.22
frame00223.jpg 235.51 214.72 459.99 194.99 469.13 375.16 244.83 400.54
frame00224.jpg 233.98 218.11 459.38 197.51 469.21 378.47 243.63 405.40
frame00225.jpg 233.37 222.92 459.30 200.36 469.73 381.87 244.13 409.86
frame00226.jpg 232.38 225.61 459.06 202.02 469.80 383.76 243.49 412.60
frame00227.jpg 231.17 225.71 458.64 202.24 469.44 384.04 242.10 413.05
frame00228.jpg 230.29 223.95 458.50 201.25 469.10 383.51 240.80 411.50
frame00229.jpg 229.83 220.27 458.77 199.33 468.55 381.76 239.95 408.14
frame00230.jpg 227.74 216.04 457.75 194.99 467.12 378.16 237.16 404.53
frame00231.jpg 222.19 214.02 452.75 192.29 461.97 376.12 232.24 402.33
frame00232.jpg 217.09 212.30 448.13 190.82 457.80 375.09 226.97 401.56
frame00233.jpg 213.72 210.35 445.78 189.33 455.68 373.40 224.30 400.63
frame00234.jpg 211.16 207.40 443.46 185.85 453.63 370.50 221.45 398.53
frame00235.jpg 207.41 207.25 440.40 184.49 450.81 369.60 218.46 399.92
frame00236.jpg 202.40 207.93 435.65 183.59 446.65 369.06 213.46 401.46
frame00237.jpg 198.09 207.32 432.00 182.95 443.28 368.37 209.29 401.25
frame00238.jpg 194.94 203.23 429.58 180.88 440.25 366.59 205.12 398.21
frame00239.jpg 192.27 199.44 427.65 178.23 437.94 364.30 203.36 393.59
frame00240.jpg 190.06 194.85 426.00 174.55 435.83 361.10 200.24 389.75
frame00241.jpg 191.37 192.23 427.64 172.87 438.11 360.63 201.82 387.69
frame00242.jpg 195.56 191.79 432.14 173.26 441.62 362.04 205.46 386.89
frame00243.jpg 200.27 192.75 436.96 175.02 446.86 364.34 210.42 388.61
frame00244.jpg 208.90 196.42 445.16 176.97 456.60 366.63 220.06 390.50
frame00245.jpg 220.08 195.84 456.81 176.87 467.26 366.45 230.85 387.84
frame00246.jpg 227.31 192.00 464.22 173.46 473.29 363.99 237.88 383.76
frame00247.jpg 230.19 190.23 467.42 173.67 474.85 365.54 239.44 381.68
frame00248.jpg 231.14 189.58 468.77 175.47 475.34 367.59 238.54 383.76
frame00249.jpg 235.55 188.12 473.47 177.23 479.92 369.67 241.25 383.46
frame00250.jpg 242.68 188.11 481.00 178.45 487.61 371.47 249.37 383.47
frame00251.jpg 250.72 187.53 489.32 178.93 494.53 372.01 256.43 380.76
frame00252.jpg 255.93 185.16 495.19 175.91 499.38 369.32 260.90 380.05
frame00253.jpg 260.07 181.20 498.95 173.64 502.09 367.53 263.06 374.96
frame00254.jpg 261.68 176.61 500.80 171.71 503.19 365.97 264.53 372.10
frame00255.jpg 263.48 172.61 502.97 171.15 504.60 365.74 264.88 369.03
frame00256.jpg 266.60 170.67 505.73 171.07 507.12 365.74 264.98 367.13
frame00257.jpg 270.12 169.52 509.75 170.05 510.94 365.06 270.76 366.23
frame00258.jpg 273.38 168.57 513.22 169.39 514.18 364.59 274.93 365.09
frame00259.jpg 274.95 168.51 514.79 169.20 515.24 364.57 276.21 365.12
frame00260.jpg 274.90 168.68 514.10 169.21 514.39 364.44 275.28 364.10
frame00261.jpg 273.38 168.69 512.75 168.51 513.30 363.75 274.83 363.97
frame00262.jpg 273.81 169.96 512.79 168.69 514.17 364.13 275.38 365.06
frame00263.jpg 275.39 171.02 514.36 169.37 515.73 364.46 276.32 366.80
frame00264.jpg 276.42 170.99 515.79 169.07 517.03 364.06 278.41 365.31
frame00265.jpg 277.73 170.31 517.09 168.91 517.98 363.86 279.03 364.87
frame00266.jpg 278.73 170.04 517.70 169.05 518.39 363.91 279.19 365.49
frame00267.jpg 279.66 170.44 518.16 169.37 518.79 364.23 281.16 365.32
frame00268.jpg 279.87 169.91 518.69 169.50 518.73 364.43 280.88 365.32
frame00269.jpg 280.22 168.86 519.12 169.72 518.75 364.48 280.34 364.39
frame00270.jpg 280.49 169.10 519.51 169.61 518.88 364.90 280.19 363.16
frame00271.jpg 280.30 169.16 520.00 169.63 519.17 364.45 280.14 364.65
frame00272.jpg 279.98 168.78 519.86 169.23 519.78 363.96 279.88 365.50
frame00273.jpg 280.00 168.44 520.08 168.58 520.14 363.19 279.80 365.61
frame00274.jpg 279.71 166.40 519.95 168.15 519.84 362.60 278.57 365.51
frame00275.jpg 279.75 165.66 520.18 167.05 519.49 361.74 278.98 363.93
frame00276.jpg 280.25 164.76 520.16 166.49 518.95 361.40 278.02 362.20
frame00277.jpg 278.79 163.14 519.69 166.37 517.75 360.81 277.21 361.07
frame00278.jpg 276.77 163.68 517.73 166.25 515.34 360.62 274.66 361.16
frame00279.jpg 273.85 164.37 514.81 166.10 513.31 360.99 272.09 361.66
frame00280.jpg 272.51 165.99 512.18 166.74 511.54 361.63 270.23 362.43
frame00281.jpg 269.95 165.74 509.89 166.41 509.32 360.64 268.90 362.22
frame00282.jpg 266.19 165.24 505.79 165.61 504.19 359.88 264.38 361.37
frame00283.jpg 260.86 163.09 500.09 164.86 498.08 358.65 259.82 359.63
frame00284.jpg 255.05 159.46 494.39 164.22 491.17 357.54 253.89 355.97
frame00285.jpg 249.67 159.27 488.37 163.60 485.27 356.33 247.95 355.07
frame00286.jpg 245.12 158.05 483.84 163.00 481.34 355.48 243.70 353.98
frame00287.jpg 241.79 158.19 480.36 162.59 478.32 354.83 240.45 354.42
frame00288.jpg 238.90 158.76 476.79 162.30 474.68 354.69 237.19 354.14
frame00289.jpg 235.19 158.37 473.01 162.22 470.84 354.48 233.46 353.54
frame00290.jpg 231.85 158.47 469.42 162.36 467.95 354.58 230.33 354.17
frame00291.jpg 229.46 159.67 466.94 163.37 465.33 355.56 228.44 355.33
frame00292.jpg 227.86 161.03 464.69 165.44 462.90 357.89 225.63 356.64
frame00293.jpg 226.83 163.14 463.39 167.48 461.85 359.44 225.09 357.87
frame00294.jpg 226.68 165.59 463.16 169.64 462.22 361.53 224.94 360.69
frame00295.jpg 229.82 167.27 465.76 172.00 465.34 363.68 228.01 361.91
frame00296.jpg 235.29 168.74 470.65 174.20 469.77 365.83 232.07 362.12
frame00297.jpg 240.01 171.63 475.02 178.68 473.29 370.76 234.87 366.54
frame00298.jpg 244.24 173.85 479.06 182.70 476.64 374.30 239.87 368.12
frame00299.jpg 249.29 176.99 483.92 186.56 481.44 378.11 245.80 371.11
frame00300.jpg 255.70 178.88 490.14 188.36 488.35 379.97 252.39 371.86
frame00301.jpg 263.82 179.67 498.89 189.56 496.93 381.58 260.87 372.48
frame00302.jpg 272.75 180.60 507.72 191.35 504.94 383.63 268.49 372.57
frame00303.jpg 279.88 181.81 515.34 192.51 511.69 384.74 275.46 373.39
frame00304.jpg 286.19 182.04 521.97 193.33 518.00 386.02 281.79 374.41
frame00305.jpg 292.76 182.05 529.17 194.60 525.11 387.65 288.44 375.26
frame00306.jpg 299.38 181.58 536.39 195.76 531.91 389.37 294.57 375.73
frame00307.jpg 306.19 182.47 543.36 196.78 538.36 390.48 300.50 376.29
frame00308.jpg 311.85 180.55 549.40 197.26 543.69 390.92 305.31 375.92
frame00309.jpg 317.10 180.68 554.52 196.24 549.27 390.26 310.94 375.63
frame00310.jpg 323.15 179.92 560.63 195.08 554.85 389.13 316.71 373.92
frame00311.jpg 326.90 177.71 564.69 193.33 558.37 387.65 319.98 372.61
frame00312.jpg 328.99 176.69 567.02 192.67 560.11 387.40 322.23 372.32
frame00313.jpg 329.44 177.48 567.84 192.73 560.28 387.61 322.38 372.20
frame00314.jpg 328.74 179.03 567.44 192.73 560.56 388.00 322.13 372.57
frame00315.jpg 330.33 179.83 568.20 193.43 561.85 389.00 322.68 372.74
frame00316.jpg 330.11 179.74 567.84 193.29 561.50 388.98 322.54 373.22
frame00317.jpg 327.33 181.11 565.88 193.34 559.31 388.96 319.49 374.33
frame00318.jpg 323.95 182.04 562.09 193.64 555.39 389.08 315.88 375.23
frame00319.jpg 319.33 183.30 556.98 194.08 550.20 388.93 311.49 376.00
frame00320.jpg 313.35 182.65 551.29 194.00 544.29 388.71 305.80 376.48
frame00321.jpg 308.64 182.77 546.09 193.72 539.46 388.29 300.47 376.27
frame00322.jpg 303.26 182.47 540.50 193.13 533.96 387.58 295.50 375.69
frame00323.jpg 296.84 180.24 534.20 192.09 526.88 386.82 288.51 373.59
frame00324.jpg 289.09 177.42 526.86 191.18 519.02 385.48 280.44 372.06
frame00325.jpg 283.49 175.85 521.60 189.60 514.34 383.79 276.23 370.84
frame00326.jpg 280.43 173.88 518.33 187.11 512.44 381.08 273.15 368.40
frame00327.jpg 277.57 171.82 516.15 182.78 510.62 376.03 272.14 365.57
frame00328.jpg 274.06 168.97 512.39 177.58 507.13 371.34 268.42 362.72
frame00329.jpg 269.42 167.60 507.89 174.80 503.02 368.46 264.39 361.03
frame00330.jpg 264.61 163.99 503.06 171.24 498.70 364.52 259.70 357.51
frame00331.jpg 259.45 161.18 497.84 167.28 493.36 360.72 254.70 354.26
frame00332.jpg 251.87 158.26 490.33 163.67 485.50 357.17 246.29 351.43
frame00333.jpg 242.99 155.51 482.18 160.67 478.05 354.90 239.09 349.31
frame00334.jpg 235.47 152.25 475.72 156.51 471.42 350.57 232.66 346.82
frame00335.jpg 227.93 149.65 468.48 153.37 464.71 347.99 225.28 344.77
frame00336.jpg 219.25 147.10 460.73 150.19 457.50 344.74 216.74 343.07
frame00337.jpg 212.00 144.05 454.13 147.32 451.06 342.32 210.17 341.41
frame00338.jpg 206.70 141.42 449.68 144.52 447.00 339.92 205.01 339.15
frame00339.jpg 204.22 137.77 447.98 140.19 446.30 335.94 204.05 336.30
frame00340.jpg 201.23 135.94 445.97 136.67 444.69 333.33 201.09 336.23
frame00341.jpg 196.54 136.73 442.09 134.80 441.61 332.80 197.95 337.77
frame00342.jpg 192.68 133.73 439.51 133.54 438.65 331.90 193.92 335.80
frame00343.jpg 191.44 132.11 438.56 132.53 437.61 331.76 191.75 334.52
frame00344.jpg 191.51 131.02 439.10 131.82 439.29 331.48 191.99 333.66
frame00345.jpg 194.65 129.73 442.50 131.41 443.37 331.73 196.18 332.28
frame00346.jpg 198.79 129.61 447.76 130.83 448.03 332.52 200.64 333.05
frame00347.jpg 203.45 131.87 452.84 133.87 453.10 336.13 205.11 337.25
frame00348.jpg 207.87 133.28 457.82 136.74 458.72 338.92 208.69 339.82
frame00349.jpg 215.73 134.41 465.59 137.52 467.08 339.99 218.49 340.16
frame00350.jpg 227.24 135.08 477.42 138.26 478.75 341.25 229.55 340.65
frame00351.jpg 238.79 135.49 489.09 139.72 489.43 342.64 240.47 340.85
frame00352.jpg 249.44 136.66 499.36 141.04 498.79 343.83 250.16 341.26
frame00353.jpg 259.17 138.35 508.72 142.27 508.81 345.22 260.16 343.13
frame00354.jpg 271.03 141.54 519.99 143.37 521.42 345.83 273.30 345.25
frame00355.jpg 282.13 145.12 530.44 144.62 532.78 346.51 284.72 349.34
frame00356.jpg 292.61 150.04 540.01 147.03 542.96 349.55 295.66 353.11
frame00357.jpg 300.98 157.36 547.07 153.84 549.20 355.89 302.69 359.83
frame00358.jpg 304.77 167.68 549.44 162.55 551.58 364.43 306.95 369.40
frame00359.jpg 306.93 183.88 553.70 157.75 551.51 362.07 309.19 381.34
frame00360.jpg 305.02 196.37 551.50 164.96 551.60 357.65 307.09 391.32
frame00361.jpg 305.60 204.69 550.69 168.29 552.11 356.56 305.97 398.31
frame00362.jpg 307.75 208.01 541.45 176.35 553.92 357.79 308.74 405.31
frame00363.jpg 310.06 211.65 543.27 179.52 556.06 360.81 311.80 408.79
frame00364.jpg 313.45 212.46 548.36 178.88 558.86 375.14 321.93 411.17
frame00365.jpg 316.43 214.92 549.42 180.33 561.46 378.61 322.38 413.40
frame00366.jpg 317.16 217.58 550.25 183.73 561.80 382.09 320.57 416.68
frame00367.jpg 317.65 219.52 550.43 186.13 561.70 383.91 320.41 416.84
frame00368.jpg 318.71 219.17 552.17 186.73 562.30 384.73 322.14 415.46
frame00369.jpg 320.50 218.07 553.61 185.99 564.04 383.79 325.50 413.39
frame00370.jpg 323.80 218.82 555.26 185.79 566.49 383.27 328.43 411.74
frame00371.jpg 326.97 220.78 559.03 186.90 569.32 384.42 332.85 412.20
frame00372.jpg 331.20 222.32 569.31 189.46 573.25 386.84 337.13 412.40
frame00373.jpg 335.69 217.87 581.10 193.90 578.75 404.24 348.19 411.42
frame00374.jpg 343.70 217.89 581.07 209.40 586.61 403.65 349.09 410.55
frame00375.jpg 352.37 215.01 589.39 210.15 593.94 404.30 357.39 406.24
frame00376.jpg 360.92 214.17 597.16 209.39 599.54 404.49 363.23 401.95
frame00377.jpg 367.21 210.93 603.90 209.20 605.39 404.36 367.59 400.22
frame00378.jpg 373.23 207.43 611.15 208.27 611.87 402.49 372.79 397.64
frame00379.jpg 378.30 202.73 617.02 203.32 616.77 397.91 378.14 392.76
frame00380.jpg 382.82 197.59 621.79 200.36 620.03 396.20 380.45 387.74
frame00381.jpg 383.88 194.27 623.61 197.61 620.26 394.88 379.67 383.44
frame00382.jpg 380.81 191.60 621.93 195.61 617.79 393.86 377.68 383.51
frame00383.jpg 380.34 188.59 621.18 193.94 619.71 387.74 377.98 380.04
frame00384.jpg 379.93 180.70 622.43 184.17 620.79 378.47 380.04 373.54
frame00385.jpg 381.27 176.53 625.09 177.92 621.94 378.20 379.87 369.68
frame00386.jpg 379.56 172.07 622.63 172.81 621.27 373.63 378.24 366.37
frame00387.jpg 377.29 173.50 621.87 175.49 617.81 379.49 373.88 369.51
frame00388.jpg 370.14 173.92 617.49 179.36 611.07 380.84 366.08 371.91
frame00389.jpg 365.10 177.68 611.97 181.39 606.70 384.33 358.40 375.89
frame00390.jpg 360.02 176.48 608.71 180.36 603.96 383.18 358.50 374.52
frame00391.jpg 357.43 171.13 607.39 176.22 602.75 381.93 352.32 371.61
frame00392.jpg 354.66 170.03 606.76 176.75 601.10 381.97 351.80 370.55
frame00393.jpg 351.04 169.26 605.10 174.61 600.79 379.44 350.34 373.16
frame00394.jpg 354.21 170.11 607.99 171.55 604.24 381.93 351.69 373.69
frame00395.jpg 353.92 169.10 609.65 171.59 608.28 379.73 353.84 372.34
frame00396.jpg 355.53 166.17 610.96 170.45 609.83 379.55 353.68 373.81
frame00397.jpg 355.80 166.49 613.28 169.37 609.25 378.69 353.91 372.03
frame00398.jpg 357.06 166.42 616.10 168.36 612.34 380.19 358.44 373.21
frame00399.jpg 363.24 169.06 620.07 169.40 621.78 383.10 365.30 374.89
frame00400.jpg 371.69 167.47 631.03 172.19 631.68 380.67 375.86 376.37
frame00401.jpg 382.18 165.45 643.76 168.05 642.84 381.40 382.43 373.59
frame00402.jpg 391.52 163.90 651.48 161.18 647.63 375.05 388.91 367.32
frame00403.jpg 394.36 160.99 653.77 156.28 653.14 372.32 391.53 365.33
frame00404.jpg 391.55 158.78 654.57 155.75 651.52 368.98 395.18 363.44
frame00405.jpg 390.50 159.77 650.07 155.62 649.21 369.75 389.04 366.32
frame00406.jpg 386.29 158.88 648.31 155.59 643.45 368.16 384.24 363.60
frame00407.jpg 382.08 160.11 643.62 155.69 640.50 365.94 384.17 363.17
frame00408.jpg 378.66 154.90 637.85 152.67 636.79 365.64 377.94 361.77
frame00409.jpg 372.80 150.19 633.68 151.34 631.44 361.88 373.51 360.11
frame00410.jpg 367.24 147.24 628.85 147.09 624.77 359.30 368.30 354.62
frame00411.jpg 358.18 143.66 619.63 146.34 615.45 357.28 357.92 353.78
frame00412.jpg 351.75 143.89 611.39 145.35 607.35 356.66 349.79 352.30
frame00413.jpg 345.54 142.21 605.73 144.65 602.24 355.36 343.58 352.12
frame00414.jpg 343.23 142.44 603.71 143.52 601.85 354.53 344.28 351.84
frame00415.jpg 342.55 143.51 602.85 142.11 602.00 353.81 343.84 353.45
frame00416.jpg 344.11 145.16 603.78 143.06 603.06 354.72 345.83 353.68
frame00417.jpg 343.34 144.90 602.69 143.94 600.82 355.26 343.93 353.17
frame00418.jpg 342.12 144.75 600.81 144.13 599.21 355.25 342.57 352.84
