frame ulx uly urx ury lrx lry llx lly
frame00001.jpg 265 119 581 119 581 411 265 411 
frame00002.jpg 265.946 119.469 582.237 119.982 582.133 412.114 265.701 411.705 
frame00003.jpg 267.173 119.56 583.682 120.987 582.695 413.283 267.121 411.779 
frame00004.jpg 268.799 118.783 585.16 121.451 582.946 413.206 267.229 411.461 
frame00005.jpg 270.962 118.898 586.578 122.051 583.679 413.798 269.003 411.648 
frame00006.jpg 271.733 119.559 587.31 122.345 583.629 413.762 269.395 411.355 
frame00007.jpg 271.629 119.146 586.526 123.143 582.238 412.633 269.199 410.918 
frame00008.jpg 270.267 120.086 585.186 124.171 579.986 413.75 267.031 412.07 
frame00009.jpg 268.469 120.659 582.972 125.604 577.88 414.309 265.078 412.843 
frame00010.jpg 266.798 120.811 581.777 126.485 576.172 413.894 264.065 413.375 
frame00011.jpg 266.218 120.184 581.53 125.518 575.759 412.71 263.26 412.564 
frame00012.jpg 265.27 119.463 580.878 125.008 575.536 411.439 262.429 411.99 
frame00013.jpg 264.529 118.631 580.166 124.71 574.76 411.332 261.676 412.065 
frame00014.jpg 262.573 118.405 579.286 125.151 573.669 411.674 260.048 412.257 
frame00015.jpg 261.807 118.434 578.364 126.049 572.403 411.841 258.622 412.978 
frame00016.jpg 261.837 117.713 578.769 126.244 572.267 411.761 258.346 412.831 
frame00017.jpg 261.377 119.114 578.627 128.361 571.178 414.041 257.22 414.571 
frame00018.jpg 260.319 119.225 578.126 129.094 569.894 414.634 256.069 414.669 
frame00019.jpg 260.866 118.175 578.581 129.579 569.989 414.482 256.654 414.31 
frame00020.jpg 261.816 117.822 579.141 130.867 570.238 414.923 256.683 414.27 
frame00021.jpg 262.261 116.988 579.941 131.447 570.043 414.697 257.314 414.481 
frame00022.jpg 262.271 116.361 580.408 132.055 569.102 414.144 256.503 413.781 
frame00023.jpg 261.982 114.651 580.424 132.051 568.477 413.48 255.551 412.666 
frame00024.jpg 261.976 112.257 580.623 131.034 568.118 412.277 254.798 411.428 
frame00025.jpg 262.79 111.854 581.594 131.545 568.284 412.076 255.116 411.544 
frame00026.jpg 262.857 110.042 582.625 130.062 567.727 411.165 254.826 410.102 
frame00027.jpg 262.985 108.688 583.354 129.674 567.903 410.912 255.352 409.299 
frame00028.jpg 263.705 108.884 584.624 129.854 568.639 412.973 256.06 410.359 
frame00029.jpg 264.298 109.095 584.963 131.631 568.866 414.219 255.276 411.07 
frame00030.jpg 264.213 109.346 585.764 132.094 569.031 414.657 254.21 411.7 
frame00031.jpg 264.28 109.654 586.356 132.917 568.921 415.721 254.227 412.678 
frame00032.jpg 263.858 110.27 586.884 134.237 568.635 416.723 254.638 413.802 
frame00033.jpg 264.562 110.423 588.102 134.324 569.378 416.729 255.046 413.864 
frame00034.jpg 264.718 109.403 588.606 133.977 569.547 416.08 254.782 412.982 
frame00035.jpg 264.66 109.687 589.22 135.423 569.368 416.774 254.478 413.469 
frame00036.jpg 265.508 108.196 589.882 134.479 569.761 414.844 255.01 412.423 
frame00037.jpg 266.495 107.393 590.573 134.004 570.247 413.393 256.146 411.923 
frame00038.jpg 267.411 107.032 591.567 132.97 570.605 412.607 256.73 411.982 
frame00039.jpg 268.144 107.835 592.661 133.733 570.693 413.141 256.739 413.539 
frame00040.jpg 268.757 107.685 592.9 133.211 570.544 412.463 256.602 412.92 
frame00041.jpg 269.624 107.783 593.751 132.757 571.192 411.839 257.483 413.56 
frame00042.jpg 270.473 107.436 595.147 131.649 572.36 410.979 258.708 413.772 
frame00043.jpg 271.036 107.884 596.048 132.136 572.352 411.356 259.651 414.608 
frame00044.jpg 271.79 106.475 596.604 130.811 572.169 409.688 260.214 413.567 
frame00045.jpg 271.815 105.01 597.539 129.891 572.097 408.264 260.115 412.396 
frame00046.jpg 271.897 104.221 597.852 130.959 571.363 408.305 260.289 412.013 
frame00047.jpg 272.499 105.018 597.22 132.658 570.297 409.599 259.036 412.695 
frame00048.jpg 273.954 104.776 598.742 134.635 569.337 410.277 260.043 412.905 
frame00049.jpg 275.28 105.549 599.112 137.015 568.22 411.83 259.73 413.659 
frame00050.jpg 277.959 106.514 600.548 139.411 568.101 413.503 261.475 414.449 
frame00051.jpg 281.158 107.29 602.317 142.226 568.26 414.726 262.324 415.931 
frame00052.jpg 282.957 110.361 602.674 145.764 567.074 417.354 262.052 418.604 
frame00053.jpg 285.736 113.249 605.362 149.694 567.543 420.13 263.989 420.53 
frame00054.jpg 288.881 114.113 607.739 151.884 567.656 421.719 264.51 420.903 
frame00055.jpg 290.9 113.768 609.027 152.892 567.719 422.794 266.269 420.633 
frame00056.jpg 294.096 114.661 610.413 154.658 568.249 424.145 266.948 421.091 
frame00057.jpg 296.687 112.75 612.818 155.032 568.07 423.285 267.66 419.279 
frame00058.jpg 299.386 111.071 614.794 154.279 568.441 421.974 268.548 417.036 
frame00059.jpg 301.332 110.077 616.462 155.088 568.447 421.643 269.631 415.891 
frame00060.jpg 302.041 108.075 616.967 156.02 567.482 420.798 269.7 414.471 
frame00061.jpg 302.075 106.407 616.459 156.502 566.873 419.919 268.262 413.973 
frame00062.jpg 302.338 105.363 617.044 155.289 566.939 418.414 268.286 412.033 
frame00063.jpg 301.627 104.208 616.423 154.167 565.641 417.135 266.403 411.759 
frame00064.jpg 300.612 103.414 615.503 153.688 564.413 416.39 264.844 411.6 
frame00065.jpg 299.173 102.876 614.576 153.238 563.154 415.082 263.112 411.505 
frame00066.jpg 297.73 102.11 613.379 152.873 561.546 413.963 261.167 410.169 
frame00067.jpg 297.259 100.94 612.276 153.018 560.569 413.391 259.725 409.409 
frame00068.jpg 296.911 99.8716 612.195 152.979 559.211 413.492 259.315 409.469 
frame00069.jpg 297.259 99.2606 612.181 153.128 558.853 413.193 259.596 410.091 
frame00070.jpg 296.85 98.6657 611.198 152.723 557.777 412.098 260.09 408.902 
frame00071.jpg 297.932 97.0127 611.775 151.418 557.131 410.171 260.318 407.207 
frame00072.jpg 298.691 95.8345 610.937 150.895 555.841 408.664 259.664 406.911 
frame00073.jpg 300.444 94.8361 611.495 150.12 555.669 407.341 260.099 406.449 
frame00074.jpg 302.093 97.2073 612.232 152.541 555.755 409.436 261.68 409.214 
frame00075.jpg 303.081 100.015 612.421 156.026 554.531 412.24 261.714 412.266 
frame00076.jpg 305.336 103.227 612.375 158.974 554.965 414.155 262.808 415.111 
frame00077.jpg 307.271 105.753 613.231 159.603 555.995 414.791 264.548 416.356 
frame00078.jpg 309.9 108.76 613.826 161.959 556.641 416.615 265.661 419.69 
frame00079.jpg 310.134 110.346 613.762 163.647 556.257 416.851 265.42 420.462 
frame00080.jpg 311.68 113.068 614.288 165.999 556.331 418.651 265.857 422.303 
frame00081.jpg 312.326 114 613.741 168.665 554.152 419.761 265.17 422.77 
frame00082.jpg 314.439 113.871 613.615 170.46 553.284 419.488 265.036 422.085 
frame00083.jpg 316.884 113.717 615.103 171.736 552.738 419.984 266.12 421.476 
frame00084.jpg 320.064 114.868 615.786 173.112 552.31 420.646 267.312 421.875 
frame00085.jpg 320.48 114.534 614.808 174.796 550.303 421.475 266.988 422.022 
frame00086.jpg 324.021 115.218 615.973 176.204 551.193 422.139 269.203 421.987 
frame00087.jpg 325.077 115.629 615.179 177.462 550.191 421.683 268.696 422.176 
frame00088.jpg 326.061 115.109 616.749 176.036 551.205 420.304 270.258 419.878 
frame00089.jpg 326.798 114.567 616.37 175.332 550.618 419.797 270.295 419.221 
frame00090.jpg 327.225 113.642 616.157 174.761 550.569 418.714 271.08 418.914 
frame00091.jpg 327.686 114.026 615.955 175.831 550.646 418.731 271.209 420.374 
frame00092.jpg 329.622 115.485 615.909 175.669 551.129 417.294 273.341 419.849 
frame00093.jpg 329.205 113.375 616.737 173.55 550.627 413.194 275.343 418.055 
frame00094.jpg 332.457 115.496 617.301 173.986 551.921 412.916 277.61 419.781 
frame00095.jpg 334.518 115.819 615.053 172.777 549.115 409.751 278.536 418.273 
frame00096.jpg 336.136 116.359 614.674 172.543 548.666 407.906 279.725 417.911 
frame00097.jpg 336.563 114.907 611.943 171.873 546.054 405.677 278.663 416.38 
frame00098.jpg 336.096 114.303 609.734 172.234 544.099 404.748 278.074 416.017 
frame00099.jpg 338.45 115.66 607.478 173.169 541.822 405.232 277.595 417.247 
frame00100.jpg 339.831 116.668 605.466 173.113 539.232 404.551 277.821 417.419 
frame00101.jpg 342.062 119.34 602.771 175.92 536.244 405.411 278.323 417.923 
frame00102.jpg 345.805 121.63 602.656 178.502 535.052 406.521 279.989 418.384 
frame00103.jpg 350.573 122.592 603.089 181.091 534.587 406.538 284.548 417.343 
frame00104.jpg 357.905 124.748 603.925 186.198 533.507 409.144 287.653 417.599 
frame00105.jpg 364.237 127.843 604.512 190.139 532.383 412.436 290.732 418.381 
frame00106.jpg 370.753 129.972 606.314 194.277 532.779 415.233 295.965 419.257 
frame00107.jpg 375.993 136.127 606.656 200.593 532.357 419.449 298.7 421.174 
frame00108.jpg 377.616 142.173 604.965 208.434 530.455 425.181 299.238 425.482 
frame00109.jpg 378.11 147.725 603.81 211.948 530.428 428.698 299.445 428.667 
frame00110.jpg 378.369 151.55 602.365 214.753 530.574 431.309 300.182 431.054 
frame00111.jpg 376.269 154.03 599.467 217.317 529.698 433.645 298.569 432.167 
frame00112.jpg 373.378 153.691 596.933 216.736 529.901 433.128 298.471 432.421 
frame00113.jpg 369.919 153.758 593.859 214.814 530.155 432.959 296.4 432.757 
frame00114.jpg 366.32 152.828 591.516 211.772 532.255 431.115 297.197 432.132 
frame00115.jpg 361.211 151.654 588.769 207.917 533.948 428.749 299.091 430.586 
frame00116.jpg 356.862 148.891 585.785 202.322 536.884 426.403 297.32 430.335 
frame00117.jpg 352.329 146.716 584.61 197.312 541.267 423.757 300.231 428.489 
frame00118.jpg 348.118 145.703 584.744 192.656 546.427 421.986 302.395 428.269 
frame00119.jpg 343.389 143.604 584.47 187.889 550.381 419.835 302.79 427.396 
frame00120.jpg 338.343 142.335 584.605 184.214 555.359 420.178 302.871 429.276 
frame00121.jpg 333.17 142.111 586.198 180.402 561.625 419.736 303.013 431.094 
frame00122.jpg 327.914 142.644 586.868 177.378 566.752 420.406 303.101 432.483 
frame00123.jpg 324.306 144.336 589.791 174.469 571.998 420.275 303.302 435.765 
frame00124.jpg 323.751 146.405 593.89 171.306 579.996 423.176 306.019 437.989 
frame00125.jpg 320.2 146.834 595.648 167.23 586.251 423.81 305.107 438.72 
frame00126.jpg 320.12 148.084 600.429 166.195 593.054 426.67 307.063 440.406 
frame00127.jpg 321.578 149.306 605.639 165.373 600.1 429.632 310.393 441.008 
frame00128.jpg 325.175 150.628 612.16 164.999 608.69 433.438 315.162 441.407 
frame00129.jpg 327.289 150.928 615.594 165.376 612.77 435.592 317.181 441.687 
frame00130.jpg 330.358 151.357 620.658 166.241 618.312 439.726 319.276 441.342 
frame00131.jpg 332.173 153.267 624.605 168.055 622.338 443.749 320.193 442.684 
frame00132.jpg 332.877 154.873 628.132 169.747 625.758 446.473 321.026 443.596 
frame00133.jpg 335.044 156.077 632.606 169.926 630.87 449.879 324.234 443.469 
frame00134.jpg 335.213 157.216 634.74 169.829 633.214 452.533 324.01 444.845 
frame00135.jpg 334.961 158.776 636.105 169.879 635.58 455.453 322.832 446.699 
frame00136.jpg 333.833 160.537 636.361 169.823 636.97 458.259 321.179 448.035 
frame00137.jpg 331.773 160.633 635.763 168.842 635.234 459.615 318.454 447.95 
frame00138.jpg 330.263 162.426 635.91 167.135 637.684 461.232 316.789 448.76 
frame00139.jpg 328.77 162.972 635.853 164.804 638.343 461.077 316.935 448.292 
frame00140.jpg 327.299 164.457 634.177 162.954 638.724 460.946 315.952 449.622 
frame00141.jpg 326.363 166.124 633.141 159.979 640.098 461.483 315.112 450.386 
frame00142.jpg 323.649 167.663 631.054 158.719 638.56 462.283 312.615 451.997 
frame00143.jpg 320.194 168.204 627.543 156.577 635.759 462.041 310.445 451.779 
frame00144.jpg 317.276 171.189 624.164 156.357 632.947 464.045 307.629 454.325 
frame00145.jpg 314.514 173.65 621.058 154.41 630.407 465.793 304.692 455.439 
frame00146.jpg 311.437 175.236 617.746 152.845 627.367 466.231 302.586 456.425 
frame00147.jpg 308.311 175.297 613.636 149.638 625.208 464.667 299.715 455.968 
frame00148.jpg 306.493 172.663 611.054 144.777 623.559 460.738 298.666 452.244 
frame00149.jpg 306.004 172.148 609.383 140.382 623.396 459.226 298.472 451.106 
frame00150.jpg 303.469 169.417 605.284 135.218 621.246 455.368 295.586 448.515 
frame00151.jpg 301.062 167.172 601.517 130.263 619.534 451.287 293.825 446.005 
frame00152.jpg 300.941 166.921 599.025 125.665 619.151 449.853 294.273 445.265 
frame00153.jpg 297.634 165.21 595.552 118.081 616.07 446.343 292.779 444.58 
frame00154.jpg 296.384 165.741 592.327 113.09 613.28 445.206 292.577 444.503 
frame00155.jpg 295.079 166.926 588.437 110.094 611.571 444.458 292.489 446.132 
frame00156.jpg 294.149 168.49 583.733 105.154 608.777 444.539 292.383 448.009 
frame00157.jpg 292.547 170.925 578.964 98.821 604.972 444.275 291.66 449.117 
frame00158.jpg 290.246 172.225 573.602 95.7355 599.324 442.997 290.661 450.474 
frame00159.jpg 289.207 174.913 567.553 93.5505 595.446 442.861 290.562 453.212 
frame00160.jpg 288.836 177.527 562.991 91.4374 593.66 444.035 291.475 456.016 
frame00161.jpg 288.493 179.357 559.755 88.2561 590.925 444.26 292.544 456.988 
frame00162.jpg 288.362 181.196 557.031 85.9328 588.637 444.125 292.991 457.936 
frame00163.jpg 287.874 182.712 553.558 84.8388 587.742 444.49 292.544 458.494 
frame00164.jpg 287.029 183.841 550.392 83.7029 584.945 443.945 291.733 459.321 
frame00165.jpg 287.698 185.06 547.914 83.1248 583.162 443.027 292.759 460.466 
frame00166.jpg 287.988 185.565 547.015 80.4471 582.732 442.479 293.992 460.251 
frame00167.jpg 287.482 187.206 544.824 79.7363 581.859 439.643 293.54 461.255 
frame00168.jpg 286.612 189.285 542.12 80.7536 579.641 437.67 292.947 463.587 
frame00169.jpg 286.328 190.23 540.452 80.2056 578.843 434.907 292.804 464.252 
frame00170.jpg 285.241 191.861 538.491 80.832 578.499 434.329 292.867 466.016 
frame00171.jpg 284.606 194.573 536.724 79.7493 579.614 433.105 292.314 467.559 
frame00172.jpg 283.405 196.263 534.026 80.5816 577.267 431.436 292.184 468.813 
frame00173.jpg 282.172 197.192 530.562 79.7062 575.246 426.958 292.903 470.252 
frame00174.jpg 280.365 200.021 526.164 76.6083 573.706 419.605 292.898 471.728 
frame00175.jpg 278.034 202.305 522.133 73.8813 571.092 413.238 293.468 472.764 
frame00176.jpg 275.749 207.941 518.124 71.4811 572.708 406.315 293.55 477.223 
frame00177.jpg 273.224 209.45 513.819 66.4786 572.37 394.301 294.625 478.884 
frame00178.jpg 270.88 218.211 510.06 65.4919 573.469 388.618 294.987 485.932 
frame00179.jpg 266.876 224.674 504.226 67.4284 571.676 382.217 295.239 491.569 
frame00180.jpg 264.991 229.553 499.898 64.481 572.406 376.933 295.802 494.282 
frame00181.jpg 263.393 234.945 494.071 62.2074 574.123 371.861 296.445 498.547 
frame00182.jpg 262.302 240.07 489.354 58.9598 575.53 361.497 298.173 500.1 
frame00183.jpg 258.462 244.244 483.714 59.0703 572.333 357.227 297.477 502.401 
frame00184.jpg 254.622 250.668 475.915 58.1233 568.548 354.58 296.124 506.336 
frame00185.jpg 249.39 254.59 466.949 55.2101 566.148 345.336 293.057 507.557 
frame00186.jpg 243.115 259.859 456.971 55.0002 556.213 334.537 290.131 509.944 
frame00187.jpg 236.627 263.226 448.794 53.737 551.125 325.977 287.285 510.902 
frame00188.jpg 231.697 265.63 440.79 50.4915 547.65 314.658 285.954 510.261 
frame00189.jpg 226.115 269.003 433.835 50.876 546.417 306.194 282.892 513.196 
frame00190.jpg 222.366 270.872 428.51 49.5157 542.976 299.3 281.933 513.743 
frame00191.jpg 217.335 274.348 423.179 50.6816 538.444 294.784 281.423 515.449 
frame00192.jpg 213.707 277.863 419.89 52.1855 536.701 290.713 280.824 518.64 
frame00193.jpg 210.566 280.132 416.598 52.4532 535.137 288.457 279.958 520.41 
frame00194.jpg 207.242 282.316 414.179 53.2332 534.877 286.928 279.76 521.884 
frame00195.jpg 202.476 283.348 410.661 54.2298 534.511 287.477 276.773 523.511 
frame00196.jpg 196.208 282.691 408.533 54.361 531.944 286.711 272.065 522.818 
frame00197.jpg 190.952 282.368 407.011 55.8271 530.754 288.675 267.198 526.376 
frame00198.jpg 185.533 281.28 407.732 57.7251 530.733 292.871 263.24 527.902 
frame00199.jpg 177.6 275.144 409.386 57.0537 529.59 295.762 257.968 526.047 
frame00200.jpg 175.342 269.57 415.331 59.3435 532.969 300.507 255.381 525.752 
frame00201.jpg 173.368 263.017 422.71 58.0566 540.105 307.17 252.58 522.89 
frame00202.jpg 178.201 256.869 434.833 61.5669 547.617 315.231 253.513 521.769 
frame00203.jpg 180.362 249.974 442.782 61.1108 551.816 316.296 252.665 519.715 
frame00204.jpg 185.892 243.817 458.891 67.6224 559.872 329.713 257.77 517.629 
frame00205.jpg 193.544 234.185 473.852 66.5006 572.416 342.071 262.324 511.609 
frame00206.jpg 203.768 227.502 486.682 71.9325 584.174 354.169 265.811 509.868 
frame00207.jpg 206.58 221.003 496.352 81.0134 585.38 360.764 264.655 508.739 
frame00208.jpg 214.14 217.539 507.869 86.4857 589.204 368.011 266.745 506.879 
frame00209.jpg 219.013 210.685 515.415 89.2103 591.844 373.99 267.394 502.668 
frame00210.jpg 219.878 202.837 522.538 92.339 591.924 376.932 266.941 498.601 
frame00211.jpg 221.329 197.293 527.627 92.7404 592.033 379.066 264.726 493.448 
frame00212.jpg 220.763 192.618 529.435 94.6695 589.094 382.938 261.358 490.959 
frame00213.jpg 216.673 186.186 529.684 94.1081 585.239 383.135 257.749 488.424 
frame00214.jpg 212.109 181.292 529.382 93.3064 581.197 381.432 253.165 486.176 
frame00215.jpg 210.425 176.731 528.654 91.0639 578.558 379.816 250.541 483.435 
frame00216.jpg 207.065 173.338 526.867 89.5535 575.292 378.846 247.418 481.266 
frame00217.jpg 202.868 168.741 524.92 85.9799 572.035 376.079 244.659 478.282 
frame00218.jpg 199.605 164.536 523.195 83.6706 569.154 374.514 241.645 475.979 
frame00219.jpg 197.864 163.985 521.918 84.0779 567.61 374.764 240.436 476.929 
frame00220.jpg 195.307 159.918 520.229 82.6584 565.276 372.705 238.407 475.618 
frame00221.jpg 194.493 156.544 520.637 80.6527 564.6 369.867 238.38 472.926 
frame00222.jpg 195.707 154.181 521.159 79.4568 565.399 368.45 239.344 471.612 
frame00223.jpg 196.115 152.136 521.169 79.3055 564.634 367.978 238.778 471.211 
frame00224.jpg 195.983 151.808 520.785 79.9446 562.611 369.082 237.652 470.943 
frame00225.jpg 194.835 150.798 519.996 81.4835 559.915 370.259 234.854 472.129 
frame00226.jpg 194.661 150.292 519.629 85.1709 557.814 372.553 233.237 473.029 
frame00227.jpg 195.081 150.463 519.703 89.299 555.346 376.675 231.853 474.797 
frame00228.jpg 197.24 150.793 522.24 94.9307 555.055 381.457 232.029 477.782 
frame00229.jpg 201.6 149.575 525.15 99.6067 555.136 385.439 233.087 476.568 
frame00230.jpg 206.607 147.299 527.763 101.485 555.768 386.667 232.931 472.844 
frame00231.jpg 208.454 144.295 529.472 104.068 553.774 389.707 232.348 470.103 
frame00232.jpg 210.358 140.393 531.089 105.32 551.523 392.072 231.065 466.126 
frame00233.jpg 213.135 137.47 532.54 108.022 550.623 394.562 229.863 463.056 
frame00234.jpg 215.117 132.602 534.714 109.764 549.153 395.374 229.871 459.152 
frame00235.jpg 217.974 130.8 537.531 112.504 548.716 398.499 230.79 458.428 
frame00236.jpg 222.306 126.68 541.125 111.936 549.693 397.921 233.015 453.766 
frame00237.jpg 227.294 123.695 544.758 113.86 550.635 399.445 234.212 451.868 
frame00238.jpg 231.369 119.423 547.545 116.07 551.03 400.897 236.431 448.875 
frame00239.jpg 235.664 116.905 551.316 119.241 551.597 402.979 237.881 448.24 
frame00240.jpg 240.121 115.647 554.071 123.418 551.4 405.827 237.93 447.987 
frame00241.jpg 245.008 114.557 557.627 127.936 551.718 409.992 240.445 447.663 
frame00242.jpg 250.62 113.726 561.633 131.329 552.087 411.94 242.602 446.988 
frame00243.jpg 254.94 111.217 564.341 132.996 551.649 412.569 244.119 445.108 
frame00244.jpg 258.334 111.612 566.766 136.06 551.206 416.96 245.811 444.63 
frame00245.jpg 261.557 110.942 568.017 141.236 550.378 419.107 246.413 445.045 
frame00246.jpg 267.281 110.151 570.64 143.86 551.094 419.995 248.812 443.576 
frame00247.jpg 271.726 109.462 571.702 147.065 550.997 420.92 249.885 442.568 
frame00248.jpg 276.945 108.824 574.501 149.866 550.508 424.02 253.243 442.3 
frame00249.jpg 284.16 109.051 577.27 152.821 550.99 426.486 256.68 440.799 
frame00250.jpg 289.383 110.346 580.089 159.537 550.345 430.711 259 441.919 
frame00251.jpg 294.388 114.285 581.588 168.863 548.996 437.541 261.009 445.338 
frame00252.jpg 301.787 116.312 585.047 175.383 550.546 443.31 265.377 446.08 
frame00253.jpg 309.234 118.938 589.449 179.604 552.074 447.653 268.424 446.572 
frame00254.jpg 315.59 120.375 593.177 183.669 553.586 450.389 271.94 446.132 
frame00255.jpg 320.751 120.777 596.114 189.048 553.922 453.271 273.961 445.902 
frame00256.jpg 325.053 121.19 598.157 193.601 552.914 454.493 274.223 445.415 
frame00257.jpg 329.046 119.622 600.464 195.228 552.154 454.395 274.75 441.128 
frame00258.jpg 330.565 118.583 599.967 197.148 549.941 455.003 273.237 439.498 
frame00259.jpg 332.114 117.511 600.926 198.392 548.124 455.965 273.333 438.353 
frame00260.jpg 331.552 119.307 599.69 202.745 543.927 459.778 271.239 440.673 
frame00261.jpg 329.816 120.545 595.675 207.783 540.134 462.966 267.368 443.154 
frame00262.jpg 330.973 120.747 595.516 209.195 539.647 462.536 266.687 442.428 
frame00263.jpg 333.01 120.609 595.854 208.39 539.802 461.782 267.345 441.695 
frame00264.jpg 333.148 120.937 592.908 209.911 537.586 462.401 266.088 441.804 
frame00265.jpg 333.077 121.319 590.988 212.789 535.35 463.548 265.075 443.006 
frame00266.jpg 333.858 123.702 589.002 215.743 533.966 465.773 265.724 444.869 
frame00267.jpg 335.069 125.81 588.42 218.155 533.133 466.946 266.896 445.963 
frame00268.jpg 335.806 127.902 586.479 221.674 531.307 468.568 264.854 447.642 
frame00269.jpg 338.642 127.999 587.399 221.828 532.057 468.169 269.193 446.629 
frame00270.jpg 342.341 129.952 587.671 224.887 531.845 470.452 271.244 448.168 
frame00271.jpg 345.205 131.084 587.166 226.951 531.193 470.749 273.029 447.93 
frame00272.jpg 347.448 131.656 585.623 229.808 530.213 472.41 273.091 449.757 
frame00273.jpg 349.913 131.369 585.83 230.705 529.291 472.693 275.566 448.386 
frame00274.jpg 352.201 130.792 585.452 231.071 529.469 471.529 277.693 446.57 
frame00275.jpg 353.427 129.949 584.45 232.915 528.935 471.645 278.509 446.997 
frame00276.jpg 356.608 130.868 585.53 233.824 529.846 471.654 280.344 446.457 
frame00277.jpg 360.365 130.569 586.929 233.348 530.809 471.276 284.339 445.219 
frame00278.jpg 362.749 131.384 586.524 235.871 529.419 472.53 284.901 445.844 
frame00279.jpg 366.15 132.671 587.313 237.077 529.259 473.877 287.485 446.611 
frame00280.jpg 368.931 134.683 587.416 240.115 528.723 476.298 289.788 448.359 
frame00281.jpg 371.566 135.948 588.332 242.341 528.269 478.503 292.481 449.519 
frame00282.jpg 374.293 138.191 589.386 244.677 529.01 480.555 294.452 450.648 
frame00283.jpg 375.707 141.052 588.835 247.133 529.343 482.175 294.427 452.248 
frame00284.jpg 377.955 143.931 589.961 249.493 530.166 483.952 295.662 454.151 
frame00285.jpg 380.482 143.968 590.631 251.454 530.816 484.507 296.418 454.876 
frame00286.jpg 384.949 145.003 592.377 252.727 531.337 485.01 299.704 453.922 
frame00287.jpg 389.302 146.037 593.523 254.046 531.506 485.863 302.545 454.152 
frame00288.jpg 391.936 146.56 593.555 256.322 531.065 487.082 303.952 454.649 
frame00289.jpg 395.234 146.217 593.937 258.288 531.506 487.749 304.712 455.749 
frame00290.jpg 399.399 147.651 594.789 260.808 532.224 489.622 308.799 455.868 
frame00291.jpg 401.887 149.847 593.844 264.835 530.386 492.56 311.005 457.307 
frame00292.jpg 404.799 152.682 593.49 266.59 529.161 494.553 314.663 459.341 
frame00293.jpg 407.81 155.015 591.349 272.041 527.429 497.611 314.056 462.655 
frame00294.jpg 412.382 160.262 590.701 276.386 526.352 500.378 317.144 465.094 
frame00295.jpg 416.578 163.477 589.723 280.015 525.989 501.878 320.678 467.524 
frame00296.jpg 420.005 164.644 589.517 281.317 525.661 500.832 324.073 466.411 
frame00297.jpg 422.248 165.506 588.99 283.322 524.575 501.314 326.281 465.934 
frame00298.jpg 423.705 166.332 588.149 283.945 523.558 501.559 328.618 464.65 
frame00299.jpg 424.851 167.98 587.122 284.953 522.406 501.747 328.893 464.171 
frame00300.jpg 425.744 167.589 586.348 283.939 520.856 500.442 329.526 463.085 
frame00301.jpg 425.332 164.545 585.115 283.072 520.104 497.829 329.557 461.604 
frame00302.jpg 426.658 164.517 583.54 282.412 519.027 496.949 329.06 460.506 
frame00303.jpg 429.399 165.187 583.084 282.712 518.025 495.571 330.603 459.92 
frame00304.jpg 431.778 162.308 581.605 281.407 515.51 492.091 330.934 457.395 
frame00305.jpg 436.681 159.817 582.436 278.596 514.937 488.882 334.679 452.7 
frame00306.jpg 440.023 157.853 581.817 278.359 513.047 487.66 335.72 450.453 
frame00307.jpg 443.894 156.748 582.336 278.303 512.316 487.086 338.689 448.051 
frame00308.jpg 446.537 155.289 582.589 278.642 511.647 486.663 341.339 446.4 
frame00309.jpg 449.798 157.263 582.963 280.838 511.377 488.716 343.557 447.212 
frame00310.jpg 451.878 160.893 582.096 283.31 509.042 491.029 344.069 449.458 
frame00311.jpg 453.081 164.168 581.322 285.912 507.374 492.875 344.329 452.5 
frame00312.jpg 455.407 165.484 580.21 287.759 506.44 493.064 345.403 452.869 
frame00313.jpg 458.068 168.921 580.127 289.826 504.85 494.454 347.421 453.412 
frame00314.jpg 459.177 171.729 578.482 289.978 503.328 495.335 347.598 454.131 
frame00315.jpg 460.29 173.184 577.54 289.809 502.208 496.381 349.372 453.912 
frame00316.jpg 463.242 174.709 577.078 293.328 501.388 496.141 348.538 454.66 
frame00317.jpg 463.848 174.096 578.174 290.799 499.27 495.943 350.324 453.372 
frame00318.jpg 461.91 177.192 574.726 293.458 495.723 498.367 349.61 453.397 
frame00319.jpg 462.963 177.821 573.669 295.263 493.967 499.037 349.883 454.809 
frame00320.jpg 464.33 181.634 572.433 296.592 492.867 500.984 349.963 456.924 
frame00321.jpg 463.349 185.806 569.511 299.675 491.907 503.177 350.716 458.258 
frame00322.jpg 463.963 188.593 568.492 302.299 492.066 502.735 350.226 458.79 
frame00323.jpg 466.145 188.333 569.192 302.376 491.78 502.062 350.911 459.393 
frame00324.jpg 467.623 188.611 568.603 301.733 491.324 501.879 352.82 458.168 
frame00325.jpg 468.719 191.715 566.93 303.974 489.255 504.17 353.456 459.09 
frame00326.jpg 468.917 191.487 565.001 303.605 487.103 501.9 353.82 457.042 
frame00327.jpg 469.619 190.385 563.956 305.928 485.257 501.445 353.616 457.062 
frame00328.jpg 469.059 190.109 562.676 306.58 483.289 500.916 353.889 456.397 
frame00329.jpg 471.413 193.079 561.653 308 481.802 501.811 353.26 458.093 
frame00330.jpg 472.278 190.349 560.707 307.941 479.922 501.9 354.454 459.261 
frame00331.jpg 473.728 194.123 558.881 309.288 478.162 505.212 356.813 461.154 
frame00332.jpg 478.329 196.695 559.789 311.185 476.622 505.375 359.161 462.841 
frame00333.jpg 481.809 199.812 559.211 313.336 474.294 506.064 361.579 463.761 
frame00334.jpg 483.151 202.309 555.509 319.587 471.934 506.746 360.955 465.219 
frame00335.jpg 486.652 203.731 556.351 321.242 471.385 507.768 363.042 466.22 
frame00336.jpg 489.761 202.819 554.978 326.478 471.069 507.856 363.12 467.055 
frame00337.jpg 490.672 211.901 555.028 326.929 470.092 509.685 364.816 468.099 
frame00338.jpg 492.457 208.135 559.071 320.668 469.815 508.074 365.952 467.496 
frame00339.jpg 495.027 204.189 559.136 324.949 469.897 505.979 365.181 465.986 
frame00340.jpg 493.451 204.17 560.27 319.995 469.875 506.246 365.822 464.357 
frame00341.jpg 497.651 189.432 565.869 316.132 472.486 500.927 367.678 460.571 
frame00342.jpg 500.379 183.373 568.237 315.611 473.154 499.659 367.974 459.56 
frame00343.jpg 500.57 183.137 568.351 318.077 472.532 498.113 364.512 457.153 
frame00344.jpg 496.161 184.22 574.156 307.296 477.293 496.804 365.898 453.551 
frame00345.jpg 489.354 181.725 572.043 309.348 480.801 496.511 362.234 454.385 
frame00346.jpg 483.55 183.571 574.554 305.626 485.337 498.643 360.528 453.339 
frame00347.jpg 479.145 181.81 575.932 304.383 489.786 499.038 358.24 452.671 
frame00348.jpg 474.31 181.89 573.773 305.086 492.287 500.47 354.895 453.308 
frame00349.jpg 470.665 182.898 574.627 305.316 495.515 502.825 353.23 454.882 
frame00350.jpg 467.459 183.006 576.065 306.116 498.573 505.311 351.211 455.931 
frame00351.jpg 463.836 182.935 575.919 305.679 500.682 505.862 349.139 456.659 
frame00352.jpg 460.456 180.896 577.233 304.703 503.323 504.678 348.401 456.86 
frame00353.jpg 456.723 181.254 579.163 303.617 508.166 508.619 348.702 457.664 
frame00354.jpg 452.882 180.678 581.027 303.356 511.364 510.006 347.236 458.572 
frame00355.jpg 449.568 180.79 582.526 304.108 514.792 512.377 346.79 460.762 
frame00356.jpg 446.665 181.949 585.07 304.984 518.824 514.407 344.962 462.969 
frame00357.jpg 444.973 183.226 587.309 304.704 523.347 516.624 345.793 464.6 
frame00358.jpg 443.511 183.431 589.294 305.05 526.394 517.703 345.521 464.704 
frame00359.jpg 440.974 184.367 591.09 307.099 528.709 520.84 345.041 466.062 
frame00360.jpg 439.863 186.731 593.781 309.962 531.428 526.61 344.464 468.174 
frame00361.jpg 437.652 190.41 595.279 314.113 534.589 532.245 343.188 471.962 
frame00362.jpg 436.151 194.186 596.835 318.838 537.639 537.109 341.079 476.41 
frame00363.jpg 435.406 196.124 600.937 322.071 540.911 541.13 341.622 478.334 
frame00364.jpg 435.342 199.257 605.999 326.881 545.481 548.989 342.562 479.922 
frame00365.jpg 434.762 201.262 607.965 330.057 547.627 553.038 341.725 482.632 
frame00366.jpg 434.93 204.036 609.884 333.793 550.909 557.284 339.621 487.144 
frame00367.jpg 434.273 206.923 611.061 338.574 552.134 564.356 339.023 489.851 
frame00368.jpg 435.419 209.453 615.743 342.669 555.72 569.86 341.125 491.488 
frame00369.jpg 435.759 210.469 619.743 347.202 559.391 576.524 341.7 491.876 
frame00370.jpg 435.397 213.27 622.968 351.852 563.276 583.807 341.941 492.839 
frame00371.jpg 435.198 215.143 625.368 355.86 566.125 588.143 341.983 495.309 
frame00372.jpg 434.507 216.961 630.466 360.258 571.458 595.222 342.206 496.436 
frame00373.jpg 433.301 219.297 635.303 363.519 576.431 601.061 342.518 496.667 
frame00374.jpg 433.458 221.669 638.423 365.908 581.305 604.197 342.915 499.087 
frame00375.jpg 433.808 223.262 642.553 367.785 585.591 609.799 343.142 500.43 
frame00376.jpg 433.089 224.335 645.226 370.24 588.344 613.002 343.989 501.471 
frame00377.jpg 432.041 226.375 646.668 372.295 591.505 617.714 342.499 503.022 
frame00378.jpg 431.578 229.475 648.791 377.333 594.278 624.436 342.288 506.595 
frame00379.jpg 432.114 231.673 650.367 380.123 597.025 628.925 342.766 509.078 
frame00380.jpg 433.712 232.982 653.5 381.718 600.216 632.042 345.007 508.663 
frame00381.jpg 434.674 232.797 655.787 383.28 602.028 635.284 345.525 507.596 
frame00382.jpg 433.234 234.022 655.988 386.218 601.193 639.32 343.091 507.023 
frame00383.jpg 431.953 235.995 656.178 390.67 600.825 645.469 339.933 509.431 
frame00384.jpg 430.772 239.075 657.098 394.609 601.632 650.731 338.593 511.406 
frame00385.jpg 427.19 241.259 656.424 398.834 601.235 656.846 334.826 512.018 
frame00386.jpg 426.306 242.06 657.915 400.788 603.284 660.605 334.421 512.865 
frame00387.jpg 425.575 241.134 659.501 399.895 606.003 661.358 333.898 511.233 
frame00388.jpg 424.182 238.673 660.181 396.765 608.617 658.957 332.705 507.213 
frame00389.jpg 423.981 235.547 663.28 393.001 613.109 655.559 333.907 502.617 
frame00390.jpg 423.461 231.981 664.904 387.658 617.454 652.757 333.392 498.052 
frame00391.jpg 423.037 227.017 668.403 381.352 622.129 647.365 334.938 492.066 
frame00392.jpg 424.963 222.899 673.783 374.787 628.954 643.289 338.68 488.171 
frame00393.jpg 423.524 220.632 675.861 370.527 632.489 639.81 338.875 486.604 
frame00394.jpg 423.223 218.723 679.305 365.039 638.793 637.106 340.324 484.017 
frame00395.jpg 422.831 216.74 682.997 359.107 645.495 633.726 341.317 482.67 
frame00396.jpg 422.941 214.967 687.062 353.882 650.197 629.35 342.481 481.966 
frame00397.jpg 423.249 214.04 691.108 348.283 657.84 627.999 343.713 480.262 
frame00398.jpg 422.244 211.321 694.121 343.46 661.592 624.813 344.349 478.324 
frame00399.jpg 420.748 208.365 696.509 337.982 664.465 620.986 345.047 475.571 
frame00400.jpg 420.017 205.507 700.206 331.492 669.886 615.556 347.322 472.859 
frame00401.jpg 418.725 202.564 702.174 324.002 673.659 610.43 347.428 472.034 
frame00402.jpg 417.054 201.098 703.159 317.71 676.333 606.506 347.225 471.207 
frame00403.jpg 414.977 199.877 703.352 311.32 678.68 601.72 345.538 470.373 
frame00404.jpg 412.578 198.076 703.419 304.762 680.78 597.874 345.656 469.598 
frame00405.jpg 410.691 197.579 702.28 297.751 683.92 591.311 345.208 469.219 
frame00406.jpg 407.923 196.088 701.683 290.212 686.88 585.499 344.491 466.237 
frame00407.jpg 405.419 197.233 700.602 285.093 689.137 581.569 344.303 466.354 
frame00408.jpg 402.499 198.123 699.955 277.429 692.455 576.579 343.908 465.953 
frame00409.jpg 399.617 199.562 697.831 270.658 692.628 570.111 342.969 465.944 
frame00410.jpg 396.033 198.065 694.799 262.529 693.86 561.088 341.679 463.278 
frame00411.jpg 393.367 201.657 691.308 255.979 694.568 552.538 340.118 464.735 
frame00412.jpg 389.544 203.613 688.636 249.832 696.622 549.922 337.389 464.551 
frame00413.jpg 386.37 205.235 685.478 240.452 694.428 538.299 336.897 463.994 
frame00414.jpg 381.808 207.356 682.036 235.332 694.79 533.563 334.927 464.779 
frame00415.jpg 378.322 209.548 677.525 227.829 692.885 522.945 332.586 464.259 
frame00416.jpg 375.133 211.545 672.598 220.746 694.542 514.406 331.437 463.413 
frame00417.jpg 372.245 211.306 669.814 212.555 693.254 501.941 331.51 461.551 
frame00418.jpg 369.544 215.144 664.327 206.576 692.843 490.403 329.891 463.287 
frame00419.jpg 367.768 218.344 662.166 203.517 693.491 488.989 330.453 464.254 
frame00420.jpg 367.359 221.289 659.64 197.741 695.568 487.66 332.422 463.771 
frame00421.jpg 369.115 224.589 657.439 195.16 700.664 488.274 334.084 465.033 
frame00422.jpg 371.075 224.392 654.777 187.234 704.594 477.609 335.67 462.567 
frame00423.jpg 370.879 233.583 655.16 188.859 706.795 472.862 336.999 467.512 
frame00424.jpg 372.196 237.588 657.823 186.823 706.362 468.418 340.301 467.778 
frame00425.jpg 374.352 240.503 658.284 186.495 709.197 462.422 342.839 468.418 
frame00426.jpg 376.896 246.119 662.643 186.202 711.789 457.773 346.76 469.551 
frame00427.jpg 379.708 248.241 665.074 182.193 715.072 450.702 349.442 469.397 
frame00428.jpg 382.24 250.925 667.571 180.101 717.254 444.12 354.846 468.466 
frame00429.jpg 384.847 253.996 666.646 176.968 722.904 438.367 356.253 470.106 
frame00430.jpg 388.17 257.103 668.803 174.854 726.594 428.843 359.148 469.992 
frame00431.jpg 389.225 258.255 665.8 172.964 727.075 422.884 358.856 470.662 
frame00432.jpg 389.204 262.815 663.876 171.752 727.965 417.436 359.156 473.089 
frame00433.jpg 390.539 265.046 664.267 168.643 729.154 411.68 360.696 474.038 
frame00434.jpg 391.223 271.54 662.899 169.087 729.299 412.038 362.432 477.429 
frame00435.jpg 392.816 273.124 661.942 168.575 728.429 407.984 362.509 480.324 
frame00436.jpg 395.018 276.765 661.617 164.491 730.392 399.448 364.071 483.431 
frame00437.jpg 395.798 282.175 660.195 163.293 727.118 385.872 363.6 486.821 
frame00438.jpg 398.091 287.659 659.827 163.907 723.157 377.873 364.669 489.493 
frame00439.jpg 400.228 291.108 661.226 162.835 720.905 373.46 366.942 491.977 
frame00440.jpg 403.515 295.964 662.468 162.017 719.031 367.525 369.333 494.838 
frame00441.jpg 404.972 300.413 662.804 162.237 717.896 362 370.71 496.941 
frame00442.jpg 407.776 303.7 662.349 160.282 719.676 355.764 371.899 498.612 
frame00443.jpg 406.486 302.573 661.206 156.602 715.673 348.883 372.742 497.07 
frame00444.jpg 411.02 306.582 663.116 154.112 715.42 343.503 375.35 498.787 
frame00445.jpg 412.211 308.588 663.421 151.401 714.187 338.795 376.449 500.29 
frame00446.jpg 413.818 309.203 661.846 149.05 712.578 334.965 376.836 500.255 
frame00447.jpg 415.085 310.186 661.374 146.202 709.46 328.904 377.617 500.325 
frame00448.jpg 416.509 310.419 660.307 142.548 710.45 323.108 377.828 501.306 
frame00449.jpg 416.2 310.02 658.499 139.897 708.408 318.725 376.407 501.468 
frame00450.jpg 415.398 307.985 657.398 133.575 705.979 311.75 376.398 498.863 
frame00451.jpg 414.337 305.901 655.813 130.551 705.576 308.781 375.67 497.961 
frame00452.jpg 413.984 301.686 655.686 126.107 707.882 307.172 375.377 495.978 
frame00453.jpg 413.4 296.815 656.861 121.939 714.405 308.534 376.359 494.016 
frame00454.jpg 414.392 292.294 658.88 119.695 723.029 311.145 377.498 491.691 
frame00455.jpg 409.947 286.184 661.517 116.138 722.625 309.928 374.904 488.784 
frame00456.jpg 406.758 282.834 664.262 114.58 728.47 307.673 370.538 487.846 
frame00457.jpg 400.746 279.545 668.595 120.671 733.271 321.84 367.754 491.085 
frame00458.jpg 408.505 270.603 678.399 122.231 746.025 341.932 366.848 488.709 
frame00459.jpg 407.14 265.961 684.103 124.148 741.657 350.485 368.267 490.291 
frame00460.jpg 408.034 267.938 692.653 131.847 749.256 365.245 366.302 491.59 
frame00461.jpg 417.824 257.481 706.625 130.35 756.197 381.524 370.737 489.211 
frame00462.jpg 408.924 247.412 709.948 126.139 757.999 373.176 362.762 486.971 
frame00463.jpg 421.218 258.888 721.787 142.177 766.551 397.727 368.385 495.723 
frame00464.jpg 426.138 260.373 730.928 151.435 775.2 423.663 373.84 495.905 
frame00465.jpg 424.487 248.392 732.253 146.608 781.395 424.86 369.458 482.991 
frame00466.jpg 424.826 242.681 733.49 142.391 780.25 421.276 364.91 475.178 
frame00467.jpg 425.518 248.392 736.218 146.125 786.8 437.799 368.49 475.31 
frame00468.jpg 420.452 232.301 726.368 144.149 796.581 456.649 356.623 461.694 
frame00469.jpg 410.715 224.158 714.278 141.186 791.633 455.662 346.688 452.418 
frame00470.jpg 410.754 219.939 704.633 144.839 788.293 456.86 335.294 448.056 
frame00471.jpg 400.257 215.768 688.255 152.867 778.704 450.212 324.961 444.679 
frame00472.jpg 398.555 214.939 676.772 152.247 773.115 449.999 316.893 443.618 
frame00473.jpg 388.928 210.731 665.135 147.639 769.609 449.971 308.539 442.958 
frame00474.jpg 386.011 211.171 656.195 152.445 755.142 445.878 299.779 445.177 
frame00475.jpg 381.892 206.765 650.871 148.196 746.048 444.587 296.396 442.651 
frame00476.jpg 367.277 196.856 639.934 140.169 731.09 436.521 285.644 441 
frame00477.jpg 357.974 201.387 633.443 149.962 704.263 436.957 281.953 449.606 
frame00478.jpg 351.814 195.563 627.519 148.656 689.118 438.79 281.427 451.416 
frame00479.jpg 348.911 188.377 620.891 152.956 678.219 445.688 277.033 452.992 
frame00480.jpg 343.054 184.178 614.963 154.628 671.677 455.389 268.829 455.612 
frame00481.jpg 339.427 183.971 612.557 160.266 660.139 459.443 269.506 460.602 
frame00482.jpg 336.116 182.31 610.832 162.637 652.461 467.644 272.265 465.148 
frame00483.jpg 324.436 170.338 606.952 169.586 636.501 470.457 270.859 469.945 
frame00484.jpg 318.282 163.302 604.619 178.979 625.047 474.638 266.86 473.977 
frame00485.jpg 312.334 161.053 601.689 188.258 617.557 481.873 260.578 480.837 
frame00486.jpg 305.201 151.286 602.737 188.328 611.24 483.034 259.527 482.507 
frame00487.jpg 300.098 151.425 602.332 194.974 607.397 489.286 257.746 486.396 
frame00488.jpg 296.905 146.381 603.122 194.811 604.78 489.779 257.891 487.509 
frame00489.jpg 296.03 145.058 602.875 196.136 603.743 492.03 258.351 488.625 
frame00490.jpg 292.763 136.222 603.232 192.772 600.339 489.731 258.842 486.549 
frame00491.jpg 290.41 130.654 602.268 190.438 597.159 486.855 256.64 485.19 
frame00492.jpg 288.984 128.138 602.058 188.001 595.755 485.574 254.949 484.36 
frame00493.jpg 286.74 123.958 599.575 185.415 592.071 483.912 252.575 484.152 
frame00494.jpg 285.152 121.119 596.954 184.225 588.726 483.351 250.561 484.927 
frame00495.jpg 282.74 118.205 593.754 183.008 583.579 480.927 247.828 484.607 
frame00496.jpg 278.691 115.984 588.558 182.162 578.716 479.307 242.849 486.445 
frame00497.jpg 277.571 113.978 585.248 181.804 574.918 478.203 240.603 486.841 
frame00498.jpg 275.916 111.266 581.447 180.77 571.46 476.014 238.844 485.712 
frame00499.jpg 274.021 108.242 579.16 179.675 569.018 473.879 235.619 484.729 
frame00500.jpg 273.21 107.029 576.544 179.036 566.8 473.146 233.87 484.344 
frame00501.jpg 272.283 106.749 574.829 179.512 565.053 473.637 233.783 486.376 
frame00502.jpg 271.939 105.813 574.156 178.378 564.657 472.579 235.236 485.432 
frame00503.jpg 271.274 103.655 573.635 177.24 564.02 470.604 235.972 485.521 
frame00504.jpg 272.318 101.747 573.77 175.15 564.192 468.682 237.019 484.953 
frame00505.jpg 274.043 99.9948 574.618 174.491 564.432 466.928 239.853 484.915 
frame00506.jpg 276.572 100.773 573.487 176.262 562.396 468.969 241.41 487.146 
frame00507.jpg 279.966 100.391 574.506 179.641 560.511 470.383 243.946 489.592 
frame00508.jpg 285.619 102.553 575.24 183.953 558.354 475.185 246.537 491.59 
frame00509.jpg 290.743 103.242 574.057 188.472 553.728 477.591 248.035 494.072 
frame00510.jpg 296.268 104.532 572.825 194.012 549.61 481.12 250.081 494.965 
frame00511.jpg 302.4 103.474 572.998 197.277 546.636 482.619 253.083 494.509 
frame00512.jpg 311.501 101.487 575.37 200.301 546.271 481.903 259.558 493.234 
frame00513.jpg 319.277 100.637 575.35 203.61 542.939 483.665 264.126 492.5 
frame00514.jpg 328.629 101.024 576.012 206.687 541.334 484.513 269.232 492.054 
frame00515.jpg 335.127 102.183 574.203 210.487 537.609 485.004 270.101 492.349 
frame00516.jpg 341.291 103.173 574.521 215.253 534.19 488.165 273.97 494.371 
frame00517.jpg 350.011 103.896 575.765 220.027 532.657 489.964 279.672 495.009 
frame00518.jpg 357.462 106.025 575.667 224.3 530.201 492.88 282.86 495.43 
frame00519.jpg 372.792 109.73 582.036 231.235 532.026 497.08 293.314 497.28 
frame00520.jpg 380.995 114.518 582.274 235.155 529.245 500.673 298.62 497.22 
frame00521.jpg 391.49 116.925 583.939 238.624 527.119 500.734 304.538 497.224 
frame00522.jpg 399.783 119.988 585.067 243.814 523.993 504.226 309.169 498.585 
frame00523.jpg 412.93 126.426 585.891 249.622 522.394 506.758 312.458 501.737 
frame00524.jpg 418.106 126.863 584.8 252.069 517.556 509.569 315.315 501.786 
frame00525.jpg 427.259 134.523 585.079 258.823 515.968 514.088 318.728 501.592 
frame00526.jpg 434.378 136.55 586.479 260.647 514.923 513.495 324.101 501.349 
frame00527.jpg 439.72 139.235 588.193 263.129 514.048 514.822 327.043 501.146 
frame00528.jpg 444.428 141.684 588.531 266.797 512.463 516.431 329.147 502.249 
frame00529.jpg 445.834 138.328 586.293 267.455 511.414 515.893 330.411 503.833 
frame00530.jpg 447.765 140.274 586.354 269.726 511.638 516.616 332.747 502.561 
frame00531.jpg 450.999 145.704 585.855 272.236 511.831 518.14 334.171 504.61 
frame00532.jpg 453.795 146.491 587.245 270.304 511.867 517.023 336.856 504.918 
frame00533.jpg 457.763 144.683 588.231 274.726 512.397 516.477 337.692 504.632 
frame00534.jpg 461.418 147.333 588.987 279.171 513.012 517.277 339.053 505.578 
frame00535.jpg 464.336 147.329 589.312 277.125 513.014 513.88 340.898 503.515 
frame00536.jpg 466.989 146.559 589.674 276.17 513.239 510.846 342.774 502.827 
frame00537.jpg 468.887 146.821 591.377 272.302 514.474 509.869 345.048 501.124 
frame00538.jpg 468.401 145.575 591.214 269.326 514.189 509.839 345.885 499.461 
frame00539.jpg 469.012 144.648 591.866 271.948 515.703 510.577 345.829 499.065 
frame00540.jpg 469.162 143.706 592.978 272.994 517.573 510.732 345.951 498.236 
frame00541.jpg 469.77 143.258 594.888 273.585 520.463 512.634 347.042 498.202 
frame00542.jpg 468.157 145.153 592.959 275.322 524.37 514.314 345.61 501.304 
frame00543.jpg 469.888 144.293 600.324 278.879 529.364 519.759 347.835 499.977 
frame00544.jpg 471.949 144.799 606.651 283.854 534.189 526.249 351.272 499.172 
frame00545.jpg 473.909 146.247 611.718 290.404 538.417 533.842 352.705 498.934 
frame00546.jpg 477.639 148.263 616.055 297.814 540.847 542.068 355.109 499.205 
frame00547.jpg 483.091 153.989 620.663 306.778 542.82 554.126 356.714 499.026 
frame00548.jpg 490.063 159.054 625.759 316.254 543.574 563.263 360.93 499.076 
frame00549.jpg 496.719 163.79 626.674 325.464 540.779 570.925 361.893 498.316 
frame00550.jpg 501.869 167.379 626.774 335.716 536.275 578.14 363.103 496.094 
frame00551.jpg 506.453 170.556 625.953 345.592 530.994 584.862 362.995 491.367 
frame00552.jpg 510.502 174.171 620.835 355.831 524.048 591.532 361.513 488.584 
frame00553.jpg 516.227 169.106 618.841 354.537 519.184 588.178 362.381 481.077 
frame00554.jpg 521.162 172.364 614.845 363.193 513.21 592.513 362.145 477.102 
frame00555.jpg 523.086 174.366 609.136 367.319 504.169 591.553 360.777 473.598 
frame00556.jpg 526.475 175.037 604.31 367.727 494.924 589.119 359.542 468.235 
frame00557.jpg 526.609 178.725 595.637 367.65 484.819 586.588 358.529 462.249 
frame00558.jpg 531.9 178.408 595.393 365.085 481.309 584.61 359.846 458.656 
frame00559.jpg 534.603 172.912 587.831 367.841 472.685 581.438 358.446 451.65 
frame00560.jpg 534.562 170.226 581.729 371.288 466.884 580.964 356.135 446.861 
frame00561.jpg 535.671 166.341 578.996 373.229 462.933 579.624 354.732 442.202 
frame00562.jpg 535.531 164.798 576.951 374.559 459.078 578.639 354.031 435.611 
frame00563.jpg 535.657 163.215 575.265 374.96 454.823 579.243 351.384 431.438 
frame00564.jpg 535.53 163.427 571.745 379.652 450.176 582.159 349.062 428.063 
frame00565.jpg 536.18 162.652 569.961 382.321 446.516 583.724 346.528 423.114 
frame00566.jpg 537.596 159.889 572.546 380.875 445.745 584.791 347.223 415.396 
frame00567.jpg 538.454 168.685 573.689 389.242 440.576 593.879 348.104 414.005 
frame00568.jpg 541.71 165.898 570.934 394.527 439.402 591.182 344.413 409.581 
frame00569.jpg 543.758 162.978 568.258 396.216 439.063 585.794 337.462 400.941 
frame00570.jpg 546.517 161.623 567.118 399.496 437.424 580.629 334.258 395.773 
frame00571.jpg 548.676 162.4 564.705 404.223 435.166 582.294 331.256 391.197 
frame00572.jpg 552.121 166.065 561.453 411.778 431.86 583.582 327.905 389.591 
frame00573.jpg 555.902 166.738 558.562 414.17 431.727 577.632 322.817 383.033 
frame00574.jpg 559.749 166.622 555.607 416.539 428.885 575.719 322.408 372.23 
frame00575.jpg 563.244 170.875 551.09 427.511 424.503 579.224 319.512 365.086 
frame00576.jpg 565.399 167.32 545.826 424.319 421.438 568.846 320.719 351.086 
frame00577.jpg 568.947 166.584 542.661 427.083 419.269 568.276 319.807 344.68 
frame00578.jpg 571.024 168.293 539.213 429.871 416.192 563.754 323.527 331.079 
frame00579.jpg 574.058 171.465 535.944 436.906 411.939 565.049 323.08 325.731 
frame00580.jpg 579.385 165.997 538.941 433.358 415.944 553.989 324.861 310.596 
frame00581.jpg 581.57 164.066 534.618 434.581 408.469 550.829 329.528 295.949 
frame00582.jpg 582.775 164.905 533.356 434.079 406.013 549.174 325.344 281.428 
