frame ulx uly urx ury lrx lry llx lly
frame00001.jpg 81.94 119 515.03 118.98 515.03 373 82.041 372.98 
frame00002.jpg 80.0974 122.239 512.884 121.76 513.919 375.569 79.5658 375.931 
frame00003.jpg 79.2089 123.871 511.791 123.02 514.443 376.388 78.1173 376.657 
frame00004.jpg 78.846 125.341 511.677 123.98 514.075 377.49 78.3055 377.899 
frame00005.jpg 77.752 125.813 511.814 124.686 513.438 377.439 78.1423 377.949 
frame00006.jpg 77.6396 126.146 511.42 124.971 512.517 377.299 78.8502 378.346 
frame00007.jpg 77.9864 126.974 512.17 125.709 513.226 378.613 79.5477 378.559 
frame00008.jpg 78.0948 128.72 511.674 127.175 514.004 379.788 78.5924 380.662 
frame00009.jpg 78.5629 128.88 511.359 127.382 513.503 380.156 78.7268 381.335 
frame00010.jpg 78.2988 130.724 510.137 129.144 512.153 381.257 78.272 383.473 
frame00011.jpg 78.3552 131.578 509.951 130.07 512.992 382.359 78.6203 385 
frame00012.jpg 79.2419 133.022 511.468 131.261 514.59 383.829 80.2569 385.964 
frame00013.jpg 80.8532 134.629 513.8 132.816 514.842 385.132 81.2293 386.912 
frame00014.jpg 80.8713 132.581 513.868 131.649 515.382 383.792 82.1921 385.221 
frame00015.jpg 81.5629 134.035 514.156 132.723 515.349 385.584 82.4585 386.516 
frame00016.jpg 81.1606 134.836 513.843 134.15 514.92 386.823 82.1663 387.294 
frame00017.jpg 80.7466 135.23 513.382 135.005 513.981 386.717 81.968 387.889 
frame00018.jpg 81.4332 136.206 513.714 136.018 514.678 388.143 81.9899 389.075 
frame00019.jpg 82.9199 135.948 513.171 135.98 516.795 388.136 81.1577 388.699 
frame00020.jpg 82.6156 136.153 513.502 136.108 516.552 387.776 81.0683 388.937 
frame00021.jpg 82.7772 135.271 513.883 135.28 515.845 386.999 81.2033 386.983 
frame00022.jpg 81.0565 134.845 513.572 134.714 515.225 385.841 80.5686 386.898 
frame00023.jpg 81.6711 133.251 514.004 133.339 515.4 384.114 81.344 385.174 
frame00024.jpg 81.8008 133.995 513.72 134.046 515.546 385.399 81.4084 386.284 
frame00025.jpg 82.1016 134.137 513.289 133.979 515.76 385.924 81.1659 386.357 
frame00026.jpg 81.1625 134.133 512.969 134.2 515.495 386.074 80.9715 386.936 
frame00027.jpg 80.6507 134.535 513.014 135.043 514.651 385.978 81.5034 387.677 
frame00028.jpg 81.2718 134.274 513.291 134.731 514.841 385.808 82.3023 387.301 
frame00029.jpg 81.799 134.182 513.573 134.628 515.143 385.43 82.1689 387.046 
frame00030.jpg 83.174 134.763 514.155 134.949 516.418 386.468 82.2093 388.027 
frame00031.jpg 83.3848 134.534 515.628 134.207 516.749 385.32 84.0495 387.332 
frame00032.jpg 83.7926 134.584 516.659 133.52 517.259 384.895 84.7715 386.782 
frame00033.jpg 86.2296 134.717 518.089 133.491 519.042 385.773 86.607 386.162 
frame00034.jpg 85.3651 134.639 517.297 134.144 518.416 385.563 86.2221 386.348 
frame00035.jpg 86.2067 134.707 518.355 134.126 519.443 385.249 87.5627 385.357 
frame00036.jpg 88.4197 135.493 520.392 134.374 522.115 385.605 89.0483 385.99 
frame00037.jpg 90.4263 136.12 521.241 134.779 523.516 386.699 91.0803 386.61 
frame00038.jpg 93.0562 135.717 522.591 134.386 525.686 386.763 92.5062 386.274 
frame00039.jpg 93.3511 136.136 523.519 135.26 525.429 387.546 92.5982 387.417 
frame00040.jpg 93.5612 136.46 523.842 136.186 524.727 388.541 93.7571 388.382 
frame00041.jpg 95.0601 138.692 524.765 137.749 526.265 391.151 94.3923 390.38 
frame00042.jpg 95.6642 141.07 524.06 139.616 526.196 392.226 93.7083 392.08 
frame00043.jpg 95.4717 142.373 522.988 140.417 525.921 392.959 93.1414 393.165 
frame00044.jpg 93.7582 144.882 522.556 142.749 524.906 395.027 93.5139 395.748 
frame00045.jpg 93.7117 148.965 521.568 146.699 525.179 398.713 93.3506 399.896 
frame00046.jpg 93.5335 150.357 520.935 148.479 524.513 399.45 93.3429 401.054 
frame00047.jpg 94.1389 152.473 521.357 149.913 524.943 400.445 94.28 402.68 
frame00048.jpg 94.869 152.925 521.143 149.871 525.078 400.298 95.2429 402.998 
frame00049.jpg 95.8971 153.812 521.297 149.411 526.902 399.894 94.6944 403.167 
frame00050.jpg 95.2029 153.542 520.752 148.968 525.549 398.354 95.1181 401.038 
frame00051.jpg 95.054 152.514 519.763 147.471 526.221 396.261 93.4561 400.003 
frame00052.jpg 94.9134 149.596 519.539 144.509 526.625 393.461 93.6393 397.533 
frame00053.jpg 95.9657 147.481 520.324 142.255 527.565 390.535 95.536 394.614 
frame00054.jpg 96.8892 146.206 521.186 139.807 529.455 388.55 97.3778 392.847 
frame00055.jpg 97.2455 144.519 521.989 137.984 530.104 387.897 98.0981 392.107 
frame00056.jpg 97.7395 144.404 522.587 137.078 529.945 387.397 99.4079 392.382 
frame00057.jpg 97.8639 144.12 522.311 136.699 529.522 386.527 99.3259 392.388 
frame00058.jpg 99.2469 146.618 524.197 138.157 531.888 389.192 101.136 394.588 
frame00059.jpg 101.445 151.493 525.954 142.899 534.815 394.046 103.525 400.422 
frame00060.jpg 103.704 154.553 527.511 144.594 536.217 396.039 106.589 402.145 
frame00061.jpg 106.18 154.871 528.083 144.621 537.236 396.219 109.559 401.794 
frame00062.jpg 109.298 157.348 530.672 146.529 540.068 398.245 113.362 403.758 
frame00063.jpg 113.259 158.911 533.947 148.055 545.004 398.992 117.049 404.525 
frame00064.jpg 114.12 159.046 534.416 146.856 545.666 397.724 116.537 403.681 
frame00065.jpg 114.788 158.766 533.365 145.784 544.254 396.673 115.609 403.462 
frame00066.jpg 115.888 158.562 532.876 144.764 545.464 394.966 116.468 402.732 
frame00067.jpg 115.681 160.96 531.724 146.222 545.208 395.428 116.669 404.757 
frame00068.jpg 116.112 161.302 531.857 145.013 545.486 394.088 117.425 403.995 
frame00069.jpg 115.624 159.65 529.551 142.569 544.548 390.466 117.686 401.707 
frame00070.jpg 114.263 158.231 526.933 140.208 542.793 387.815 116.561 401.232 
frame00071.jpg 112.775 158.529 525.392 138.561 541.587 385.876 117.254 401.766 
frame00072.jpg 112.367 158.075 524.932 134.68 542.617 381.449 116.997 398.667 
frame00073.jpg 108.615 157.28 522.222 133.88 539.622 378.959 115.712 398.891 
frame00074.jpg 107.539 158.266 519.175 133.689 538.064 378.027 114.546 399.874 
frame00075.jpg 107.84 158.426 516.903 131.855 538.008 375.213 114.869 399.163 
frame00076.jpg 109.112 158.244 516.441 130.191 537.871 372.912 115.415 397.962 
frame00077.jpg 110.201 158.169 517.357 127.69 539.906 370.174 118.21 396.761 
frame00078.jpg 111.674 158.018 516.154 126.197 540.619 367.805 118.62 396.279 
frame00079.jpg 111.404 157.991 515.919 124.466 541.442 365.386 120.515 395.439 
frame00080.jpg 112.894 157.05 516.489 121.814 541.735 362.269 122.769 392.588 
frame00081.jpg 113.498 157.876 516.742 120.78 541.907 361.437 124.669 392.82 
frame00082.jpg 112.576 158.511 515.337 120.068 541.429 360.191 124.502 393.163 
frame00083.jpg 111.577 159.675 512.572 120.068 541.299 359.918 123.037 394.686 
frame00084.jpg 109.714 159.855 509.404 119.746 538.287 359.14 121.855 394.884 
frame00085.jpg 110.019 160.58 508.06 119.15 538.525 358.882 122.286 394.742 
frame00086.jpg 109.257 161.584 506.793 118.733 537.239 356.791 121.043 394.705 
frame00087.jpg 108.762 160.99 504.838 117.216 536.318 354.375 120.482 393.92 
frame00088.jpg 108.514 162.345 502.106 117.392 535.915 353.572 118.478 395.015 
frame00089.jpg 108.497 162.606 501.402 116.911 536.146 352.129 119.756 393.942 
frame00090.jpg 107.458 163.373 500.578 116.48 534.516 350.856 118.486 394.486 
frame00091.jpg 105.846 162.741 498.766 114.729 533.612 348.926 118.562 393.847 
frame00092.jpg 106.54 163.456 497.3 114.934 533.397 348.735 118.064 394.701 
frame00093.jpg 107.767 164.803 498.345 114.835 534.208 348.226 120.624 395.135 
frame00094.jpg 109.717 165.53 498.695 114.566 535.404 346.898 123.001 394.37 
frame00095.jpg 111.74 165.721 499.692 113.756 536.91 346.367 126.34 393.642 
frame00096.jpg 112.641 165.418 500.512 113.396 537.832 345.462 127.91 392.706 
frame00097.jpg 114.677 165.074 501.014 113.214 539.847 345.053 128.13 392.441 
frame00098.jpg 117.252 164.962 502.36 112.608 541.406 344.529 130.795 390.76 
frame00099.jpg 119.724 165.93 503.886 113.139 543.08 344.741 134.137 392.269 
frame00100.jpg 119.717 167.221 503.602 114.19 542.461 344.534 135.04 393.943 
frame00101.jpg 120.097 170.239 502.125 115.156 542.625 344.817 134.901 396.255 
frame00102.jpg 120.628 172.006 501.762 115.682 543.262 345.458 135.818 397.747 
frame00103.jpg 120.437 176.169 500.989 118.045 543.848 347.162 136.078 401.388 
frame00104.jpg 118.734 178.674 498.418 119.011 540.859 347.887 134.686 403.957 
frame00105.jpg 117.488 181.029 495.946 119.764 540.259 347.205 133.046 406.501 
frame00106.jpg 117.087 183.23 493.474 120.649 539.751 347.351 132.707 408.365 
frame00107.jpg 117.157 188.23 492.396 123.74 541.418 350.282 134.104 413.008 
frame00108.jpg 116.077 191.348 490.791 125.351 540.569 349.693 134.93 415.555 
frame00109.jpg 116.689 191.849 490.829 123.671 541.673 346.945 136.837 414.691 
frame00110.jpg 118.245 192.483 492.359 123.067 543.334 345.638 139.872 415.206 
frame00111.jpg 118.664 193.866 490.983 123.205 543.939 345.002 140.862 416.38 
frame00112.jpg 119.15 194.766 491.886 122.79 543.909 343.699 141.709 415.918 
frame00113.jpg 119.785 195.29 491.152 123.213 544.074 343.567 142.429 416.322 
frame00114.jpg 121.843 195.311 492.576 122.775 545.562 343.636 144.801 415.676 
frame00115.jpg 123.851 195.886 493.743 123.592 547.6 344.003 146.855 415.998 
frame00116.jpg 124.712 194.983 494.587 122.823 548.653 342.63 147.167 414.106 
frame00117.jpg 125.96 193.475 495.718 121.737 549.413 340.884 148.019 412.248 
frame00118.jpg 128.737 194.397 497.287 122.12 551.566 342.314 149.112 411.429 
frame00119.jpg 128.331 192.909 496.549 122.081 550.071 341.882 148.789 409.714 
frame00120.jpg 128.966 194.435 496.728 123.929 549.026 343.213 148.777 411.082 
frame00121.jpg 128.409 194.918 495.869 125.975 548.115 345.457 147.234 412.612 
frame00122.jpg 126.335 193.54 494.098 126.671 543.746 346.207 143.338 412.983 
frame00123.jpg 123 193.618 492.396 128.018 540.308 348.302 140.896 412.731 
frame00124.jpg 121.628 196.415 490.022 132.511 537.509 352.035 137.602 414.515 
frame00125.jpg 118.474 195.686 488.414 134.22 533.589 355.022 134.203 414.309 
frame00126.jpg 115.975 196.68 486.448 136.52 529.488 357.931 129.641 414.696 
frame00127.jpg 113.953 198.348 484.612 140.901 525.024 362.176 126.019 415.965 
frame00128.jpg 112.58 198.483 482.005 144.19 521.037 364.316 121.023 415.907 
frame00129.jpg 109.844 195.392 478.865 145.12 515.96 364.505 116.089 412.79 
frame00130.jpg 108.772 192.84 477.153 145.3 511.123 362.712 111.915 408.56 
frame00131.jpg 107.777 190.481 474.889 147.134 508.112 364.545 107.102 407.075 
frame00132.jpg 107.418 185.741 474.877 146.433 506.346 364.969 105.344 402.064 
frame00133.jpg 109.566 181.343 476.619 144.777 506.64 363.44 106.086 396.512 
frame00134.jpg 114.144 176.798 481.4 142.698 510.461 362.347 108.919 390.111 
frame00135.jpg 120.471 170.173 488.424 139.29 514.746 359.795 115.677 382.113 
frame00136.jpg 125.76 166.408 493.755 139.486 518.53 360.873 118.742 377.865 
frame00137.jpg 129.486 163.283 496.755 140.168 518.516 360.757 119.04 374.162 
frame00138.jpg 130.49 159.243 497.965 140.378 515.811 360.136 117.115 370.74 
frame00139.jpg 133.173 157.317 501.032 141.003 514.709 361.431 119.21 368.047 
frame00140.jpg 135.42 155.093 502.804 142.188 514.012 362.422 118.925 364.43 
frame00141.jpg 137.028 152.266 503.114 141.874 511.982 362.94 117.465 360.434 
frame00142.jpg 138.319 151.029 503.555 143.315 510.273 365.788 117.128 358.421 
frame00143.jpg 138.719 151.911 503.131 147.67 508.215 369.388 114.493 359.319 
frame00144.jpg 139.652 150.28 502.516 149.02 506.763 371.022 112.512 357.75 
frame00145.jpg 138.986 149.334 501.463 150.812 502.846 372.501 110.874 355.699 
frame00146.jpg 137.219 149.456 499.354 153.444 498.725 374.491 107.587 355.902 
frame00147.jpg 136.463 149.349 496.608 155.51 496.375 375.191 102.415 354.117 
frame00148.jpg 135.696 146.693 495.392 155.722 491.474 374.97 99.7576 351.2 
frame00149.jpg 134.822 144.749 494.158 156.756 487.932 375.811 97.2798 348.786 
frame00150.jpg 133.017 142.393 492.351 157.314 483.165 374.913 93.7146 346.411 
frame00151.jpg 133.206 139.163 491.091 156.836 480.465 373.791 92.2343 341.866 
frame00152.jpg 134.4 136.827 491.488 158.39 480.761 375.662 92.5528 339.647 
frame00153.jpg 136.133 135.668 492.571 160.417 479.241 376.92 93.5718 338.318 
frame00154.jpg 138.796 136.235 494.576 162.241 479.492 379.157 96.0584 337.319 
frame00155.jpg 144.896 135.639 499.119 163.066 481.991 379.566 99.4874 334.865 
frame00156.jpg 148.603 135.999 503.04 164.27 484.286 381.375 102.897 334.508 
frame00157.jpg 153.247 134.526 506.673 165.153 485.837 381.917 107.235 331.75 
frame00158.jpg 157.267 134.961 508.794 166.685 489.274 383.984 109.193 330.941 
frame00159.jpg 160.213 134.064 509.865 167.06 488.871 383.971 110.689 329.198 
frame00160.jpg 162.16 133.804 510.872 168.158 486.91 383.34 112.107 327.147 
frame00161.jpg 162.477 133.44 510.033 168.153 483.618 382.487 110.685 324.829 
frame00162.jpg 161.163 131.357 507.135 167.515 479.545 380.96 107.836 322.074 
frame00163.jpg 160.49 130.468 505.314 167.248 476.619 380.431 106.194 320.396 
frame00164.jpg 160.587 130.702 504.525 168.497 474.063 381.136 105.907 320.488 
frame00165.jpg 160.134 129.261 502.295 167.624 470.96 379.188 103.74 317.881 
frame00166.jpg 160.171 126.574 501.834 165.51 469.901 377.238 103.83 314.228 
frame00167.jpg 160.787 125.18 501.746 164.619 468.967 376.444 104.285 312.591 
frame00168.jpg 161.882 124.286 501.662 164.601 467.21 374.787 105.48 310.724 
frame00169.jpg 162.814 121.613 500.781 163.394 465.076 373.606 105.751 308.305 
frame00170.jpg 163.852 121.128 500.417 162.071 465.068 373.353 105.428 305.703 
frame00171.jpg 163.227 121.017 499.726 163.185 463.449 372.791 105.268 305.9 
frame00172.jpg 166.997 120.838 502.14 162.628 464.975 372.779 109.331 304.611 
frame00173.jpg 167.712 121.187 501.748 163.359 464.474 372.986 109.491 304.76 
frame00174.jpg 166.044 120.037 499.896 162.652 461.326 370.983 108.046 302.857 
frame00175.jpg 166.553 119.701 498.852 161.397 460.216 370.243 108.232 301.763 
frame00176.jpg 166.977 120.92 498.317 162.586 458.556 371.716 108.267 302.769 
frame00177.jpg 167.562 121.407 498.04 162.706 457.328 372.2 108.556 302.383 
frame00178.jpg 167.27 122.329 496.954 163.762 457.474 373.049 108.74 302.665 
frame00179.jpg 168.9 123.704 499.177 165.593 457.354 375.098 109.856 304.399 
frame00180.jpg 171.015 124.914 498.928 167.692 456.946 376.608 110.237 304.96 
frame00181.jpg 170.993 125.289 498.161 168.818 456.641 377.558 110.221 304.891 
frame00182.jpg 172.916 127.206 498.058 171.265 456.932 380.122 110.141 306.336 
frame00183.jpg 174.172 127.459 497.869 171.45 455.802 379.56 110.365 304.905 
frame00184.jpg 173.37 127.226 498.085 171.733 453.746 378.765 110.577 303.671 
frame00185.jpg 172.783 127.445 497.941 172.692 452.665 378.824 110.366 303.77 
frame00186.jpg 173.615 125.977 496.625 170.939 451.066 376.673 110.046 301.234 
frame00187.jpg 172.92 123.259 494.824 168.113 448.816 373.851 108.884 297.903 
frame00188.jpg 172.426 119.071 492.699 164.433 447.14 368.417 108.305 293.003 
frame00189.jpg 172.846 117.282 493.39 161.829 447.8 366.528 109.279 291.015 
frame00190.jpg 173.025 118.632 493.793 162.662 448.169 367.343 110.206 292.166 
frame00191.jpg 172.89 118.135 493.643 161.999 446.665 367.008 111.773 292.188 
frame00192.jpg 172.525 117.513 492.079 161.146 445.408 365.506 110.498 290.972 
frame00193.jpg 171.795 116.286 491.328 159.922 444.329 363.229 110.634 289.225 
frame00194.jpg 173.313 115.626 492.255 159.114 444.744 362.744 110.951 287.974 
frame00195.jpg 174.85 115.466 494.03 160.078 445.341 363.325 112.208 287.725 
frame00196.jpg 175.629 113.187 493.944 159.125 444.088 361.925 112.565 285.058 
frame00197.jpg 178.165 111.661 495.472 158.229 444.679 360.275 114.622 282.094 
frame00198.jpg 180.867 110.249 497.486 157.568 446.969 360.049 116.855 279.52 
frame00199.jpg 182.914 108.116 498.551 157.351 447.525 358.926 118.339 277.318 
frame00200.jpg 186.538 106.682 502.45 156.782 449.272 358.482 121.886 275.84 
frame00201.jpg 190.702 106.563 505.437 158.072 451.561 360.825 124.624 275.483 
frame00202.jpg 191.963 107.959 507.255 160.752 451.478 362.428 126.377 276.39 
frame00203.jpg 195.397 106.786 508.613 161.361 451.882 361.525 128.027 274.775 
frame00204.jpg 198.334 107.187 510.865 162.814 453.95 363.304 130.269 274.316 
frame00205.jpg 200.147 109.485 512.36 166.469 453.502 367.092 131.569 276.067 
frame00206.jpg 201.513 109.026 513.465 168.209 453.292 367.898 133.052 275.234 
frame00207.jpg 202.093 109.486 512.318 169.604 451.502 368.699 131.728 275.379 
frame00208.jpg 200.446 111.131 509.268 170.838 447.385 369.043 129.393 275.641 
frame00209.jpg 198.76 111.646 506.525 171.987 444.304 369.517 128.363 275.921 
frame00210.jpg 200.634 112.437 507.228 172.553 445.816 369.742 130.097 276.316 
frame00211.jpg 201.764 113.493 508.257 174.137 445.301 372.107 130.567 277.041 
frame00212.jpg 202.444 113.519 508.373 174.335 445.128 371.374 130.774 276.385 
frame00213.jpg 203.829 113.045 508.684 174.966 445.972 372.529 131.119 276.301 
frame00214.jpg 203.618 113.01 508.166 174.926 445.054 372.052 131.085 275.686 
frame00215.jpg 204.615 111.606 509.116 173.669 444.648 370.846 131.674 274.132 
frame00216.jpg 207.25 109.737 511.903 172.78 447.349 370.135 134.714 272.064 
frame00217.jpg 209.383 108.707 513.626 172.018 449.573 369.727 135.303 270.673 
frame00218.jpg 210.985 107.693 516.225 171.402 452.067 369.346 137.031 269.361 
frame00219.jpg 213.73 106.73 519.548 171.663 453.472 369.687 139.956 268.454 
frame00220.jpg 215.509 106.922 521.532 172.534 454.911 370.959 141.954 268.725 
frame00221.jpg 217.211 107.897 523.211 173.957 456.946 373.356 143.431 269.611 
frame00222.jpg 220.481 109.511 526.051 176.622 458.479 375.561 146.28 271.676 
frame00223.jpg 224.388 108.916 529.671 176.832 463.097 376.166 149.863 271.076 
frame00224.jpg 225.827 108.033 531.987 176.854 462.764 375.627 150.994 270.065 
frame00225.jpg 226.006 108.597 532.861 177.955 461.81 375.832 150.771 270.556 
frame00226.jpg 228.789 109.035 536.403 178.598 464.179 377.534 153.447 270.409 
frame00227.jpg 231.44 110.361 537.889 180.101 466.286 379.587 155.55 270.767 
frame00228.jpg 230.288 110.856 535.961 181.246 464.768 380.239 153.125 271.114 
frame00229.jpg 228.677 110.799 534.394 181.075 462.747 380.743 150.817 271.633 
frame00230.jpg 228.715 111.543 533.492 182.048 462.162 382.138 151.005 272.624 
frame00231.jpg 228.606 112.41 533.621 182.478 462.313 381.876 151.458 272.473 
frame00232.jpg 227.924 109.785 533.548 180.241 462.723 378.739 151.384 269.591 
frame00233.jpg 228.257 107.935 533.316 179.032 462.482 377.076 151.523 268.453 
frame00234.jpg 228.914 108.992 534.524 179.959 462.84 378.84 152.217 269.358 
frame00235.jpg 230.589 109.797 535.691 181.25 464.957 378.858 153.879 270.117 
frame00236.jpg 233.308 107.932 539.794 178.997 467.698 376.718 157.697 268.601 
frame00237.jpg 233.8 109.027 540.663 179.077 469.263 377.739 158.143 270.43 
frame00238.jpg 235.387 110.516 541.924 179.645 471.761 378.574 159.565 271.381 
frame00239.jpg 238.77 110.548 545.78 178.337 476.557 377.85 163.66 271.536 
frame00240.jpg 240.807 111.592 547.695 178.06 479.121 377.781 166.491 272.748 
frame00241.jpg 238.547 113.632 545.023 179 476.805 379.537 165.254 274.035 
frame00242.jpg 236.947 114.442 543.01 180.458 474.743 380.996 163.338 275.134 
frame00243.jpg 237.289 117.51 542.891 182.932 474.332 383.561 163.709 277.861 
frame00244.jpg 235.925 119.506 540.63 184.533 472.379 385.182 162.478 280.152 
frame00245.jpg 238.082 122.335 543.111 185.46 477.214 385.329 166.576 281.82 
frame00246.jpg 244.462 121.507 551.486 183.743 485.584 383.791 173.95 280.667 
frame00247.jpg 253.45 124.26 559.919 186.158 496.218 385.122 184.077 284.999 
frame00248.jpg 257.575 128.248 564.333 187.763 502.486 388.241 189.246 287.702 
frame00249.jpg 264.227 131.438 572.341 190.108 511.182 392.687 197.417 291.138 
frame00250.jpg 272.248 137.487 579.495 192.647 519.959 398.249 205.737 296.018 
frame00251.jpg 275.25 141.149 583.61 195.633 523.794 401.221 209.29 300.277 
frame00252.jpg 277.957 142.502 585.847 195.958 526.468 401.455 212.426 300.797 
frame00253.jpg 280.854 142.632 588.895 195.952 528.74 400.543 215.717 301.952 
frame00254.jpg 281.148 145.52 589.373 196.434 530.021 400.722 216.571 304.3 
frame00255.jpg 281.039 147.274 586.242 196.409 527.761 399.736 215.193 304.574 
frame00256.jpg 279.43 148.37 584.104 196.824 524.989 399.642 215.31 306.588 
frame00257.jpg 277.735 150.287 581.963 197.442 521.985 399.807 214.637 308.845 
frame00258.jpg 275.86 152.022 578.578 197.915 520.742 400.657 214.149 310.722 
frame00259.jpg 274.145 152.116 575.807 196.387 517.499 398.779 212.618 309.368 
frame00260.jpg 271.237 152.874 572.431 195.254 514.638 398.666 210.154 310.497 
frame00261.jpg 269.475 153.474 569.448 193.666 513.456 396.916 207.628 310.838 
frame00262.jpg 268.063 153.881 566.348 193.355 512.332 396.025 206.519 311.705 
frame00263.jpg 263.956 152.53 562.819 190.7 507.39 391.519 204.084 309.655 
frame00264.jpg 260.897 153.219 557.704 189.762 503.593 390.463 201.019 310.586 
frame00265.jpg 259.228 153.916 556.026 189.974 503.069 390.764 200.837 311.322 
frame00266.jpg 258.073 154.56 553.526 190.588 502.061 391.021 198.734 312.572 
frame00267.jpg 257.251 155.78 552.025 191.578 501.088 391.997 197.862 313.742 
frame00268.jpg 255.845 157.963 550.11 193.259 499.854 394.175 196.544 315.866 
frame00269.jpg 253.716 161.408 547.643 196.125 496.342 398.061 194.499 319.225 
frame00270.jpg 250.94 162.388 543.631 196.993 492.78 397.384 192.601 320.09 
frame00271.jpg 250.619 163.414 541.796 196.85 492.413 396.588 191.938 320.382 
frame00272.jpg 246.945 164.742 538.943 197.856 488.85 396.508 188.255 322.312 
frame00273.jpg 243.863 164.877 536.508 196.521 485.833 395.902 186.25 321.986 
frame00274.jpg 242.7 165.468 533.913 196.213 485.873 395.911 183.783 322.456 
frame00275.jpg 238.702 165.589 530.236 194.949 482.214 394.872 180.013 322.752 
frame00276.jpg 234.002 167.889 523.874 196.44 476.56 397.695 175.207 326.637 
frame00277.jpg 230.797 170.603 520.417 199.272 474.54 400.744 171.975 330.668 
frame00278.jpg 225.405 173.985 515.74 201.155 469.778 402.687 168.581 333.949 
frame00279.jpg 219.388 176.988 509.81 203.853 464.669 405.08 162.493 338.615 
frame00280.jpg 212.768 178.747 503.153 204.591 459.339 405.582 157.201 341.236 
frame00281.jpg 208.355 181.434 498.194 205.238 456.192 405.298 153.019 344.167 
frame00282.jpg 201.619 183.993 492.556 206.313 451.359 405.45 146.255 347.358 
frame00283.jpg 195.871 185.836 486.888 206.541 446.242 405.878 141.801 349.901 
frame00284.jpg 190.105 189.005 481.933 207.406 441.46 407.291 136.839 353.961 
frame00285.jpg 186.686 190.157 477.902 207.417 440.87 408.906 133.441 355.552 
frame00286.jpg 181.255 192.047 473.299 208.084 436.571 409.387 129.544 358.83 
frame00287.jpg 179.263 194.945 469.338 209.088 435.77 411.481 126.386 362.219 
frame00288.jpg 174.888 196.202 465.503 209.152 434.207 410.623 123.362 364.68 
frame00289.jpg 173.716 197.299 463.214 208.788 433.02 409.871 122.236 365.963 
frame00290.jpg 169.955 199.306 458.832 209.896 430.263 411.249 117.034 368.958 
frame00291.jpg 163.072 203.094 451.851 212.045 425.447 412.983 110.966 372.845 
frame00292.jpg 160.164 202.918 449.233 210.27 422.875 413.871 108.665 374.179 
frame00293.jpg 156.937 204.022 446.243 208.723 420.407 410.899 106.253 374.616 
frame00294.jpg 152.347 202.965 442.923 206.885 417.357 410.033 103.309 373.753 
frame00295.jpg 149.992 202.476 441.345 206.161 415.749 408.197 101.764 373.017 
frame00296.jpg 148.731 201.661 441.386 204.577 416.559 407.143 101.69 371.389 
frame00297.jpg 148.177 199.715 441.57 203.676 416.871 405.254 101.438 370.742 
frame00298.jpg 151.321 200.706 444.116 204.824 420.966 406.389 102.954 372.134 
frame00299.jpg 153.134 199.857 446.585 205.354 422.92 406.591 105.353 371.228 
frame00300.jpg 154.244 198.62 447.879 204.341 423.732 405.547 106.485 369.987 
frame00301.jpg 153.666 199.02 446.821 204.999 421.842 406.875 105.459 369.889 
frame00302.jpg 154.33 199.904 447.047 206.098 422.964 408.326 105.386 370.583 
frame00303.jpg 155.528 197.917 449.16 205.128 424.301 407.475 106.871 368.883 
frame00304.jpg 156.033 197.921 449.221 205.391 424.05 407.172 106.353 368.692 
frame00305.jpg 156.661 196.035 450.059 204.328 424.538 405.437 107.35 366.803 
frame00306.jpg 157.941 194.814 452.413 203.307 425.57 403.473 108.786 365.248 
frame00307.jpg 161.11 193.698 455.6 202.805 428.218 402.634 112.507 362.57 
frame00308.jpg 162.156 191.933 455.363 202.014 428.767 402.074 111.463 360.918 
frame00309.jpg 165.554 188.985 459.45 200.242 431.814 399.96 114.648 357.067 
frame00310.jpg 171.356 184.816 465.81 197.192 437.184 396.523 120.392 351.848 
frame00311.jpg 174.342 182.604 470.585 195.045 440.383 394.457 124.572 349.077 
frame00312.jpg 176.95 182.08 472.771 194.877 441.927 394.393 126.683 348.195 
frame00313.jpg 180.762 180.39 475.305 194.214 444.381 393.861 129.929 346.944 
frame00314.jpg 182.237 178.999 477.221 194.111 446.177 393.299 131.657 345.536 
frame00315.jpg 185.627 177.681 479.206 194.734 448.14 394.264 133.21 344.531 
frame00316.jpg 185.631 176.743 480.637 194.142 446.543 393.355 133.677 343.028 
frame00317.jpg 186.399 175.18 480.721 194.28 445.873 393.516 133.92 341.271 
frame00318.jpg 186.787 174.395 480.653 193.643 444.464 393.022 134.698 340.831 
frame00319.jpg 186.781 173.304 478.958 192.517 445.835 390.958 132.781 338.874 
frame00320.jpg 186.905 173.254 480.052 191.693 446.193 391.275 133.138 338.68 
frame00321.jpg 185.594 174.605 479.349 192.52 445.525 393.345 132.016 340.965 
frame00322.jpg 184.722 175.696 478.759 192.752 444.215 393.854 131.718 342.093 
frame00323.jpg 183.52 176.89 477.852 193.798 444.376 394.428 130.989 343.049 
frame00324.jpg 181.917 178.298 475.683 195.155 442.455 395.706 128.743 344.564 
frame00325.jpg 180.504 176.972 475.432 194.428 440.826 394.466 128.067 343.563 
frame00326.jpg 182.031 176.963 476.904 194.523 442.262 393.62 130.528 343.202 
frame00327.jpg 182.355 177.338 476.863 195.063 443.194 393.784 130.295 343.24 
frame00328.jpg 181.908 177.318 476.797 194.011 443.623 392.887 130.482 342.583 
frame00329.jpg 181.465 176.303 476.583 193.48 442.075 392.104 129.424 342.125 
frame00330.jpg 180.159 177.599 474.226 194.693 440.998 393.264 127.651 343.909 
frame00331.jpg 179.674 175.594 474.168 193.335 439.685 391.486 127.921 342.039 
frame00332.jpg 180.16 177.54 474.831 193.879 440.901 393.222 128.487 343.315 
frame00333.jpg 180.29 178.225 473.977 194.577 441.474 394.728 127.579 344.308 
frame00334.jpg 179.713 178.743 474.993 196.056 442.829 395.378 127.428 345.547 
frame00335.jpg 180.497 178.443 475.388 196.228 442.669 395.006 128.211 345.653 
frame00336.jpg 183.299 177.597 477.016 195.544 443.686 394.453 129.527 344.872 
frame00337.jpg 184.55 176.348 479.536 194.126 445.417 392.308 131.355 342.003 
frame00338.jpg 184.161 175.141 479.493 193.086 445.012 391.093 132.501 339.998 
frame00339.jpg 184.364 173.269 478.986 191.275 444.861 388.974 131.249 338.269 
frame00340.jpg 185.461 173.162 480.097 190.548 446.093 388.186 132.76 337.979 
frame00341.jpg 185.991 172.788 480.49 190.36 447.167 388.241 133.433 338.3 
frame00342.jpg 185.981 172.41 481.285 189.481 448.096 387.978 134.692 338.166 
frame00343.jpg 184.802 172.402 480.21 188.955 445.669 387.954 132.439 337.915 
frame00344.jpg 184.321 172.074 478.737 188.895 444.622 387.638 131.286 337.155 
frame00345.jpg 182.653 170.828 477.739 187.587 443.103 386.608 129.799 335.583 
frame00346.jpg 182.106 171.782 476.253 188.198 442.746 386.973 128.378 336.191 
frame00347.jpg 179.458 171.817 473.35 189.211 439.268 387.979 125.144 337.36 
frame00348.jpg 179.237 171.591 472.385 189.585 439.177 387.614 124.362 337.784 
frame00349.jpg 180.075 170.165 474.351 189.067 441.098 386.399 125.577 335.929 
frame00350.jpg 181.889 168.599 476.53 187.691 443.289 384.535 127.404 333.772 
frame00351.jpg 183.143 166.173 478.714 185.446 444.477 382.379 129.096 331.134 
frame00352.jpg 182.615 164.667 478.382 183.982 443.764 380.748 127.987 329.445 
frame00353.jpg 181.244 164.416 477.319 184.109 443.066 381.337 125.796 329.985 
frame00354.jpg 178.787 164.531 475.81 183.095 441.008 381.953 124.013 330.297 
frame00355.jpg 176.663 165.816 474.872 183.85 439.303 382.746 122.877 332.353 
frame00356.jpg 171.784 170.363 470.215 187.816 434.193 387.411 117.748 337.749 
frame00357.jpg 167.181 171.986 465.51 189.244 429.051 387.936 113.71 340.053 
frame00358.jpg 166.927 173.603 464.731 190.166 431.096 388.657 114.202 342.252 
frame00359.jpg 165.89 174.949 464.817 191.053 432.122 388.277 114.24 343.694 
frame00360.jpg 164.277 175.823 464.124 190.865 432.734 388.338 114.266 344.954 
frame00361.jpg 162.966 177.238 461.143 191.114 431.325 389.419 111.547 346.141 
frame00362.jpg 158.967 180.487 455.915 193.079 428.127 392.334 106.525 350.489 
frame00363.jpg 155.895 181.544 452.107 193.074 424.819 392.735 103.156 352.878 
frame00364.jpg 151.437 181.784 449.861 191.626 421.771 391.525 99.267 353.231 
frame00365.jpg 144.882 181.31 444.005 189.544 417.12 389.274 93.5468 353.783 
frame00366.jpg 143.568 181.111 442.526 188.483 417.798 387.572 93.6627 354.708 
frame00367.jpg 140.071 181.238 441.335 187.785 417.295 386.476 92.3145 355.884 
frame00368.jpg 139.693 180.989 438.438 185.997 418.577 388.424 88.6353 356.38 
frame00369.jpg 133.61 181.826 433.459 185.389 414.534 388.084 82.5915 357.42 
frame00370.jpg 129.309 180.563 430.781 184.377 411.571 387.363 78.802 358.043 
frame00371.jpg 127.118 179.844 430.162 182.095 410.077 385.159 79.325 357.782 
frame00372.jpg 123.54 180.279 429.289 182.138 409.087 384.562 78.2253 359.956 
frame00373.jpg 123.353 180.138 429.812 180.783 411.044 383.528 79.1855 360.238 
frame00374.jpg 124.553 180.817 431.824 180.254 414.357 383.708 81.4803 361.322 
frame00375.jpg 126.012 179.79 433.833 179.024 417.244 382.116 82.7985 360.678 
frame00376.jpg 125.08 179.516 433.527 177.549 418.718 380.808 82.3984 360.199 
frame00377.jpg 123.147 178.885 433.266 176.628 417.999 379.351 81.5488 360.017 
frame00378.jpg 122.617 177.476 433.594 174.675 418.549 377.13 81.2844 358.978 
frame00379.jpg 122.877 176.206 435.143 172.427 420.782 375.654 82.8038 357.293 
frame00380.jpg 123.819 174.317 436.156 170.691 422.714 374.945 84.2725 356.776 
frame00381.jpg 123.252 174.34 436.288 170.465 423.722 374.601 84.0336 356.435 
frame00382.jpg 125.719 173.229 438.441 169.301 426.395 373.96 84.6019 355.042 
frame00383.jpg 125.127 173.571 438.563 169.267 427.35 373.715 84.5278 355.812 
frame00384.jpg 124.127 174.377 439.278 169.49 427.124 374.155 84.1345 357.416 
frame00385.jpg 123.69 174.866 439.03 169.901 427.894 374.431 84.6097 358.473 
frame00386.jpg 122.231 176.633 438.243 170.907 428.053 376.114 84.0244 361.005 
frame00387.jpg 121.104 177.538 437.624 171.354 428.836 376.318 83.3389 362.747 
frame00388.jpg 121.764 177.258 440.387 168.864 430.353 374.312 85.6528 361.77 
frame00389.jpg 123.124 175.345 442.353 166.116 432.877 371.26 88.4973 359.606 
frame00390.jpg 123.053 173.779 442.35 163.346 434.397 368.676 88.2465 357.593 
frame00391.jpg 122.486 172.243 441.906 161.162 433.374 367.52 87.282 357.466 
frame00392.jpg 120.926 171.177 441.565 160.034 433.468 366.809 86.3167 356.999 
frame00393.jpg 118.431 170.096 438.835 158.255 431.165 364.232 83.4217 355.117 
frame00394.jpg 117.104 166.799 438.343 154.565 431.933 360.699 82.5383 351.927 
frame00395.jpg 115.893 164.903 437.7 153.324 432.459 359.765 81.5434 350.818 
frame00396.jpg 115.529 166.715 438.61 155.473 432.422 361.269 81.635 353.448 
frame00397.jpg 117.221 165.199 441.621 154.071 437.649 360.73 83.7804 351.987 
frame00398.jpg 121.223 165.417 443.612 154.433 440.488 362.298 87.4189 352.795 
frame00399.jpg 120.389 166.444 444.595 155.368 438.522 361.044 89.0668 353.676 
frame00400.jpg 122.845 166.249 446.885 155.12 440.994 361.117 90.808 354.13 
frame00401.jpg 126.765 167.671 450.768 155.6 446.351 361.879 95.5789 354.859 
frame00402.jpg 128.556 168.038 453.229 154.807 451.765 360.786 97.5521 353.845 
frame00403.jpg 132.115 167.684 456.76 153.24 454.858 359.709 102.819 353.524 
frame00404.jpg 133.562 168.15 457.816 151.873 456.489 359.446 104.152 354.443 
frame00405.jpg 134.425 166.731 458.783 149.391 458.615 356.869 105.276 353.156 
frame00406.jpg 133.336 164.496 458.298 147.306 457.201 354.712 104.734 351.946 
frame00407.jpg 132.102 162.519 457.68 144.949 455.19 352.933 104.523 350.505 
frame00408.jpg 130.436 162.098 456.272 144.465 453.619 352.3 102.742 350.887 
frame00409.jpg 129.494 160.637 456.348 141.994 453.809 349.868 102.152 348.382 
frame00410.jpg 129.896 159.182 456.686 139.681 454.676 348.72 103.014 347.327 
frame00411.jpg 129.182 157.328 456.645 137.989 455.722 346.606 103.345 346.246 
frame00412.jpg 129.516 157.028 457.294 137.411 456.82 345.998 104.747 346.345 
frame00413.jpg 130.499 156.511 458.434 136.258 459.254 345.31 106.633 344.883 
frame00414.jpg 131.656 157.782 459.388 135.161 461.59 344.834 107.283 345.928 
frame00415.jpg 132.762 157.365 460.493 134.06 464.229 345.293 109.298 347.209 
frame00416.jpg 133.601 157.404 462.24 133.938 465.525 343.899 111.043 347.137 
frame00417.jpg 136.871 157.271 464.806 133.314 468.871 343.389 114.343 347.628 
frame00418.jpg 137.471 157.326 466.021 132.82 470.432 343.3 115.282 347.352 
frame00419.jpg 136.239 157.246 465.346 133.179 468.968 343.4 114.742 347.105 
frame00420.jpg 136.943 158.282 466.313 132.757 469.871 344.003 114.375 347.475 
frame00421.jpg 138.128 158.096 467.791 132.341 470.658 344.456 115.486 346.206 
frame00422.jpg 135.632 157.664 466.148 132.297 469.686 343.536 112.733 346.448 
frame00423.jpg 133.691 157.937 464.644 132.693 467.648 343.405 111.729 347.442 
frame00424.jpg 133.071 157.786 464.282 132.589 468.461 343.25 111.149 347.736 
frame00425.jpg 132.599 157.45 464.047 132.396 468.636 343.332 110.599 348.26 
frame00426.jpg 132.815 158.139 464.684 132.61 469.642 343.166 112.055 349.367 
frame00427.jpg 133.342 156.731 464.846 131.732 470.976 342.11 112.648 348.483 
frame00428.jpg 133.736 156.565 466.199 130.626 472.685 341.321 113.239 348.276 
frame00429.jpg 132.77 158.023 465.482 131.504 472.523 342.139 111.957 349.843 
frame00430.jpg 131.836 156.896 464.751 130.22 471.999 341.524 111.127 349.115 
frame00431.jpg 131.916 157.989 464.908 130.184 472.487 341.626 111.115 349.673 
frame00432.jpg 130.989 159.166 463.001 130.465 471.866 342.708 109.049 351.506 
frame00433.jpg 129.248 159.993 462.397 130.279 470.362 342.446 109.05 353.303 
frame00434.jpg 127.806 161.387 461.409 130.58 468.312 342.014 108.912 354.349 
frame00435.jpg 126.394 162.656 459.639 131.377 467.55 341.769 107.808 355.849 
frame00436.jpg 125.729 165.394 458.006 133.485 467.476 343.56 106.528 358.931 
frame00437.jpg 124.514 166.287 457.687 133.152 467.854 343.956 106.588 359.963 
frame00438.jpg 124.548 167.368 458.524 133.372 469.589 344.69 107.117 360.423 
frame00439.jpg 124.411 167.57 458.232 133.813 468.6 345.071 107.429 360.447 
frame00440.jpg 123.174 166.75 457.888 133.364 469.478 343.82 106.617 359.98 
frame00441.jpg 123.841 164.964 458.357 131.912 470.435 342.303 107.157 358.515 
frame00442.jpg 122.567 166.297 456.394 132.632 468.373 343.518 106.472 359.941 
frame00443.jpg 121.884 167.826 455.732 133.774 468.478 345.28 105.216 362.446 
frame00444.jpg 121.363 169.658 454.453 135.027 467.651 346.548 104.143 364.585 
frame00445.jpg 121.601 171.023 454.156 136.176 469.241 348.73 103.254 366.789 
frame00446.jpg 120.407 171.832 452.563 136.112 467.623 348.431 103.162 367.814 
frame00447.jpg 119.511 172.434 452.348 136.169 466.867 348.258 102.763 368.152 
frame00448.jpg 118.466 172.82 452.376 136.246 465.497 347.738 103.449 368.318 
frame00449.jpg 118.201 172.114 451.675 135.586 465.572 347.394 103.45 367.651 
frame00450.jpg 118.027 175.329 450.896 137.244 466.28 348.128 102.717 368.928 
frame00451.jpg 118.191 175.958 450.307 137.954 466.904 349.15 102.418 370.336 
frame00452.jpg 116.852 177.353 450.178 138.686 464.005 349.706 102.148 372.441 
frame00453.jpg 115.53 179.594 449.319 140.444 463.097 350.753 102.328 373.155 
frame00454.jpg 116.058 180.452 449.255 140.826 463.567 352.191 102.222 375.109 
frame00455.jpg 117.19 181.141 449.501 141.562 463.946 353.191 102.338 375.066 
frame00456.jpg 115.848 180.698 449.165 142.209 463.062 353.657 101.503 375.034 
frame00457.jpg 115.221 180.626 447.631 142.939 461.865 354.42 99.5394 375.47 
frame00458.jpg 114.517 180.54 445.965 143.188 460.416 355.472 97.3802 375.681 
frame00459.jpg 112.459 180.43 444.786 144.135 458.192 356.092 96.3556 376.707 
frame00460.jpg 112.318 181.363 444.685 145.557 458.54 357.255 95.8504 377.94 
frame00461.jpg 112.058 182.96 444.026 147.033 457.339 359.229 96.203 379.984 
frame00462.jpg 113.077 184.258 444.607 148.195 458.425 360.829 96.1959 381.143 
frame00463.jpg 113.055 186.326 444.898 149.749 459.095 362.744 96.4465 382.887 
frame00464.jpg 111.982 187.835 444.291 151.73 458.659 364.505 95.5447 385.32 
frame00465.jpg 112.288 188.033 444.39 152.078 458.191 365.432 95.4725 385.502 
frame00466.jpg 112.185 188.423 444.137 152.12 458.011 365.925 96.1263 384.927 
frame00467.jpg 112.133 188.064 443.258 152.72 457.707 366.102 94.3616 385.186 
frame00468.jpg 111.724 188.037 445.589 152.656 456.922 366.76 94.6802 384.73 
frame00469.jpg 111.604 188.216 444.78 153.328 457.524 367.023 93.6487 384.555 
frame00470.jpg 110.563 189.107 444.665 154.676 457.031 367.923 93.4198 386.001 
frame00471.jpg 111.979 192.573 444.71 157.613 458.195 370.806 94.4094 388.774 
frame00472.jpg 113.083 196.704 445.928 162.73 458.681 377.051 94.4569 394.035 
frame00473.jpg 113.927 198.884 445.35 165.61 459.359 379.564 93.4279 396.749 
frame00474.jpg 113.355 198.439 444.113 165.067 458.918 379.2 92.3895 395.9 
frame00475.jpg 114.042 197.467 444.849 165.009 460.37 379.152 94.2476 395.34 
frame00476.jpg 113.234 198.196 444.371 166.65 458.501 379.554 93.4119 396.383 
frame00477.jpg 113.717 197.688 446.017 165.757 458.81 379.416 94.1855 394.954 
frame00478.jpg 114.092 197.146 447.678 165.294 459.46 378.952 96.6213 394.371 
frame00479.jpg 115.408 195.783 448.953 164.986 459.937 378.771 97.3503 392.831 
frame00480.jpg 116.106 195.915 448.667 164.707 460.788 377.943 96.5674 392.452 
frame00481.jpg 117.093 194.23 448.548 164.035 462.51 377.014 95.905 391.123 
frame00482.jpg 116.334 193.848 449.386 163.658 460.903 375.993 95.7968 389.953 
frame00483.jpg 115.765 191.587 448.935 161.373 459.553 373.621 95.364 386.559 
frame00484.jpg 117.113 190.083 449.919 160.017 460.774 372.93 95.832 385.568 
frame00485.jpg 116.539 190.949 450.634 160.881 459.367 375.15 96.6231 386.061 
frame00486.jpg 114.821 188.056 449.467 159.795 457.923 372.906 94.7891 383.6 
frame00487.jpg 114.228 186.41 448.642 159.127 458.227 372.445 94.5884 382.517 
frame00488.jpg 115.188 187.098 449.334 159.249 460.627 372.232 94.607 382.13 
frame00489.jpg 115.595 186.054 449.963 158.478 460.33 371.449 95.1993 381.53 
frame00490.jpg 116.074 186.235 450.329 159.098 461.463 372.39 94.639 381.806 
frame00491.jpg 117.031 185.037 451.814 158.182 461.659 371.211 95.6786 380.301 
frame00492.jpg 118.237 185.464 452.298 158.801 462.168 372.395 96.7951 380.751 
frame00493.jpg 119.009 186.921 453.138 160.615 462.35 374.612 96.9906 382.564 
frame00494.jpg 118.627 186.816 452.427 160.93 461.667 374.973 95.4841 382.194 
frame00495.jpg 117.67 187.794 451.6 161.715 461.002 376.471 95.1095 383.928 
frame00496.jpg 119.373 193.067 452.648 166.742 462.425 381.143 96.0325 389.138 
frame00497.jpg 119.19 194.884 452.433 168.521 461.842 383.274 95.8139 390.728 
frame00498.jpg 121.066 197.339 453.968 170.329 464.278 385.491 97.5109 393.201 
frame00499.jpg 122.796 196.743 454.813 170.066 464.675 384.588 99.4565 392.263 
frame00500.jpg 127.724 207.786 459.684 178.882 471.36 393.565 105.021 402.762 
frame00501.jpg 133.057 215.023 464.026 186.565 477.569 402.944 110.118 411.289 
frame00502.jpg 136.749 215.852 467.528 185.961 483.474 404.177 113.007 412.383 
frame00503.jpg 144.625 212.686 473.708 182.023 490.419 399.581 119.858 407.132 
frame00504.jpg 149.983 215.682 480.656 183.86 497.034 400.327 126.863 411.372 
frame00505.jpg 152.853 219.996 483.821 187.89 501.638 404.271 132.562 416.002 
frame00506.jpg 159.664 224.648 490.31 189.739 507.289 407.497 140.673 420.269 
frame00507.jpg 165.081 227.496 494.774 190.615 512.015 409.015 146.844 421.762 
frame00508.jpg 166.693 227.825 494.801 192.118 512.8 408.722 147.596 422.343 
frame00509.jpg 168.71 228.26 495.688 192.006 513.507 407.178 149.981 420.936 
frame00510.jpg 170.345 227.634 496.72 190.971 514.521 405.759 152.637 419.587 
frame00511.jpg 173.56 227.828 498.798 190.313 515.637 404.345 154.997 417.884 
frame00512.jpg 174.312 227.217 498.38 188.872 515.296 402.699 154.905 415.306 
frame00513.jpg 173.875 224.846 496.738 186.089 513.663 398.924 154.506 412.606 
frame00514.jpg 174.595 227.243 496.401 188.473 513.117 401.678 155.068 415.915 
frame00515.jpg 173.723 229.096 494.394 191.129 511.982 403.11 153.095 417.773 
frame00516.jpg 172.677 225.546 491.446 186.773 510.49 399.025 150.769 413.356 
frame00517.jpg 171.667 224.916 489.647 185.085 507.334 396.544 150.15 412.284 
frame00518.jpg 171.249 226.262 487.372 185.973 504.571 396.882 148.609 413.513 
frame00519.jpg 170.308 225.729 485.621 184.732 502.336 396.088 148.878 411.832 
frame00520.jpg 170.819 229.106 484.748 188.019 501.506 398.733 148.181 414.311 
frame00521.jpg 169.155 228.837 483.159 188.256 499.051 396.857 144.7 414.722 
frame00522.jpg 169.343 223.373 481.95 183.539 496.659 391.557 146.111 407.379 
frame00523.jpg 168.99 222.648 481.178 183.015 494.426 389.476 145.958 405.12 
frame00524.jpg 167.654 217.758 478.407 179.692 490.843 385.098 143.692 399.481 
frame00525.jpg 167.479 215.092 477.126 176.832 488.597 381.386 142.985 395.299 
frame00526.jpg 167.599 212.845 477.068 176.27 486.977 379.874 142.924 392.557 
frame00527.jpg 167.14 209.255 476.268 173.463 484.148 376.224 141.593 387.449 
frame00528.jpg 164.694 204.907 473.325 170.536 479.77 371.463 139.436 382.394 
frame00529.jpg 163.329 199.779 471.561 167.548 476.6 367.771 135.218 378.266 
frame00530.jpg 163.032 199.208 470.238 167.47 474.474 366.955 132.665 377.087 
frame00531.jpg 161.502 192.76 468.081 163.628 470.67 363.006 129.222 371.192 
frame00532.jpg 162.381 188.313 468.212 160.282 468.034 358.741 129.19 365.759 
frame00533.jpg 163.885 183.284 469.323 157.202 467.831 355.28 130.713 359.092 
frame00534.jpg 165.045 180.284 469.745 156.136 466.671 353.751 131.353 353.813 
frame00535.jpg 164.233 174.993 468.685 153.764 462.296 351.469 130.497 347.716 
frame00536.jpg 164.693 171.155 468.598 151.081 461.056 347.414 129.801 342.255 
frame00537.jpg 167.346 165.876 469.435 146.577 461.729 342.43 131.327 334.194 
frame00538.jpg 167.957 158.882 470.273 141.523 461.137 336.686 130.52 326.716 
frame00539.jpg 169.147 150.213 471.297 134.831 459.316 327.395 130.27 316.133 
frame00540.jpg 171.555 144.352 472.816 130.93 460.675 325.107 131.024 309.25 
frame00541.jpg 171.531 138.755 472.64 128.299 457.802 323.565 129.157 303.881 
frame00542.jpg 169.217 132.696 470.567 126.279 451.701 320.277 125.21 298.191 
frame00543.jpg 169.908 128.813 469.703 124.588 448.536 318.001 123.166 293.731 
frame00544.jpg 170.105 123.696 471.396 121.549 448.138 312.981 121.788 288.725 
frame00545.jpg 171.422 116.234 471.952 117.579 444.253 308.676 121.964 279.86 
frame00546.jpg 171.032 111.795 470.564 116.479 439.256 306.481 119.285 274.371 
frame00547.jpg 171.46 109.58 468.384 115.923 436.324 304.414 117.32 269.55 
frame00548.jpg 169.843 107.081 466.625 116.422 430.641 304.732 114.121 266.854 
frame00549.jpg 168.939 100.169 463.508 114.392 423.904 301.989 111.386 258.849 
frame00550.jpg 165.812 94.8229 461.286 112.854 417.559 299.272 107.66 253.806 
frame00551.jpg 165.837 91.3802 460.218 111.131 413.314 297.957 106.258 249.044 
frame00552.jpg 165.365 89.4968 457.558 112.579 409.165 298.505 103.798 246.57 
frame00553.jpg 160.801 85.4426 454.042 111.489 405.304 295.541 99.6604 242.199 
frame00554.jpg 161.156 81.2698 451.469 108.914 401.913 293.746 98.3553 237.014 
frame00555.jpg 162.402 76.785 451.051 106.34 401.137 289.645 98.246 231.211 
frame00556.jpg 164.384 75.9605 453.129 106.574 402.526 289.213 101.195 230.027 
frame00557.jpg 164.447 77.9079 452.242 109.664 401.275 291.61 100.141 231.866 
frame00558.jpg 163.963 78.4732 451.217 110.943 398.511 292.196 100.067 233.075 
frame00559.jpg 167.155 80.7365 453.948 112.72 402.432 293.878 103.361 234.441 
frame00560.jpg 167.809 82.0986 453.614 114.363 403.108 295.444 103.311 235.555 
frame00561.jpg 164.974 83.3751 450.275 115.343 399.928 296.708 100.467 237.101 
frame00562.jpg 163.424 84.8685 447.577 116.519 398.775 297.499 99.0165 237.571 
frame00563.jpg 163.156 87.3463 446.928 118.355 398.61 299.037 99.0081 240.251 
frame00564.jpg 160.667 87.6134 445.952 118.628 397.241 298.767 97.5353 241.463 
frame00565.jpg 157.828 88.1158 442.503 118.54 394.178 298.05 94.6828 242.49 
frame00566.jpg 156.369 89.0746 442.085 118.925 394.452 299.188 94.1567 243.901 
frame00567.jpg 154.643 90.9121 441.729 119.859 393.28 299.847 93.1852 246.064 
frame00568.jpg 150.753 93.56 437.77 121.805 390.396 301.305 88.584 249.427 
frame00569.jpg 146.564 96.2727 434.623 123.643 388.589 303.692 86.7409 252.47 
frame00570.jpg 145.579 97.936 433.609 124.052 390.785 303.712 85.673 255.261 
frame00571.jpg 143.756 101.942 432.257 125.411 391.738 305.928 83.595 259.868 
frame00572.jpg 140.102 102.371 429.698 124.412 391.598 305.343 81.9829 261.177 
frame00573.jpg 139.757 105.285 430.006 124.358 394.333 305.735 83.3272 265.122 
frame00574.jpg 138.4 106.161 429.805 123.482 396.033 304.715 84.2691 267.44 
frame00575.jpg 136.379 109.287 428.706 125.027 397.356 305.265 83.6256 270.805 
frame00576.jpg 133.868 110.54 427.839 124.637 398.01 304.501 83.3377 272.751 
frame00577.jpg 134.673 113.17 429.499 125.085 402.405 306.184 84.7284 275.946 
frame00578.jpg 131.583 115.674 426.564 126.288 401.262 307.414 82.3917 279.583 
frame00579.jpg 129.524 118.206 424.627 125.777 400.785 307.387 82.237 282.034 
frame00580.jpg 128.565 119.359 423.637 125.41 400.642 306.556 81.8644 283.123 
frame00581.jpg 126.016 120.779 421.581 126.427 400.847 306.07 80.1537 286.006 
frame00582.jpg 123.633 121.812 420.686 126.373 401.907 305.5 79.6305 286.891 
frame00583.jpg 125.001 123.761 422.586 126.284 404.498 305.803 81.3078 287.636 
frame00584.jpg 124.144 123.113 421.772 125.534 405.626 304.162 80.4703 287.118 
frame00585.jpg 123.653 119.536 421.527 121.997 407.241 298.092 78.7402 282.416 
frame00586.jpg 124.16 115.094 423.068 117.525 408.159 293.534 79.3786 277.663 
frame00587.jpg 124.373 113.714 425.563 115.485 410.025 291.884 81.1857 276.448 
frame00588.jpg 124.938 113.633 426.288 114.857 411.857 292.222 82.5633 277.353 
frame00589.jpg 123.83 113.138 426.796 113.998 412.075 291.377 83.1597 277.25 
frame00590.jpg 120.506 115.029 423.826 115.204 409.782 293.117 80.5315 280.275 
frame00591.jpg 118.118 115.804 422.536 115.964 408.261 293.379 79.5781 281.316 
frame00592.jpg 118.61 116.6 422.126 115.986 409.652 293.33 79.1099 282.862 
frame00593.jpg 116.289 115.467 420.807 114.99 408.199 291.468 77.2075 282.345 
frame00594.jpg 110.262 115.478 416.786 113.692 404.435 290.973 72.5085 282.899 
frame00595.jpg 108.58 111.591 413.019 109.369 404.653 286.812 70.0993 276.881 
frame00596.jpg 107.709 108.606 414.286 106.105 407.275 283.34 72.5149 275.379 
frame00597.jpg 110.083 108.295 418.782 105.638 413.115 282.512 78.1763 276.72 
frame00598.jpg 112.906 109.535 421.736 106.122 415.903 284.062 80.3865 279.706 
frame00599.jpg 114.181 112.779 423.259 107.894 417.664 285.859 81.709 282.443 
frame00600.jpg 116.462 116.128 425.577 109.108 421.693 288.114 85.3332 285.595 
frame00601.jpg 120.333 117.243 429.572 109.311 427.788 288.42 89.3675 287.792 
frame00602.jpg 125.764 103.412 439.26 93.5613 436.774 272.328 100.56 272.663 
frame00603.jpg 128.438 105.024 445.102 94.5065 444.118 268.798 100.279 275.012 
frame00604.jpg 144.653 115.2 461.361 105.934 461.982 280.337 116.926 287.5 
frame00605.jpg 161.565 123.87 476.194 107.199 477.917 287.195 143.595 297.137 
frame00606.jpg 169.564 128.816 482.734 111.756 488.714 289.647 149.232 298.655 
frame00607.jpg 178.219 134.633 494.025 123.043 500.528 300.024 157.342 311.522 
frame00608.jpg 186.913 147.822 500.137 132.376 511.358 312.174 164.56 326.517 
frame00609.jpg 194.924 154.661 505.282 134.487 518.026 316.178 170.385 333.196 
frame00610.jpg 201.454 161.235 510.367 136.405 524.328 319.002 180.072 336.034 
