frame ulx uly urx ury lrx lry llx lly
frame00001.jpg 329.95 196 565.05 195.95 564.99 435.99 330.04 435.96 
frame00002.jpg 330.014 195.92 564.995 196.656 564.801 436.053 330.181 436.059 
frame00003.jpg 330.177 195.831 564.981 196.942 564.966 435.552 330.283 435.646 
frame00004.jpg 331.229 195.956 566.052 196.521 565.561 435.507 331.491 435.195 
frame00005.jpg 331.373 195.946 565.663 196.648 565.137 435.109 331.063 435.16 
frame00006.jpg 331.589 195.842 566.038 196.127 565.723 434.93 331.011 435.207 
frame00007.jpg 330.746 195.881 564.671 196.15 564.753 434.472 329.915 435.65 
frame00008.jpg 329.61 196.152 563.793 196.247 564.16 435 330.132 436.201 
frame00009.jpg 329.336 195.516 564.273 195.154 564.574 434.212 330.404 435.205 
frame00010.jpg 329.494 195.723 564.612 195.171 564.282 434.292 330.31 435.131 
frame00011.jpg 329.304 195.419 564.142 196.092 564.598 434.905 329.796 435.557 
frame00012.jpg 329.985 196.061 565.008 196.032 565.225 435.788 330.51 435.892 
frame00013.jpg 330.578 196.968 565.828 198.057 565.789 437.145 330.843 437.053 
frame00014.jpg 330.738 198.213 566.787 199.259 566.156 438.637 332.05 437.927 
frame00015.jpg 332.294 199.727 567.567 200.174 566.138 439.921 332.815 438.397 
frame00016.jpg 333.542 202.639 567.556 203.258 566.605 442.129 333.14 440.683 
frame00017.jpg 333.32 202.888 567.53 203.703 567.051 441.882 333.693 440.459 
frame00018.jpg 334.233 202.753 567.784 203.474 568.348 441.76 334.405 440.315 
frame00019.jpg 333.573 204.232 567.079 204.999 567.313 443.3 334.067 441.638 
frame00020.jpg 335.302 205.561 568.402 206.111 568.444 444.652 335.209 442.393 
frame00021.jpg 335.548 205.837 567.537 206.876 567.826 445.051 334.028 442.761 
frame00022.jpg 335.881 206.306 567.429 207.769 566.933 444.278 333.931 442.993 
frame00023.jpg 334.835 206.16 566.399 207.802 565.132 443.792 332.406 442.537 
frame00024.jpg 333.96 204.86 565.302 206.399 564.266 441.596 331.548 440.355 
frame00025.jpg 332.682 203.245 563.304 204.941 562.205 440.004 330.219 439.54 
frame00026.jpg 331.179 202.981 561.466 205.254 561.252 438.909 329.246 440.027 
frame00027.jpg 329.931 202.44 560.159 204.765 559.699 437.601 328.774 438.99 
frame00028.jpg 328.935 201.517 559.401 204.091 558.48 436.305 328.084 438.358 
frame00029.jpg 328.488 201.163 558.145 203.639 557.849 435.073 327.712 438.091 
frame00030.jpg 327.281 200.205 556.853 202.464 555.784 433.74 326.519 436.827 
frame00031.jpg 327.316 200.599 556.235 202.913 555.014 434.657 326.71 437.083 
frame00032.jpg 327.283 199.733 555.878 202.867 553.662 434.65 325.901 436.785 
frame00033.jpg 327.849 199.51 555.541 203.85 553.416 434.365 326.708 436.092 
frame00034.jpg 327.646 198.91 554.945 204.104 552.026 434.155 326.52 435.18 
frame00035.jpg 327.853 198.365 554.809 203.85 551.17 433.88 326.256 434.352 
frame00036.jpg 328.645 198.917 554.656 205.336 551.093 433.149 326.94 434.575 
frame00037.jpg 329.61 198.13 554.756 204.802 550.379 431.882 327.9 433.687 
frame00038.jpg 330.3 199.316 554.331 206.099 550.123 432.823 328.191 433.495 
frame00039.jpg 331.195 198.786 553.963 205.577 550.604 431.847 329.411 432.552 
frame00040.jpg 330.862 197.555 553.755 204.97 549.317 430.557 329.239 431.371 
frame00041.jpg 331.267 197.489 553.113 205.23 549.067 430.471 328.405 431.452 
frame00042.jpg 330.201 197.06 551.584 205.203 547.456 430.344 327.548 431.135 
frame00043.jpg 330.287 197.794 550.976 205.765 546.295 430.249 326.731 431.315 
frame00044.jpg 329.765 197.59 550.386 206.032 545.436 429.96 326.873 430.994 
frame00045.jpg 330.71 198.017 550.161 206.716 545.993 431.199 326.654 431.928 
frame00046.jpg 329.963 197.417 549.435 206.002 545.332 429.524 326.559 431.132 
frame00047.jpg 329.679 197.352 549.272 205.612 544.069 427.794 325.885 430.572 
frame00048.jpg 329.036 195.702 548.437 204.753 541.997 426.62 325.111 429.747 
frame00049.jpg 329.827 194.439 548.217 203.708 541.42 425.014 325.116 428.568 
frame00050.jpg 329.939 194.313 548.132 204.223 541.076 425.632 324.717 428.169 
frame00051.jpg 329.956 194.487 547.272 204.921 540.221 425.83 324.548 427.98 
frame00052.jpg 331.144 194.77 547.495 205.88 539.899 427.084 324.805 428.526 
frame00053.jpg 332.071 194.506 548.345 205.789 539.634 425.925 325.731 427.731 
frame00054.jpg 332.233 194.975 549.004 206.738 538.968 426.323 326.323 428.331 
frame00055.jpg 332.808 195.72 549.463 208.323 539.054 426.454 327.138 429.105 
frame00056.jpg 334.392 196.962 550.857 209.634 538.814 427.354 327.689 429.753 
frame00057.jpg 335.404 196.58 552.317 209.806 539.028 427.058 328.441 429.027 
frame00058.jpg 336.39 195.938 553.708 210.168 539.455 426.985 329.666 428.277 
frame00059.jpg 337.408 195.546 554.462 210.505 540.056 426.974 329.166 428.011 
frame00060.jpg 337.801 195.924 554.501 210.746 538.707 427.838 327.774 428.249 
frame00061.jpg 337.508 193.819 555.908 209.934 538.638 426.611 328.16 426.412 
frame00062.jpg 339.656 192.544 558.503 208.498 540.158 426.25 329.179 425.094 
frame00063.jpg 340.277 191.169 559.861 208.478 540.013 425.446 329.462 424.336 
frame00064.jpg 341.855 190.111 561.536 208.016 541.375 424.196 330.014 422.294 
frame00065.jpg 342.37 187.205 562.681 206.491 541.153 423.697 329.57 419.716 
frame00066.jpg 342.779 186.137 563.165 206.631 540.865 424.474 329.173 418.857 
frame00067.jpg 343.54 187.765 563.895 209.167 539.928 426.154 328.225 420.016 
frame00068.jpg 345.752 187.705 565.768 210.566 540.273 426.841 328.702 419.979 
frame00069.jpg 348.486 187.903 568.271 211.746 540.949 428.228 329.796 419.23 
frame00070.jpg 348.977 187.782 570.007 213.355 540.951 429.133 330.493 419.723 
frame00071.jpg 349.692 187.665 571.032 213.3 541.347 430.202 331.117 420.076 
frame00072.jpg 350.557 188.526 571.557 214.803 541.377 430.186 331.345 420.667 
frame00073.jpg 351.7 187.037 573.099 214.341 541.173 429.127 331.763 419.376 
frame00074.jpg 351.946 185.513 572.95 213.926 540.031 428.194 330.573 418.234 
frame00075.jpg 351.227 184.244 572.957 213.985 539.443 427.046 329.525 417.434 
frame00076.jpg 350.063 182.291 572.344 212.728 538.389 426.06 328.349 415.612 
frame00077.jpg 348.852 181.243 571.042 213.073 536.883 424.65 326.919 414.4 
frame00078.jpg 348.873 181.512 570.808 213.042 536.388 425.425 326.396 413.896 
frame00079.jpg 350.298 182.313 570.767 213.622 537.693 427.128 325.945 414.296 
frame00080.jpg 351.688 181.572 571.868 213.853 537.426 426.696 326.906 413.537 
frame00081.jpg 352.804 180.318 573.609 213.644 538.475 426.88 327.719 412.615 
frame00082.jpg 354.288 179.915 574.883 214.608 538.463 426.535 328.297 411.859 
frame00083.jpg 355.235 178.512 576.157 214.105 538.063 425.951 328.588 409.738 
frame00084.jpg 356.16 176.863 577.154 214.234 537.546 426.845 328.477 408.861 
frame00085.jpg 357.136 176.933 578.368 214.123 537.58 426.962 328.828 407.509 
frame00086.jpg 357.025 176.369 578.763 215.213 536.759 426.935 327.803 407.275 
frame00087.jpg 357.563 174.793 580.046 216.629 536.221 427.456 327.049 406.65 
frame00088.jpg 358.227 174.743 579.777 218.978 535.934 428.311 326.91 406.978 
frame00089.jpg 360.345 175.513 582.686 219.158 535.971 429.526 327.311 407.032 
frame00090.jpg 361.357 176.219 584.147 220.674 537.391 430.815 328.242 407.562 
frame00091.jpg 363.711 175.34 585.09 221.629 538.039 431.902 328.653 406.111 
frame00092.jpg 364.736 174.516 584.922 222.384 536.472 431.38 327.824 404.91 
frame00093.jpg 364.555 172.681 584.587 223.002 534.619 430.262 327.145 402.274 
frame00094.jpg 364.064 171.506 583.74 222.179 534.284 428.603 325.945 400.226 
frame00095.jpg 364.067 168.482 584.604 219.789 533.44 426.637 325.499 397.753 
frame00096.jpg 365.518 168.969 583.645 220.097 532.553 427.995 324.753 398.603 
frame00097.jpg 365.159 168.51 585.227 217.656 534.427 428.909 325.211 397.569 
frame00098.jpg 364.621 168.276 583.131 219.758 532.492 427.794 324.464 397.915 
frame00099.jpg 364.736 168.297 582.668 218.641 531.655 426.551 324.72 397.917 
frame00100.jpg 364.868 168.544 583.099 219.114 531.218 426.347 324.418 398.133 
frame00101.jpg 364.148 168.145 581.676 220.238 529.979 425.552 324.228 398.666 
frame00102.jpg 363.586 167.783 580.441 219.087 529.427 425.14 324.064 398.087 
frame00103.jpg 362.352 167.181 580.566 219.326 528.385 425.477 323.565 397.946 
frame00104.jpg 362.305 168.564 578.054 217.642 527.655 425.093 321.988 397.838 
frame00105.jpg 362.581 168.681 575.566 218.825 525.814 425.047 321.119 397.514 
frame00106.jpg 361.975 168.463 575.063 219.087 522.885 423.294 320.832 397.167 
frame00107.jpg 361.536 168.331 573.961 218.566 521.533 422.359 320.722 396.832 
frame00108.jpg 362.421 170.768 572.362 219.514 521.021 422.647 320.456 398.011 
frame00109.jpg 361.359 172.309 570.127 221.383 517.394 424.125 319.207 399.191 
frame00110.jpg 361.973 174.967 569.134 224.431 515.07 426.218 319.304 401.43 
frame00111.jpg 364.274 176.926 566.906 227.32 512.747 426.24 319.086 402.549 
frame00112.jpg 365.767 178.712 565.511 230.996 510.901 428.292 318.598 403.642 
frame00113.jpg 365.772 180.777 563.719 232.984 509.473 429.709 318.244 404.821 
frame00114.jpg 365.383 180.708 563.37 233.69 506.244 430.024 318.401 404.609 
frame00115.jpg 363.99 179.215 560.906 234.287 504.666 429.316 318.048 405.028 
frame00116.jpg 364.497 180.654 558.946 236.131 503.443 429.856 317.627 405.482 
frame00117.jpg 366.094 180.291 559.044 233.842 502.667 427.534 317.73 403.561 
frame00118.jpg 366.707 180.166 557.988 233.494 501.893 427.462 317.305 403.516 
frame00119.jpg 364.558 179.906 555.551 233.449 500.432 426.121 316.078 403.422 
frame00120.jpg 364.746 184.175 553.17 232.59 502.118 431.672 315.464 404.87 
frame00121.jpg 360.596 181.595 550.836 230.171 500.704 425.776 316.234 402.846 
frame00122.jpg 358.425 179.728 548.182 229.76 496.826 423.251 313.795 403.792 
frame00123.jpg 355.393 178.166 545.627 228.755 495.149 421.544 312.972 403.466 
frame00124.jpg 355.486 178.542 543.873 228.455 492.534 420.805 311.937 404.033 
frame00125.jpg 354.243 179.712 540.279 228.011 490.359 419.223 310.172 404.242 
frame00126.jpg 351.517 179.014 537.9 227.335 488.656 418.359 308.961 404.233 
frame00127.jpg 351.251 176.487 537.168 225.857 485.956 416.132 309.251 402.953 
frame00128.jpg 353.806 176.504 535.744 227.298 484.938 416.131 310.172 403.604 
frame00129.jpg 354.689 178.356 535.063 228.365 485.864 416.697 311.152 403.568 
frame00130.jpg 358.413 179.615 535.652 228.839 486.209 417.103 312.334 403.962 
frame00131.jpg 358.153 178.349 534.996 230.265 485.744 416.304 312.45 404.928 
frame00132.jpg 359.439 177.266 534.75 231.756 485.499 417.224 313.696 406.214 
frame00133.jpg 362.24 180.936 534.285 233.077 484.632 418.732 314.363 406.758 
frame00134.jpg 364.444 184.053 533.014 234.492 483.087 418.935 314.438 406.616 
frame00135.jpg 366.052 183.403 532.592 235.658 481.594 419.007 314.255 406.474 
frame00136.jpg 367.187 184.455 533.011 236.412 481.346 418.621 315.926 405.913 
frame00137.jpg 370.083 186.983 533.471 236.618 482.4 419.811 317.212 405.922 
frame00138.jpg 372.311 188.205 534.116 235.966 483.846 419.561 318.371 405.728 
frame00139.jpg 372.582 185.444 533.955 235.394 483.462 418.389 318.703 405.539 
frame00140.jpg 374.412 184.43 534.507 233.654 483.077 416.387 320.041 403.024 
frame00141.jpg 375.392 183.911 534.283 232.931 483.109 415.362 321.94 401.995 
frame00142.jpg 374.794 183.911 532.769 232.552 481.866 415.736 321.504 402.523 
frame00143.jpg 374.59 183.678 531.194 232.296 481.295 415.211 321.137 402.318 
frame00144.jpg 375.734 183.604 530.878 232.808 480.704 414.792 322.776 401.569 
frame00145.jpg 376.935 183.485 530.464 233.474 479.554 415.099 323.317 401.283 
frame00146.jpg 377.079 185.151 528.297 235.548 477.344 416.374 322.334 402.335 
frame00147.jpg 377.298 186.651 526.097 238.199 475.637 418.013 319.932 404.37 
frame00148.jpg 378.271 188.03 525.266 239.733 474.279 418.372 321.129 403.469 
frame00149.jpg 380.226 188.548 525.456 241.464 473.438 418.999 322.432 404.736 
frame00150.jpg 382.575 189.576 526.228 243.637 472.908 420.497 324.478 404.455 
frame00151.jpg 385.084 189.971 527.439 245.103 473.063 422.07 326.55 404.599 
frame00152.jpg 386.722 189.693 528.429 245.986 473.51 421.991 328.881 403.729 
frame00153.jpg 388.409 191.276 528.74 248.585 475.379 424.268 330.145 404.478 
frame00154.jpg 390.422 190.973 530.076 248.368 476.453 425.019 331.338 403.857 
frame00155.jpg 391.181 190.338 529.969 248.745 477.623 425.873 331.968 403.505 
frame00156.jpg 390.482 190.083 529.445 249.092 479.619 427.618 330.69 404.614 
frame00157.jpg 389.542 190.2 528.671 249.313 480.702 429.172 329.91 404.808 
frame00158.jpg 387.841 186.602 529.999 247.743 482.258 428.141 331.506 403.42 
frame00159.jpg 386.9 185.948 530.442 246.926 485.595 430.726 331.447 404.613 
frame00160.jpg 385.419 185.083 531.214 247.1 488.487 431.215 332.235 405.036 
frame00161.jpg 385.167 185.37 532.653 247.004 491.624 432.639 334.556 404.511 
frame00162.jpg 383.895 186.338 532.569 247.506 494.658 435.256 335.282 405.853 
frame00163.jpg 383.072 185.939 533.642 248.16 497.149 435.748 336.729 406.57 
frame00164.jpg 381.843 186.468 534.747 248.854 499.016 437.373 337.666 406.777 
frame00165.jpg 382.178 186.555 536.071 249.582 501.18 438.899 338.385 408.124 
frame00166.jpg 381.57 186.728 537.415 249.786 502.769 439.31 339.313 408.34 
frame00167.jpg 380.285 185.893 539.373 249.153 505.272 439.37 340.285 408.227 
frame00168.jpg 381.115 185.89 541.962 248.673 509.8 440.151 341.783 407.995 
frame00169.jpg 381.448 184.144 544.319 246.799 512.896 439.391 343.122 406.99 
frame00170.jpg 382.029 183.242 546.85 245.389 516.095 438.704 344.823 406.172 
frame00171.jpg 381.433 183.221 547.997 245.37 517.518 439.079 344.6 406.795 
frame00172.jpg 379.312 184.086 547.439 244.814 518.957 440.18 343.284 407.625 
frame00173.jpg 377.117 184.551 547.344 244.005 521.326 440.163 342.501 408.704 
frame00174.jpg 376.355 184.386 549.424 241.411 524.6 438.503 344.119 408.536 
frame00175.jpg 374.199 183.928 549.3 239.135 526.864 438.236 344.45 409.74 
frame00176.jpg 372.071 183.329 549.98 235.008 528.86 435.273 344.189 408.984 
frame00177.jpg 367.782 182.922 549.891 232.026 529.261 432.093 344.088 409.086 
frame00178.jpg 364.231 182.873 549.284 228.715 531.467 429.849 344.098 409.986 
frame00179.jpg 363.13 181.945 549.242 223.096 535.425 426.507 343.929 409.035 
frame00180.jpg 358.529 180.006 548.218 217.326 536.801 421.755 343.086 406.947 
frame00181.jpg 354.845 178.849 546.96 211.726 538.576 418.109 341.651 405.824 
frame00182.jpg 350.646 177.819 544.462 207.942 538.809 416.743 339.51 406.328 
frame00183.jpg 346.826 176.26 543.721 203.355 539.771 411.753 338.226 406.087 
frame00184.jpg 344.187 175.243 543.902 198.922 541.744 408.127 338.352 404.789 
frame00185.jpg 342.205 175.993 543.695 196.36 543.109 406.181 337.975 405.881 
frame00186.jpg 340.305 176.811 544.375 193.926 544.27 404.476 338.949 407.19 
frame00187.jpg 338.874 179.109 544.573 193.779 547.106 404.217 339.573 409.774 
frame00188.jpg 339.371 180.153 546.079 191.88 550.604 403.999 340.745 410.374 
frame00189.jpg 338.971 180.323 547.681 189.744 552.87 403.182 342.204 410.296 
frame00190.jpg 339.711 180.446 549.338 188.128 556.754 402.444 343.029 410.077 
frame00191.jpg 338.912 179.892 549.97 185.688 558.776 400.703 342.487 410.657 
frame00192.jpg 338.326 178.959 551.118 182.059 560.382 399.253 342.606 409.94 
frame00193.jpg 336.083 177.492 550.851 178.586 560.33 396.177 341.676 408.91 
frame00194.jpg 333.297 177.017 549.876 174.346 561.888 394.298 340.082 408.386 
frame00195.jpg 330.255 175.078 548.211 169.285 561.65 390.655 337.951 407.292 
frame00196.jpg 326.515 172.38 547.753 162.788 561.781 384.304 337.819 402.457 
frame00197.jpg 323.929 172.698 546.636 159.154 561.636 382.372 335.918 403.382 
frame00198.jpg 322.494 170.736 546.649 153.29 563.718 378.781 337.007 401.814 
frame00199.jpg 322.339 168.041 547.716 147.127 566.697 373.465 339.064 398.88 
frame00200.jpg 320.5 165.368 546.691 143.292 566.819 368.701 337.394 397.764 
frame00201.jpg 316.478 162.89 544.495 139.686 565.874 364.057 334.121 396.765 
frame00202.jpg 313.346 160.509 542.431 134.134 564.495 359.888 332.494 396.327 
frame00203.jpg 310.473 158.579 540.636 129.35 563.572 356.105 331.948 395.529 
frame00204.jpg 309.637 155.382 540.787 121.296 566.197 352.446 332.64 391.748 
frame00205.jpg 308.42 154.478 540.596 116.562 567.242 349.434 332.273 391.055 
frame00206.jpg 307.262 153.928 541.44 111.793 569.219 347.395 333.59 390.503 
frame00207.jpg 307.669 151.99 541.669 106.625 571.69 343.865 333.928 389.445 
frame00208.jpg 306.764 151.952 541.422 103.591 573.15 341.95 334.222 389.62 
frame00209.jpg 304.765 150.088 542 98.6082 572.587 339.085 334.997 387.461 
frame00210.jpg 303.783 149.872 542.284 96.4508 572.693 338.535 334.771 388.53 
frame00211.jpg 302.004 148.856 541.44 94.6579 572.602 336.885 333.249 388.778 
frame00212.jpg 300.812 147.838 541.75 92.8412 573.633 336.342 332.63 388.598 
frame00213.jpg 300.577 146.571 542.381 91.3512 574.657 335.51 332.127 388.078 
frame00214.jpg 298.97 144.104 542.736 89.3164 573.714 334.302 330.939 387.422 
frame00215.jpg 298.78 142.919 543.269 89.0404 573.667 335.871 330.281 388.056 
frame00216.jpg 297.583 141.222 542.969 88.6473 570.981 336.133 328.692 387.219 
frame00217.jpg 297.949 142.016 543.449 90.0434 571.409 339.291 328.101 388.006 
frame00218.jpg 296.865 140.753 542.792 90.329 571.505 339.473 326.1 388.587 
frame00219.jpg 296.071 139.59 542.685 90.6286 570.163 340.455 324.197 388.191 
frame00220.jpg 295.394 140.717 542.707 92.4581 568.662 341.968 322.559 388.376 
frame00221.jpg 293.923 140.385 541.547 93.8474 566.331 343.446 320.94 388.521 
frame00222.jpg 293.403 139.299 542.184 95.09 564.452 345.091 319.826 388.806 
frame00223.jpg 292.621 138.663 541.695 97.112 561.37 347.229 317.92 388.758 
frame00224.jpg 292.507 139.02 540.517 99.7694 558.569 349.575 315.697 389.517 
frame00225.jpg 291.094 136.718 540.244 101.969 554.918 350.258 313.111 389.264 
frame00226.jpg 291.589 136.83 541.139 104.753 555.028 353.723 312.175 389.874 
frame00227.jpg 293.216 134.232 543.224 105.635 554.2 354.667 312.132 388.556 
frame00228.jpg 291.213 131.825 543.467 106.395 551.232 355.274 310.649 387.459 
frame00229.jpg 289.956 132.11 542.707 109.655 548.372 358.45 308.384 389.253 
frame00230.jpg 289.46 131.674 542.41 112.56 546.286 360.504 304.945 390.253 
frame00231.jpg 289.141 128.413 542.798 113.174 543.377 359.718 302.934 387.404 
frame00232.jpg 291.222 125.884 544.942 114.277 543.438 360.978 302.717 385.261 
frame00233.jpg 293.301 124.845 547.977 116.336 542.489 362.084 303.384 384.573 
frame00234.jpg 294.992 122.939 550.002 117.421 541.74 363.597 302.311 383.463 
frame00235.jpg 295.956 122.594 551.656 120.062 540.11 366.667 301.198 383.099 
frame00236.jpg 296.326 119.942 552.87 122.37 537.154 368.93 298.763 382.243 
frame00237.jpg 297.366 118.982 554.445 126.076 535.045 374.245 297.548 381.766 
frame00238.jpg 300.183 116.913 557.063 131.402 533.813 377.434 295.947 379.55 
frame00239.jpg 301.155 113.395 559.778 135.391 531.704 380.763 294.226 377.305 
frame00240.jpg 306.306 109.474 563.014 139.136 530.586 385.062 292.668 373.095 
frame00241.jpg 309.375 109.383 565.95 145.291 527.627 391.164 288.82 371.203 
frame00242.jpg 311.627 107.424 567.686 152.285 526.055 397.128 286.754 368.605 
frame00243.jpg 314.897 100.916 571.958 156.363 524.267 399.761 286.063 362.171 
frame00244.jpg 317.288 99.2867 573.052 162.105 523.238 406.61 282.448 359.38 
frame00245.jpg 319.58 97.6713 575.39 167.243 521.067 412.289 281.61 355.575 
frame00246.jpg 320.162 94.2009 576.573 170.782 516.863 414.712 279.397 351.566 
frame00247.jpg 318.984 91.6596 574.282 176.106 510.53 419.195 272.625 348.501 
frame00248.jpg 318.658 84.4042 574.706 179.575 505.641 419.168 269.3 343.722 
frame00249.jpg 321.156 81.8843 574.788 185.576 502.608 423.935 266.131 341.51 
frame00250.jpg 323.76 80.0104 575.019 193.044 498.198 429.893 263.805 339.432 
frame00251.jpg 328.22 82.1639 575.364 201.654 496.413 436.978 263.023 339.135 
frame00252.jpg 332.291 82.1853 576.777 212.268 492.885 443.337 262.18 339.973 
frame00253.jpg 338.035 80.2541 580.966 221.189 491.715 445.702 269.142 338.252 
frame00254.jpg 348.62 82.5692 582.882 232.501 491.015 452.473 269.124 337.788 
frame00255.jpg 356.714 83.3039 584.088 241.256 488.248 453.801 269.13 333.104 
frame00256.jpg 362.929 85.9818 585.318 250.753 484.862 461.89 270.74 331.489 
frame00257.jpg 368.134 88.1858 586.578 259.373 482.273 465.726 271.802 332.517 
frame00258.jpg 373.313 88.3899 590.008 264.81 479.625 470.397 273.925 328.258 
frame00259.jpg 379.314 91.8373 592.256 274.839 478.814 478.78 276.031 328.052 
frame00260.jpg 384.147 92.5308 593.609 282.84 478.575 481.87 277.944 325.793 
frame00261.jpg 388.358 95.9031 593.869 290.411 478.949 486.447 278.35 326.033 
frame00262.jpg 393.819 97.7833 596.71 294.7 479.821 490.3 280.543 324.715 
frame00263.jpg 397.014 99.4308 596.956 297.824 479.976 491.915 281.378 323.529 
frame00264.jpg 398.975 98.3227 598.083 299.374 479.567 491.875 282.227 321.4 
frame00265.jpg 399.782 98.494 596.794 300.976 477.991 494.257 282.167 320.653 
frame00266.jpg 401.086 97.1966 596.689 301.026 476.953 493.739 281.076 316.219 
frame00267.jpg 401.982 93.7437 596.61 300.51 476.192 491.877 280.941 312.823 
frame00268.jpg 403.849 92.824 596.477 300.334 476.592 491.397 281.67 309.398 
frame00269.jpg 404.933 92.1437 595.955 302.146 475.193 491.96 282.813 307.609 
frame00270.jpg 406.807 93.1437 595.583 304.704 472.73 492.72 283.504 307.337 
frame00271.jpg 408.49 94.1002 593.551 307.952 470.083 493.053 282.956 306.322 
frame00272.jpg 411.805 94.1674 592.854 310.408 468.017 493.611 285.016 303.269 
frame00273.jpg 414.294 97.5526 590.041 316.741 464.206 497.523 284.586 304.392 
frame00274.jpg 415.744 100.879 589.278 321.137 462.612 501.757 284.625 304.425 
frame00275.jpg 418.089 105.768 585.392 327.393 460.267 506.437 285.063 306.555 
frame00276.jpg 420.274 110.698 582.29 333.709 457.588 508.782 284.801 306.729 
frame00277.jpg 423.693 115.134 581.199 339.49 454.969 510.952 287.606 308.548 
frame00278.jpg 425.229 118.835 579.431 344.788 452.869 513.559 287.501 309.478 
frame00279.jpg 426.605 122.909 577.795 349.004 450.362 515.74 288.628 311.607 
frame00280.jpg 427.887 127.585 576.37 352.682 448.477 517.963 291.665 312.236 
frame00281.jpg 429.314 129.754 573.592 357.095 447.565 518.484 292.766 313.061 
frame00282.jpg 430.897 132.643 571.867 360.296 446.932 519.593 293.95 313.294 
frame00283.jpg 433.012 137.076 569.967 362.892 445.303 520.755 294.859 312.49 
frame00284.jpg 433.672 139.145 567.319 365.17 443.954 520.892 295.395 312.501 
frame00285.jpg 434.921 140.965 566.253 366.313 443.658 521.63 297.211 312.269 
frame00286.jpg 434.917 141.924 564.545 365.929 443.262 520.387 298.639 311.408 
frame00287.jpg 434.886 145.244 562.182 368.007 442.377 520.794 299.326 311.207 
frame00288.jpg 435.518 146.43 561.125 368.637 441.485 519.921 300.384 310.55 
frame00289.jpg 436.137 148.211 559.78 368.782 439.829 519.47 300.729 310.278 
frame00290.jpg 435.045 149.826 556.589 371.378 437.56 520.749 300.641 310.808 
frame00291.jpg 434.927 152.592 553.606 373.944 435.307 521.206 300.417 311.073 
frame00292.jpg 435.686 156.997 550.635 377.109 432.596 524.303 300.707 312.717 
frame00293.jpg 436.82 160.051 548.204 381.349 430.446 524.448 301.773 313.157 
frame00294.jpg 437.867 165.457 544.819 385.939 427.858 528.795 301.603 314.02 
frame00295.jpg 438.575 170.543 541.524 389.761 424.109 531.932 300.721 314.569 
frame00296.jpg 439.215 174.568 538.92 392.823 422.523 532.293 302.053 314.581 
frame00297.jpg 440.06 177.11 536.787 396.966 419.255 532.054 303.605 314.632 
frame00298.jpg 439.979 181.095 532.629 401.565 415.374 535.299 303.772 314.887 
frame00299.jpg 440.631 182.801 529.958 405.17 412.786 534.378 304.793 313.743 
frame00300.jpg 441.145 185.237 526.132 409.192 408.313 533.618 304.636 312.389 
frame00301.jpg 442.271 189.481 523.286 412.71 403.861 534.962 304.48 312.257 
frame00302.jpg 442.098 193.444 519.934 416.314 400.835 536.151 305.059 313.195 
frame00303.jpg 443.519 197.131 518.264 417.87 399.698 538.107 306.454 314.174 
frame00304.jpg 443.502 201.067 515.757 419.759 397.82 538.958 307.058 314.865 
frame00305.jpg 443.962 206.321 513.549 422.442 395.344 541.354 307.012 316.871 
frame00306.jpg 443.147 209.31 510.428 423.104 393.815 541.386 307.152 318.374 
frame00307.jpg 441.578 209.149 507.001 422.647 391.097 537.603 306.81 317.933 
frame00308.jpg 439.429 210.765 502.871 424.237 387.365 535.958 304.685 318.329 
frame00309.jpg 437.733 212.462 499.543 423.525 384.467 534.058 303.51 317.685 
frame00310.jpg 436.998 211.781 496.546 422.025 382.789 530.695 303.478 316.149 
frame00311.jpg 437.897 212.154 494.646 420.148 380.952 528.118 301.605 314.042 
frame00312.jpg 436.861 212.413 492.923 419.032 380.579 527.105 303.888 313.27 
frame00313.jpg 436.03 212.392 490.67 417.83 378.277 524.573 303.148 312.514 
frame00314.jpg 435.402 212.126 489.201 416.616 378.189 522.508 304.203 311.868 
frame00315.jpg 433.965 212.509 487.282 415.804 376.774 520.274 304.605 311.602 
frame00316.jpg 432.255 211.628 485.394 412.823 375.5 519.171 303.957 310.799 
frame00317.jpg 429.644 210.823 482.65 410.722 373.532 516.353 301.424 308.876 
frame00318.jpg 426.365 209.939 479.48 408.884 371.092 514.879 299.315 308.714 
frame00319.jpg 423.74 208.873 477.05 406.747 369.005 512.582 296.93 308.685 
frame00320.jpg 421.06 208.406 474.503 404.782 367.536 510.309 295.547 309.232 
frame00321.jpg 418.819 207.303 472.28 401.884 367.144 507.802 294.135 309.232 
frame00322.jpg 417.151 206.693 470.829 399.127 366.948 506.055 293.296 308.646 
frame00323.jpg 415.724 205.357 470.019 395.814 367.652 503.141 293.434 308.236 
frame00324.jpg 412.996 203.705 467.658 392.741 367.264 500.241 292.686 306.935 
frame00325.jpg 410.037 201.397 465.736 387.887 366.459 497.166 291.094 306.085 
frame00326.jpg 407.045 199.73 463.789 383.384 365.406 493.773 288.999 304.092 
frame00327.jpg 402.933 197.358 461.114 378.735 363.52 490.555 286.675 303.261 
frame00328.jpg 397.649 195.17 457.372 375.117 361.931 488.587 283.227 303.488 
frame00329.jpg 393.243 193.211 455.619 370.674 363.257 485.112 281.463 303.574 
frame00330.jpg 389.563 189.595 454.892 365.536 364.009 482.106 280.498 302.601 
frame00331.jpg 384.854 186.886 452.013 359.721 363.426 478.553 277.758 301.679 
frame00332.jpg 380.41 183.589 449.569 353.693 364.364 474.958 276.031 301.271 
frame00333.jpg 376.025 180.59 447.188 348.73 363.54 470.941 273.348 300.249 
frame00334.jpg 371.731 179.325 444.636 345.066 363.166 469.889 270.601 301.353 
frame00335.jpg 367.468 176.342 442.493 339.388 363.424 465.403 268.405 300.38 
frame00336.jpg 363.008 173.692 440.35 335.476 363.435 462.165 267.699 302.258 
frame00337.jpg 359.04 170.701 439.288 328.3 365.045 458.329 266.375 302.035 
frame00338.jpg 354.897 165.814 437.092 320.33 366.081 450.736 264.245 300.402 
frame00339.jpg 349.847 166.283 434.257 315.044 365.807 450.963 261.366 303.269 
frame00340.jpg 345.31 164.77 432.31 309.181 365.926 445.664 258.998 304.879 
frame00341.jpg 340.899 164.106 431.101 304.414 367.678 442.592 259.134 307.595 
frame00342.jpg 337.7 166.633 429.518 301.573 368.767 443.127 257.837 311.987 
frame00343.jpg 334.414 165.665 428.006 296.637 369.366 437.441 256.124 314.254 
frame00344.jpg 332.289 165.037 428.68 292.309 370.512 434.497 255.599 316.46 
frame00345.jpg 329.662 164.937 429.397 289.13 372.322 431.954 255.636 317.805 
frame00346.jpg 325.883 165.327 428.586 287.78 374.287 431.82 253.163 322.203 
frame00347.jpg 321.944 164.533 429.851 283.466 377.732 430.324 252.417 325.574 
frame00348.jpg 318.376 163.401 430.102 281.875 379.423 427.583 251.393 327.875 
frame00349.jpg 315.207 161.398 431.898 274.944 383.584 425.41 252.316 329.886 
frame00350.jpg 314.653 160.692 436.199 270.431 389.752 421.184 253.607 332.482 
frame00351.jpg 314.44 161.367 439.572 264.407 396.495 419.302 256.462 334.752 
frame00352.jpg 313.722 161.808 441.738 260.374 400.807 417.843 257.8 337.169 
frame00353.jpg 314.16 160.947 444.958 257.392 403.765 415.45 261.35 337.951 
frame00354.jpg 315.115 160.001 447.111 254.957 407.461 413.51 263.079 338.808 
frame00355.jpg 314.571 160.464 448.66 253.346 409.225 413.259 264.489 340.862 
frame00356.jpg 313.906 161.136 449.824 251.04 413.326 412.294 265.631 342.54 
frame00357.jpg 312.982 160.848 451.566 249.217 416.125 411.278 266.674 344.752 
frame00358.jpg 311.342 161.073 452.821 246.526 418.067 409.633 267.103 346.588 
frame00359.jpg 309.071 161.371 454.251 242.69 421.294 407.553 266.95 349.648 
frame00360.jpg 306.596 160.41 455.871 237.901 423.789 403.308 267.226 350.971 
frame00361.jpg 304.536 159.707 458.249 232.926 427.554 399.111 269.163 351.847 
frame00362.jpg 302.764 158.055 460.606 226.01 431.276 394.819 271.147 350.756 
frame00363.jpg 301.36 158.922 462.592 222 435.914 393.556 272.579 352.632 
frame00364.jpg 300.38 158.745 463.076 216.984 439.485 391.762 272.547 354.829 
frame00365.jpg 299.813 157.606 464.649 211.922 443.012 387.649 273.489 355.311 
frame00366.jpg 298.578 157.66 466.488 207.34 447.738 385.375 275.624 356.628 
frame00367.jpg 297.482 159.028 468.492 203.785 452.916 382.764 277.742 359.067 
frame00368.jpg 297.705 158.045 471.517 197.197 458.223 378.875 280.552 359.455 
frame00369.jpg 297.418 159.245 472.169 195.13 461.8 375.53 282.784 362.454 
frame00370.jpg 295.895 159.025 475.046 186.801 468.388 370.38 286.291 363.765 
frame00371.jpg 295.187 157.283 477.718 177.873 475.344 364.904 289.838 361.92 
frame00372.jpg 290.454 160.785 478.108 174.608 478.527 363.328 291.378 366.161 
frame00373.jpg 289.71 162.805 479.389 169.808 483.536 360.361 293.212 369.627 
frame00374.jpg 289.566 165.569 481.88 164.845 488.584 357.945 297.011 371.853 
frame00375.jpg 290.872 168.941 483.67 162.506 493.88 356.854 300.435 375.217 
frame00376.jpg 290.964 169.624 485.498 157.459 497.341 352.993 303.87 376.172 
frame00377.jpg 292.114 171.22 487.401 154.349 502.83 351.514 307.574 378.327 
frame00378.jpg 293.17 172.699 490.003 151.508 506.828 348.718 310.914 378.904 
frame00379.jpg 294.066 172.969 491.406 149.542 509.672 347.045 313.227 380.188 
frame00380.jpg 293.716 173.562 492.12 144.98 513.366 343.54 316.209 380.3 
frame00381.jpg 295.9 171.398 494.176 137.187 517.218 338.125 319.505 378.812 
frame00382.jpg 295.849 174.199 495.3 134.287 521.669 335.987 322.549 381.71 
frame00383.jpg 295.304 176.213 495.695 129.422 525.151 333.616 325.235 382.938 
frame00384.jpg 293.79 180.605 494.575 127.232 526.025 332.279 326.178 386.631 
frame00385.jpg 293.419 182.58 493.634 121.444 528.327 328.111 328.291 387.342 
frame00386.jpg 291.863 186.559 492.246 118.186 530.265 326.044 329.768 390.92 
frame00387.jpg 287.689 190.435 488.525 116.524 530.318 323.575 329.569 394.515 
frame00388.jpg 285.011 190.685 485.979 110.086 530.784 316.892 330.697 393.225 
frame00389.jpg 281.319 196.322 480.779 112.185 529.043 314.425 329.92 398.237 
frame00390.jpg 279.147 196.901 477.882 106.129 529.663 308.75 330.138 397.114 
frame00391.jpg 275.86 201.128 473.841 103.768 529.406 307.077 329.747 399.798 
frame00392.jpg 272.355 201.981 470.543 98.397 527.13 302.294 329.096 398.812 
frame00393.jpg 269.366 203.501 466.337 96.0697 526.308 299.736 328.006 400.931 
frame00394.jpg 267.782 203.497 463.816 90.6379 527.332 295.379 329.176 398.893 
frame00395.jpg 263.647 204.82 460.932 87.615 524.483 291.402 329.365 399.506 
frame00396.jpg 261.667 207.145 458.558 84.7737 524.873 288.397 330.327 400.495 
frame00397.jpg 260.195 208.995 456.954 81.2462 525.948 285.035 331.344 400.908 
frame00398.jpg 257.367 210.81 454.291 78.0329 525.426 284.058 331.612 401.497 
frame00399.jpg 255.875 213.277 453.199 74.7727 525.695 281.326 333.116 402.475 
frame00400.jpg 253.267 215.183 450.535 73.4074 525.393 279.391 332.866 403.652 
frame00401.jpg 252.5 217.145 448.351 72.0254 526.847 278.076 333.04 405.607 
frame00402.jpg 252.284 219.598 447.537 72.6229 528.263 278.287 333.855 407.718 
frame00403.jpg 252.129 220.44 447.954 71.4452 528.654 277.828 335.306 408.815 
frame00404.jpg 250.618 221.045 447.548 69.788 528.779 276.078 336.038 409.741 
frame00405.jpg 249.235 222.267 446.755 68.9333 528.11 275.898 335.251 411.141 
frame00406.jpg 247.584 224.418 445.987 69.8088 528.258 276.26 334.411 413.335 
frame00407.jpg 245.706 225.992 445.519 69.3213 529.361 276.043 333.611 413.636 
frame00408.jpg 243.908 227.317 445.06 68.6741 528.857 276.205 333.057 414.82 
frame00409.jpg 243.005 229.101 445.377 67.4747 532.301 276.943 334.369 416.887 
frame00410.jpg 241.599 231.36 445.555 67.5702 531.289 277.933 335.141 419.23 
frame00411.jpg 241.263 232.94 444.801 65.5423 533.495 277.497 336.505 421.907 
frame00412.jpg 239.301 235.9 443.94 64.756 534.783 276.102 337.62 423.259 
frame00413.jpg 237.888 239.167 442.463 64.7712 536.45 276.793 339.232 425.626 
frame00414.jpg 239.055 242.286 441.578 63.2435 539.795 275.903 343.061 427.678 
frame00415.jpg 238.65 244.965 442.076 63.5625 541.648 275.558 345.544 429.132 
frame00416.jpg 240.653 247.405 441.675 59.6337 546.164 274.84 347.744 430.503 
frame00417.jpg 239.869 250.66 440.309 59.2356 546.428 277.255 348.073 434.121 
frame00418.jpg 239.451 253.842 439.236 60.6662 547.739 278.885 349.675 437.49 
frame00419.jpg 240.36 257.959 439.362 61.6274 550.039 281.749 351.764 440.075 
frame00420.jpg 242.96 258.833 440.391 60.8549 555.341 283.012 354.685 440.932 
frame00421.jpg 244.654 260.768 442.663 61.5579 558.495 285.206 357.615 443.82 
frame00422.jpg 246.704 263.501 444.806 63.2534 561.986 289.168 359.825 447.331 
frame00423.jpg 249.429 266.068 447.018 67.1079 564.374 293.7 361.717 451.404 
frame00424.jpg 252.59 269.595 449.544 71.2338 568.269 299.171 363.988 456.053 
frame00425.jpg 255.344 271.486 451.823 73.5778 571.851 303.868 366.394 459.218 
frame00426.jpg 258.235 273.066 454.938 75.2514 574.567 307.48 368.793 461.681 
frame00427.jpg 261.498 274.845 458.452 77.8484 578.469 312.253 370.771 464.808 
frame00428.jpg 262.936 275.499 462.463 80.3052 582.017 317.241 371.659 468.153 
frame00429.jpg 264.712 276.853 465.815 82.9047 585.216 322.279 372.336 470.074 
frame00430.jpg 267.606 276.501 470.175 84.4425 588.413 327.55 373.651 471.689 
frame00431.jpg 270.189 276.974 474.852 86.8409 592.97 333.108 375.086 473.855 
frame00432.jpg 271.661 277.263 479.582 90.2865 595.361 339.729 376.039 476.408 
frame00433.jpg 272.664 277.859 483.609 94.5952 597.34 345.198 376.015 479.447 
frame00434.jpg 275.598 278.497 487.724 98.9778 601.754 353.683 377.248 482.559 
frame00435.jpg 279.57 279.166 492.748 100.726 605.203 360.035 378.673 483.747 
frame00436.jpg 281.886 278.26 497.161 102.774 607.108 365.278 379.529 485.43 
frame00437.jpg 283.001 278.41 498.478 104.939 607.953 369.853 379.577 487.711 
frame00438.jpg 284.359 278.666 499.963 106.683 609.681 373.054 379.382 488.976 
frame00439.jpg 285.508 278.934 500.25 107.736 610.718 373.987 380.344 490.247 
frame00440.jpg 286.809 278.556 499.513 106.991 610.667 376.107 380.531 490.934 
frame00441.jpg 285.714 278.755 497.477 107.225 608.812 376.565 379.418 492.062 
frame00442.jpg 285.65 279.198 494.322 105.788 607.892 378.048 378.599 494.079 
frame00443.jpg 284.291 281.15 492.406 107.428 606.273 379.972 378.072 495.955 
frame00444.jpg 284.661 282.843 490.07 108.786 606.239 383.961 377.879 497.702 
frame00445.jpg 284.461 282.987 489.305 109.45 605.794 386.326 377.948 498.035 
frame00446.jpg 285.501 283.245 488.394 110.324 605.162 389.24 378.134 499.434 
frame00447.jpg 286.983 282.922 487.895 110.291 606.288 391.444 378.227 499.787 
frame00448.jpg 286.7 282.207 487.359 109.579 605.06 392.705 376.915 499.741 
frame00449.jpg 285.881 281.27 486.044 111.102 604.373 392.979 375.441 501.291 
frame00450.jpg 283.9 280.797 484.841 110.029 602.087 394.256 373.45 501.675 
frame00451.jpg 282.878 280.562 483.1 110.08 601.409 396.99 372.174 502.43 
frame00452.jpg 282.003 280.15 482.172 111.06 599.39 400.083 370.742 502.955 
frame00453.jpg 280.812 279.56 482.258 110.539 597.778 404.072 368.689 503.042 
frame00454.jpg 278.143 277.916 481.623 109.468 595.956 408.022 366.356 502.919 
frame00455.jpg 275.857 274.745 481.682 109.234 593.574 411.692 363.208 503.056 
frame00456.jpg 273.755 272.079 482.377 109.011 590.979 413.743 359.886 502.319 
frame00457.jpg 273.774 270.322 484.207 109.364 593.144 420.038 356.271 502.402 
frame00458.jpg 272.803 268.643 486.611 112.947 594.468 423.964 352.747 502.41 
frame00459.jpg 270.872 264.886 488.95 112.476 592.677 424.568 348.305 500.891 
frame00460.jpg 268.776 261.269 491.984 112.312 592.806 426.023 343.891 498.231 
frame00461.jpg 265.277 259.661 495.353 115.834 590.735 429.217 340.214 499.231 
frame00462.jpg 262.115 251.808 497.588 114.772 584.614 430.117 334.635 495.413 
frame00463.jpg 259.305 246.769 500.618 115.441 582.39 432.564 329.127 492.208 
frame00464.jpg 257.135 243.345 504.541 115.861 582.497 437.924 324.389 491.038 
frame00465.jpg 255.439 237.831 505.716 117.919 583.741 444.059 317.18 488.788 
frame00466.jpg 256.777 235.849 512.914 119.351 583.768 447.463 316.922 486.543 
frame00467.jpg 253.889 230.994 517.379 122.301 581.477 449.938 311.423 485.731 
frame00468.jpg 252.567 223.738 519.19 123.924 577.746 454.875 305.289 483.536 
frame00469.jpg 253.202 222.493 525.463 128.766 575.351 464.03 303.517 483.867 
frame00470.jpg 248.451 213.882 530.447 129.94 571.454 467.488 299.288 479.253 
frame00471.jpg 246.424 204.195 531.777 130.643 569.231 466.876 291.093 472.61 
frame00472.jpg 245.856 203.499 538.58 139.38 567.77 476.758 285.915 474.45 
frame00473.jpg 248.16 194.218 543.272 141.441 566.279 481.992 281.626 468.362 
frame00474.jpg 247.735 188.516 549.463 148.882 565.93 485.495 276.294 466.537 
frame00475.jpg 250.189 184.726 556.781 155.406 566.972 491.299 274.866 466.63 
frame00476.jpg 251.167 174.018 561.176 160.385 561.076 492.417 269.549 460.776 
frame00477.jpg 253.115 166.346 565.807 163.755 558.989 494.983 266.364 454.419 
frame00478.jpg 254.128 155.267 568.173 163.171 554.848 491.031 260.052 443.305 
frame00479.jpg 256.253 149.298 573.174 165.772 551.537 493.443 256.989 437.125 
frame00480.jpg 259.821 138.107 577.327 166.474 550.139 492.168 252.704 427.977 
frame00481.jpg 265.549 131.96 583.259 169.544 549.033 495.606 252.773 419.062 
frame00482.jpg 269.251 123.799 585.494 175.19 548.115 496.108 248.527 412.244 
frame00483.jpg 275.61 115.104 594.022 180.808 547 495.929 248.282 404.008 
frame00484.jpg 280.296 109.398 599.454 187.957 542.857 497.163 248.526 398.127 
frame00485.jpg 286.786 97.6534 602.981 191.891 540.828 495.929 248.113 389.262 
frame00486.jpg 294.955 96.6703 607.588 200.383 538.339 501.191 247.885 385.916 
frame00487.jpg 303.811 86.7074 614.095 203.494 537.445 497.27 250.203 376.299 
frame00488.jpg 311.031 83.0624 616.891 209.691 537.299 500.622 250.78 373.136 
frame00489.jpg 316.791 77.9007 617.732 214.825 534.309 501.135 252.074 368.45 
frame00490.jpg 320.795 76.5574 619.946 222.516 530.516 503.471 252.105 366.208 
frame00491.jpg 328.641 72.796 622.4 227.371 529.934 504.969 254.121 361.709 
frame00492.jpg 334.829 73.6346 624.618 233.75 528.736 509.01 255.541 360.483 
frame00493.jpg 340.86 72.4985 626.353 239.906 526.063 512.344 256.14 357.527 
frame00494.jpg 345.63 71.4085 628.438 246.349 522.211 513.145 258.126 355.842 
frame00495.jpg 349.47 72.7096 627.912 251.466 521.091 517.026 256.789 354.554 
frame00496.jpg 353.034 71.6794 628.717 254.423 520.291 516.592 257.589 353.527 
frame00497.jpg 355.923 74.0372 628.206 257.14 519.721 519.219 256.995 352.695 
frame00498.jpg 358.267 71.8654 627.313 256.745 517.506 517.396 257.953 349.732 
frame00499.jpg 358.929 71.0965 625.371 257.492 517.615 516.335 258.833 348.78 
frame00500.jpg 359.953 68.6363 623.744 256.764 515.766 512.75 259.09 346.667 
frame00501.jpg 361.349 68.5207 622.33 257.552 516.049 511.893 259.8 344.724 
frame00502.jpg 362.243 70.1699 619.943 259.305 513.002 512.068 259.478 345.81 
frame00503.jpg 362.71 71.697 616.974 260.409 513.243 511.12 259.278 345.698 
frame00504.jpg 363.731 72.0938 615.818 260.907 511.799 510.464 260.09 345.524 
frame00505.jpg 364.944 74.001 614.222 261.308 511.428 510.52 260.591 346.906 
frame00506.jpg 364.916 74.7827 612.186 260.805 509.6 506.885 260.651 346.765 
frame00507.jpg 365.355 73.3 611.294 259.222 508.845 504.425 261.096 345.826 
frame00508.jpg 365.913 72.2419 610.357 257.591 508.292 501.922 262.59 345.081 
frame00509.jpg 365.872 73.4798 607.757 258.413 506.697 502.217 262.059 346.012 
frame00510.jpg 365.646 75.3625 605.636 260.027 504.337 503.429 260.829 347.699 
frame00511.jpg 366.552 76.5688 604.073 260.475 503.813 503.076 260.636 348.5 
frame00512.jpg 368.36 75.6955 604.666 258.972 504.904 500.886 262.71 346.451 
frame00513.jpg 372.132 74.0481 606.068 258.208 507.191 499.075 265.047 345.997 
frame00514.jpg 374.736 71.1834 607.881 257.627 507.933 496.784 267.63 344.62 
frame00515.jpg 378.859 69.9787 609.088 258.583 509.086 495.503 269.516 343.745 
frame00516.jpg 382.845 67.6018 610.965 257.804 510.003 492.912 272.414 341.778 
frame00517.jpg 386.862 65.8832 613.449 257.875 510.45 492.001 275.381 339.634 
frame00518.jpg 389.696 65.5728 614.819 257.984 510.868 492.481 277.02 338.707 
frame00519.jpg 391.733 65.7078 616.077 258.691 510.849 493.276 278.704 338.218 
frame00520.jpg 396.019 64.8879 616.877 259.676 510.683 492.675 280.433 337.234 
frame00521.jpg 399.883 65.8836 618.281 261.776 510.35 494.209 282.447 337.337 
frame00522.jpg 405.017 64.887 620.465 262.107 511.444 492.647 285.371 335.686 
frame00523.jpg 410.009 64.7991 622.901 263.386 513.597 492.084 289.655 335.36 
frame00524.jpg 413.402 66.5187 624.06 265.152 513.824 492.12 291.153 335.663 
frame00525.jpg 415.399 65.4087 625.25 264.605 514.934 490.347 293.878 336.281 
frame00526.jpg 417.843 67.9065 626.777 265.456 517.057 492.444 296.066 337.782 
frame00527.jpg 417.315 69.2418 625.482 266.145 516.56 491.868 295.279 339.639 
frame00528.jpg 418.411 70.8191 626.008 266.656 516.434 493.31 295.008 340.29 
frame00529.jpg 418.654 70.923 625.615 266.616 515.063 491.988 295.077 341.523 
frame00530.jpg 419.577 69.911 626.244 265.932 515.749 490.386 295.313 340.297 
frame00531.jpg 421.001 69.4198 627.668 265.436 516.966 489.475 296.445 341.158 
frame00532.jpg 424.057 69.4866 629.604 264.583 518.203 488.787 298.487 342.023 
frame00533.jpg 428.584 71.8253 632.875 264.405 521.073 488.704 302.711 343.938 
frame00534.jpg 433.328 72.6185 635.023 264.384 522.914 487.538 306.519 344.229 
frame00535.jpg 437.475 74.2009 636.3 266.168 523.203 487.516 309.22 345.095 
frame00536.jpg 440.106 75.744 638.166 267.081 523.12 488.271 311.656 345.734 
frame00537.jpg 441.91 76.2133 638.773 270.014 523.405 488.447 312.043 346.818 
frame00538.jpg 444.656 76.8814 640.263 271.491 522.465 489.064 313.372 347.764 
frame00539.jpg 447.915 80.9957 640.663 274.41 521.544 490.748 314.965 350.426 
frame00540.jpg 452.445 85.0326 642.619 278.489 522.909 493.403 317.547 353.092 
frame00541.jpg 457.551 88.1618 643.504 281.609 524.094 493.939 320.236 354.506 
frame00542.jpg 464.16 91.2315 647.699 283.432 526.205 494.664 323.942 355.867 
frame00543.jpg 466.645 91.3006 648.291 285.916 525.83 494.639 325.939 356.74 
frame00544.jpg 468.846 93.9805 651.39 287.9 524.444 497.756 328.254 358.8 
frame00545.jpg 469.406 96.033 649.522 291.625 524.438 499.091 328.18 360.611 
frame00546.jpg 471.119 98.3957 648.513 293.334 524.067 499.298 328.1 361.333 
frame00547.jpg 472.255 98.8187 647.158 295.181 521.467 498.743 327.211 361.689 
frame00548.jpg 471.596 103.177 643.536 296.047 519.531 499.838 325.756 363.3 
frame00549.jpg 471.645 102.51 641.782 295.791 517.464 497.227 326.051 362.237 
frame00550.jpg 471.988 102.657 641.054 296.331 516.178 496.058 326.169 361.347 
frame00551.jpg 472 103.998 644.718 293.247 516.025 496.476 327.019 360.36 
frame00552.jpg 471.356 105.437 640.038 292.858 512.865 495.026 324.76 361.182 
frame00553.jpg 471.134 104.02 638.829 290.609 512.115 492.248 324.79 361.769 
frame00554.jpg 470.005 103.242 636.468 289.444 510.717 490.417 324.947 363.16 
frame00555.jpg 469.773 105.924 634.591 291.948 509.714 490.938 324.522 366.558 
frame00556.jpg 470.033 110.204 632.766 294.279 509.403 494.553 324.466 369.274 
frame00557.jpg 470.498 113.211 631.31 294.103 509.343 492.588 325.327 371.433 
frame00558.jpg 471.584 115.09 634.622 295.013 511.345 490.743 327.797 373.089 
frame00559.jpg 471.73 120.345 630.719 295.271 510.025 492.171 328.171 378.046 
frame00560.jpg 472.996 125.458 628.962 296.64 512.086 492.088 330.539 381.302 
frame00561.jpg 475.219 129.776 627.899 296.24 511.095 492.684 333.787 384.525 
frame00562.jpg 475.451 135.317 627.672 297.802 512.486 499.612 335.689 389.404 
frame00563.jpg 476.092 136.769 625.911 298.469 515.849 498.204 337.901 392.597 
frame00564.jpg 476.651 138.886 624.096 296.571 515.341 495.163 339.885 394.84 
frame00565.jpg 476.934 137.948 624.236 296.228 514.404 493.084 342.833 396.809 
frame00566.jpg 478.049 136.521 623.449 296.543 514.191 490.052 344.28 399.194 
frame00567.jpg 479.54 139.888 623.291 295.35 509.823 490.471 344.188 399.207 
frame00568.jpg 480.826 145.069 621.227 292.488 510.785 493.329 343.411 403.329 
frame00569.jpg 479.091 155.568 622.742 294.863 511.777 502.809 344.566 405.005 
frame00570.jpg 477.525 153.975 620.08 291.136 511.054 495.416 343.894 405.301 
frame00571.jpg 475.601 155.747 619.025 289.868 510.285 494.783 342.785 408.344 
frame00572.jpg 467.272 156.278 608.254 288.549 509.798 491.807 339.459 411.135 
frame00573.jpg 466.953 150.353 611.626 282.78 510.742 487.47 342.012 411.302 
frame00574.jpg 463.087 155.995 604.705 284.944 515.105 487.489 343.483 412.397 
frame00575.jpg 458.241 160.385 601.041 283.957 515.533 483.63 339.342 411.959 
frame00576.jpg 456.495 162.414 598.139 280.319 513.156 480.904 338.717 413.432 
frame00577.jpg 455.827 175.681 601.765 273.788 513.971 485.914 338.177 414.226 
frame00578.jpg 452.919 172.259 596.068 267.916 510.102 480.824 338.371 414.379 
frame00579.jpg 458.964 163.681 599.724 266.035 506.913 472.201 340.614 412.981 
frame00580.jpg 456.679 157.611 592.829 264.407 502.692 465.029 337.802 415.71 
frame00581.jpg 455.615 156.263 588.813 266.915 500.589 461.987 334.853 416.27 
frame00582.jpg 451.397 156.729 586.548 259.891 499.829 457.401 333.563 415.833 
frame00583.jpg 455.2 154.343 585.651 254.36 502.504 456.757 334.367 416.472 
frame00584.jpg 445.145 148.326 581.623 247.253 501.954 448.726 334.187 414.868 
frame00585.jpg 440.155 144.379 585.708 239.464 511.085 445.002 336.599 415.688 
frame00586.jpg 440.623 136.383 590.261 233.694 514.792 434.98 342.133 413.168 
frame00587.jpg 434.485 135.378 590.682 227.892 518.553 431.868 343.806 413.394 
frame00588.jpg 431.299 134.913 592.247 221.366 522.449 429.631 346.531 412.577 
frame00589.jpg 429.996 132.922 593.404 214.637 523.953 428.142 348.304 414.104 
frame00590.jpg 431.262 136.159 593.341 213.208 526.748 431.37 349.169 418.028 
frame00591.jpg 428.396 137.275 592.274 211.471 523.994 430.49 348.185 418.751 
frame00592.jpg 429.114 141.531 592.718 210.753 527.368 433.339 349.608 422.645 
frame00593.jpg 432.194 142.132 592.152 209.605 527.88 429.486 351.235 424.599 
frame00594.jpg 433.467 146.401 591.39 210.088 527.689 433.43 352.105 425.587 
frame00595.jpg 436.873 150.026 589.589 211.365 524.858 435.887 349.161 427.782 
frame00596.jpg 433.209 150.56 588.009 211.763 527.36 432.739 348.942 427.277 
frame00597.jpg 431.11 151.729 583.826 209.21 524.141 429.844 351.015 427.465 
frame00598.jpg 429.778 152.971 580.388 207.04 523.155 427.637 351.407 428.796 
frame00599.jpg 428.127 151.02 578.372 202.178 520.736 420.02 354.013 426.488 
frame00600.jpg 424.146 149.492 578.429 197.177 521.527 413.23 357.723 424.334 
frame00601.jpg 420.291 150.288 578.18 192.912 524.012 411.609 357.681 426.056 
frame00602.jpg 415.316 151.56 577.648 188.023 528.535 408.682 354.95 428.214 
frame00603.jpg 406.255 148.782 578.553 180.426 534.253 403.968 356.716 427.566 
frame00604.jpg 399.415 141.816 579.901 172.423 538.441 396.695 356.623 427.191 
frame00605.jpg 393.909 147.055 579.333 165.988 545.705 393.801 355.899 425.252 
frame00606.jpg 379.807 138.655 579.469 157.431 549.058 385.047 357.072 425.292 
frame00607.jpg 371.078 140.366 578.859 152.013 558.128 384.994 358.005 426.054 
frame00608.jpg 366.28 139.742 579.957 145.129 564.559 382.017 361.085 424.203 
frame00609.jpg 364.274 139.449 580.99 140.004 570.564 379.774 362.643 423.09 
frame00610.jpg 361.644 139.944 580.528 137.557 573.163 379.735 361.712 424.079 
frame00611.jpg 360.131 139.666 581.706 135.286 574.172 378.536 362.175 423.268 
frame00612.jpg 359.761 139.773 582.565 134.77 576.936 378.718 362.923 423.225 
frame00613.jpg 360.224 139.68 584.185 135.004 579.162 380.276 363.682 423.918 
frame00614.jpg 361.426 141.558 586.567 136.945 582.194 382.778 365.788 426.329 
frame00615.jpg 363.56 142.568 589.834 137.707 585.747 384.419 368.616 426.579 
frame00616.jpg 365.91 143.188 593.242 138.722 590.02 387.015 370.734 427.637 
frame00617.jpg 370.573 144.695 599.388 140.994 596.392 390.924 374.72 429.526 
frame00618.jpg 375.271 146.606 605.619 143.92 601.839 397.966 376.534 433.008 
frame00619.jpg 377.823 148.27 611.45 147.575 607.429 401.517 377.913 433.898 
frame00620.jpg 380.096 147.998 618.35 149.896 611.225 405.79 379.756 432.263 
frame00621.jpg 383.016 149.685 627.196 155.386 618.03 411.349 382.366 433.949 
frame00622.jpg 386.656 150.138 635.066 160.567 622.666 417.723 385.068 433.766 
frame00623.jpg 388.787 152.358 641.662 163.998 628.328 428.039 383.472 434.32 
frame00624.jpg 392.599 154.21 649.87 172.688 632.399 440.935 383.648 435.882 
frame00625.jpg 400.703 162.445 657.26 186.001 637.413 459.015 382.981 439.422 
frame00626.jpg 404.515 157.674 664.201 194.08 637.157 464.849 380.984 434.479 
frame00627.jpg 409.925 155.311 672.061 204.439 638.553 471.99 381.702 431.381 
frame00628.jpg 414.792 156.142 676.754 218.005 637.274 485.537 380.687 429.725 
frame00629.jpg 420.409 154.313 680.988 230.058 635.83 496.148 378.393 430.572 
frame00630.jpg 426.152 152.606 685.232 236.561 637.28 507.657 378.079 423.128 
frame00631.jpg 429.368 151.491 690.319 248.139 635.196 517.225 378.172 418.957 
frame00632.jpg 432.636 149.014 695.454 255.251 632.619 522.158 378.329 414.77 
frame00633.jpg 433.579 145.02 696.263 257.95 630.012 524.457 371.977 409.558 
frame00634.jpg 433.157 141.645 697.238 257.034 628.072 526.253 368.358 403.881 
frame00635.jpg 430.196 133.813 696.165 250.797 626.397 523.38 362.156 396.757 
frame00636.jpg 426.279 128.351 693.594 244.799 623.392 518.822 357.694 390.852 
frame00637.jpg 421.836 123.603 691.065 238.928 620.149 513.671 352.924 385.471 
frame00638.jpg 418.191 119.306 690.714 231.319 620.79 510.118 350.701 381.035 
frame00639.jpg 415.115 115.258 689.461 225.662 621.506 506.081 347.701 376.218 
frame00640.jpg 412.693 112.103 690.828 218.114 624.386 502.808 347.218 373.412 
frame00641.jpg 412.537 110.279 691.99 213.076 626.347 501.166 348.138 373.565 
frame00642.jpg 410.473 112.915 691.985 210.786 628.819 502.891 347.17 376.284 
frame00643.jpg 409.331 114.16 693.252 208.029 629.802 503.806 347.905 377.603 
frame00644.jpg 407.103 115.201 692.859 205.696 630.968 502.891 347.813 379.495 
frame00645.jpg 404.394 116.541 691.319 203.096 630.039 501.983 346.017 381.64 
frame00646.jpg 401.832 118.458 690.312 199.749 629.278 504 344.535 384.433 
frame00647.jpg 398.491 123.336 687.912 199.318 629.85 505.824 342.993 389.364 
frame00648.jpg 397.414 126.735 687.16 197.778 631.042 507.655 342.946 392.615 
frame00649.jpg 396.341 130.11 686.378 196.227 632.53 510.338 343.123 396.347 
frame00650.jpg 394.299 132.913 683.002 197.085 629.579 511.18 342.116 400.79 
frame00651.jpg 390.226 136.437 678.803 196.567 625.748 512.481 340.041 404.269 
frame00652.jpg 387.491 141.357 674.624 198.077 624.273 512.138 339.363 408.86 
frame00653.jpg 385.498 145.074 671.128 196.002 626.003 511.704 338.234 410.976 
frame00654.jpg 382.635 148.397 667.582 193.511 625.326 511.02 337.586 412.529 
frame00655.jpg 380.265 153.775 664.583 191.271 626.447 511.168 338.18 416.448 
frame00656.jpg 377.748 155.841 661.576 187.054 622.335 505.892 338.501 418.367 
frame00657.jpg 374.308 160.79 656.763 185.069 620.412 503.09 337.87 421.974 
frame00658.jpg 372.025 166.473 650.31 183.066 621.289 501.305 336.401 424.092 
frame00659.jpg 368.256 171.487 642.718 179.421 617.875 496.326 336.151 427.529 
frame00660.jpg 366.382 177.488 635.326 178.761 619.599 498.605 333.917 432.782 
frame00661.jpg 361.679 180.996 627.751 172.64 615 491.075 333.466 434.645 
frame00662.jpg 357.736 185.336 621.916 166.482 611.152 482.494 333.249 436.531 
frame00663.jpg 356.247 190.245 613.869 163.685 610.656 480.982 332.867 441.348 
frame00664.jpg 354.322 194.137 608.818 159.259 604.7 476.366 332.418 442.791 
frame00665.jpg 351.947 201.519 603.086 157.805 604.891 476.796 332.504 447.979 
frame00666.jpg 351.275 207.953 597.888 157.032 601.217 476.638 333.277 453.192 
frame00667.jpg 349.598 214.353 593.122 155.436 603.623 478.954 332.916 457.927 
frame00668.jpg 347.888 221.056 587.576 156.193 603.762 480.549 332.613 464.248 
frame00669.jpg 345.302 225.451 580.13 158.372 600.023 481.325 331.245 469.144 
frame00670.jpg 343.865 230.772 575.852 160.121 598.852 480.947 330.516 472.526 
frame00671.jpg 342.195 233.316 571.463 161.143 592.004 475.591 329.464 474.96 
frame00672.jpg 339.796 235.175 567.841 161.889 585.68 470.126 328.131 476.935 
frame00673.jpg 338.437 236.67 565.395 161.234 582.065 466.363 328.156 477.792 
frame00674.jpg 337.432 237.918 563.264 160.134 581.692 463.46 328.617 479.414 
frame00675.jpg 336.555 239.455 561.09 158.775 579.936 460.16 328.624 479.697 
frame00676.jpg 335.101 240.848 557.036 158.014 576.687 457.874 327.471 482.016 
frame00677.jpg 333.333 242.582 552.866 155.888 575.283 456.247 326.943 483.083 
frame00678.jpg 330.486 242.101 549.096 152.167 571.629 451.244 326.385 481.36 
frame00679.jpg 329.576 243.333 546.656 148.236 570.944 447.446 327.047 480.527 
frame00680.jpg 328.404 243.523 542.44 144.426 569.201 442.716 325.769 480.932 
frame00681.jpg 326.192 243.605 537.333 141.935 565.267 439.916 322.568 481.633 
frame00682.jpg 322.909 244.27 532.774 140.253 560.217 437.285 319.905 483.221 
frame00683.jpg 320.862 244.057 528.53 138.439 558.159 435.64 318.202 483.147 
frame00684.jpg 316.4 243.853 523.97 136.793 553.012 432.96 314.594 483.374 
frame00685.jpg 313.059 243.824 519.193 135.053 547.765 429.692 311.466 483.75 
frame00686.jpg 308.747 243.885 514.471 132.977 542.533 428.498 307.676 483.746 
frame00687.jpg 305.136 243.082 510.036 129.976 539.42 426.389 304.961 482.629 
frame00688.jpg 300.502 243.185 505.098 127.865 534.188 423.214 301.939 482.704 
frame00689.jpg 296.01 242.251 499.047 126.054 527.876 419.916 297.493 482.735 
frame00690.jpg 292.541 241.175 493.384 123.62 523.133 417.646 294.225 482.723 
frame00691.jpg 288.422 240.4 488.404 120.91 520.375 416.844 291.442 481.822 
frame00692.jpg 285.084 240.567 484.027 118.657 517.542 414.545 288.586 481.249 
frame00693.jpg 281.546 239.461 480.603 115.427 515.127 412.303 285.658 480.737 
frame00694.jpg 277.745 237.538 476.985 113.668 510.861 409.761 282.398 479.204 
frame00695.jpg 273.278 236.412 472.263 111.588 505.748 407.761 278.187 478.952 
frame00696.jpg 270.075 236.249 467.788 109.656 501.363 405.805 275.115 478.435 
frame00697.jpg 268.295 235.544 464.558 106.932 499.179 404.317 272.967 479.233 
frame00698.jpg 266.131 235.787 461.677 107.261 496.923 404.191 271.577 480.12 
frame00699.jpg 265.234 235.893 460.216 106.239 495.194 405.572 270.539 480.487 
frame00700.jpg 262.859 236.616 459.375 104.323 494.093 405.98 269.728 480.745 
frame00701.jpg 262.24 237.126 459.341 103.999 494.403 406.415 269.698 480.384 
frame00702.jpg 260.59 236.584 458.154 106.191 491.922 408.098 267.918 482.921 
frame00703.jpg 257.576 236.296 456.604 106.328 491.637 411.835 264.908 484.689 
frame00704.jpg 254.699 236.971 455.438 107.977 489.239 414.209 262.367 486.538 
frame00705.jpg 252.653 235.69 455.33 106.479 488.601 415.264 260.095 484.656 
frame00706.jpg 249.169 234.427 454.595 106.207 489.163 416.479 255.81 484.096 
frame00707.jpg 246.272 232.638 453.836 106.2 488.085 416.005 251.985 483.334 
frame00708.jpg 242.643 229.112 453.299 104.04 487.22 414.262 248.605 479.922 
frame00709.jpg 237.127 226.147 451.31 102.052 483.69 411.55 243.019 478.922 
frame00710.jpg 233.464 223.543 449.474 100.864 483.684 411.797 238.588 477.571 
frame00711.jpg 229.487 221.543 447.834 99.7798 485.355 413.085 235.082 477.694 
frame00712.jpg 225.813 218.995 446.357 97.3275 483.96 409.533 232.56 475.852 
frame00713.jpg 221.755 215.657 445.009 93.974 481.204 405.953 230.181 474.772 
frame00714.jpg 219.232 213.427 442.762 90.6911 480.61 403.194 228.148 471.803 
frame00715.jpg 215.378 209.655 440.478 86.171 476.695 398.333 225.222 467.565 
frame00716.jpg 211.042 207.752 437.679 83.4495 475.345 396.045 220.91 466.294 
frame00717.jpg 206.78 206.438 434.053 81.7733 473.212 395.446 216.706 466.402 
frame00718.jpg 200.314 202.866 431.663 79.5653 471.989 392.453 212.09 466.043 
frame00719.jpg 196.33 200.714 431.123 77.4596 471.495 389.677 210.078 463.457 
frame00720.jpg 192.591 196.907 431.063 78.6073 471.463 387.27 206.623 462.662 
frame00721.jpg 188.354 193.617 430.735 79.0628 470.556 384.718 203.64 460.532 
frame00722.jpg 184.765 189.809 431.638 78.5581 470.761 383.659 200.901 458.908 
frame00723.jpg 182.378 183.431 434.823 75.2743 471.32 380.977 200.331 453.756 
frame00724.jpg 182.223 181.901 437.417 74.4551 475.474 380.272 200.729 451.045 
frame00725.jpg 183.056 179.185 440.521 74.3977 478.832 380.401 201.551 448.723 
frame00726.jpg 183.009 174.707 443.797 72.0658 482.41 378.636 201.895 444.262 
frame00727.jpg 181.202 169.56 445.226 69.6714 484.233 379.19 200.495 441.86 
frame00728.jpg 180.419 166.213 446.031 70.0316 486.403 379.889 199.239 440.899 
frame00729.jpg 178.715 163.208 446.761 70.026 485.991 378.731 197.741 440.473 
frame00730.jpg 179.005 158.638 447.98 66.9968 488.045 378.136 197.418 437.898 
frame00731.jpg 179.895 158.274 450.149 66.4773 490.23 376.709 197.86 437.002 
frame00732.jpg 179.093 154.747 452.266 64.7479 492.352 378.195 197.423 436.079 
frame00733.jpg 177.968 153.145 453.918 65.4806 493.331 379.209 196.98 436.457 
frame00734.jpg 178.958 151.661 457.213 66.1227 495.317 381.15 197.561 436.244 
frame00735.jpg 181.178 149.298 460.799 66.3026 498.422 383.665 198.517 435.42 
frame00736.jpg 184.661 148.039 464.905 66.6715 503.032 387.037 201.464 434.231 
frame00737.jpg 184.413 142.868 469.27 64.3534 504.132 386.799 202.605 431.148 
frame00738.jpg 185.988 139.327 473.981 65.9507 506.09 388.709 203.724 430.824 
frame00739.jpg 188.618 138.824 478.201 69.8533 510.856 392.956 203.949 431.699 
frame00740.jpg 193.209 135.859 484.702 73.4479 516.047 397.505 206.617 432.015 
frame00741.jpg 195.356 132.57 492.079 76.2159 520.394 401 209.525 430.763 
frame00742.jpg 199.977 130.279 499.371 81.2449 524.449 405.443 211.828 430.057 
frame00743.jpg 204.223 131.041 506.144 87.9224 527.852 411.274 215.115 433.505 
frame00744.jpg 208.494 132.124 512.313 93.5579 531.913 417.522 218.648 435.267 
frame00745.jpg 211.596 134.114 516.459 97.8978 534.315 422.382 220.825 438.491 
frame00746.jpg 215.887 135.603 520.255 102.173 537.69 427.232 224.191 440.525 
frame00747.jpg 219.041 134.452 524.41 102.806 540.93 426.601 226.877 438.779 
frame00748.jpg 220.672 132.66 527.337 101.62 542.125 428.195 227.392 437.692 
frame00749.jpg 223.061 129.663 529.908 101.283 545.639 427.481 229.173 434.709 
frame00750.jpg 224.993 125.389 533.169 98.0112 547.391 427.229 229.84 431.986 
frame00751.jpg 224.683 123.241 535.027 97.9709 547.231 427.085 228.71 430.848 
frame00752.jpg 225.063 121.965 535.372 96.6952 548.924 427.756 228.677 430.765 
frame00753.jpg 227.234 120.897 539.083 97.0076 551.477 429.557 230.042 430.927 
frame00754.jpg 228.886 118.721 542.703 96.8979 556.114 430.274 234.07 430.815 
frame00755.jpg 234.916 118.109 549.754 97.0717 563.077 432.362 239.086 430.971 
frame00756.jpg 240.717 118.521 556.62 97.9714 569.091 435.284 244.215 431.631 
frame00757.jpg 243.488 117.017 562.018 97.3775 572.765 435.906 247.628 430.589 
frame00758.jpg 248.836 116.879 567.225 97.9468 577.543 437.288 249.416 431.025 
frame00759.jpg 251.543 113.778 572.308 95.1031 580.929 434.856 253.22 427.643 
