frame ulx uly urx ury lrx lry llx lly
frame00001.jpg      234.940002      217.089996      584.419983      179.740005      630.280029      460.790009      280.799988      498.200012
frame00002.jpg      237.268567      215.686448      587.475151      180.705438      629.732862      463.494313      279.514618      497.448875
frame00003.jpg      244.880867      210.891413      596.593118      180.953751      628.348312      468.116934      275.754166      492.736294
frame00004.jpg      252.904582      207.546290      607.837108      180.494891      628.441413      477.687720      276.003184      494.128010
frame00005.jpg      259.800363      202.568437      617.579840      180.302277      629.309653      484.165425      276.136608      492.634392
frame00006.jpg      265.539913      197.529768      625.566001      180.843328      629.438574      489.744071      276.579970      490.587840
frame00007.jpg      270.130433      192.294254      632.740238      180.869942      629.105592      494.953485      276.280434      488.544318
frame00008.jpg      269.361402      190.775942      633.653399      181.456826      627.766601      497.600070      274.137780      488.878944
frame00009.jpg      267.494951      189.402262      629.641579      178.582066      627.581638      486.845415      267.493042      480.461253
frame00010.jpg      264.884751      182.862074      626.065461      171.581613      630.739592      468.449125      261.432771      467.064261
frame00011.jpg      265.899039      169.194521      634.552409      176.601344      640.572078      469.733803      292.632576      425.546820
frame00012.jpg      271.880448      155.785076      632.141740      172.620450      658.151045      486.711978      277.864930      438.037564
frame00013.jpg      272.196427      154.920037      632.852470      171.809337      660.533479      486.321848      279.581036      438.510073
frame00014.jpg      273.202256      158.631484      631.982629      170.996889      662.186784      485.589370      280.594250      439.661449
frame00015.jpg      273.266877      165.732437      630.250774      170.581922      668.715981      481.620053      286.479470      443.402291
frame00016.jpg      272.583846      174.112802      628.138464      167.391486      683.715803      470.827694      300.759627      448.777786
frame00017.jpg      276.764490      180.013791      628.980715      169.355734      694.365297      462.930836      305.165128      448.691751
frame00018.jpg      269.775598      192.430971      629.887300      177.176223      686.461339      427.757846      309.550028      433.706741
frame00019.jpg      266.706297      203.760045      625.977758      179.342085      692.774271      423.074460      315.217898      438.923707
frame00020.jpg      261.669245      213.926678      619.447931      180.538873      696.072332      417.351575      318.529431      444.210509
frame00021.jpg      255.901101      219.402356      612.505575      179.790452      697.047486      405.666390      316.574204      442.995450
frame00022.jpg      249.349616      224.505718      605.149589      177.310613      694.939575      394.739803      314.574686      440.412060
frame00023.jpg      241.947361      228.250774      596.286997      175.055008      691.098734      384.039599      309.500571      436.329994
frame00024.jpg      236.997733      229.877703      590.559826      173.051822      688.538074      376.138132      305.848672      435.342697
frame00025.jpg      231.053356      231.837740      583.588242      170.048206      685.159576      365.649407      302.633933      429.364900
frame00026.jpg      223.209056      234.468435      573.849405      167.508240      680.054297      352.573236      298.660219      423.809847
frame00027.jpg      214.391571      237.128300      563.419735      163.903164      673.595383      338.366544      294.072263      417.450366
frame00028.jpg      205.979880      242.335987      550.836023      160.014633      666.963119      320.769578      289.671823      412.154525
frame00029.jpg      199.717343      249.157280      542.010668      157.054691      661.494162      307.404056      287.057729      407.164977
frame00030.jpg      197.592570      255.837447      538.306927      157.140893      657.289474      301.422553      282.612252      408.902720
frame00031.jpg      201.395475      262.413862      539.923530      158.021502      656.673743      294.332301      279.870881      410.102108
frame00032.jpg      209.806779      275.974275      527.452440      145.448570      651.971452      276.169321      288.766218      429.600019
frame00033.jpg      215.091241      286.128671      525.956383      141.393173      655.166533      254.653438      297.551134      424.643555
frame00034.jpg      218.812530      289.593853      525.936763      138.543545      656.793154      237.930539      302.638425      416.315584
frame00035.jpg      219.895943      290.056420      525.824866      136.953159      658.695562      232.454355      305.764623      413.669119
frame00036.jpg      221.078445      290.837330      524.903587      134.386290      658.832010      220.712231      308.090806      406.032615
frame00037.jpg      222.604469      292.576806      522.913790      130.389498      658.081292      203.329555      310.816302      395.721356
frame00038.jpg      224.522219      294.239917      523.088437      128.357439      658.024067      193.730953      312.079047      390.866810
frame00039.jpg      228.429314      298.200785      524.406820      125.966353      658.013612      180.215012      313.882529      385.100906
frame00040.jpg      231.542015      302.836852      525.408924      125.458793      659.304526      173.499469      316.521367      384.962846
frame00041.jpg      233.098960      307.015686      525.655845      127.203248      658.335815      171.803672      315.651377      386.606266
frame00042.jpg      233.742474      311.128547      525.293922      127.642248      656.290346      170.911515      314.285363      390.024394
frame00043.jpg      234.424213      311.605912      526.976601      128.437261      657.693614      177.521016      314.259755      396.034404
frame00044.jpg      250.532634      306.074351      527.092784      127.533368      656.378233      195.011865      308.726701      414.544552
frame00045.jpg      275.275575      301.825388      527.940541      124.829490      654.634521      206.689134      291.552377      437.364024
frame00046.jpg      280.898898      297.108352      535.565645      120.301338      659.257596      213.809702      278.747783      445.454418
frame00047.jpg      281.772382      298.384041      538.148436      117.665683      648.090015      217.907824      279.945566      455.341483
frame00048.jpg      286.820405      295.437127      543.671246      113.544837      646.331932      221.968367      278.834870      452.958440
frame00049.jpg      293.498138      291.503414      549.728506      111.236045      647.420822      226.552962      274.252121      453.979715
frame00050.jpg      303.954869      288.899885      561.128492      104.920584      656.630100      231.047707      254.345188      470.774210
frame00051.jpg      309.011120      285.475367      575.621683      103.523216      662.283214      242.803954      229.008202      485.366611
frame00052.jpg      309.763971      284.250756      582.618329      100.654802      664.324355      247.496071      223.774905      486.293030
frame00053.jpg      313.537950      280.228630      592.354417       97.349125      666.990014      258.644521      218.865547      490.229486
frame00054.jpg      318.898523      276.584651      604.980443       91.294591      671.965750      273.225517      220.669522      492.467996
frame00055.jpg      321.231207      271.826019      620.244162       79.508648      675.805481      292.442731      231.135344      489.157316
frame00056.jpg      328.806232      267.444338      634.409216       71.123659      680.641438      310.029191      229.603735      494.351725
frame00057.jpg      331.725058      264.500026      640.527581       66.245238      683.233448      313.173560      232.771167      495.351392
frame00058.jpg      328.755827      260.997263      632.805976       72.916943      672.294705      298.875636      242.613281      488.052884
frame00059.jpg      333.056794      260.258609      631.461441       67.063129      673.638710      287.793408      247.948454      484.938828
frame00060.jpg      343.958723      257.133979      629.410906       61.985647      689.685609      290.369998      255.242677      481.562909
frame00061.jpg      350.448147      256.356585      628.768263       60.213932      696.388330      298.688489      261.747462      483.693992
frame00062.jpg      352.557734      259.232149      629.427298       59.419737      694.573724      303.320399      263.755106      489.375897
frame00063.jpg      354.733040      257.969363      632.003166       57.253575      695.042009      306.229946      264.274835      490.345018
frame00064.jpg      356.422123      257.124356      635.539918       53.912955      697.126111      307.132492      266.247409      490.623503
frame00065.jpg      360.332656      254.184709      636.574959       47.147646      702.234166      309.731752      274.247451      492.926122
frame00066.jpg      362.903974      254.319140      636.757464       41.255527      712.711178      311.628633      283.052211      499.760598
frame00067.jpg      366.271225      253.759031      640.642413       35.390053      719.917766      314.601394      293.935399      502.893205
frame00068.jpg      355.346964      246.191074      650.929852       25.634025      715.364730      337.914832      302.668050      499.827566
frame00069.jpg      353.563734      243.515598      657.667932       25.467994      706.551367      351.841162      302.304658      500.315019
frame00070.jpg      354.770068      242.689994      655.002004       18.091385      704.527124      364.117849      306.437125      509.780975
frame00071.jpg      350.518485      245.274050      647.062790        4.585766      706.587464      361.961280      324.479840      511.784434
frame00072.jpg      377.221260      257.621516      690.932468      -46.207599      687.040448      384.198357      326.268422      440.690059
frame00073.jpg      389.766117      258.608654      738.194602     -111.570409      660.572136      475.799687      333.507397      406.822827
frame00074.jpg      394.259059      265.542603      834.438224     -267.520730      679.486371      654.710860      351.638304      369.090678
frame00075.jpg      392.117124      267.685658      846.015172     -328.494508      733.050296      724.364393      359.694895      359.661042
frame00076.jpg      390.321553      269.674322      777.166549     -258.956227      814.111106      771.972223      360.531348      360.565985
frame00077.jpg      388.932212      270.779285      676.982357     -147.793886     1108.876994     1034.890403      359.060664      363.753119
frame00078.jpg      388.444160      272.225360      569.328678       -6.911407    -2531.200705    -2318.650933      357.739247      370.044697
frame00079.jpg      386.236213      276.580059      544.396015       23.255878     -820.716238     -634.364283      362.425350      362.582502
frame00080.jpg      386.553430      276.599510      533.189246       40.012154     -432.157995     -289.480464      363.857100      359.212262
frame00081.jpg      387.776052      274.967984      532.738444       39.419107     -226.207058     -123.512499      364.299321      356.809088
frame00082.jpg      388.452406      273.170545      529.899939       43.474178     -147.948899      -10.419268      364.101360      357.124795
frame00083.jpg      390.337751      270.277800      532.248591       41.423652     -101.090526       43.626334      365.308908      351.783013
frame00084.jpg      391.119383      269.828040      542.460728       23.930440      -43.665858       68.995733      366.755411      346.975391
frame00085.jpg      391.301117      269.566313      541.191742       26.658241      -27.915057       85.880810      366.708072      346.767627
frame00086.jpg      391.390736      269.545207      541.537531       25.947126      -26.128296       99.400577      366.879236      346.218289
frame00087.jpg      391.834609      268.890791      540.184655       27.771833       -3.574930      111.456606      366.725138      346.288363
frame00088.jpg      393.329441      266.437489      540.244300       28.411230       29.365035      137.028450      366.679897      344.930975
frame00089.jpg      393.527436      266.172616      540.202643       28.394545       40.588525      142.505315      366.886318      344.260071
frame00090.jpg      393.832908      265.764309      537.366099       32.682737       52.180523      151.937818      367.717738      342.144327
frame00091.jpg      394.787749      264.007079      538.425952       29.892978       67.615286      164.162029      369.643818      337.185365
frame00092.jpg      395.725880      261.988613      543.576901       21.729454       56.338369      163.894744      370.512529      334.291340
frame00093.jpg      396.472787      260.468771      543.338969       21.718777       70.568352      162.545814      370.886337      333.054852
frame00094.jpg      396.596957      260.195083      543.126878       22.124810       68.926444      159.735986      370.828009      333.110477
frame00095.jpg      396.828152      259.648204      546.047956       17.274089       64.710567      155.095712      370.893369      332.760129
frame00096.jpg      396.907559      259.480212      545.912933       17.475055       64.841296      153.254014      370.856293      332.795999
frame00097.jpg      397.105349      259.075564      549.276770       11.945922       61.428847      146.711575      371.073327      332.074914
frame00098.jpg      398.388662      256.111354      543.521335       22.722732       53.353518      165.855530      370.005217      333.415447
frame00099.jpg      398.399704      256.085822      543.655268       22.446606       49.231778      166.122087      370.017999      333.381800
frame00100.jpg      398.399848      256.085495      543.643642       22.464746       49.246019      166.140019      370.017711      333.382723
frame00101.jpg      400.060001      252.037886      537.779830       33.582358       38.265116      175.672380      368.546093      336.076412
frame00102.jpg      403.414062      244.889499      537.884780       34.271636       21.540334      147.802302      364.961701      341.312194
frame00103.jpg      405.688211      239.397778      539.957729       31.923012      -46.958528       93.193118      363.649893      342.577871
frame00104.jpg      415.374757      216.389619      541.344832       32.256683      -97.375094       34.989212      360.086163      345.251030
frame00105.jpg      426.901191      193.654142      538.048516       38.822162     -156.522947       26.542337      355.925924      349.315990
frame00106.jpg      438.404602      175.172883      528.986191       52.959523       26.073896       59.231975      354.783761      345.974776
frame00107.jpg      448.387308      159.297990      522.844564       62.038315       55.126117       82.983177      346.742910      356.737576
frame00108.jpg      448.388880      159.295356      522.843695       62.038100       54.601739       82.851170      346.739033      356.743726
frame00109.jpg      449.470693      157.644411      522.109719       63.052526       39.034540       70.601885      344.108354      360.745651
frame00110.jpg      452.038063      153.158493      521.418365       63.826208       -9.172244       45.239612      339.122953      368.099441
frame00111.jpg      452.341039      152.710789      521.179469       64.093403       -4.387724       41.344833      339.150598      368.105267
frame00112.jpg      453.059832      151.475625      519.644378       66.259806      -93.278320       32.191860      333.787205      377.556908
frame00113.jpg      453.223381      151.194235      519.312265       66.697150     -129.448438       25.059975      332.616728      379.615754
frame00114.jpg      453.836358      150.180499      518.465515       67.833000     -174.436105        8.828709      327.444721      388.718616
frame00115.jpg      455.512350      147.625945      518.107496       68.505219     -294.896719        3.905091      318.974516      401.061817
frame00116.jpg      460.962062      139.326653      518.195966       69.043974     -527.730785      -32.740395      310.712123      407.263783
frame00117.jpg      468.562172      128.904378      520.207329       67.169458     -327.267749        3.375286      307.142044      401.315900
frame00118.jpg      477.273378      115.783014      524.100104       63.405255     -558.949203     -112.131299      301.382388      395.423993
frame00119.jpg      487.046013      102.653983      526.776898       61.648213    -1376.286739     -467.185893      283.241547      404.166679
frame00120.jpg      487.766475      101.787734      527.196577       61.285343    -1869.079371     -600.026116      280.276386      406.455635
frame00121.jpg      488.348279      101.227842      526.616831       61.926124     -844.287571     -294.899074      289.394743      391.463928
frame00122.jpg      488.658581      100.868158      526.428268       62.136463     -928.617989     -334.587776      289.651523      390.850984
frame00123.jpg      488.813181      100.767578      526.240085       62.352591    -1169.747128     -409.934755      284.157304      397.955555
frame00124.jpg      488.850141      100.727331      526.245269       62.347734    -1194.352947     -423.986957      282.577645      400.137603
frame00125.jpg      489.312449      100.155495      526.443728       62.141016    -1429.168672     -539.725715      285.262618      395.043385
frame00126.jpg      489.314803      100.152638      526.442099       62.142538    -1406.874262     -533.922419      285.245774      395.064104
frame00127.jpg      492.886718       95.066921      525.014257       63.658207    -4456.991894    -2148.225947      288.964180      385.685156
frame00128.jpg      493.839025       94.447352      525.300307       63.422480    -2110.977866     -963.543937      286.047890      385.607123
frame00129.jpg      494.923892       93.474272      525.334660       63.418748    -2427.884620     -921.321595      283.092340      386.715448
frame00130.jpg      494.923461       93.474607      525.335274       63.418115    -2566.811829     -969.156990      283.162390      386.614057
frame00131.jpg      494.929772       93.591047      525.426200       63.304366    -1407.911499     -656.987560      292.136635      373.582643
frame00132.jpg      494.843214       93.772328      525.361180       63.342769    -1432.580855     -702.043640      295.565265      368.942921
frame00133.jpg      494.763181       93.995318      525.126621       63.572900    -1751.633595     -788.372132      290.137733      375.782671
frame00134.jpg      494.652614       94.140270      525.665579       63.013797    -1528.897073     -590.394720      287.801828      377.511454
frame00135.jpg      495.334249       93.408427      526.354732       62.338874   -20895.251121   -11489.090813      280.100345      385.713048
frame00136.jpg      495.872540       92.961455      526.289332       62.520732   -49437.191804   -22949.595892      267.433898      400.001694
frame00137.jpg      495.774207       93.100329      526.323118       62.472739   -18704.261484    -8802.396788      269.772272      396.661252
frame00138.jpg      495.240111       93.988507      525.955654       62.758954     -588.480876     -497.000740      282.550839      377.650044
frame00139.jpg      485.804287      106.556736      530.552365       56.987885     -191.207012      -51.078638      295.654739      359.044600
frame00140.jpg      484.195054      109.376268      533.238871       53.720585        0.446369       47.144815      298.668248      355.052094
frame00141.jpg      482.765874      111.963288      537.444300       48.635817      226.323939      102.783879      333.345803      308.860660
frame00142.jpg      480.042105      115.939085      541.258039       43.989019      303.826912      123.756081      358.065903      276.791153
frame00143.jpg      476.487569      120.902463      544.701637       39.577659      353.616134      117.108887      386.249526      240.155969
frame00144.jpg      476.248222      121.247196      544.220274       40.135614      355.956651      119.498192      385.623334      240.991921
frame00145.jpg      476.134918      121.433851      543.720010       40.716146      355.613872      122.269583      386.622737      239.726964
frame00146.jpg      470.768590      129.303951      537.912512       47.427311      353.871193      144.014111      369.122708      264.078976
frame00147.jpg      468.920920      132.081843      532.469746       53.875456      384.779276       97.941717      360.603325      275.323506
frame00148.jpg      461.137956      143.060231      521.872450       66.652370      401.411845      108.610882      357.639514      280.298046
frame00149.jpg      456.740942      149.225841      515.504691       74.684873      415.330482      107.182322      355.517029      283.370350
frame00150.jpg      450.257860      158.071341      502.335112       91.360775      405.411212      154.463368      354.500702      285.210958
frame00151.jpg      446.501466      163.158757      498.921650       95.693036      414.485115      156.546102      357.806343      280.828418
frame00152.jpg      445.035637      165.130344      499.922264       94.378520      416.585110      159.856008      359.694601      278.305631
frame00153.jpg      441.323517      170.174736      504.331077       88.598038      432.529050      148.004818      359.902741      277.937123
frame00154.jpg      438.014655      174.612441      501.242898       92.567756      431.037872      152.977578      356.797014      282.030975
frame00155.jpg      433.545269      180.649677      485.376903      113.184295      428.839988      167.508895      362.257505      274.837862
frame00156.jpg      431.646820      183.175491      480.185473      119.934995      426.580802      174.306085      367.518478      267.893676
frame00157.jpg      431.564913      183.284500      480.103400      120.040623      426.137542      175.070231      368.456354      266.656481
frame00158.jpg      431.485587      183.389956      480.041568      120.120771      426.196027      175.494208      368.406546      266.720888
frame00159.jpg      426.658952      189.803572      479.870094      120.290510      424.529219      182.061102      386.712140      242.605829
frame00160.jpg      424.879265      192.162319      477.995217      122.718738      420.899398      188.357599      389.940149      238.361603
frame00161.jpg      419.607549      199.139970      477.745518      122.966384      415.428693      197.819628      391.260036      236.633500
frame00162.jpg      413.479878      207.246573      470.549321      132.339659      410.220546      206.776315      390.284957      237.922288
frame00163.jpg      407.232785      215.520578      489.073014      107.917804      399.290894      223.480170      397.873963      227.908841
frame00164.jpg      403.073044      221.029024      530.774776       52.925013      398.955979      224.991806      398.019892      227.717764
frame00165.jpg      403.078686      221.021648      532.262267       50.965604      398.979415      224.964651      398.022384      227.714433
frame00166.jpg      403.064667      221.040507      531.268139       52.271361      398.918498      225.108617      398.064170      227.659175
frame00167.jpg      401.866130      222.629841      607.818246      -48.646982      401.879530      221.854351      398.972622      226.459389
frame00168.jpg      400.145864      224.906588     1414.284942    -1111.811235      405.047759      218.094486      398.157166      227.535829
frame00169.jpg      399.966704      225.143534     1582.593201    -1333.762932      403.387958      220.294842      398.016927      227.721146
frame00170.jpg      399.961748      225.150085     1718.865525    -1513.396146      403.272566      220.447635      398.014449      227.724422
frame00171.jpg      399.784549      225.384379     2374.844763    -2378.274555      400.717459      223.821653      397.861227      227.926941
frame00172.jpg      399.777508      225.393691     1885.213996    -1732.816290      400.488001      224.125070      397.857179      227.932290
frame00173.jpg      399.681207      225.521007     2578.167317    -2646.410002      399.267418      225.739395      397.766578      228.052040
frame00174.jpg      398.822574      226.656577      185.299642      508.193227      401.289792      223.258112      397.411406      228.520152
frame00175.jpg      398.429740      227.175474      310.007017      343.779430      400.203777      224.748730      397.481541      228.427662
frame00176.jpg      398.431038      227.173760      309.853671      343.981925      400.144859      224.825932      397.482885      228.425888
frame00177.jpg      398.442235      227.158972      317.828756      333.465205      399.804654      225.273652      397.479873      228.429852
frame00178.jpg      398.445127      227.155158      321.711286      328.345233      399.659956      225.465466      397.479379      228.430498
frame00179.jpg      398.483575      227.104409      312.872948      339.999098      399.377856      225.837229      397.486514      228.421042
frame00180.jpg      398.483563      227.104424      312.839980      340.042597      399.370952      225.846320      397.486502      228.421058
frame00181.jpg      398.573500      226.985695      286.150021      375.235853      398.886145      226.481257      397.454691      228.462970
frame00182.jpg      398.575605      226.982915      298.202143      359.343642      398.639691      226.806281      397.457337      228.459477
frame00183.jpg      398.572055      226.987605      296.909431      361.048702      398.546598      226.929259      397.453810      228.464132
frame00184.jpg      398.580540      226.976429      295.309647      363.160288      397.601640      228.177792      397.471223      228.441137
frame00185.jpg      398.575953      226.982491      296.577818      361.488378      397.409829      228.434534      397.472912      228.438905
frame00186.jpg      398.575840      226.982640      296.605649      361.451710      397.400797      228.446617      397.472799      228.439054
frame00187.jpg      398.574779      226.984042      298.806511      358.549523      397.280912      228.604354      397.474109      228.437324
frame00188.jpg      398.574716      226.984124      298.852915      358.488338      397.278283      228.607821      397.474046      228.437407
frame00189.jpg      398.534386      227.037415      308.854962      345.299309      397.233260      228.673854      397.493142      228.412193
frame00190.jpg      398.507460      227.072986      310.548156      343.066936      397.192803      228.730614      397.482594      228.426102
frame00191.jpg      398.498713      227.084535      310.229945      343.486751      397.140547      228.799901      397.476007      228.434798
frame00192.jpg      398.434636      227.169187      315.072990      337.101960      397.268021      228.643239      397.499523      228.403749
frame00193.jpg      398.266387      227.391438      344.185831      298.713055      397.871850      227.869823      397.565932      228.316072
frame00194.jpg      398.254076      227.407690      343.591454      299.497049      397.817524      227.942170      397.561394      228.322061
frame00195.jpg      398.224189      227.447158      346.448064      295.730160      397.814883      227.948792      397.561495      228.321921
frame00196.jpg      398.220955      227.451428      346.823113      295.235649      397.718586      228.075909      397.561486      228.321932
frame00197.jpg      398.219173      227.453779      346.784545      295.286569      397.683265      228.122541      397.559847      228.324096
frame00198.jpg      398.197257      227.482715      346.866077      295.179349      397.614146      228.215190      397.550932      228.335861
frame00199.jpg      398.195966      227.484420      346.825170      295.233344      397.588748      228.248707      397.549656      228.337545
frame00200.jpg      398.194072      227.486920      346.811760      295.251058      397.553292      228.295568      397.548675      228.338840
frame00201.jpg      398.188223      227.494641      346.587302      295.547188      397.479160      228.393492      397.543538      228.345620
frame00202.jpg      398.179597      227.506027      346.449096      295.729579      397.406303      228.489913      397.539764      228.350602
frame00203.jpg      398.168465      227.520724      346.145405      296.130275      397.366505      228.543193      397.538576      228.352170
frame00204.jpg      398.167395      227.522136      346.093495      296.198763      397.352152      228.562146      397.537492      228.353601
frame00205.jpg      398.149486      227.545785      346.271982      295.963667      397.362975      228.549691      397.538445      228.352343
frame00206.jpg      398.147384      227.548559      346.238086      296.008429      397.325745      228.598878      397.536615      228.354758
frame00207.jpg      398.145556      227.550972      346.245048      295.999284      397.306454      228.624339      397.534772      228.357191
frame00208.jpg      398.135262      227.564563      347.348898      294.543654      397.206029      228.757358      397.530163      228.363273
frame00209.jpg      398.135203      227.564640      347.331605      294.566465      397.203929      228.760123      397.530103      228.363352
frame00210.jpg      398.134812      227.565157      347.283137      294.630401      397.196080      228.770493      397.529706      228.363876
frame00211.jpg      398.131760      227.569185      347.325583      294.574494      397.148783      228.832902      397.526996      228.367452
frame00212.jpg      398.120539      227.583998      348.806873      292.621077      397.013325      229.012215      397.523713      228.371787
frame00213.jpg      398.113440      227.593369      347.948842      293.752775      396.982358      229.053299      397.519254      228.377671
frame00214.jpg      398.111560      227.595851      347.939158      293.765588      396.954159      229.090511      397.517592      228.379865
frame00215.jpg      398.107540      227.601157      347.809695      293.936380      396.912406      229.145698      397.514842      228.383495
frame00216.jpg      398.102550      227.607744      346.666930      295.443606      396.838081      229.243989      397.510987      228.388584
frame00217.jpg      398.101037      227.609740      346.648316      295.468186      396.809947      229.281082      397.509909      228.390007
frame00218.jpg      398.100736      227.610138      346.607290      295.522299      396.807743      229.284035      397.509605      228.390407
frame00219.jpg      398.099009      227.612418      346.589379      295.546005      396.757741      229.349917      397.507945      228.392598
frame00220.jpg      398.089156      227.625429      348.827978      292.593795      396.648242      229.495392      397.508165      228.392305
frame00221.jpg      398.087908      227.627076      348.687094      292.779628      396.629665      229.519922      397.507069      228.393752
frame00222.jpg      398.087132      227.628101      348.598574      292.896428      396.598082      229.561606      397.506322      228.394738
frame00223.jpg      398.085732      227.629949      349.305738      291.963852      396.541538      229.636251      397.505598      228.395693
frame00224.jpg      398.085598      227.630126      349.597081      291.579665      396.513580      229.673156      397.505473      228.395858
frame00225.jpg      398.085584      227.630144      349.592857      291.585241      396.512080      229.675166      397.505459      228.395877
frame00226.jpg      398.083837      227.632453      348.730098      292.723147      396.399696      229.823621      397.506660      228.394290
frame00227.jpg      398.083163      227.633343      348.452691      293.089111      396.341200      229.900837      397.505987      228.395178
frame00228.jpg      398.080083      227.637409      347.700734      294.080928      396.311963      229.939684      397.505480      228.395848
frame00229.jpg      398.077186      227.641233      346.841169      295.214640      396.270904      229.993926      397.503411      228.398578
frame00230.jpg      398.061416      227.662063      347.828159      293.913102      396.273635      229.992630      397.516389      228.381448
frame00231.jpg      398.060708      227.662998      347.887122      293.835351      396.262940      230.006761      397.515910      228.382081
frame00232.jpg      398.060700      227.663008      347.928176      293.781211      396.260194      230.010386      397.515903      228.382090
frame00233.jpg      398.060833      227.662833      347.947258      293.756070      396.245197      230.030156      397.516038      228.381911
frame00234.jpg      398.060839      227.662825      347.920584      293.791256      396.241766      230.034674      397.516044      228.381903
frame00235.jpg      398.062828      227.660202      346.395054      295.803223      396.183209      230.112022      397.517355      228.380171
frame00236.jpg      398.063566      227.659228      346.280535      295.954301      396.147576      230.159040      397.518202      228.379054
frame00237.jpg      398.063990      227.658667      346.300174      295.928427      396.132322      230.179165      397.518636      228.378481
frame00238.jpg      398.070970      227.649456      348.152907      293.484949      396.045054      230.294047      397.521620      228.374540
frame00239.jpg      398.074448      227.644866      348.162329      293.472532      396.003301      230.348802      397.523522      228.372030
frame00240.jpg      398.075409      227.643597      347.765489      293.995918      395.998104      230.355648      397.524497      228.370743
frame00241.jpg      398.078851      227.639054      346.479615      295.691837      395.963297      230.401632      397.527687      228.366532
frame00242.jpg      398.081612      227.635411      346.362841      295.845854      395.943408      230.428014      397.529393      228.364281
frame00243.jpg      398.086410      227.629078      345.219029      297.354352      395.879989      230.511482      397.530874      228.362324
frame00244.jpg      398.092150      227.621502      347.224922      294.708834      395.810609      230.602728      397.533025      228.359484
frame00245.jpg      398.092937      227.620463      347.167579      294.784480      395.799808      230.616980      397.533825      228.358429
frame00246.jpg      398.094308      227.618654      347.225911      294.707583      395.780464      230.642526      397.535215      228.356594
frame00247.jpg      398.096076      227.616320      348.584936      292.915238      395.769561      230.657071      397.536607      228.354756
frame00248.jpg      398.098480      227.613147      345.861262      296.507419      395.753051      230.678827      397.538766      228.351907
frame00249.jpg      398.106767      227.602211      347.658222      294.137534      395.604877      230.873712      397.544243      228.344677
frame00250.jpg      398.108333      227.600145      347.346020      294.549293      395.638516      230.830053      397.544940      228.343756
frame00251.jpg      398.109324      227.598836      345.930178      296.416640      395.620212      230.854242      397.545932      228.342447
frame00252.jpg      398.109336      227.598820      345.750364      296.653813      395.608088      230.870266      397.545976      228.342389
frame00253.jpg      398.110029      227.597905      346.375852      295.828896      395.590621      230.893298      397.546590      228.341578
frame00254.jpg      398.114223      227.592373      336.499639      308.854207      395.480250      231.039066      397.549625      228.337569
frame00255.jpg      398.126574      227.576073      344.966744      297.686846      395.084943      231.559651      397.541283      228.348565
frame00256.jpg      398.125846      227.577034      344.185961      298.716622      395.038806      231.620459      397.541114      228.348787
frame00257.jpg      398.122744      227.581147      344.378825      298.461882      394.652496      232.132895      397.569959      228.310725
frame00258.jpg      398.122746      227.581146      344.411505      298.418780      394.655556      232.128879      397.569960      228.310723
frame00259.jpg      398.121922      227.582234      344.151827      298.761285      394.668564      232.111826      397.570164      228.310453
frame00260.jpg      398.121745      227.582468      344.177015      298.728068      394.664222      232.117532      397.569985      228.310690
frame00261.jpg      398.120492      227.584122      344.211428      298.682694      394.660286      232.122795      397.568975      228.312023
frame00262.jpg      398.115224      227.591074      343.089432      300.162496      394.581204      232.227290      397.566165      228.315731
frame00263.jpg      398.115016      227.591349      343.383730      299.774405      394.541407      232.279697      397.565975      228.315982
frame00264.jpg      398.115037      227.591321      343.396513      299.757547      394.544618      232.275492      397.565996      228.315954
frame00265.jpg      398.115441      227.590787      343.441815      299.697808      394.511656      232.318833      397.566316      228.315532
frame00266.jpg      398.115447      227.590781      343.417429      299.729973      394.509247      232.322006      397.566321      228.315525
frame00267.jpg      398.115910      227.590169      343.204120      300.011316      394.505568      232.326932      397.566797      228.314896
frame00268.jpg      398.116257      227.589710      343.700868      299.356183      394.487296      232.350953      397.567203      228.314362
frame00269.jpg      398.116581      227.589284      344.078541      298.858098      394.479981      232.360606      397.567542      228.313913
frame00270.jpg      398.116586      227.589277      344.088383      298.845121      394.476238      232.365529      397.567548      228.313906
frame00271.jpg      398.118114      227.587261      344.369603      298.474192      394.487471      232.350920      397.569244      228.311667
frame00272.jpg      398.118681      227.586512      344.154285      298.758179      394.484955      232.354289      397.569839      228.310881
frame00273.jpg      398.118766      227.586401      344.345069      298.506575      394.484595      232.354829      397.569927      228.310766
frame00274.jpg      398.119020      227.586065      344.286033      298.584452      394.482330      232.357882      397.570187      228.310422
frame00275.jpg      398.119473      227.585467      344.403717      298.429248      394.482132      232.358183      397.570672      228.309781
frame00276.jpg      398.119818      227.585012      344.348394      298.502222      394.477466      232.364352      397.571025      228.309316
frame00277.jpg      398.121109      227.583309      344.691051      298.050281      394.436734      232.418081      397.572339      228.307582
frame00278.jpg      398.121478      227.582822      344.687183      298.055387      394.427192      232.430649      397.572763      228.307022
frame00279.jpg      398.121765      227.582442      344.628777      298.132426      394.421653      232.437963      397.573060      228.306630
frame00280.jpg      398.121908      227.582254      344.614237      298.151619      394.401831      232.464110      397.573322      228.306284
frame00281.jpg      398.119950      227.584839      344.470291      298.341337      394.091921      232.873478      397.581749      228.295162
frame00282.jpg      398.120059      227.584696      344.686222      298.056562      393.994803      233.001679      397.583446      228.292923
frame00283.jpg      398.120032      227.584733      345.005668      297.635292      393.930851      233.086067      397.584281      228.291821
