frame ulx uly urx ury lrx lry llx lly
frame00001.jpg      265.000000      119.000000      581.000000      119.000000      581.000000      411.000000      265.000000      411.000000
frame00002.jpg      266.611422      118.781997      582.982473      120.685844      581.224128      412.853412      265.336720      411.318916
frame00003.jpg      267.614896      118.767047      583.730821      122.428020      581.343669      413.424367      265.813939      411.064415
frame00004.jpg      269.433734      118.482897      585.057768      123.270899      582.141913      412.908634      267.245607      410.480270
frame00005.jpg      271.055576      119.012787      586.179947      124.268022      582.443710      413.018862      268.291294      410.994076
frame00006.jpg      271.621060      119.318411      586.357041      125.084201      582.076958      412.570185      268.442547      411.216633
frame00007.jpg      271.521859      119.317614      585.965876      124.927581      581.296845      411.711635      267.890915      411.235845
frame00008.jpg      269.829861      119.723555      584.451886      125.525815      579.260524      413.053489      265.764150      412.818817
frame00009.jpg      267.580652      120.641507      582.511525      126.857857      577.731119      413.634956      263.916084      413.757783
frame00010.jpg      266.209274      120.954701      581.582616      127.490499      576.640251      413.612537      262.796063      414.120597
frame00011.jpg      264.791340      119.981669      580.788644      126.563668      575.769677      412.436265      261.802501      413.962007
frame00012.jpg      263.994697      119.276518      580.494674      125.448500      575.565889      410.639105      261.607150      413.133203
frame00013.jpg      263.575575      118.005636      580.355660      124.665116      574.562291      410.862162      260.597982      413.264728
frame00014.jpg      262.295678      118.092172      579.396125      125.726619      573.119443      411.588902      259.098062      413.689170
frame00015.jpg      261.532413      117.745928      578.635802      126.596329      572.051972      412.020024      257.972470      413.200425
frame00016.jpg      261.447843      116.797152      578.617710      127.014823      571.397604      412.576016      257.412650      413.225623
frame00017.jpg      261.138753      117.324940      578.482632      129.011785      569.907190      414.162513      256.119658      414.327397
frame00018.jpg      260.493035      117.539070      577.906970      131.361726      568.577467      415.181447      255.003683      414.750483
frame00019.jpg      260.880347      116.854821      578.267519      132.019991      568.549961      414.907935      255.171038      414.246096
frame00020.jpg      261.880751      116.297178      579.462543      132.165281      569.015086      414.582520      255.857795      413.981254
frame00021.jpg      262.577850      115.939083      580.480975      132.694057      568.993145      415.116513      255.886332      414.217963
frame00022.jpg      262.688563      115.207288      580.987280      133.024813      568.431378      414.951426      255.183329      413.740598
frame00023.jpg      262.221356      113.797049      581.163655      132.734697      567.801154      414.287835      254.457656      412.640970
frame00024.jpg      262.268420      111.642212      581.724739      131.903884      567.553389      413.576988      254.087688      411.662765
frame00025.jpg      262.475210      110.806335      582.426912      131.631386      567.532665      412.681109      254.204004      411.225865
frame00026.jpg      262.679279      108.967771      583.087782      130.435689      567.393194      411.628499      253.804014      410.378032
frame00027.jpg      262.616441      107.826094      583.840476      130.038796      567.602086      411.570129      253.773470      410.266270
frame00028.jpg      263.460597      107.891901      585.242097      130.736507      568.329854      413.153568      254.141264      411.162765
frame00029.jpg      263.616203      107.665391      586.190973      131.727416      568.308706      413.971994      253.351758      411.153956
frame00030.jpg      263.089620      107.967274      586.556640      132.083044      568.474887      414.991661      253.212568      412.431470
frame00031.jpg      263.096539      108.904637      587.185988      132.962482      568.748238      415.940251      253.264090      413.580922
frame00032.jpg      263.230736      109.666503      587.756881      134.391045      568.661678      417.238597      253.088893      414.516585
frame00033.jpg      263.693787      109.846337      588.447254      135.268655      568.953681      417.203527      253.488211      414.404419
frame00034.jpg      264.717115      109.032963      589.323177      135.004061      569.017838      416.525568      253.687880      413.629030
frame00035.jpg      265.043861      108.420266      589.668600      135.362092      568.374256      416.383808      253.452929      413.986741
frame00036.jpg      265.321305      107.952803      590.024133      135.009179      568.321174      414.507113      254.030047      413.339299
frame00037.jpg      266.374299      106.739726      591.130625      133.715625      568.886908      413.013290      255.126094      412.767637
frame00038.jpg      267.413859      106.491291      592.222809      133.402708      569.442166      412.731319      255.741918      413.276621
frame00039.jpg      267.689880      107.148001      592.869671      133.665309      569.540480      412.704619      255.854350      414.216621
frame00040.jpg      267.603922      107.284448      593.185657      133.164308      569.978447      412.004728      256.067823      414.381915
frame00041.jpg      267.916112      107.079740      594.034132      132.358833      570.954273      411.086489      257.192156      414.389745
frame00042.jpg      269.132085      106.752782      595.359913      131.548517      571.747587      410.680891      258.171647      414.934948
frame00043.jpg      270.041421      107.034910      596.285042      132.091945      571.772080      410.263933      258.611319      415.068850
frame00044.jpg      270.895894      105.812698      596.910277      131.723658      571.382732      409.234899      258.720553      413.904228
frame00045.jpg      271.993113      104.440625      597.445475      131.524973      570.814474      408.388487      258.908676      412.907990
frame00046.jpg      273.130653      103.484429      597.643481      132.234035      569.536346      408.870368      258.512159      412.557315
frame00047.jpg      274.107075      103.189852      597.427606      134.400984      567.985513      410.058668      258.045983      412.666647
frame00048.jpg      275.617658      103.835022      597.815424      137.545209      566.625001      411.226207      257.939158      413.190851
frame00049.jpg      277.448255      104.305126      598.508695      139.839371      565.764627      411.824582      258.555365      413.685797
frame00050.jpg      280.294630      105.513887      599.931205      142.438123      565.576295      412.713057      259.774704      414.197272
frame00051.jpg      282.987526      106.681479      601.523033      144.926597      565.150135      414.664128      260.596972      415.776750
frame00052.jpg      284.997550      109.431025      602.439198      149.344409      564.814567      417.824031      260.984427      418.182104
frame00053.jpg      287.313436      111.520081      603.961113      153.225874      565.245121      420.606855      261.993664      419.507628
frame00054.jpg      289.781502      112.743249      605.601575      156.629471      565.341079      422.925318      262.744751      420.224658
frame00055.jpg      292.385932      113.490994      607.251600      159.507835      565.607604      423.927513      263.514715      419.972826
frame00056.jpg      295.367028      113.438874      609.243115      160.998377      565.821297      424.273863      264.671096      419.915066
frame00057.jpg      297.914495      112.449466      611.164662      161.985862      565.624701      423.592880      265.444362      417.933390
frame00058.jpg      299.931839      110.135621      612.813281      161.266009      566.028307      422.434354      265.938279      416.573378
frame00059.jpg      301.702370      109.120909      614.506991      160.590521      566.713386      421.500408      266.849221      416.054045
frame00060.jpg      302.412346      107.709750      615.904213      159.508322      566.918538      420.465884      266.681331      414.915864
frame00061.jpg      301.913266      106.115070      616.132869      158.041848      566.826319      419.324723      266.206602      414.058664
frame00062.jpg      301.406688      105.193774      616.233086      156.117083      566.790947      417.592199      266.096573      413.662076
frame00063.jpg      300.578583      103.850612      615.768622      154.757416      565.577611      416.312876      264.907574      413.097243
frame00064.jpg      299.631661      103.180467      614.780023      154.316788      564.180055      415.446294      263.418046      412.757881
frame00065.jpg      298.705310      102.218662      613.835359      153.787709      562.649105      414.916953      262.049984      412.665538
frame00066.jpg      297.572787      100.778445      612.582896      153.715032      560.565241      414.375691      259.904480      411.548324
frame00067.jpg      296.663499       99.464713      611.743886      153.683887      559.289308      413.963641      259.073302      410.692344
frame00068.jpg      296.897641       98.657970      611.648272      153.507562      558.540994      413.459946      258.674122      410.232213
frame00069.jpg      297.240418       98.386322      611.250784      153.750102      557.710790      412.937291      258.390310      410.305513
frame00070.jpg      297.934118       98.074351      611.193626      153.594225      556.785561      411.967683      258.437576      409.809967
frame00071.jpg      298.845339       96.701470      610.894920      152.387102      555.552773      409.547517      258.506400      408.537227
frame00072.jpg      299.670730       95.796334      610.681932      151.705645      554.218724      407.342435      258.662495      407.493734
frame00073.jpg      301.274499       94.366589      610.568608      150.703859      553.587857      406.545501      259.046730      406.994213
frame00074.jpg      302.753508       96.740911      610.895328      153.172605      553.227302      409.387537      260.290183      410.543430
frame00075.jpg      304.360395      100.527741      611.179558      156.827173      553.105270      411.893311      260.742676      413.007157
frame00076.jpg      305.388024      103.658598      611.128138      159.751824      553.489670      413.513101      261.611533      415.417303
frame00077.jpg      307.441591      106.093796      612.171182      161.407148      554.822496      414.486048      263.344793      417.701711
frame00078.jpg      308.817840      108.721650      613.218669      163.017978      555.648221      415.667254      264.423903      419.300162
frame00079.jpg      310.345093      110.006255      613.640149      164.135962      555.402033      416.835345      265.038369      420.461321
frame00080.jpg      311.925415      111.987919      613.737202      167.171285      554.174208      419.242993      265.462895      421.982485
frame00081.jpg      313.948016      112.966085      613.292253      170.030495      552.696773      419.909073      265.220752      421.642514
frame00082.jpg      316.142717      112.689423      613.267634      171.557551      551.248124      419.639677      265.603959      420.543862
frame00083.jpg      319.208838      112.897460      613.628983      173.452748      550.117960      420.105557      266.409962      420.470553
frame00084.jpg      322.178560      114.413583      613.841659      176.197738      548.896222      421.071220      267.000575      420.651992
frame00085.jpg      323.910527      114.990297      613.723155      177.697304      548.426223      421.583603      267.285667      420.761082
frame00086.jpg      324.910096      115.663780      614.007224      178.779265      548.894360      421.750199      267.896013      420.911582
frame00087.jpg      325.454954      115.981944      614.596292      178.689707      549.434341      421.386653      268.565439      420.799999
frame00088.jpg      325.993613      115.372553      615.029534      178.154071      549.870015      420.594933      269.096764      419.978241
frame00089.jpg      326.200983      114.236159      615.526949      176.393573      550.563641      419.208578      269.653093      419.297642
frame00090.jpg      326.472782      114.161557      615.319760      175.031255      550.737839      418.248018      270.477688      419.793414
frame00091.jpg      327.038048      115.402607      615.111015      175.361290      550.625800      417.938926      271.318577      420.879390
frame00092.jpg      328.926499      116.451389      614.530935      175.185773      550.227972      415.604150      273.207576      420.798215
frame00093.jpg      331.967088      117.625557      614.613298      173.808901      550.029783      412.237250      276.739742      420.705990
frame00094.jpg      336.448565      119.300012      614.391270      173.451138      549.007757      410.260591      279.626483      421.006960
frame00095.jpg      339.030277      119.983606      612.699442      174.085384      547.301317      408.622652      280.347198      420.241153
frame00096.jpg      340.949132      119.593836      611.069445      173.356844      546.238715      407.435536      281.720917      418.977095
frame00097.jpg      341.813398      118.599093      609.636871      172.294126      544.584997      405.694724      281.923332      417.390391
frame00098.jpg      342.172784      117.624116      607.480689      172.447737      542.254703      405.267629      281.456348      416.636975
frame00099.jpg      342.923955      117.987932      605.623627      173.381637      539.937343      404.608801      281.450898      416.281528
frame00100.jpg      344.621241      118.997999      603.663238      174.307310      536.723689      404.280127      281.141490      416.065604
frame00101.jpg      346.915951      120.533206      601.281811      177.199899      533.456567      405.646625      281.143877      415.999124
frame00102.jpg      349.822135      121.119136      600.081038      181.362155      531.374282      406.877831      282.719107      415.684018
frame00103.jpg      356.111140      123.615572      600.454325      185.232268      531.061615      407.544043      286.288463      415.416630
frame00104.jpg      362.781783      125.518707      601.784748      189.234647      530.652395      409.826074      289.911995      414.841898
frame00105.jpg      368.499796      128.390667      602.719716      194.859822      529.797512      413.212091      292.784371      415.500042
frame00106.jpg      373.662370      131.877024      603.416312      200.302599      530.137696      416.515783      295.886556      416.628432
frame00107.jpg      377.537958      136.485567      603.907967      205.721218      530.274666      421.350552      298.100859      419.391053
frame00108.jpg      378.624769      141.655107      603.489084      211.154164      529.777844      425.703628      299.548757      423.146781
frame00109.jpg      378.792815      147.637281      601.413044      215.809154      530.036134      429.831477      300.208282      426.798132
frame00110.jpg      376.985967      151.116831      599.533343      218.254663      530.436557      432.602046      300.756780      429.374559
frame00111.jpg      373.702942      153.061510      596.403143      219.528497      531.674331      433.798923      299.776425      432.681564
frame00112.jpg      371.015765      155.302360      593.988700      217.235914      533.299896      433.124211      301.078754      434.014965
frame00113.jpg      365.939574      153.804095      591.076577      214.035565      534.568533      431.842157      301.390462      434.934239
frame00114.jpg      360.739205      153.045378      587.867887      209.916205      536.232152      430.281676      302.067004      434.934162
frame00115.jpg      355.718774      152.155591      585.304809      204.817146      538.752999      427.911219      302.856595      435.278397
frame00116.jpg      351.043040      150.558057      583.506240      199.343016      542.001556      425.200317      304.167005      434.110981
frame00117.jpg      346.267254      147.615866      583.040336      194.487927      545.972283      423.297318      303.943542      432.615539
frame00118.jpg      341.837999      146.294094      584.100269      189.187642      551.907209      421.901840      304.747568      431.776586
frame00119.jpg      336.589550      144.102251      585.467490      183.561627      558.333846      420.166733      304.739385      431.574538
frame00120.jpg      330.739741      143.393706      586.894520      178.800869      564.342472      419.773181      303.963859      432.528074
frame00121.jpg      326.009681      144.383332      588.851713      174.784533      570.849645      420.036420      303.654381      434.482075
frame00122.jpg      322.157973      144.471607      591.511085      170.617884      577.163925      420.489200      303.470747      435.499254
frame00123.jpg      319.086541      146.546465      593.922912      168.674558      583.578350      423.103383      303.519051      438.778641
frame00124.jpg      317.360482      148.119237      597.166656      166.631958      589.954986      424.711249      304.195588      439.424739
frame00125.jpg      316.441492      148.101197      600.554503      164.376259      596.155729      426.905491      305.363812      439.887784
frame00126.jpg      317.221073      149.515527      604.719494      163.814007      602.442504      430.027214      307.439790      440.901572
frame00127.jpg      319.508657      150.363105      609.856083      163.812789      608.410945      433.020348      310.094969      441.046090
frame00128.jpg      322.800166      150.618905      615.026155      164.358810      614.117765      436.138551      312.974659      440.799333
frame00129.jpg      326.408418      151.209087      620.502843      165.802724      619.337925      440.440758      315.354023      440.808266
frame00130.jpg      329.383677      151.905976      625.279333      166.696012      624.464550      443.662798      317.060006      440.473762
frame00131.jpg      331.068056      153.552004      629.071741      167.045814      628.895226      447.635042      318.406243      442.286098
frame00132.jpg      332.136089      156.080979      631.953105      168.601053      632.777861      451.866392      319.295879      443.784383
frame00133.jpg      333.687136      157.473786      635.486251      168.057675      637.738149      453.627145      321.226627      444.195548
frame00134.jpg      334.858827      158.736250      638.855007      166.600592      641.243349      456.120842      321.961330      445.577120
frame00135.jpg      334.296465      160.579954      640.018001      166.765024      642.694803      459.371093      320.989536      447.038260
frame00136.jpg      333.128860      161.792024      640.268374      166.454041      643.409772      461.702029      319.677074      447.956899
frame00137.jpg      331.634156      162.660451      639.769265      165.644918      643.361969      463.071400      317.994405      448.313175
frame00138.jpg      329.821831      164.112207      638.194142      164.251766      643.507037      463.163947      316.982508      449.201912
frame00139.jpg      328.248942      165.287005      636.680467      161.471251      643.895471      462.264171      316.465230      450.119946
frame00140.jpg      326.831310      167.173603      635.062876      159.282134      644.161487      461.377484      316.355013      450.900969
frame00141.jpg      325.770619      168.285995      633.607838      156.616651      643.886906      461.162171      315.806702      451.472833
frame00142.jpg      323.825862      169.908267      630.915355      155.348081      641.894059      461.828245      313.646078      452.888460
frame00143.jpg      321.016849      172.120073      627.419740      154.046416      639.587046      462.383115      311.384030      454.021117
frame00144.jpg      318.392893      174.024637      623.874978      152.375171      637.338150      463.518784      309.045614      455.718371
frame00145.jpg      315.300896      175.805848      620.017666      151.385081      633.961137      465.250834      305.970496      457.260767
frame00146.jpg      311.974359      177.494716      615.977609      150.490398      630.556304      466.348213      303.006015      458.239778
frame00147.jpg      309.662164      177.532812      612.719641      147.399676      628.272845      464.538422      301.195198      456.659717
frame00148.jpg      308.252114      175.320859      610.157171      141.960537      626.563562      462.202912      300.030485      454.302106
frame00149.jpg      306.810699      173.959891      607.785983      137.053360      624.853288      459.869891      298.916409      452.820134
frame00150.jpg      304.941263      172.078084      605.029135      131.052323      622.784381      456.093919      297.676231      450.637085
frame00151.jpg      302.975643      169.633364      602.087659      124.463802      621.016816      452.270773      296.763911      448.344827
frame00152.jpg      301.518261      168.219954      599.260079      117.793968      619.675765      449.734954      296.429891      447.953173
frame00153.jpg      299.893751      168.031576      595.706539      112.155501      617.226702      446.787444      295.554676      447.507286
frame00154.jpg      297.992877      168.288004      591.183682      106.247300      614.751432      444.896068      295.204197      448.190357
frame00155.jpg      296.902194      169.476180      587.002235      101.224183      612.497999      443.393818      295.614091      449.401519
frame00156.jpg      296.510995      171.239721      582.435420       96.736398      608.771382      442.869828      295.639522      450.577017
frame00157.jpg      295.698050      173.304635      576.510151       92.935479      603.959110      442.167280      294.890848      452.311664
frame00158.jpg      294.037360      175.965938      570.204447       89.501992      599.120085      441.470648      294.111548      454.451025
frame00159.jpg      292.361978      177.928791      563.816788       86.440038      594.606182      441.214635      293.618364      456.445242
frame00160.jpg      291.217873      180.101307      559.051641       84.843331      592.137612      440.961698      294.013439      458.328890
frame00161.jpg      290.561761      182.042568      555.528424       83.493205      589.950548      440.620435      294.154828      459.729343
frame00162.jpg      289.735557      183.442800      552.232051       82.517338      587.437498      440.117764      293.788227      460.790567
frame00163.jpg      289.014433      184.983872      549.190335       82.069884      585.063635      439.197035      293.205485      461.678181
frame00164.jpg      288.528633      186.056599      546.398864       81.379072      582.979668      437.791400      293.058554      462.006962
frame00165.jpg      288.654602      186.904247      544.375703       80.423209      581.885545      435.866175      293.645534      462.287348
frame00166.jpg      288.756264      188.016747      543.099378       79.644906      581.416618      434.154351      293.967041      462.890630
frame00167.jpg      287.960077      189.234181      541.437033       79.014146      580.208583      432.850507      293.188265      464.243737
frame00168.jpg      286.840743      191.171303      539.271256       79.768139      579.132017      431.857337      292.737175      465.533388
frame00169.jpg      286.176953      192.561346      537.804664       79.973648      579.008016      429.839164      292.806326      466.355378
frame00170.jpg      285.499183      194.624924      536.136228       79.230352      578.671818      426.818221      292.990772      468.146687
frame00171.jpg      284.386849      197.306801      533.539235       78.372480      577.761642      423.010994      292.815132      469.863673
frame00172.jpg      283.520026      200.144233      530.637558       76.875082      576.991205      418.792180      293.144560      471.813259
frame00173.jpg      282.144954      202.767030      527.409943       75.048813      576.198839      412.793761      293.409499      473.170005
frame00174.jpg      279.936664      205.807517      523.547355       72.288204      575.917561      406.005958      293.409470      475.458519
frame00175.jpg      276.957587      209.196441      519.148294       69.149484      575.826209      398.305540      293.328649      478.522823
frame00176.jpg      274.180733      213.976803      514.498696       66.641324      576.358761      389.872321      294.008363      482.118481
frame00177.jpg      271.676935      219.181615      510.315313       64.182420      577.806153      381.112021      295.216737      486.253221
frame00178.jpg      268.960306      225.187289      506.131292       62.207323      578.500191      373.504020      296.066505      491.319762
frame00179.jpg      266.170646      231.629976      500.832500       61.340653      577.599464      365.548455      296.807413      495.263045
frame00180.jpg      263.823613      237.172085      495.045374       59.293964      576.000619      357.413581      297.601947      498.813726
frame00181.jpg      262.148448      242.021632      489.056232       57.760519      574.213776      349.608462      299.246548      500.968567
frame00182.jpg      260.841514      246.972339      483.787600       56.088224      572.241637      342.382762      300.686769      503.740357
frame00183.jpg      257.944456      252.556115      477.569890       55.243888      568.209981      335.690037      299.903229      507.150642
frame00184.jpg      253.506005      258.092759      469.851956       55.415032      562.645330      328.806037      297.749514      510.008242
frame00185.jpg      247.392333      262.659627      460.888289       54.488225      557.016528      320.932356      294.802294      512.438756
frame00186.jpg      240.736081      267.148081      452.285616       53.958881      552.313655      314.094084      291.989120      514.989246
frame00187.jpg      234.096579      270.187934      444.301128       53.586883      547.980204      306.126354      289.137601      515.808447
frame00188.jpg      228.030526      272.871955      437.027195       51.994402      544.480774      298.492958      287.095819      516.281405
frame00189.jpg      222.589740      274.385558      430.701649       50.743170      541.457632      291.763672      285.043973      516.152646
frame00190.jpg      218.025284      276.183482      425.704086       50.121209      539.146799      286.591699      283.713980      516.797123
frame00191.jpg      214.384918      278.928431      421.504716       50.196035      537.668926      282.718741      283.353400      518.519482
frame00192.jpg      210.594046      281.934245      417.773080       51.340381      536.370817      280.585330      282.811631      520.583236
frame00193.jpg      206.180712      284.608885      414.587665       52.822072      535.899760      280.142139      281.923932      523.557830
frame00194.jpg      201.167456      285.967356      412.130293       54.474687      535.653742      281.402061      280.017598      525.067110
frame00195.jpg      194.928424      284.983639      410.221098       54.675156      534.482978      283.223371      275.659110      525.836712
frame00196.jpg      187.266325      282.936646      408.187961       55.068014      532.793036      285.992754      269.883293      526.690488
frame00197.jpg      179.633509      279.748904      407.195295       55.193537      531.880252      290.626107      264.058345      527.706465
frame00198.jpg      172.922883      275.285383      409.133729       57.277725      532.126003      297.527410      258.478358      528.369044
frame00199.jpg      167.807679      268.925895      413.879123       58.576597      534.109267      304.665184      254.296526      527.020735
frame00200.jpg      164.967486      261.302815      421.288218       60.425286      537.142749      312.544163      250.939438      524.979860
frame00201.jpg      164.600500      253.474966      430.606080       63.525969      541.769105      321.754591      249.143776      522.963857
frame00202.jpg      166.442686      244.978604      441.532684       66.434833      547.057289      330.229359      248.701085      519.912803
frame00203.jpg      170.306053      236.846372      452.563942       69.609845      552.593139      339.318754      249.850592      517.637771
frame00204.jpg      175.836675      230.113733      466.325154       75.152913      556.065525      346.712120      252.724169      513.996916
frame00205.jpg      182.097054      222.158583      480.630334       81.049682      552.260488      349.347292      256.177006      509.241847
frame00206.jpg      189.970595      214.962308      491.126746       89.892635      551.058271      353.486949      258.691276      506.259124
frame00207.jpg      197.585376      207.909921      498.815282       97.068081      546.630402      359.838315      260.369146      504.175976
frame00208.jpg      202.147657      201.680746      506.295760      101.616026      543.956553      363.511659      261.324243      500.539470
frame00209.jpg      205.720452      194.852290      512.327996      104.107602      542.808278      365.862613      263.141922      496.157956
frame00210.jpg      208.289737      186.307861      517.824285      103.932077      541.762672      366.635956      264.171681      491.240090
frame00211.jpg      210.880570      179.556615      519.991960      102.893505      542.638966      367.084148      261.326119      488.504333
frame00212.jpg      208.425617      174.911398      519.886483      102.624588      543.694434      367.234212      257.917909      487.879353
frame00213.jpg      206.549789      173.549806      521.518978      100.914597      545.250849      367.958451      254.928211      486.827565
frame00214.jpg      206.168523      171.939994      522.655741       97.843359      548.684844      369.030086      252.135828      484.782846
frame00215.jpg      203.997289      169.540110      524.131567       94.492952      558.894588      372.013282      249.255944      484.119218
frame00216.jpg      203.605743      168.567000      527.241025       89.500846      573.416405      380.188937      246.564659      482.837068
frame00217.jpg      200.651030      165.310966      525.216727       87.137545      570.626285      377.648646      243.561755      480.449961
frame00218.jpg      197.502072      161.973647      522.968221       84.763442      568.164671      375.926357      241.070293      479.294567
frame00219.jpg      195.453569      160.482749      521.620927       83.887252      566.157454      375.009678      239.413563      479.054891
frame00220.jpg      193.690866      157.897473      520.637442       83.044351      564.224533      373.340848      237.915610      476.832472
frame00221.jpg      193.190760      154.767867      520.136773       81.110022      563.795750      371.000893      238.325018      474.675756
frame00222.jpg      194.675750      152.536663      520.946798       79.547760      564.182858      369.212859      239.445643      472.676027
frame00223.jpg      195.481815      149.813172      521.427591       78.981363      562.856271      368.926175      238.454542      471.278364
frame00224.jpg      195.109404      148.713236      520.807675       80.686434      560.726717      370.101672      237.060258      471.189769
frame00225.jpg      195.113612      147.195950      520.332253       83.264607      557.886625      372.487149      234.731915      471.468350
frame00226.jpg      194.901502      146.606151      519.733216       88.308994      554.650941      377.216288      232.178630      472.705198
frame00227.jpg      196.320462      146.307458      520.188192       93.716301      552.908098      381.179291      231.572041      472.470975
frame00228.jpg      199.859258      145.920068      522.458827       99.134372      552.327260      385.445230      232.379938      472.409438
frame00229.jpg      203.950840      144.330841      525.527634      103.885331      551.828021      388.737635      232.703184      470.324621
frame00230.jpg      207.614984      141.222135      528.278391      107.102534      551.132799      391.199596      232.360201      467.620325
frame00231.jpg      210.374549      138.230400      530.638598      110.403463      549.636969      394.606507      230.557407      466.029369
frame00232.jpg      211.476131      134.656827      531.836437      113.767422      547.407135      396.979640      228.013116      463.204147
frame00233.jpg      212.677779      130.771674      533.099889      115.485804      545.903431      398.416094      227.005276      460.864074
frame00234.jpg      214.943131      126.649965      534.866908      116.746800      544.829218      398.839253      226.700167      457.644791
frame00235.jpg      217.937825      123.807894      536.920656      118.215138      544.992836      400.137286      228.138197      456.460910
frame00236.jpg      222.106610      121.277365      539.986721      119.180729      546.202311      399.801570      230.237616      453.606667
frame00237.jpg      226.883473      117.592073      543.787814      119.893176      547.138960      401.209736      231.987132      450.901470
frame00238.jpg      231.599863      113.875674      547.614721      121.670456      548.129360      402.693053      233.696488      448.112369
frame00239.jpg      237.102500      111.500087      551.968923      124.175739      548.843693      406.045749      235.288510      447.326708
frame00240.jpg      241.406205      110.215684      555.100312      129.242923      547.773783      409.853486      235.430360      446.420058
frame00241.jpg      245.836026      109.088341      557.898710      133.233423      548.085857      412.223127      237.608944      445.597718
frame00242.jpg      252.304365      108.545509      561.703424      136.550499      549.119799      413.943391      240.744795      444.113246
frame00243.jpg      257.356078      107.711248      564.602045      139.599332      548.474533      415.912560      241.748338      443.425344
frame00244.jpg      260.484715      108.286797      565.562613      143.336177      547.876453      418.765376      243.045139      444.241310
frame00245.jpg      264.717581      109.271047      567.254742      147.236777      548.185351      420.657260      244.986983      443.352521
frame00246.jpg      269.024503      108.993021      569.002689      150.543287      548.132859      422.485228      246.888975      441.895518
frame00247.jpg      274.192487      107.684885      571.044749      152.952651      548.509986      422.920517      249.824316      439.698465
frame00248.jpg      280.656974      106.820735      573.610646      156.053304      548.180241      425.177893      253.107952      438.682539
frame00249.jpg      287.357420      107.022317      575.817504      161.148731      547.352921      428.192202      255.548202      438.160308
frame00250.jpg      293.558714      108.350929      577.778711      166.855227      546.092974      432.675771      257.655033      439.775169
frame00251.jpg      299.689576      111.887749      580.128013      175.326211      545.753564      439.309575      259.743274      441.768733
frame00252.jpg      305.945054      115.037978      583.437005      182.655100      547.116525      444.697726      262.527504      443.036930
frame00253.jpg      312.374592      117.843615      587.724112      188.753658      549.201093      449.233822      265.932529      444.169189
frame00254.jpg      318.779074      119.944548      592.281205      193.860399      551.089336      452.574311      268.779779      443.877482
frame00255.jpg      324.284557      120.350137      595.884807      197.117703      551.435223      455.274339      270.577760      443.795543
frame00256.jpg      328.346622      120.727188      598.167755      201.298329      550.538060      456.883299      271.204935      441.749642
frame00257.jpg      331.702641      118.340293      599.419550      201.670156      549.471852      455.830591      271.492608      439.145857
frame00258.jpg      333.697457      116.515402      599.447059      202.217423      547.562280      455.730996      270.960045      438.084764
frame00259.jpg      334.827528      115.532565      599.306349      203.127811      545.807439      457.426890      270.409957      438.327771
frame00260.jpg      334.423870      118.065958      597.017140      207.268609      542.334561      461.872580      266.984321      441.788989
frame00261.jpg      332.198782      120.456305      593.600937      211.311469      539.461614      463.838342      264.705644      443.179163
frame00262.jpg      332.408398      120.824182      592.933849      212.078270      538.910418      463.050982      265.231965      442.280001
frame00263.jpg      334.014319      120.078668      592.378113      212.329486      537.894844      462.386455      265.727126      441.443800
frame00264.jpg      334.809766      120.687999      590.944598      213.339165      535.983503      462.758764      265.154863      441.308717
frame00265.jpg      334.352637      121.005808      588.817925      214.462305      534.098578      464.042235      264.848309      442.346294
frame00266.jpg      334.786542      123.722162      587.178026      217.063048      533.048662      466.060254      265.596031      444.720693
frame00267.jpg      336.292456      125.949123      585.593669      219.672487      531.711176      467.372317      266.506145      446.130837
frame00268.jpg      338.074491      128.181971      584.305940      222.331161      530.558336      468.182388      267.937020      446.572148
frame00269.jpg      341.185014      128.865167      583.942674      224.214195      530.346422      468.681384      270.357699      446.346608
frame00270.jpg      345.029380      130.711352      584.090796      226.986092      529.648169      470.770349      272.597863      447.462543
frame00271.jpg      347.990537      132.845346      583.728191      229.930905      529.011908      471.372229      274.037851      446.943043
frame00272.jpg      350.686222      133.079561      583.649630      231.280312      528.728025      472.642376      276.003949      447.307552
frame00273.jpg      352.984695      133.972115      583.272715      233.155058      528.044779      472.847390      277.256323      446.472226
frame00274.jpg      355.011741      133.308493      583.020746      233.254302      527.883986      472.185403      278.808032      445.684900
frame00275.jpg      357.387656      133.197097      583.022139      233.846895      527.818602      472.710803      280.686453      446.294981
frame00276.jpg      360.038903      134.514709      583.460593      234.927936      528.488622      472.365264      282.805934      445.329238
frame00277.jpg      362.830710      133.056852      584.181710      234.588001      529.287279      472.178825      285.414188      444.732473
frame00278.jpg      365.892461      133.759643      584.477829      236.079370      528.798871      473.208934      287.093012      445.463751
frame00279.jpg      368.561358      134.723167      584.551378      237.641182      528.014668      474.752437      288.770562      446.866185
frame00280.jpg      371.339531      137.190868      584.715910      241.235882      527.715110      477.069613      290.056885      448.119539
frame00281.jpg      374.133583      138.932834      585.533018      243.836346      528.063739      479.266372      291.613362      449.567671
frame00282.jpg      376.246795      141.051215      586.483239      246.153562      528.702064      481.292492      292.810883      450.807226
frame00283.jpg      377.733692      142.769594      586.458379      248.168555      528.903866      483.312090      293.972725      452.910673
frame00284.jpg      379.881866      144.977986      586.765023      250.995866      529.122279      485.103839      295.673425      454.373415
frame00285.jpg      383.333328      146.231120      586.805088      252.360000      529.393971      485.289250      298.521246      454.445553
frame00286.jpg      387.809389      147.598410      586.405805      253.187461      529.719741      485.417142      301.644073      455.384254
frame00287.jpg      391.688236      148.456233      586.926316      254.950441      529.518094      486.595101      303.816353      455.258518
frame00288.jpg      394.679500      149.836659      586.254918      256.311357      529.548043      488.010533      306.446140      455.741017
frame00289.jpg      397.599428      151.152429      584.208872      257.025007      529.512348      488.405354      309.994845      456.956811
frame00290.jpg      400.172153      152.648356      582.126930      257.294508      528.168321      488.850167      313.711804      457.932123
frame00291.jpg      401.400389      156.811337      580.364726      256.467488      526.725253      488.764776      317.667178      460.147372
frame00292.jpg      401.085868      160.457920      579.251347      255.216102      526.218245      488.900743      321.502897      460.718158
frame00293.jpg      401.776908      170.979674      572.637084      254.099983      523.997161      488.425575      325.726528      463.834148
frame00294.jpg      404.998133      179.625429      558.187240      255.464952      516.523538      484.047966      329.287171      468.777889
frame00295.jpg      405.515206      188.860026      544.093713      255.310917      507.847179      481.325246      333.415715      470.216935
frame00296.jpg      396.798479      197.778530      534.993987      250.092322      503.843336      475.230681      337.085009      468.523965
frame00297.jpg      387.094189      211.953093      528.140567      244.281417      499.925019      467.348069      341.766393      463.107620
frame00298.jpg      386.164810      215.452878      527.298003      243.212025      499.419843      466.138338      342.604205      462.474167
frame00299.jpg      385.852054      216.331839      526.979323      242.959077      499.193434      465.632043      342.808988      462.313081
frame00300.jpg      383.947248      220.169544      525.770329      240.754088      497.573769      462.693550      344.634371      461.274171
frame00301.jpg      383.299828      221.191367      525.616948      239.790548      497.091550      461.839640      345.249478      460.948284
frame00302.jpg      383.020349      221.343806      525.552194      239.425954      496.874586      461.436640      345.435141      460.794373
frame00303.jpg      382.860286      221.368549      525.520760      239.240300      496.756242      461.229125      345.499974      460.735917
frame00304.jpg      380.091516      223.971628      524.814721      237.057057      495.927952      458.615692      346.466777      459.696176
frame00305.jpg      377.436715      229.473889      522.498002      236.114665      494.811966      454.103389      346.421033      461.462691
frame00306.jpg      375.409063      230.776672      521.511994      235.634531      493.957954      451.383154      346.329143      462.311370
frame00307.jpg      359.109970      232.638691      512.555519      236.539967      490.198573      436.089918      344.943946      468.251833
frame00308.jpg      337.599072      238.639277      506.332647      237.360594      489.391068      423.299368      344.013309      467.154620
frame00309.jpg      321.937866      254.269242      505.325491      236.229740      487.789456      412.275518      338.677746      464.737769
frame00310.jpg      314.902776      259.466233      505.459491      234.102631      486.496143      408.868830      338.352276      464.523793
frame00311.jpg      295.212172      267.861913      506.199528      228.986134      484.390880      402.768329      339.207699      463.646255
frame00312.jpg      291.828274      270.969431      505.896058      228.649300      484.235804      401.612766      338.963954      463.714431
frame00313.jpg      288.222166      273.621580      505.324648      228.255088      484.101430      400.801282      338.653836      463.862948
frame00314.jpg      286.174757      274.653987      505.040170      227.982784      483.977206      400.439812      338.622393      463.837943
frame00315.jpg      263.615629      294.697243      498.970158      222.957463      480.982161      395.676921      339.990635      462.947278
frame00316.jpg      247.768892      316.708851      485.138494      224.508790      475.164443      392.580517      343.592912      461.657750
frame00317.jpg      243.811678      339.126948      467.428817      236.521335      469.767019      389.980626      344.508821      461.721234
frame00318.jpg      241.439559      354.878482      457.686669      245.396881      466.457911      388.131802      345.508825      461.162769
frame00319.jpg      244.437195      377.947869      445.199263      258.909025      463.917236      384.721958      348.612397      459.017356
frame00320.jpg      251.542284      395.725921      433.041574      272.499648      461.749732      381.541535      350.279330      457.242649
frame00321.jpg      256.072614      410.209848      420.362692      289.987449      457.271745      379.832131      350.568972      455.828310
frame00322.jpg      262.425574      421.299152      406.087258      308.169673      453.793362      377.852769      352.657926      455.533595
frame00323.jpg      269.689452      431.013665      397.509879      317.492100      449.305531      377.116482      354.283056      453.967206
frame00324.jpg      274.559132      432.342207      394.240849      321.983117      447.314540      377.226615      354.626433      453.901363
frame00325.jpg      275.021836      432.458495      393.978054      322.429634      447.170075      377.199504      354.654536      453.907714
frame00326.jpg      275.023292      432.466475      393.967433      322.450212      447.152285      377.202734      354.652986      453.912035
frame00327.jpg      275.245718      432.529462      393.820374      322.688432      447.052808      377.209359      354.668253      453.923907
frame00328.jpg      276.543260      432.845745      392.980725      323.937227      446.517331      377.250941      354.812259      453.925689
frame00329.jpg      277.737862      433.223376      392.230816      325.063992      445.953543      377.317435      354.981259      453.909572
frame00330.jpg      284.846953      436.715097      386.238492      333.741881      442.077005      377.130582      356.373216      453.677365
frame00331.jpg      288.916132      439.224613      381.981174      338.211118      438.045056      377.688736      357.232676      453.807120
frame00332.jpg      292.273706      441.497053      377.055042      340.167902      433.464751      377.899452      359.099356      452.971557
frame00333.jpg      294.422698      443.508944      374.799727      339.931566      429.530736      378.356585      360.337334      452.251419
frame00334.jpg      294.436618      443.540270      374.787055      339.930940      429.467041      378.366909      360.348147      452.258680
frame00335.jpg      294.788845      444.516040      375.179244      339.101042      427.994862      378.698926      360.675090      452.345126
frame00336.jpg      294.957037      444.640622      375.186969      338.927525      427.706009      378.779755      360.734170      452.351455
frame00337.jpg      295.194913      444.783312      375.315559      338.633030      427.331849      378.899487      360.734828      452.398874
frame00338.jpg      296.836403      445.529658      376.428721      336.609738      425.110435      379.709874      360.541251      452.728147
frame00339.jpg      297.034738      445.722881      376.605864      336.263375      424.700388      379.840576      360.522145      452.775519
frame00340.jpg      302.008814      448.306460      378.198613      328.186697      418.416094      381.925249      361.553799      452.904939
frame00341.jpg      302.146655      448.504200      378.284612      327.432624      417.948478      382.120637      361.611607      452.872998
frame00342.jpg      302.128757      448.532280      378.266723      327.398042      417.881492      382.154297      361.611584      452.878949
frame00343.jpg      302.119932      448.540143      378.259208      327.391828      417.864181      382.163106      361.611438      452.879769
frame00344.jpg      302.131473      448.564426      378.245017      327.395655      417.805128      382.183230      361.608379      452.888352
frame00345.jpg      302.158156      448.590789      378.242833      327.446631      417.750784      382.194716      361.591668      452.914463
frame00346.jpg      302.196743      448.611320      378.258422      327.499099      417.706809      382.194675      361.564212      452.948426
frame00347.jpg      302.217362      448.643843      378.282295      327.520647      417.657751      382.193179      361.533047      452.982752
frame00348.jpg      303.059170      448.467885      378.450317      327.288696      417.475347      381.992341      361.370678      453.088530
frame00349.jpg      305.386734      448.085448      379.365911      324.709864      416.786650      381.620026      360.957103      453.269690
frame00350.jpg      305.385297      448.093104      379.370871      324.696114      416.773248      381.621676      360.952704      453.272419
frame00351.jpg      305.399823      448.125639      379.398752      324.640539      416.722813      381.615024      360.939673      453.288493
frame00352.jpg      305.397077      448.135639      379.404071      324.627046      416.710724      381.613537      360.935976      453.290998
frame00353.jpg      305.379847      448.188081      379.426820      324.570365      416.670233      381.595491      360.928042      453.303683
frame00354.jpg      305.378457      448.233408      379.452342      324.525945      416.635859      381.570059      360.922213      453.311008
frame00355.jpg      305.375877      448.278576      379.485529      324.458751      416.607427      381.535912      360.910764      453.319639
frame00356.jpg      305.376978      448.320998      379.516654      324.390382      416.576443      381.501820      360.898542      453.327548
frame00357.jpg      305.383644      448.361683      379.546600      324.325681      416.545625      381.467525      360.886266      453.336042
frame00358.jpg      305.388052      448.401402      379.577009      324.260397      416.507088      381.439519      360.875414      453.342244
frame00359.jpg      305.400687      448.438835      379.599901      324.217880      416.478760      381.406380      360.859591      453.357269
frame00360.jpg      305.411583      448.470495      379.625481      324.162518      416.443405      381.380798      360.848426      453.364429
frame00361.jpg      305.417214      448.515123      379.633030      324.125330      416.421132      381.343716      360.845131      453.369214
frame00362.jpg      305.429222      448.554816      379.643793      324.089114      416.386977      381.319597      360.840203      453.382652
frame00363.jpg      305.057761      448.612938      381.714818      320.876191      414.199991      381.322986      360.638208      454.921300
frame00364.jpg      304.239289      449.073267      384.418613      314.539124      412.715845      380.393532      360.040147      457.089486
frame00365.jpg      304.227726      449.115612      384.423429      314.619161      412.698148      380.368614      360.031854      457.113692
frame00366.jpg      304.587631      448.842145      384.702503      315.470194      412.457776      379.940226      359.754557      457.808989
frame00367.jpg      310.660609      447.327700      384.943146      327.495781      411.557700      372.320930      354.861924      469.235589
frame00368.jpg      315.016142      446.678830      384.840681      333.813934      409.384552      366.312653      349.975729      481.959042
frame00369.jpg      318.382235      448.704964      384.835376      336.632238      406.771139      362.420446      344.750438      492.333638
frame00370.jpg      317.076300      456.342949      384.959874      338.601469      404.132206      358.992618      340.787619      501.031210
frame00371.jpg      315.925004      460.493646      384.689493      340.347528      402.861481      358.506593      338.171167      506.819173
frame00372.jpg      315.335956      467.597506      384.278121      343.123520      401.039923      356.921717      334.719069      513.085316
frame00373.jpg      315.440690      469.019712      384.204578      343.519263      400.721337      356.674635      334.093189      513.892784
frame00374.jpg      317.262266      475.327986      382.827820      346.432853      399.627496      354.880393      334.774976      510.979384
frame00375.jpg      317.829352      476.215410      382.469874      347.186412      399.324338      354.578320      334.822941      511.425412
frame00376.jpg      318.009398      477.926066      382.029994      348.156074      399.102486      354.110185      335.101909      511.330192
frame00377.jpg      318.747735      484.308608      379.931904      353.030417      397.576684      353.506547      335.964115      510.734845
frame00378.jpg      320.312136      485.912376      378.407932      357.071143      395.796282      355.021336      334.292229      516.760679
frame00379.jpg      320.542987      486.068976      378.411603      357.076956      395.297576      355.684026      334.239855      517.055363
frame00380.jpg      320.532930      486.117457      378.411161      357.075287      395.259037      355.741814      334.229623      517.092745
frame00381.jpg      321.946243      484.622064      377.830444      358.542884      394.718747      356.431247      334.027074      517.929989
frame00382.jpg      321.941588      484.655058      377.818045      358.570801      394.689058      356.472875      334.041114      517.897826
frame00383.jpg      321.933368      484.675322      377.817054      358.574250      394.679120      356.487426      334.034556      517.912361
frame00384.jpg      322.165822      485.092182      377.400970      359.734009      394.178605      357.206015      333.484319      519.090700
frame00385.jpg      321.336344      488.101273      377.092382      360.982142      393.046464      358.610778      332.143728      522.823568
frame00386.jpg      321.057326      489.583451      376.868552      361.729866      392.411040      359.387998      331.731251      523.827647
frame00387.jpg      319.706393      498.963643      374.841275      367.537048      390.410574      360.028388      326.746365      540.245210
frame00388.jpg      317.183215      511.920461      375.499424      365.378000      389.658461      358.184191      328.573482      533.800004
frame00389.jpg      313.714879      527.252688      376.777377      361.310382      389.886472      354.454190      330.438163      525.686152
frame00390.jpg      318.113583      522.622431      379.248572      354.237587      390.543230      350.624572      326.465361      534.663956
frame00391.jpg      320.139629      520.467429      380.127169      350.983755      390.271291      350.206915      329.059152      526.481177
frame00392.jpg      322.570358      515.212874      380.031860      350.955193      390.103359      350.219599      330.285119      522.823539
frame00393.jpg      324.462688      511.504023      379.306750      353.196113      389.578920      350.558524      330.676293      522.022333
frame00394.jpg      325.166190      510.157564      379.360521      352.988941      389.178615      351.080443      331.155756      520.710661
frame00395.jpg      326.785399      506.950638      378.246009      356.045397      387.520546      354.888796      332.699197      516.246092
frame00396.jpg      327.589322      505.544747      378.165040      356.110087      387.348589      355.105436      333.299757      514.254223
frame00397.jpg      328.611058      503.735618      377.774075      357.125720      387.410296      354.738667      333.706226      512.689672
frame00398.jpg      329.324642      502.726392      377.178678      358.933493      387.277722      354.828984      333.780280      512.191238
frame00399.jpg      331.819855      497.291401      376.776430      360.018222      386.019636      357.723898      333.078931      513.897859
frame00400.jpg      333.272194      493.809801      377.255492      358.397983      385.993543      357.461465      332.831062      514.681062
frame00401.jpg      333.891250      492.414839      377.586195      357.278865      386.283653      356.340119      332.431416      516.072312
frame00402.jpg      334.187235      491.852460      377.928412      356.104551      386.604402      355.177643      332.370211      516.321293
frame00403.jpg      334.357438      491.501629      378.005901      355.838276      386.797394      354.523820      332.381035      516.297271
frame00404.jpg      335.147026      489.983099      378.761156      353.034832      387.064810      353.157940      332.928246      514.547464
frame00405.jpg      335.234896      489.798919      378.857657      352.675936      386.975116      353.349849      333.013473      514.274113
frame00406.jpg      335.334967      491.005229      379.161052      350.263196      386.012439      354.743797      335.432408      506.693978
frame00407.jpg      335.387132      491.043354      379.144186      350.194212      386.176156      354.109436      335.613224      506.140746
frame00408.jpg      334.835128      494.990935      377.417701      354.914396      388.698023      345.025824      337.370610      500.375444
frame00409.jpg      334.996524      494.848419      377.246406      355.419638      389.089538      343.678022      337.495829      499.867836
frame00410.jpg      336.050740      493.911961      375.787075      360.034514      393.300181      329.986796      338.038503      497.459387
frame00411.jpg      336.559504      492.828816      375.661254      360.450829      394.625823      325.754421      338.097766      497.124770
frame00412.jpg      337.204831      491.633162      375.172147      362.007703      397.302306      317.217964      338.430276      495.849081
frame00413.jpg      337.948436      490.446724      379.634346      345.426240      399.898503      308.559888      339.105694      493.312662
frame00414.jpg      337.951974      490.829897      380.952219      340.225383      400.960228      304.646393      339.299487      492.644834
frame00415.jpg      337.943384      490.980233      381.602647      337.809245      401.732084      302.097416      339.346473      492.478896
frame00416.jpg      338.212553      490.337314      382.468126      334.617145      403.175840      297.456040      339.432198      492.212451
frame00417.jpg      338.330551      490.017333      382.548030      334.352677      403.552447      296.265415      339.427458      492.226171
frame00418.jpg      338.609415      489.421394      384.302490      328.143754      405.853252      288.849515      339.407154      492.283971
frame00419.jpg      338.631102      489.494898      384.726782      326.804727      407.950087      282.284041      339.378009      492.384279
frame00420.jpg      338.575385      489.748231      385.440705      324.229601      408.157571      281.580765      339.395605      492.313638
frame00421.jpg      338.513413      490.057009      386.678374      320.007950      408.650608      279.716495      339.376047      492.402742
frame00422.jpg      338.731135      489.504531      387.390180      317.463909      410.548656      273.724188      339.364004      492.427409
frame00423.jpg      338.648160      489.838271      387.760737      316.170720      409.327721      277.287883      339.355073      492.448948
frame00424.jpg      338.647919      489.839589      387.752322      316.200903      409.325297      277.293425      339.354848      492.449951
frame00425.jpg      338.318681      491.146935      388.139428      314.817390      409.578318      276.035102      339.221326      492.850952
frame00426.jpg      337.843612      493.101946      386.113286      322.106297      415.374862      257.323996      338.871513      493.937643
frame00427.jpg      337.495368      494.631291      385.449783      323.810209      415.375057      256.493207      338.622253      494.727579
frame00428.jpg      337.546681      494.698419      386.036448      320.820356      413.530887      261.642797      338.542842      494.971168
frame00429.jpg      337.457646      495.046508      387.695828      314.554831      412.857902      263.285321      338.462133      495.267974
frame00430.jpg      337.090238      496.356349      390.147246      305.367466      409.797241      271.553051      338.265797      495.987913
frame00431.jpg      336.947302      496.869183      389.117307      309.081214      409.376354      272.323075      338.179940      496.298170
frame00432.jpg      335.951922      500.375688      385.070995      323.761239      412.288112      260.527451      337.914007      497.285603
frame00433.jpg      334.650945      505.018233      377.274873      352.093595      408.329707      271.005818      337.533712      498.627404
frame00434.jpg      333.226958      510.218020      367.146654      388.826330      405.287844      278.824219      337.391507      499.184666
frame00435.jpg      333.031746      511.017566      365.452306      395.043879      403.467774      284.419401      337.313617      499.445920
frame00436.jpg      332.076633      514.533887      357.648973      423.459455      392.002365      320.558115      337.497125      498.959290
frame00437.jpg      331.354664      517.188781      351.719208      445.067263      380.506986      357.372149      337.955532      497.598523
frame00438.jpg      330.986775      518.653067      349.026436      455.284715      371.439897      386.663720      338.389585      496.269356
frame00439.jpg      331.260156      518.034859      347.194562      461.793467      366.198549      403.725192      338.348170      496.500365
frame00440.jpg      330.150589      521.892761      346.267218      465.237287      361.257908      419.758035      338.922283      494.718929
frame00441.jpg      328.082131      528.845287      345.750436      466.893988      357.662554      431.499294      339.663720      492.333217
frame00442.jpg      327.849042      529.842682      345.186294      468.870337      355.871350      437.332255      340.149325      490.739613
frame00443.jpg      329.998683      522.997632      344.724225      470.803026      354.533017      441.698553      340.505888      489.597475
frame00444.jpg      333.262275      512.412549      344.236887      472.769643      353.664641      444.498378      340.639840      489.198739
frame00445.jpg      334.945277      506.989197      343.294504      476.231035      353.510457      444.922589      340.647244      489.212756
frame00446.jpg      335.345042      505.708749      343.021815      477.222845      353.471725      445.028763      340.631954      489.266229
frame00447.jpg      335.867835      504.131829      341.852993      481.355565      352.068026      449.690491      340.648976      489.209337
frame00448.jpg      335.873832      504.114503      341.836266      481.416429      352.046368      449.762038      340.649553      489.207569
frame00449.jpg      335.879481      504.098164      341.822538      481.466544      352.022548      449.841071      340.650521      489.204528
frame00450.jpg      335.938078      503.969177      341.745555      481.789848      351.176434      452.670184      340.684472      489.099756
frame00451.jpg      335.942817      503.956106      341.748341      481.781554      351.155081      452.739522      340.685707      489.095974
frame00452.jpg      335.962800      503.892487      341.753044      481.768990      351.152440      452.743376      340.685447      489.097435
frame00453.jpg      335.971472      503.866434      341.756283      481.755228      351.137494      452.789247      340.686346      489.094560
frame00454.jpg      335.970202      503.874049      341.765577      481.720580      351.114154      452.863923      340.689453      489.084529
frame00455.jpg      335.972632      503.870009      341.753114      481.769449      351.096147      452.921993      340.693064      489.073195
frame00456.jpg      335.981361      503.843929      341.742786      481.805459      351.084327      452.959819      340.694100      489.069803
frame00457.jpg      335.988000      503.825651      341.745362      481.798124      351.061658      453.032756      340.696043      489.063907
frame00458.jpg      336.134676      503.454891      342.093391      480.618970      350.144673      456.111682      340.690701      489.093555
frame00459.jpg      336.142938      503.431644      342.086417      480.648006      350.138223      456.131924      340.690742      489.093869
frame00460.jpg      336.152456      503.404520      342.074113      480.692839      350.135864      456.138494      340.689866      489.097245
frame00461.jpg      335.727902      505.094128      340.910594      484.940892      348.675318      461.091051      340.835734      488.615912
frame00462.jpg      335.724715      505.109208      340.886708      485.030242      348.668176      461.114673      340.838005      488.608523
frame00463.jpg      335.727882      505.102527      340.868623      485.098100      348.659429      461.144362      340.836513      488.614028
frame00464.jpg      335.748549      505.036862      340.853534      485.159937      348.654293      461.160274      340.833500      488.625063
frame00465.jpg      336.693923      501.921467      340.379409      486.795807      348.979280      459.987200      340.647999      489.252983
frame00466.jpg      336.713141      501.859011      340.398337      486.732060      348.973734      460.001656      340.648663      489.250872
frame00467.jpg      335.964659      504.579145      340.950116      484.925329      346.839104      467.252417      341.045071      487.908049
frame00468.jpg      334.248455      510.729693      339.265442      491.176942      346.057689      469.932321      341.369418      486.800525
frame00469.jpg      332.909370      515.594375      335.756988      503.223635      345.946604      470.299084      341.716044      485.617158
frame00470.jpg      332.907368      515.604676      335.734930      503.304641      345.942273      470.313880      341.719777      485.604767
frame00471.jpg      332.918222      515.568493      335.755335      503.241847      345.938305      470.327574      341.718404      485.610021
frame00472.jpg      333.128934      514.866660      335.887182      502.805980      345.861114      470.590900      341.703647      485.662363
frame00473.jpg      333.147824      514.804301      335.881158      502.824500      345.850843      470.625528      341.703872      485.661815
frame00474.jpg      333.161836      514.758927      335.873184      502.850472      345.839773      470.663153      341.704792      485.658835
frame00475.jpg      333.178021      514.705860      335.870591      502.856772      345.827557      470.704923      341.703877      485.662143
frame00476.jpg      333.190027      514.667091      335.854825      502.907175      345.816681      470.741954      341.704413      485.660482
frame00477.jpg      333.208427      514.606434      335.840528      502.955591      345.811299      470.759085      341.704465      485.660574
frame00478.jpg      333.231530      514.529398      335.836820      502.971499      345.805428      470.777715      341.706374      485.654169
frame00479.jpg      333.915672      512.224199      336.102321      502.156201      345.760343      470.893411      341.709057      485.649022
frame00480.jpg      333.922225      512.203506      336.104130      502.149069      345.749824      470.929421      341.708788      485.649978
frame00481.jpg      333.939270      512.147267      336.114945      502.108591      345.741282      470.957957      341.704269      485.665602
frame00482.jpg      333.956671      512.089347      336.114595      502.107671      345.729995      470.996848      341.706299      485.658811
frame00483.jpg      335.818208      505.747536      334.013391      508.561758      345.592451      471.500550      341.220537      487.340577
frame00484.jpg      335.836508      505.685616      333.997957      508.606851      345.590559      471.507719      341.213733      487.364391
frame00485.jpg      335.841044      505.671421      333.978842      508.674732      345.579525      471.546048      341.215622      487.358345
frame00486.jpg      335.924025      505.396448      333.751976      509.396817      345.524071      471.726209      341.225596      487.325895
frame00487.jpg      335.923354      505.400935      333.691800      509.575190      345.506436      471.784979      341.227243      487.320471
frame00488.jpg      335.636678      506.474215      329.653280      521.985421      345.008242      473.466461      341.239944      487.273977
frame00489.jpg      336.036803      505.182652      304.400291      598.335719      344.521413      475.112834      341.274048      487.149954
frame00490.jpg      336.894131      502.252242      303.783802      601.089784      344.427578      475.409709      341.264073      487.189690
frame00491.jpg      336.894177      502.252093      303.799305      601.043110      344.427404      475.410333      341.264087      487.189648
frame00492.jpg      337.428973      500.432961      307.745593      589.972324      344.354920      475.652755      341.275721      487.147925
frame00493.jpg      337.917031      498.771538      312.787852      575.273016      344.258141      475.983032      341.280037      487.132152
frame00494.jpg      338.089347      498.183217      313.629731      572.898303      344.217720      476.120463      341.280063      487.131786
frame00495.jpg      338.453520      496.938365      319.659982      554.516824      344.123967      476.432573      341.282518      487.123256
frame00496.jpg      339.344420      493.863890      334.626713      508.099362      344.160064      476.227000      341.257843      487.214508
frame00497.jpg      339.394612      493.694475      335.097821      506.662180      344.052009      476.617075      341.264882      487.191139
frame00498.jpg      339.398139      493.682676      335.094704      506.674564      344.041445      476.655193      341.265017      487.190747
frame00499.jpg      339.402005      493.669667      335.089269      506.693177      344.031664      476.690146      341.265108      487.190507
frame00500.jpg      339.405250      493.658823      335.081135      506.719963      344.021367      476.726903      341.265157      487.190410
frame00501.jpg      339.408410      493.648267      335.071811      506.750208      344.011174      476.763271      341.265171      487.190435
frame00502.jpg      339.411484      493.638020      335.061348      506.784035      344.000709      476.800533      341.265232      487.190295
frame00503.jpg      339.414476      493.628044      335.047468      506.828227      343.990347      476.837375      341.265275      487.190217
frame00504.jpg      339.417309      493.618612      335.027620      506.890985      343.980119      476.873896      341.265292      487.190228
frame00505.jpg      339.419822      493.610276      335.006213      506.958625      343.969206      476.912965      341.265132      487.190857
frame00506.jpg      339.422376      493.601800      334.984307      507.027609      343.958279      476.952129      341.265025      487.191314
frame00507.jpg      339.425053      493.592907      334.977743      507.048722      343.947844      476.989432      341.265061      487.191272
frame00508.jpg      339.429588      493.577509      334.989458      507.013193      343.941428      477.011490      341.265141      487.191055
frame00509.jpg      339.432151      493.569119      335.005269      506.966352      343.930598      477.050110      341.265768      487.188922
frame00510.jpg      339.436459      493.554493      335.025909      506.902354      343.922367      477.079148      341.265904      487.188551
frame00511.jpg      339.440164      493.541970      335.030631      506.887709      343.913650      477.109471      341.265934      487.188522
frame00512.jpg      339.443927      493.529254      335.035804      506.871931      343.904894      477.140115      341.265956      487.188523
frame00513.jpg      339.447884      493.515885      335.042233      506.852919      343.896312      477.170148      341.266126      487.187999
frame00514.jpg      339.452511      493.499937      335.051982      506.819356      343.892322      477.182032      341.265760      487.189414
frame00515.jpg      339.597947      493.000937      336.056467      503.647921      343.742144      477.666400      341.261070      487.208145
frame00516.jpg      339.844238      492.151343      337.384441      499.488186      343.678261      477.795919      341.258681      487.218502
frame00517.jpg      339.849359      492.133766      337.406680      499.418684      343.674007      477.808733      341.258852      487.217970
frame00518.jpg      339.852277      492.123900      337.414494      499.394401      343.664325      477.842965      341.259100      487.217186
frame00519.jpg      339.857604      492.105824      337.431919      499.343036      343.658429      477.864770      341.259797      487.214718
frame00520.jpg      339.860905      492.094868      337.435717      499.334276      343.646333      477.909768      341.260544      487.212093
frame00521.jpg      339.864707      492.081895      337.449109      499.292621      343.638027      477.938424      341.260637      487.211847
frame00522.jpg      339.867686      492.071880      337.452340      499.283647      343.627843      477.975172      341.260903      487.210976
frame00523.jpg      339.871099      492.060373      337.464065      499.248983      343.618592      478.009270      341.261208      487.209972
frame00524.jpg      339.874719      492.048166      337.475314      499.215983      343.609606      478.042378      341.261634      487.208530
frame00525.jpg      339.878299      492.036037      337.486032      499.183803      343.600951      478.073839      341.261727      487.208263
frame00526.jpg      339.883265      492.019032      337.507225      499.118557      343.594613      478.096393      341.261887      487.207769
frame00527.jpg      339.886643      492.007639      337.515011      499.096024      343.585401      478.130374      341.262159      487.206880
frame00528.jpg      339.890624      491.994173      337.525849      499.064270      343.577204      478.160512      341.262500      487.205713
frame00529.jpg      339.894452      491.981219      337.537910      499.028444      343.568619      478.192000      341.262882      487.204419
frame00530.jpg      339.898221      491.968457      337.549574      498.993730      343.559941      478.223922      341.263166      487.203481
frame00531.jpg      339.901980      491.955721      337.556969      498.971970      343.550855      478.256987      341.263351      487.202880
frame00532.jpg      339.904666      491.946737      337.556269      498.975132      343.539749      478.297149      341.263531      487.202291
frame00533.jpg      339.906145      491.941900      337.548843      498.998258      343.526589      478.344591      341.263594      487.202152
frame00534.jpg      339.907322      491.938048      337.538549      499.029463      343.514541      478.387269      341.263485      487.202632
frame00535.jpg      339.908992      491.932514      337.527257      499.064253      343.503287      478.427055      341.263357      487.203153
frame00536.jpg      339.910355      491.928071      337.517660      499.094170      343.491202      478.470414      341.263357      487.203229
frame00537.jpg      339.911709      491.923633      337.515313      499.100803      343.477642      478.519442      341.263432      487.203069
frame00538.jpg      339.914255      491.914978      337.517981      499.091429      343.468878      478.549968      341.263315      487.203582
frame00539.jpg      339.917110      491.905249      337.516811      499.094463      343.461185      478.576037      341.263060      487.204556
frame00540.jpg      339.919503      491.897225      337.509724      499.116828      343.452313      478.606507      341.262999      487.204822
frame00541.jpg      339.921202      491.891657      337.499022      499.150700      343.441286      478.645286      341.263046      487.204715
frame00542.jpg      339.921988      491.889242      337.480446      499.208669      343.426068      478.700644      341.263086      487.204657
frame00543.jpg      339.922738      491.886932      337.464879      499.256320      343.409226      478.762452      341.263239      487.204210
frame00544.jpg      339.923442      491.884722      337.453983      499.288764      343.394605      478.815461      341.263137      487.204661
frame00545.jpg      339.924328      491.881894      337.447100      499.309113      343.382778      478.857511      341.263154      487.204691
frame00546.jpg      339.926040      491.876194      337.442140      499.324084      343.373956      478.887710      341.263101      487.204971
frame00547.jpg      339.927772      491.870449      337.433629      499.350443      343.361631      478.931953      341.263037      487.205287
frame00548.jpg      339.929136      491.865990      337.425879      499.374059      343.347313      478.983886      341.263058      487.205301
frame00549.jpg      339.930883      491.860183      337.421196      499.388221      343.336831      479.021174      341.263068      487.205350
frame00550.jpg      339.932803      491.853765      337.416924      499.401181      343.326729      479.057038      341.263052      487.205502
frame00551.jpg      339.934613      491.847725      337.415082      499.406175      343.316343      479.094136      341.263037      487.205667
frame00552.jpg      339.936016      491.843128      337.400697      499.449885      343.305194      479.134273      341.262780      487.206653
frame00553.jpg      339.936051      491.843321      337.374088      499.531142      343.292081      479.181688      341.262657      487.207143
frame00554.jpg      339.936732      491.841225      337.354914      499.589894      343.281785      479.218022      341.262513      487.207717
frame00555.jpg      339.937371      491.839285      337.342317      499.628232      343.271385      479.254786      341.262566      487.207620
frame00556.jpg      339.940051      491.830133      337.348290      499.608864      343.265777      479.272680      341.262442      487.208174
frame00557.jpg      339.942846      491.820661      337.350139      499.603007      343.255329      479.310197      341.262483      487.208139
frame00558.jpg      339.944432      491.815493      337.340893      499.631842      343.242962      479.355502      341.262472      487.208254
frame00559.jpg      339.945150      491.813371      337.324950      499.681381      343.229425      479.405542      341.262435      487.208452
frame00560.jpg      339.945837      491.811332      337.301291      499.754034      343.215291      479.458092      341.262400      487.208638
frame00561.jpg      339.945410      491.813161      337.273039      499.840389      343.204394      479.497355      341.262400      487.208681
frame00562.jpg      339.935827      491.861751      335.047440      506.629054      342.792541      480.920310      341.260677      487.219046
frame00563.jpg      339.937019      491.858887      334.785288      507.426963      342.757888      481.039885      341.260131      487.221416
frame00564.jpg      339.944021      491.847789      330.224628      521.294621      342.458040      482.075350      341.256265      487.239502
frame00565.jpg      339.952522      491.829385      317.560078      559.784588      342.261004      482.755533      341.255583      487.245450
frame00566.jpg      339.952537      491.829337      317.548579      559.819647      342.260914      482.755833      341.255570      487.245494
frame00567.jpg      339.952553      491.829284      317.536928      559.855170      342.260823      482.756133      341.255557      487.245540
frame00568.jpg      339.953163      491.827317      316.877248      561.865344      342.257724      482.765879      341.255173      487.246882
frame00569.jpg      339.953609      491.826456      314.327184      569.621165      342.246261      482.802785      341.254962      487.247907
frame00570.jpg      339.953632      491.826790      312.482454      575.236309      342.240328      482.822378      341.254850      487.248406
frame00571.jpg      339.953646      491.826745      312.466336      575.285433      342.240233      482.822698      341.254838      487.248447
frame00572.jpg      339.954197      491.824993      311.399126      578.538304      342.237031      482.833033      341.254486      487.249676
frame00573.jpg      339.954213      491.824941      311.381522      578.591961      342.236942      482.833327      341.254473      487.249718
frame00574.jpg      339.954228      491.824892      311.363512      578.646841      342.236853      482.833618      341.254460      487.249762
frame00575.jpg      339.952196      491.838026     1063.055155    -1708.448607      342.145995      483.131691      341.253362      487.255658
frame00576.jpg      339.952196      491.838026     1063.045720    -1708.419903      342.145995      483.131692      341.253362      487.255658
frame00577.jpg      339.952196      491.838026     1063.042028    -1708.408668      342.145995      483.131692      341.253362      487.255658
frame00578.jpg      339.952724      491.837528      474.581812       82.204849      342.123155      483.203989      341.253284      487.256683
frame00579.jpg      339.952739      491.837476      474.566394       82.251919      342.123131      483.204046      341.253279      487.256702
frame00580.jpg      339.952992      491.837774      416.840052      257.868520      342.105698      483.260123      341.253022      487.258071
frame00581.jpg      339.952994      491.837767      416.828812      257.902671      342.105690      483.260147      341.253021      487.258075
frame00582.jpg      339.954374      491.833248      419.505086      249.818980      342.101033      483.275109      341.253263      487.257437
