frame ulx uly urx ury lrx lry llx lly
frame00001.jpg      291.000000      150.029999      564.059998      149.940002      564.059998      444.059998      291.029999      443.950012
frame00002.jpg      291.972923      150.054388      564.756860      150.141078      564.983889      444.054380      292.200478      443.496592
frame00003.jpg      293.223322      149.269383      566.379145      149.942688      565.544126      443.916901      292.463738      442.573624
frame00004.jpg      292.511089      148.431046      565.584348      148.946256      564.226876      443.243947      291.044562      442.352350
frame00005.jpg      290.432273      148.735807      564.056650      148.932156      563.170710      443.360233      289.952602      443.280817
frame00006.jpg      289.793694      149.076270      563.191599      149.140681      563.063051      443.649399      289.866656      443.667593
frame00007.jpg      290.742627      149.768003      563.613265      149.752478      563.998113      443.561646      291.228270      443.418143
frame00008.jpg      292.172411      149.787817      565.133115      149.988757      564.899840      444.431243      291.846312      443.808065
frame00009.jpg      292.031158      150.691176      565.005912      151.042829      563.997315      445.630142      291.076307      444.838367
frame00010.jpg      290.712441      151.612027      563.928496      151.612394      563.599426      445.633053      290.531188      445.506521
frame00011.jpg      291.023313      151.516765      564.002637      151.460994      564.147852      445.238525      291.085470      444.788919
frame00012.jpg      291.483353      150.814787      564.459110      150.927427      563.981791      445.100048      290.990883      444.515277
frame00013.jpg      291.128075      151.113254      563.907910      151.311170      563.834095      444.864181      290.767148      444.498123
frame00014.jpg      291.718169      150.401642      564.304402      150.288567      564.636499      444.633143      291.565238      443.731888
frame00015.jpg      292.475238      150.460413      565.654216      150.581467      565.124425      445.732035      291.742950      443.901256
frame00016.jpg      292.749374      150.740415      565.969868      150.871457      565.126333      446.156307      291.587837      443.757863
frame00017.jpg      292.631397      150.840767      565.705451      150.695837      564.911920      446.849328      291.170494      444.053762
frame00018.jpg      292.838194      152.254684      565.980759      151.805432      565.254237      448.897320      291.794749      444.808127
frame00019.jpg      295.414340      152.163398      568.266605      152.238588      567.506867      448.800539      294.673222      442.641719
frame00020.jpg      298.671613      151.144495      571.538552      151.533617      569.391751      448.906811      296.466160      441.084068
frame00021.jpg      299.788584      150.736316      572.436442      151.322605      569.480951      448.878344      296.620430      440.479061
frame00022.jpg      300.029726      151.255999      572.226501      151.649162      569.048854      449.108802      296.523460      440.419085
frame00023.jpg      299.814808      151.786037      571.560527      152.073336      568.360737      449.932114      296.040980      440.665307
frame00024.jpg      299.500522      152.498166      570.934731      152.208141      568.258150      449.708623      295.733562      440.579832
frame00025.jpg      299.877644      152.152497      571.333360      152.197391      568.461480      450.777666      295.843954      440.369650
frame00026.jpg      300.789663      151.132172      573.183788      152.644202      568.558778      452.699848      295.480165      439.231680
frame00027.jpg      301.395457      149.393847      574.579198      153.432040      568.113586      454.066913      294.392659      437.501765
frame00028.jpg      302.053191      146.325778      576.279873      152.375734      568.425860      453.714058      294.301201      434.317022
frame00029.jpg      302.939218      143.067223      578.410187      150.351378      568.506665      453.752535      294.034824      431.593138
frame00030.jpg      302.541922      140.560935      579.044869      148.355615      567.930771      452.939472      293.349795      429.858672
frame00031.jpg      302.035726      138.511823      579.302563      146.325469      567.648482      452.608127      292.652146      428.278524
frame00032.jpg      302.177212      136.111820      580.088122      145.472828      567.460575      453.596153      292.074624      426.634431
frame00033.jpg      302.547582      134.349338      581.775332      145.563212      567.033598      455.019747      291.589370      425.334959
frame00034.jpg      302.893307      132.387219      582.595895      145.520507      566.563783      455.321450      290.950090      423.313882
frame00035.jpg      303.021579      130.208636      583.538543      144.508636      566.393551      454.832416      291.020012      421.302010
frame00036.jpg      304.207696      127.422102      585.034825      143.388691      566.719341      454.653749      291.174125      418.622210
frame00037.jpg      304.789528      125.674157      586.139033      141.699744      566.207714      454.510679      290.673660      417.027863
frame00038.jpg      303.562869      124.517584      584.831248      138.215653      565.548515      453.410460      289.823393      416.336570
frame00039.jpg      302.396100      123.742422      584.102862      135.157654      566.464511      452.565022      290.754403      415.467624
frame00040.jpg      304.612826      123.070560      585.738500      132.770171      568.546754      452.639470      293.323923      414.437201
frame00041.jpg      306.811395      123.014420      587.851453      130.948545      570.604923      452.808169      295.614277      414.464611
frame00042.jpg      308.645145      123.582796      589.676197      130.639067      571.971479      453.964999      297.243166      414.874428
frame00043.jpg      309.898091      124.661724      590.332818      131.223762      571.990523      454.736085      297.675012      415.622854
frame00044.jpg      309.347837      126.577261      588.575287      129.941097      571.780035      454.539009      298.152379      417.225239
frame00045.jpg      309.540392      129.626841      587.949660      131.284670      572.027051      457.254400      298.864947      419.795018
frame00046.jpg      309.403519      132.326135      587.126565      133.270457      571.594840      459.000177      298.939176      422.331533
frame00047.jpg      308.687731      135.365298      585.064096      133.368797      571.555925      458.841935      299.358812      424.517554
frame00048.jpg      309.221744      136.524557      584.617078      132.608895      572.324216      458.344411      300.769534      424.593756
frame00049.jpg      309.862967      136.824922      584.925891      131.434662      572.920658      457.257934      301.761996      424.471063
frame00050.jpg      310.170980      136.776489      584.879447      129.430033      573.257366      455.100331      302.841532      423.199532
frame00051.jpg      310.761740      135.765689      584.012670      125.794257      573.588491      452.251187      303.726919      422.027983
frame00052.jpg      310.228072      135.739737      582.204131      121.290888      573.245609      450.096562      304.760371      422.425250
frame00053.jpg      310.035195      136.566828      580.414997      117.961002      573.391939      447.947353      306.190650      422.439078
frame00054.jpg      310.020334      137.587431      578.885952      115.264780      572.999946      445.338291      307.178966      422.625740
frame00055.jpg      309.814948      138.872775      575.467162      112.284769      571.415921      442.238060      307.568211      423.710007
frame00056.jpg      307.869753      141.543826      569.864346      109.175257      567.912230      439.808822      306.838885      425.759309
frame00057.jpg      304.376185      144.536487      564.081136      106.657784      565.825285      438.314807      305.782245      427.960493
frame00058.jpg      303.571661      146.840012      561.393545      105.117780      565.123233      438.023430      306.088809      429.142898
frame00059.jpg      304.025560      149.251255      559.402829      104.576588      563.351068      436.780941      306.824942      430.103613
frame00060.jpg      304.229807      151.683583      554.509963      100.986369      560.678983      432.934717      307.793882      430.786605
frame00061.jpg      303.324373      154.242468      549.885306       96.621718      558.685460      430.082072      308.555532      431.962498
frame00062.jpg      302.792590      155.934816      546.206494       94.572137      556.821893      428.602468      308.456912      433.093541
frame00063.jpg      302.061586      157.312885      544.063825       93.106272      555.856969      426.885967      308.516889      433.749344
frame00064.jpg      302.427858      158.155182      543.284848       92.018436      554.686412      425.282285      308.544428      433.604686
frame00065.jpg      302.813106      159.840872      541.148925       90.886437      552.825932      423.613388      308.376456      434.560041
frame00066.jpg      302.741291      161.567689      539.039603       90.485941      551.393228      422.087764      308.334455      435.615009
frame00067.jpg      303.001862      163.632360      537.544244       88.493772      551.224021      420.269500      309.347318      435.795716
frame00068.jpg      303.829209      165.001075      536.307609       86.773693      549.932256      416.881191      310.290709      436.128708
frame00069.jpg      304.021400      166.768644      533.969610       83.450075      549.463659      413.478529      311.565642      436.544974
frame00070.jpg      304.786683      167.276087      533.207351       80.901735      549.905247      410.695337      312.943468      436.511244
frame00071.jpg      305.695355      168.718376      532.586932       79.234821      547.932964      406.052690      312.727342      437.187718
frame00072.jpg      305.899798      173.038798      530.465212       78.130484      547.957770      401.077533      312.144461      438.906419
frame00073.jpg      306.551793      176.900799      531.369878       79.130074      548.970652      398.528633      311.824974      440.032495
frame00074.jpg      308.711051      178.870583      531.873672       81.617941      549.240634      397.506977      311.449697      440.289262
frame00075.jpg      309.751610      180.352320      530.842078       82.832383      548.611548      392.983678      311.855853      440.698706
frame00076.jpg      310.547184      181.998214      528.745409       83.521288      546.873087      390.107711      311.603157      441.821022
frame00077.jpg      310.751601      184.221723      525.432033       83.919290      542.749460      387.697552      309.925697      442.774536
frame00078.jpg      309.228450      188.203011      521.139482       81.999430      538.974004      382.415393      310.326621      444.888792
frame00079.jpg      309.017412      192.023924      518.179810       79.801905      537.402253      378.061633      311.091926      445.813580
frame00080.jpg      309.620608      194.731369      516.662449       80.298399      537.505679      376.522851      310.646283      446.986261
frame00081.jpg      310.421726      197.561732      515.587347       81.222682      536.285958      373.827648      310.550549      447.276929
frame00082.jpg      312.612531      201.389410      514.876011       82.745066      536.144348      369.672450      310.886125      448.034829
frame00083.jpg      315.351885      210.892324      505.755987      120.040436      539.345133      366.415808      309.353334      443.053218
frame00084.jpg      318.609421      222.557705      481.242110      163.026898      545.314575      364.381719      306.886320      452.701013
frame00085.jpg      327.992163      230.236696      460.501107      209.231010      540.317528      364.220489      294.821755      465.111015
frame00086.jpg      330.188660      232.314106      453.929996      239.658569      506.088632      364.602253      292.945295      461.319316
frame00087.jpg      327.774900      234.532755      456.618931      253.342320      491.764470      360.476216      300.215390      421.211613
frame00088.jpg      322.819160      233.429492      464.812976      260.338555      476.484114      355.688139      304.503581      387.989136
frame00089.jpg      319.214134      230.851822      466.199855      277.327069      464.072672      355.365147      308.012827      353.765776
frame00090.jpg      318.289244      230.608201      459.477625      296.846739      456.494999      355.429717      310.980921      330.725551
frame00091.jpg      316.210800      233.623915      452.831545      309.565901      446.795751      351.095730      311.449715      319.115681
frame00092.jpg      313.577710      243.734358      447.234565      318.198418      441.118875      347.187732      311.388291      312.341564
frame00093.jpg      310.680609      252.347269      442.235705      321.698063      436.187306      342.699556      311.422157      310.738148
frame00094.jpg      304.871090      262.193500      442.485718      325.900908      431.111519      337.908826      310.336126      311.071879
frame00095.jpg      296.572872      274.481405      442.167328      328.414394      433.979518      335.638500      309.633729      311.253834
frame00096.jpg      289.162877      279.348347      446.606756      331.151253      437.499419      334.942627      307.508024      307.506992
frame00097.jpg      288.101355      281.102099      447.968564      332.041671      438.834985      334.815568      305.582153      305.786384
frame00098.jpg      288.109685      282.328978      449.260018      332.653720      439.705706      334.820519      302.828399      304.267719
frame00099.jpg      290.026094      283.892407      450.055497      332.998297      441.111475      335.042835      303.114825      303.480873
frame00100.jpg      294.767063      288.012647      460.013885      336.215908      444.302016      335.232738      307.704544      301.275999
frame00101.jpg      308.307356      294.653882      492.124505      344.863137      450.475866      336.342004      325.369467      303.439178
frame00102.jpg      310.939669      295.606670      496.728761      346.213840      452.425700      336.802415      327.089717      303.587894
frame00103.jpg      311.584224      295.877952      503.508400      348.350353      453.089833      336.920860      325.893523      302.852566
frame00104.jpg      308.533978      294.922082      500.490533      347.737695      453.525210      337.006801      324.772541      302.422802
frame00105.jpg      302.246718      292.640043      497.827823      347.430463      449.972813      336.044286      320.485074      300.927449
frame00106.jpg      300.458884      291.998845      498.405199      347.687548      449.214221      335.849284      319.510767      300.550451
frame00107.jpg      299.966714      291.745107      501.182547      348.574210      448.626291      335.705837      318.505585      300.104367
frame00108.jpg      295.115200      290.069253      507.883599      350.668632      448.510833      335.669451      318.109731      299.702199
frame00109.jpg      289.930360      288.208294      524.323846      355.416020      445.848171      334.971807      319.178457      299.697558
frame00110.jpg      283.460377      286.213171      538.737897      359.532921      447.117541      335.338413      320.299060      299.848671
frame00111.jpg      275.788315      283.602636      552.149171      363.487308      450.732848      336.352859      319.296719      299.369874
frame00112.jpg      278.152004      284.137263      571.061206      368.985286      453.231292      337.090236      317.241565      298.566816
frame00113.jpg      276.970925      283.649467      585.469081      373.228998      458.405356      338.563906      316.295221      298.128404
frame00114.jpg      272.849864      282.535902      603.225050      378.428755      463.782298      340.116429      313.298826      297.114024
frame00115.jpg      271.916371      282.208146      611.460776      380.838254      466.251575      340.831551      312.980914      296.962437
frame00116.jpg      273.088097      282.530523      617.344914      382.572840      468.089865      341.372824      312.828298      296.866060
frame00117.jpg      274.347129      282.878888      618.093480      382.795196      468.155806      341.393807      312.403175      296.738529
frame00118.jpg      272.916654      282.331796      623.310317      384.348214      470.387410      342.045147      312.365650      296.681533
frame00119.jpg      274.433525      282.639558      626.201586      385.293427      476.184749      343.736354      309.642253      295.822221
frame00120.jpg      274.602776      282.592504      625.516849      385.155737      477.924875      344.258089      309.717617      295.808424
frame00121.jpg      273.141223      282.085829      625.614509      385.214310      478.431181      344.411961      308.852820      295.542634
frame00122.jpg      271.659718      281.566748      624.909017      385.058201      479.371188      344.699204      307.593152      295.150356
frame00123.jpg      273.295331      281.932572      628.353778      386.163022      484.090816      346.123019      306.513778      294.728609
frame00124.jpg      272.977770      281.791540      629.453882      386.517126      486.077963      346.725799      306.434468      294.663334
frame00125.jpg      273.930315      282.029890      630.394299      386.819006      487.033920      347.025319      306.645693      294.696850
frame00126.jpg      273.999072      282.041131      630.392538      386.828859      487.399047      347.136590      306.445239      294.631798
frame00127.jpg      273.152515      281.678676      627.883892      386.188373      487.950224      347.341469      305.406407      294.284135
frame00128.jpg      273.132892      281.640562      628.037502      386.257659      487.737656      347.293072      305.588062      294.322035
frame00129.jpg      273.004618      281.388451      619.631553      384.023312      487.079744      347.198327      305.205380      294.098313
frame00130.jpg      272.182716      280.930649      613.450446      382.407081      485.437188      346.807652      304.293943      293.721636
frame00131.jpg      272.789981      280.906073      609.004050      381.258043      484.215863      346.534986      303.698485      293.448600
frame00132.jpg      273.716517      280.874129      606.462067      380.734406      482.217944      346.080462      302.595711      292.973036
frame00133.jpg      271.046321      279.931208      607.907393      381.267682      481.341947      345.900033      301.066200      292.436830
frame00134.jpg      270.630552      279.714123      607.881564      381.325995      480.799534      345.784266      300.157959      292.121773
frame00135.jpg      270.295452      279.462019      606.398383      381.001484      480.850880      345.873161      299.620328      291.885022
frame00136.jpg      268.964834      278.618892      600.866672      379.620170      478.316393      345.263324      299.744169      291.780030
frame00137.jpg      265.289634      277.254624      597.397392      378.744680      476.819408      344.903329      300.097823      291.793325
frame00138.jpg      266.078898      277.158589      593.335567      377.740473      475.223836      344.545345      298.827431      291.289349
frame00139.jpg      264.545989      276.265456      587.368755      376.179315      473.170193      344.054034      297.280958      290.697680
frame00140.jpg      264.299695      275.855199      582.984015      375.060850      470.782889      343.450151      296.780293      290.416279
frame00141.jpg      264.004219      275.710251      582.021838      374.799985      470.487143      343.375358      297.193775      290.524373
frame00142.jpg      261.663797      274.392375      573.712237      372.616055      468.373785      342.887671      297.927251      290.552600
frame00143.jpg      259.927585      273.452586      569.978073      371.693174      466.858388      342.530298      299.324394      290.840802
frame00144.jpg      261.593823      273.828992      570.055344      371.817024      465.732004      342.239797      301.334941      291.375774
frame00145.jpg      262.687780      274.081086      569.861711      371.817837      465.028866      342.053026      302.721748      291.757729
frame00146.jpg      264.279653      274.284434      566.129123      370.892719      463.373409      341.648801      303.172672      291.732394
frame00147.jpg      262.786184      273.489395      565.703498      370.964706      461.234885      341.081750      304.594203      292.021487
frame00148.jpg      266.372300      274.433668      563.916201      370.585900      460.153236      340.835899      306.176511      292.385421
frame00149.jpg      269.278128      275.233149      562.933547      370.389755      459.645418      340.734889      307.467474      292.705698
frame00150.jpg      271.683889      275.960480      562.808296      370.389605      459.248490      340.636686      308.022618      292.845452
frame00151.jpg      274.167106      276.456360      562.594690      370.528410      457.750080      340.265781      310.428308      293.464168
frame00152.jpg      274.152724      276.095819      561.078898      370.239598      456.153391      339.852805      312.805157      294.101233
frame00153.jpg      274.259637      276.032757      560.453590      370.092360      455.774374      339.764049      314.111502      294.482520
frame00154.jpg      266.824191      272.476128      559.364186      370.262927      452.989623      339.134536      320.950831      296.369358
frame00155.jpg      266.123742      272.136733      558.102738      369.935872      452.946091      339.156065      321.059891      296.363753
frame00156.jpg      249.176735      265.810355      562.876298      371.809181      450.517930      338.569958      325.357142      297.561221
frame00157.jpg      249.120977      265.857431      564.734960      372.479670      450.506188      338.635900      326.464139      297.869426
frame00158.jpg      238.146255      261.803359      569.921861      374.520611      446.682848      337.556615      330.287506      298.995109
frame00159.jpg      236.910221      261.404572      570.217407      374.671065      446.812026      337.620360      330.615433      299.094540
frame00160.jpg      236.511902      261.253735      570.750286      374.853896      446.795496      337.616527      330.686258      299.117731
frame00161.jpg      219.564985      255.438467      567.138336      373.996111      450.383778      338.819308      334.475052      300.417101
frame00162.jpg      202.816247      249.791404      566.305262      373.955010      452.424706      339.523756      337.841625      301.568624
frame00163.jpg      188.193591      245.093889      563.129437      373.230099      455.082531      340.425076      342.003300      303.003902
frame00164.jpg      179.666543      242.447981      560.320714      372.504424      457.036366      341.066991      344.506338      303.868100
frame00165.jpg      159.754285      235.705347      547.668430      368.675566      460.224164      342.105048      345.780492      304.371553
frame00166.jpg      166.647139      236.192519      523.608680      361.284261      465.074527      343.791445      340.519476      302.654869
frame00167.jpg      262.670592      268.885703      520.447440      360.518902      466.514006      344.519987      328.758620      298.467720
frame00168.jpg      265.570760      269.772927      521.703254      360.953072      466.588765      344.558528      329.643496      298.732376
frame00169.jpg      267.414859      269.741928      525.228478      362.198971      467.729145      344.977663      331.648912      299.326891
frame00170.jpg      270.223828      270.092652      525.610553      362.405225      468.639432      345.303437      332.051857      299.422803
frame00171.jpg      273.142492      270.637083      526.128429      362.629144      468.905383      345.410668      333.297754      299.802970
frame00172.jpg      286.743216      275.100511      527.949635      363.298903      469.604260      345.668366      335.468246      300.451111
frame00173.jpg      310.747597      283.461233      525.518460      362.621780      471.570530      346.370341      340.720667      302.015430
frame00174.jpg      313.042247      284.267225      525.776340      362.716125      471.669477      346.405092      341.375432      302.218699
frame00175.jpg      325.713919      288.692072      527.543821      363.367058      472.572672      346.722252      350.133048      305.021026
frame00176.jpg      329.861892      290.274985      529.866406      364.177862      471.655243      346.446396      356.162723      306.939980
frame00177.jpg      337.396244      292.472644      531.128359      364.748881      470.099312      345.931815      366.485610      310.237260
frame00178.jpg      330.051719      285.390384      527.022363      363.938642      465.547864      344.391240      374.724033      312.587813
frame00179.jpg      292.343507      253.827098      521.652888      362.605998      464.336601      343.884999      378.043858      313.328558
frame00180.jpg      294.186284      254.992705      522.835078      363.115088      464.873691      344.042110      379.156838      313.594617
frame00181.jpg      294.369082      254.639292      522.504207      363.052821      465.099011      344.108515      380.404631      313.977318
frame00182.jpg      291.494173      251.246096      520.773903      362.571393      465.497559      344.231024      382.482779      314.593151
frame00183.jpg      288.303535      250.238914      522.175151      363.146856      465.953726      344.368093      384.518789      315.196922
frame00184.jpg      288.108576      250.609186      522.235990      363.180778      465.980711      344.373432      384.479642      315.166616
frame00185.jpg      293.802402      255.619417      520.695721      362.737196      464.947887      343.997048      383.213683      314.624751
frame00186.jpg      293.926733      258.895864      520.345947      362.695026      464.340733      343.765157      381.977312      314.110089
frame00187.jpg      305.400850      265.344092      518.059767      361.971709      463.456879      343.447090      381.198120      313.755612
frame00188.jpg      319.434010      271.256876      515.854183      361.285853      462.088437      342.963468      380.579448      313.453568
frame00189.jpg      310.965991      268.912850      518.490512      362.252014      461.919697      342.892806      381.794019      313.852177
frame00190.jpg      308.000731      272.286191      522.984677      363.903857      463.934417      343.550917      380.902961      313.472499
frame00191.jpg      312.059125      275.175780      523.735948      364.200443      464.721407      343.810195      379.799238      313.049051
frame00192.jpg      332.897078      288.247634      527.955466      365.823598      468.944555      345.216429      376.545324      311.756879
frame00193.jpg      343.096834      296.160112      542.178359      370.993835      478.661685      348.610513      372.327652      310.121040
frame00194.jpg      353.010395      300.804623      559.492510      377.255619      488.342258      352.103407      371.183434      309.608267
frame00195.jpg      356.838907      302.350049      574.069014      382.536548      496.928210      355.254820      370.578156      309.313777
frame00196.jpg      357.846148      302.722428      579.123567      384.374823      500.225318      356.457006      371.182940      309.519591
frame00197.jpg      357.900177      302.813182      589.648490      388.205138      505.883646      358.540579      370.199606      309.121898
frame00198.jpg      357.111136      302.542388      595.343626      390.286653      509.052861      359.712061      368.770380      308.575348
frame00199.jpg      356.082716      302.170978      600.622979      392.218008      512.024164      360.805645      368.869813      308.586752
frame00200.jpg      354.326556      301.527739      607.151528      394.613836      514.984333      361.906270      367.715480      308.130988
frame00201.jpg      352.299324      300.755049      612.679702      396.683862      517.979345      363.036679      365.424175      307.235709
frame00202.jpg      354.187252      301.442325      614.770007      397.475721      518.880403      363.384740      362.290025      306.061434
frame00203.jpg      356.071596      302.122914      617.593218      398.566335      520.293463      363.935014      357.392801      304.213186
frame00204.jpg      353.124499      301.033827      618.776092      399.008887      520.803363      364.122991      356.915595      304.029920
frame00205.jpg      352.330967      300.736041      624.572772      401.172180      523.676843      365.188688      355.780230      303.569523
frame00206.jpg      351.226287      300.305036      628.806416      402.791242      526.774865      366.339775      351.879654      302.084119
frame00207.jpg      349.978880      299.831824      631.237318      403.721815      528.818372      367.096520      350.028855      301.373906
frame00208.jpg      348.495341      299.257420      633.975083      404.780516      531.105151      367.945572      348.187414      300.655052
frame00209.jpg      346.632808      298.523374      636.911432      405.950504      532.812208      368.597837      345.222717      299.489031
frame00210.jpg      340.531545      296.206182      639.255420      406.929344      533.778962      368.981301      343.075176      298.607656
frame00211.jpg      337.862199      295.201975      639.699742      407.113469      533.847395      369.009664      344.071876      298.959384
frame00212.jpg      335.949983      294.419213      636.760527      406.093058      533.467274      368.887374      342.858034      298.471281
frame00213.jpg      332.996970      293.309246      637.049050      406.208121      533.347010      368.846356      343.089425      298.547278
frame00214.jpg      330.023281      292.160283      636.906671      406.180167      532.407504      368.511406      341.718783      298.018135
frame00215.jpg      329.511593      291.952694      636.799578      406.149107      532.274778      368.465722      340.580903      297.591592
frame00216.jpg      329.537407      291.921223      637.034957      406.258297      531.474502      368.185335      337.437688      296.410019
frame00217.jpg      331.569747      292.612417      637.350942      406.415407      528.449070      367.101015      336.613065      296.061147
frame00218.jpg      329.552106      291.813086      637.427857      406.474530      526.732979      366.482434      334.505892      295.256431
frame00219.jpg      328.516172      291.393649      637.758976      406.615920      525.806572      366.149577      333.748368      294.957899
frame00220.jpg      328.535487      291.386997      637.757837      406.621972      525.505580      366.041771      333.288446      294.781311
frame00221.jpg      328.362578      291.315073      637.972308      406.703300      525.442280      366.020019      333.295306      294.781098
frame00222.jpg      327.455838      290.973668      638.207487      406.794120      525.459352      366.027436      332.553050      294.504129
frame00223.jpg      326.184440      290.492686      639.379004      407.233690      525.299788      365.974001      331.157702      293.979427
frame00224.jpg      324.683815      289.880407      643.549021      408.811429      523.903863      365.497699      329.596700      293.358022
frame00225.jpg      326.792241      290.602639      646.250501      409.853731      521.683042      364.717811      329.758443      293.373386
frame00226.jpg      325.837325      290.158391      646.616544      410.051364      519.802692      364.066323      327.825757      292.608532
frame00227.jpg      325.050774      289.787754      645.851988      409.825809      518.829067      363.741211      323.870925      291.103559
frame00228.jpg      324.622345      289.526737      645.461209      409.737497      517.298261      363.213151      323.485567      290.920048
frame00229.jpg      324.791977      289.569527      645.791410      409.869419      517.076107      363.137652      323.651976      290.974463
frame00230.jpg      325.347629      289.746877      646.688687      410.216828      517.062385      363.147689      324.125669      291.135189
frame00231.jpg      324.680762      289.450783      646.351491      410.114683      516.495573      362.952353      323.540530      290.900897
frame00232.jpg      322.536761      288.559106      644.974287      409.649632      515.422342      362.581718      321.859152      290.243176
frame00233.jpg      321.810600      288.208014      644.393782      409.473209      514.431779      362.239604      320.790978      289.816087
frame00234.jpg      321.880273      288.214356      644.157893      409.396153      514.319062      362.206247      320.694589      289.770936
frame00235.jpg      322.051846      288.223449      643.399165      409.141013      514.625659      362.335962      320.994380      289.864536
frame00236.jpg      322.862703      288.420628      641.831773      408.608338      515.055564      362.516978      321.978980      290.200535
frame00237.jpg      322.370198      288.001964      636.082801      406.579214      515.338439      362.657939      321.506827      289.962286
frame00238.jpg      321.482881      287.548916      631.450351      404.924726      514.811232      362.486205      320.564700      289.560173
frame00239.jpg      320.179977      286.896835      625.470514      402.791166      513.001862      361.844239      319.254433      288.991958
frame00240.jpg      317.665173      285.804449      621.331700      401.334448      509.792452      360.667169      320.625588      289.419519
frame00241.jpg      317.445130      285.628187      619.713286      400.793303      507.597411      359.855976      320.428025      289.281793
frame00242.jpg      318.258104      285.895011      619.509840      400.748003      506.685817      359.519240      321.222305      289.549005
frame00243.jpg      318.621617      285.953778      619.585748      400.828656      505.362267      359.029656      321.783523      289.711780
frame00244.jpg      319.352963      286.133175      622.458788      401.964981      503.542663      358.352441      322.683638      289.995761
frame00245.jpg      321.059675      286.721926      623.885543      402.543605      502.352732      357.910085      320.943793      289.305434
frame00246.jpg      321.322260      286.796948      623.399397      402.379076      502.011925      357.785926      321.233573      289.398540
frame00247.jpg      320.261112      286.353717      621.418858      401.667167      501.701242      357.675773      320.062056      288.930471
frame00248.jpg      320.428968      286.303192      623.593847      402.625146      497.511472      356.136477      320.255191      288.859742
frame00249.jpg      321.574644      286.721427      625.036317      403.204103      496.570168      355.791565      321.492581      289.290180
frame00250.jpg      322.763646      287.166885      625.256194      403.301512      496.108406      355.621270      322.395056      289.616651
frame00251.jpg      323.088415      287.248389      622.398932      402.282513      495.473180      355.387626      323.076199      289.827390
frame00252.jpg      323.097945      287.246863      620.835292      401.726399      495.178436      355.279916      322.860732      289.716258
frame00253.jpg      323.177303      287.285981      619.586778      401.287066      494.683739      355.096758      322.860240      289.684692
frame00254.jpg      325.360564      288.325857      635.535615      407.548453      485.700087      351.722930      325.018779      290.261648
frame00255.jpg      327.967264      289.692923      665.018503      418.879784      483.086627      350.780224      327.240191      290.922584
frame00256.jpg      329.676505      290.474352      668.164322      420.236139      490.853616      353.780852      328.493963      291.264345
frame00257.jpg      328.672065      290.114897      670.211342      421.103994      495.909875      355.735936      330.565815      291.995234
frame00258.jpg      328.400586      290.002082      672.804257      422.122547      497.303527      356.275459      333.194223      292.979960
frame00259.jpg      331.145965      291.044486      678.838109      424.501964      500.275390      357.426284      336.215468      294.091078
frame00260.jpg      333.729750      292.038950      683.071727      426.169816      502.551217      358.306985      338.181520      294.818285
frame00261.jpg      335.085277      292.561791      685.554745      427.170902      504.596150      359.097462      339.403092      295.261821
frame00262.jpg      336.306475      293.032352      684.119188      426.667254      505.939792      359.618221      339.188915      295.160755
frame00263.jpg      336.503248      293.104448      679.163476      424.859444      507.592309      360.254667      339.001270      295.054173
frame00264.jpg      336.324717      293.035410      678.837948      424.741023      507.611870      360.261996      339.003530      295.052689
frame00265.jpg      337.490681      293.481795      676.029508      423.725010      509.209643      360.880184      340.126616      295.457754
frame00266.jpg      337.135727      293.338331      677.788298      424.425158      509.694222      361.063844      342.293286      296.278945
frame00267.jpg      339.592272      294.289174      680.832702      425.610594      510.346302      361.318483      344.155993      296.981774
frame00268.jpg      342.413306      295.422889      686.819347      427.951361      512.737125      362.214605      346.420750      297.823698
frame00269.jpg      344.097375      296.302833      771.440355      460.696608      515.150381      363.002092      346.468891      297.692135
frame00270.jpg      345.700612      297.044876      813.832997      477.304898      524.630949      366.596832      346.377791      297.557651
frame00271.jpg      345.999829      297.186138      814.587509      477.768174      529.431632      368.413189      345.635896      297.230947
frame00272.jpg      347.071842      297.631543      821.586251      480.652838      536.018042      370.907911      343.519152      296.378298
frame00273.jpg      347.362666      297.753261      820.610525      480.328285      536.760637      371.170247      342.455962      295.957220
frame00274.jpg      347.410196      297.775088      820.967878      480.480182      537.462400      371.431480      342.045953      295.795995
frame00275.jpg      348.241313      298.108087      818.148183      479.436457      538.494857      371.793149      341.110106      295.427790
frame00276.jpg      357.535062      301.709211      744.500399      451.075078      544.040319      373.895859      339.232693      294.692836
frame00277.jpg      357.536654      301.709829      744.494693      451.072882      544.049469      373.899391      339.234231      294.693430
frame00278.jpg      396.505955      316.753955      651.585750      415.264334      577.361245      386.765260      379.100250      310.068812
frame00279.jpg      386.823364      313.016540      651.999967      415.446067      580.640727      387.997802      376.930403      309.225609
frame00280.jpg      383.624545      311.780729      629.812595      406.892749      584.428850      389.455558      373.186473      307.775122
frame00281.jpg      376.820600      309.150534      623.295229      404.386885      587.332708      390.569908      367.135192      305.433899
frame00282.jpg      363.291838      303.918402      621.727672      403.791156      578.999387      387.339373      364.171133      304.287199
frame00283.jpg      357.485740      301.670656      616.727669      401.865334      576.586896      386.405636      358.093976      301.937092
frame00284.jpg      353.047285      299.951539      626.789646      405.757093      573.763034      385.314731      360.433885      302.839769
frame00285.jpg      360.251099      302.730110      639.892560      410.827888      566.834323      382.640724      367.876547      305.711880
frame00286.jpg      373.068325      307.680806      656.667200      417.321010      561.970487      380.767218      376.761342      309.140715
frame00287.jpg      383.883801      311.858653      675.616652      424.657373      558.422190      379.402850      387.095234      313.130791
frame00288.jpg      393.092949      315.416699      688.485415      429.646439      557.784012      379.163201      395.768416      316.479842
frame00289.jpg      398.925078      317.671344      706.949611      436.794437      556.209587      378.559091      399.895191      318.072715
frame00290.jpg      401.744310      318.762031      735.211795      447.727597      552.946605      377.299770      400.889894      318.455403
frame00291.jpg      410.482149      322.144331      778.848874      464.611572      562.100458      380.860788      402.061423      318.901982
frame00292.jpg      415.657738      324.146883      776.865399      463.853702      590.814714      391.998706      404.168699      319.713130
frame00293.jpg      415.929919      324.252165      775.581520      463.358121      591.494883      392.262796      404.336539      319.777828
frame00294.jpg      416.233223      324.369474      770.646980      461.451133      591.668784      392.330381      404.608604      319.882783
frame00295.jpg      416.518713      324.479942      762.384680      458.257021      590.821438      392.001803      404.843746      319.973414
frame00296.jpg      417.403102      324.822021      720.261729      441.968167      597.408503      394.551502      404.956711      320.016371
frame00297.jpg      418.131373      325.103682      719.813741      441.796497      600.389036      395.708142      405.200945      320.110245
frame00298.jpg      419.800137      325.749246      719.528216      441.689572      645.950458      413.368698      406.388073      320.567871
frame00299.jpg      420.114143      325.870837      714.378679      439.698311      715.384656      440.279317      407.099753      320.842573
frame00300.jpg      420.116349      325.871689      715.138816      439.992351      714.715231      440.020010      407.102655      320.843694
frame00301.jpg      420.116628      325.871797      715.302905      440.055824      714.900520      440.091809      407.103185      320.843899
frame00302.jpg      420.116882      325.871895      715.242982      440.032647      714.664993      440.000564      407.103545      320.844038
frame00303.jpg      420.123533      325.874464      717.751937      441.003168      717.199528      440.982721      407.113168      320.847756
frame00304.jpg      420.150590      325.884917      720.345666      442.006548      719.659611      441.936408      407.146653      320.860694
frame00305.jpg      420.154453      325.886410      720.337416      442.003372      719.780614      441.983379      407.151041      320.862389
frame00306.jpg      420.199798      325.903926      722.909801      442.998610      722.207687      442.924706      407.222663      320.890064
frame00307.jpg      420.217750      325.910861      724.478458      443.605467      723.807077      443.544742      407.253316      320.901910
frame00308.jpg      420.225207      325.913741      723.020202      443.041427      722.650923      443.096926      407.265356      320.906562
frame00309.jpg      420.513935      326.025252      721.675105      442.522496      713.314421      439.485213      407.771472      321.102120
frame00310.jpg      420.515647      326.025901      722.630211      442.892063      719.843502      442.015786      407.785771      321.107637
frame00311.jpg      420.512187      326.024559      722.095736      442.685347      721.829317      442.785401      407.782823      321.106493
frame00312.jpg      420.476228      326.010599      722.036085      442.662630      720.567969      442.298483      407.753723      321.095190
frame00313.jpg      420.476808      326.010819      723.857241      443.367133      722.806557      443.166119      407.757181      321.096522
frame00314.jpg      420.477581      326.011115      725.301814      443.925951      725.028355      444.027179      407.759424      321.097386
frame00315.jpg      420.479612      326.011893      726.254755      444.294638      725.334640      444.146236      407.762255      321.098474
frame00316.jpg      420.481334      326.012556      728.216803      445.053636      727.829062      445.112986      407.765949      321.099898
frame00317.jpg      420.480619      326.012278      728.523315      445.172212      729.032399      445.579299      407.766209      321.099998
frame00318.jpg      420.481066      326.012450      728.157851      445.030847      727.548796      445.004446      407.766427      321.100082
frame00319.jpg      420.477770      326.011170      728.625726      445.211896      727.743580      445.080120      407.765517      321.099723
frame00320.jpg      420.477457      326.011046      729.720715      445.635499      729.411367      445.726493      407.767906      321.100643
frame00321.jpg      420.477748      326.011158      730.172945      445.810439      730.588427      446.182622      407.768887      321.101022
frame00322.jpg      420.477615      326.011102      731.397815      446.284299      735.907841      448.243984      407.773626      321.102849
frame00323.jpg      420.496558      326.018411      731.762108      446.425435      735.744843      448.181925      407.797565      321.112087
frame00324.jpg      420.513439      326.024925      734.316106      447.413522      735.982733      448.274791      407.820372      321.120891
frame00325.jpg      420.516357      326.026046      732.971738      446.893590      733.931229      447.480277      407.826993      321.123442
frame00326.jpg      420.508477      326.022958      730.088129      445.778982      732.154218      446.795159      407.869104      321.139663
frame00327.jpg      420.433887      325.994097      729.851379      445.687791      730.804605      446.273690      407.894634      321.149497
frame00328.jpg      420.439809      325.996377      730.490250      445.935120      730.812361      446.277490      407.916888      321.158089
frame00329.jpg      420.487344      326.014701      730.560776      445.963442      732.985305      447.123433      408.069563      321.217053
frame00330.jpg      420.524544      326.029062      733.137935      446.960781      733.044484      447.148236      408.132577      321.241391
frame00331.jpg      420.536175      326.033554      736.005375      448.070102      735.878574      448.247095      408.148804      321.247659
frame00332.jpg      420.550123      326.038883      736.985250      448.450270      736.971930      448.675357      408.219440      321.274899
frame00333.jpg      420.550625      326.039074      738.160201      448.904844      737.992734      449.071260      408.221791      321.275804
frame00334.jpg      420.548824      326.038373      737.973530      448.832711      737.785793      448.991412      408.224258      321.276754
frame00335.jpg      420.458631      326.003450      737.495784      448.648690      736.788835      448.606413      408.258814      321.290067
frame00336.jpg      420.460678      326.004224      736.952208      448.438760      737.881750      449.031461      408.281464      321.298806
frame00337.jpg      420.464057      326.005527      738.058950      448.866992      737.836860      449.014575      408.288292      321.301442
frame00338.jpg      420.226726      325.913659      739.163792      449.296577      730.798002      446.292842      408.273632      321.295654
frame00339.jpg      420.063897      325.850655      740.562661      449.838590      751.617697      454.363678      408.278814      321.297613
frame00340.jpg      420.006826      325.828533      738.138085      448.901308      737.780987      448.998756      408.287434      321.300927
frame00341.jpg      423.276764      327.091741      713.670972      439.458404      749.651543      453.562470      404.408017      319.798796
frame00342.jpg      422.698884      326.868271      738.080836      448.902575      736.549950      448.482005      403.562339      319.471600
frame00343.jpg      421.169390      326.276940      734.313370      447.441978      740.008357      449.804564      401.279355      318.588448
frame00344.jpg      421.097666      326.249240      736.805252      448.405861      735.540557      448.071980      401.126549      318.529347
frame00345.jpg      421.171773      326.277953      735.779967      448.008978      735.277046      447.971200      401.334732      318.609846
frame00346.jpg      421.171753      326.277945      735.784695      448.010808      735.304850      447.981972      401.334767      318.609860
frame00347.jpg      420.705186      326.097590      735.774714      448.005507      734.470002      447.661895      401.929326      318.839863
frame00348.jpg      420.705182      326.097589      735.963201      448.078435      734.831510      447.801954      401.930912      318.840477
frame00349.jpg      420.705667      326.097776      736.028015      448.103512      735.034954      447.880770      401.932794      318.841204
frame00350.jpg      420.716245      326.101865      735.589102      447.933698      733.784823      447.396513      401.946774      318.846609
frame00351.jpg      420.719786      326.103233      735.997741      448.091807      733.707856      447.366729      401.952509      318.848827
frame00352.jpg      420.725368      326.105370      736.038806      448.107669      735.324004      447.993236      401.941936      318.844729
frame00353.jpg      419.703150      325.709427      737.428281      448.644454      729.922580      445.898362      400.076763      318.123311
frame00354.jpg      419.114485      325.481370      745.649472      451.824328      741.654708      450.443326      398.770977      317.618209
frame00355.jpg      418.547102      325.261377      742.493919      450.602679      741.572976      450.413673      397.022060      316.941701
frame00356.jpg      417.513345      324.860542      741.898131      450.370922      735.691341      448.140497      394.664443      316.029748
frame00357.jpg      416.714711      324.550752      736.464894      448.268654      735.053361      447.896381      393.090618      315.420993
frame00358.jpg      416.720594      324.553023      736.898661      448.436486      735.428469      448.041770      393.097021      315.423466
frame00359.jpg      416.729718      324.556541      738.177542      448.931295      735.634813      448.121828      393.109509      315.428289
frame00360.jpg      416.719847      324.552633      736.187526      448.161418      734.826883      447.809251      393.027523      315.396568
frame00361.jpg      416.726058      324.555031      735.987505      448.084037      734.436139      447.657932      393.034572      315.399291
frame00362.jpg      416.731835      324.557261      735.801194      448.011958      733.922306      447.458927      393.040569      315.401608
frame00363.jpg      416.733885      324.558052      736.156596      448.149467      734.256707      447.588513      393.043655      315.402800
frame00364.jpg      416.739805      324.560337      735.988145      448.084300      734.177591      447.557933      393.050159      315.405312
frame00365.jpg      416.670151      324.533211      735.899769      448.050328      734.184836      447.561934      392.953933      315.368076
frame00366.jpg      416.670656      324.533405      735.950328      448.069890      734.229832      447.579375      392.954552      315.368315
frame00367.jpg      416.671160      324.533600      736.009929      448.092950      734.295547      447.604841      392.955235      315.368580
frame00368.jpg      416.671703      324.533810      736.038548      448.104024      734.343487      447.623422      392.955932      315.368849
frame00369.jpg      416.678289      324.536352      735.829355      448.023092      733.875134      447.442027      392.963435      315.371748
frame00370.jpg      416.679240      324.536719      736.001789      448.089809      734.016701      447.496888      392.964989      315.372348
frame00371.jpg      416.679820      324.536943      736.020948      448.097222      734.045942      447.508223      392.965702      315.372623
frame00372.jpg      416.595170      324.504117      735.388913      447.852716      731.138605      446.381941      392.965892      315.372691
frame00373.jpg      416.066419      324.299362      734.293685      447.428861      732.707295      446.989197      393.017261      315.392571
frame00374.jpg      415.888735      324.230529      733.342306      447.060736      732.554557      446.929664      393.055254      315.407263
frame00375.jpg      415.298349      324.001784      732.877869      446.880922      729.729723      445.834981      393.177825      315.454618
frame00376.jpg      413.900926      323.460724      730.986431      446.148603      728.214733      445.245794      393.442629      315.557098
frame00377.jpg      412.442244      322.895907      730.422159      445.929668      727.036460      444.788222      393.697802      315.655806
frame00378.jpg      411.568236      322.557518      730.686759      446.031615      728.098079      445.198692      393.879488      315.726111
frame00379.jpg      411.547195      322.549352      730.835256      446.089052      729.659280      445.803591      393.895679      315.732362
frame00380.jpg      410.082760      321.982335      731.563966      446.369856      734.674897      447.745326      393.943063      315.750680
frame00381.jpg      407.034283      320.802323      730.177215      445.830743      728.516530      445.352969      394.120944      315.819757
frame00382.jpg      405.470300      320.196767      729.346722      445.507470      730.301012      446.042330      394.362583      315.913299
frame00383.jpg      405.314184      320.136220      730.618195      445.999065      728.165778      445.215103      394.426400      315.937934
frame00384.jpg      402.190233      318.926774      728.204697      445.061393      726.605982      444.605618      395.337010      316.290796
frame00385.jpg      399.409195      317.850151      730.183579      445.822678      726.180592      444.435895      396.023330      316.556832
frame00386.jpg      399.359137      317.830733      730.700348      446.022351      730.121324      445.962215      396.025214      316.557540
frame00387.jpg      398.813171      317.619349      730.451517      445.925329      730.343120      446.046847      396.151690      316.606589
frame00388.jpg      397.846053      317.244746      734.639549      447.543006      730.639415      446.159811      396.369328      316.690843
frame00389.jpg      397.644739      317.166774      730.195199      445.822994      732.007786      446.689477      396.388095      316.698119
frame00390.jpg      397.009809      316.920874      730.666911      446.003549      731.154517      446.358135      396.527590      316.752107
frame00391.jpg      396.857811      316.861965      731.056291      446.153720      730.647850      446.161678      396.525504      316.751282
frame00392.jpg      396.844609      316.856849      733.294197      447.019403      732.170854      446.751577      396.527255      316.751954
frame00393.jpg      396.825577      316.849465      733.211325      446.987249      732.873453      447.023675      396.526015      316.751464
frame00394.jpg      396.378209      316.676085      733.763546      447.200006      732.441616      446.855517      396.537850      316.756066
frame00395.jpg      396.326485      316.656003      734.934362      447.652784      734.150299      447.517221      396.538345      316.756235
frame00396.jpg      395.999977      316.529413      734.080125      447.321892      732.683179      446.948252      396.472261      316.730667
frame00397.jpg      395.189978      316.215311      738.882121      449.177225      727.743424      445.035676      395.825905      316.480313
frame00398.jpg      395.322818      316.266488      733.382191      447.049114      731.690767      446.564736      396.104726      316.588271
frame00399.jpg      396.042462      316.544350      734.095016      447.323422      720.634451      442.284144      397.189649      317.008206
frame00400.jpg      396.157875      316.588970      734.761369      447.580883      721.368959      442.568621      397.329174      317.062192
frame00401.jpg      396.649539      316.779207      736.413780      448.219282      725.752224      444.264910      397.936750      317.297481
frame00402.jpg      396.709209      316.802468      735.681606      447.934725      735.432502      448.013105      398.364422      317.463112
frame00403.jpg      396.709776      316.802689      735.734366      447.955127      735.574743      448.068192      398.365542      317.463546
frame00404.jpg      396.786715      316.832591      734.529202      447.488393      736.305088      448.350351      398.445008      317.494256
frame00405.jpg      397.264644      317.017628      733.780349      447.198441      732.830065      447.003882      398.273143      317.427524
frame00406.jpg      397.500418      317.108872      733.423376      447.060152      732.089080      446.716162      398.186260      317.393786
frame00407.jpg      397.979748      317.294354      732.344781      446.643443      729.753707      445.810684      398.008414      317.324797
frame00408.jpg      398.210111      317.383644      731.337276      446.252583      728.186616      445.203698      398.051877      317.341453
frame00409.jpg      397.250091      317.013538      730.564682      445.956162      729.972488      445.874584      396.774047      316.845713
frame00410.jpg      397.247411      317.012502      730.134259      445.789625      730.348481      446.020023      396.766580      316.842809
frame00411.jpg      397.247381      317.012490      730.180530      445.807524      730.418682      446.047209      396.766613      316.842822
frame00412.jpg      397.189993      316.990254      730.580233      445.962661      730.393101      446.036164      396.757282      316.839158
frame00413.jpg      397.181961      316.987136      730.743720      446.026051      730.748349      446.173732      396.747025      316.835163
frame00414.jpg      397.143512      316.972265      730.745049      446.026959      730.031387      445.895920      396.617552      316.784986
frame00415.jpg      397.143348      316.972201      730.797342      446.047190      730.100257      445.922593      396.617346      316.784906
frame00416.jpg      396.358117      316.668199      730.804027      446.054071      730.215999      445.967029      395.920693      316.514715
frame00417.jpg      395.969899      316.517850      730.715592      446.021832      730.354047      446.019844      395.668574      316.416969
frame00418.jpg      395.526053      316.345906      730.921438      446.104063      732.065031      446.683303      395.413429      316.317882
frame00419.jpg      395.315936      316.264487      730.757095      446.042494      729.183157      445.567126      395.322326      316.282443
frame00420.jpg      394.898147      316.102690      730.674433      446.012921      730.454814      446.058571      395.212052      316.239627
frame00421.jpg      394.769858      316.053024      726.074261      444.233854      728.556496      445.323343      395.142019      316.212449
frame00422.jpg      394.656373      316.009110      719.276910      441.604631      726.455466      444.510006      395.016344      316.163675
frame00423.jpg      393.663442      315.624808      719.256108      441.599915      726.562624      444.551428      394.491695      315.960019
frame00424.jpg      393.368373      315.510584      724.696465      443.705622      723.842740      443.498052      394.321611      315.894049
frame00425.jpg      393.311616      315.488594      724.193254      443.511298      722.733082      443.068395      394.262980      315.871303
frame00426.jpg      392.966587      315.355107      723.544882      443.261131      722.550066      442.997055      393.993173      315.766697
frame00427.jpg      392.866230      315.316257      722.971036      443.039451      718.421895      441.398424      393.855697      315.713407
frame00428.jpg      392.556317      315.196213      723.119386      443.098184      720.939100      442.373235      393.490112      315.571724
frame00429.jpg      392.527107      315.184886      722.930281      443.025165      719.165701      441.686549      393.459727      315.559939
frame00430.jpg      392.325692      315.106903      720.817738      442.208471      712.875377      439.250633      393.189752      315.455333
frame00431.jpg      392.040390      314.996421      721.497380      442.472287      703.203687      435.505311      392.898875      315.342619
frame00432.jpg      391.921518      314.950394      719.973370      441.883016      708.745255      437.651223      392.761485      315.289395
frame00433.jpg      384.211906      311.964219      667.495402      421.592239      589.733948      391.557338      388.545867      313.657313
frame00434.jpg      381.978221      311.098475      651.116034      415.259258      585.510976      389.920599      386.161137      312.733778
frame00435.jpg      371.271460      306.953198      668.709002      422.076072      585.587145      389.945651      387.162620      313.120249
frame00436.jpg      382.928448      311.466642      697.900573      433.375873      594.350827      393.340154      391.067188      314.630099
frame00437.jpg      391.523630      314.794339      716.444808      440.557350      601.514236      396.114059      394.423404      315.927876
frame00438.jpg      402.809238      319.163652      696.132956      432.705551      613.955635      400.928209      396.833259      316.858232
frame00439.jpg      406.301882      320.516044      689.250874      430.044312      629.600193      406.984255      399.089648      317.730892
frame00440.jpg      408.984983      321.555053      685.567465      428.620213      649.529935      414.700256      402.510125      319.054374
frame00441.jpg      410.387323      322.098123      683.445749      427.799971      652.180642      415.726049      404.845021      319.957897
frame00442.jpg      412.598016      322.954175      690.938382      430.701813      659.370666      418.509707      408.487785      321.367608
frame00443.jpg      415.641305      324.132582      714.787508      439.935906      667.655310      421.717320      413.176876      323.182308
frame00444.jpg      417.265872      324.761677      714.380576      439.779812      675.817630      424.877285      415.705348      324.160864
frame00445.jpg      418.370899      325.189618      713.626596      439.489120      677.811193      425.648617      417.497131      324.854299
frame00446.jpg      420.196245      325.896453      712.024814      438.870575      708.904756      437.687588      419.612764      325.673058
frame00447.jpg      421.690272      326.474921      710.060661      438.112018      710.396825      438.264066      421.451496      326.384743
frame00448.jpg      424.198224      327.445959      712.564164      439.082994      712.690432      439.151294      424.166071      327.435476
frame00449.jpg      426.131488      328.194450      713.439096      439.422857      714.377131      439.804113      426.160934      328.207682
frame00450.jpg      428.225948      329.005360      715.356583      440.166279      715.727135      440.326626      428.336800      329.049968
frame00451.jpg      430.497899      329.885009      717.414193      440.964065      715.225402      440.131893      430.650682      329.945680
frame00452.jpg      431.591818      330.308562      717.992819      441.188740      715.853565      440.375090      431.929768      330.440820
frame00453.jpg      431.693667      330.348017      714.907355      439.994218      714.845294      439.984739      432.003289      330.469256
frame00454.jpg      431.714707      330.356190      714.741369      439.930190      712.951678      439.251302      432.057626      330.490256
frame00455.jpg      432.473405      330.649969      714.332805      439.772307      711.968662      438.870684      432.860050      330.800870
frame00456.jpg      434.194534      331.316350      711.712896      438.758834      708.121736      437.380791      434.625512      331.484328
frame00457.jpg      437.146400      332.459292      692.516431      431.327408      692.035924      431.152484      437.327194      332.530190
frame00458.jpg      439.297513      333.292185      694.019191      431.909864      693.243661      431.620085      439.410556      333.336694
frame00459.jpg      441.848276      334.279821      694.998881      432.290582      693.723527      431.805160      442.159364      334.400821
frame00460.jpg      442.844872      334.665682      704.930817      436.136193      703.615513      435.635235      443.031967      334.738642
frame00461.jpg      443.048986      334.744716      709.548325      437.923947      707.742231      437.233133      443.238427      334.818571
frame00462.jpg      443.217351      334.809905      710.221008      438.184543      709.213362      437.802698      443.456222      334.902891
frame00463.jpg      445.180570      335.570054      701.859723      434.948343      708.398466      437.486494      445.235349      335.591662
frame00464.jpg      449.094425      337.085482      705.891024      436.510459      684.722638      428.318260      449.105462      337.089984
frame00465.jpg      450.042099      337.452411      691.266332      430.848366      689.197454      430.050665      449.826061      337.368972
frame00466.jpg      453.689427      338.864622      709.577831      437.938783      708.600425      437.562496      453.225558      338.685132
frame00467.jpg      455.643050      339.621044      711.129261      438.539791      711.703724      438.763645      455.598027      339.603683
frame00468.jpg      455.668916      339.631059      712.998431      439.263500      712.519155      439.079368      455.620353      339.612327
frame00469.jpg      455.834254      339.695075      688.041255      429.600641      690.183600      430.431389      455.722363      339.651822
frame00470.jpg      456.094801      339.795956      678.958806      426.084148      679.933149      426.462554      456.045731      339.777021
frame00471.jpg      456.241285      339.852672      679.221446      426.185845      682.415982      427.423868      456.125123      339.807759
frame00472.jpg      456.163582      339.822591      698.019324      433.464018      703.066435      435.419373      456.028270      339.770255
frame00473.jpg      456.098594      339.797431      714.166933      439.716078      714.188684      439.725726      455.893360      339.718016
frame00474.jpg      455.627921      339.615199      713.367414      439.406632      713.378557      439.411969      455.650174      339.623853
frame00475.jpg      455.625625      339.614310      712.317131      438.999990      712.319137      439.001784      455.645557      339.622065
frame00476.jpg      454.489346      339.174372      710.487993      438.291968      710.799317      438.413126      454.818146      339.301699
frame00477.jpg      454.397439      339.138788      707.840319      437.266889      692.466148      431.314816      454.585440      339.211597
frame00478.jpg      454.420106      339.147564      706.640413      436.802312      675.439515      424.722402      454.597568      339.216293
frame00479.jpg      454.424188      339.149145      705.897503      436.514673      674.379924      424.312147      454.601104      339.217662
frame00480.jpg      454.447104      339.158017      694.826887      432.228350      677.156571      425.387215      454.621953      339.225734
frame00481.jpg      454.456835      339.161785      676.017615      424.945771      681.997251      427.261441      454.632688      339.229891
frame00482.jpg      454.486571      339.173298      656.546670      417.407007      684.823023      428.355528      454.636474      339.231356
frame00483.jpg      454.546917      339.196664      666.945650      421.433298      664.760654      420.587728      454.647457      339.235608
frame00484.jpg      454.572469      339.206557      672.479765      423.576004      705.408624      436.325902      454.647502      339.235625
frame00485.jpg      454.613610      339.222486      704.170894      435.846204      704.154347      435.840261      454.678017      339.247440
frame00486.jpg      454.615227      339.223112      704.023026      435.788953      703.910451      435.745830      454.679063      339.247845
frame00487.jpg      454.616930      339.223772      705.216155      436.250911      705.131846      436.218734      454.680074      339.248236
frame00488.jpg      454.647942      339.235779      706.981259      436.934332      706.177745      436.623684      454.686298      339.250645
frame00489.jpg      454.761175      339.279621      685.650198      428.675374      686.859482      429.143987      454.719293      339.263420
frame00490.jpg      454.832372      339.307187      697.029346      433.081166      697.693473      433.338713      454.746852      339.274090
frame00491.jpg      454.833121      339.307477      694.873564      432.246489      695.495814      432.487818      454.746933      339.274122
frame00492.jpg      454.898142      339.332652      660.265528      418.846932      695.549884      432.508751      454.758312      339.278527
frame00493.jpg      454.926437      339.343607      661.182835      419.202098      655.813039      417.123348      454.784637      339.288719
frame00494.jpg      454.993659      339.369634      658.502076      418.164162      658.258322      418.070118      454.836371      339.308749
frame00495.jpg      455.330932      339.500220      660.437726      418.913620      661.391284      419.283145      455.128523      339.421865
frame00496.jpg      455.597220      339.603322      663.520189      420.107098      663.574166      420.128316      455.511430      339.570118
frame00497.jpg      456.036966      339.773583      664.220245      420.378163      664.779878      420.595139      456.049978      339.778633
frame00498.jpg      456.424552      339.923649      661.332025      419.259912      664.310285      420.413318      456.434251      339.927416
frame00499.jpg      456.431055      339.926166      662.463899      419.698156      662.481837      419.705378      456.434692      339.927587
frame00500.jpg      456.448940      339.933091      662.603279      419.752128      661.600701      419.364225      456.205832      339.838975
