frame ulx uly urx ury lrx lry llx lly
frame00001.jpg      286.000000      180.000000      544.000000      180.000000      544.000000      390.000000      286.000000      390.000000
frame00002.jpg      286.912038      179.252126      545.016882      179.387393      544.736751      389.230395      286.908568      389.080189
frame00003.jpg      287.982497      178.385852      545.550697      178.994248      545.050207      388.832816      287.371228      387.927559
frame00004.jpg      288.618173      177.711240      545.945666      178.398940      545.558029      388.235635      287.909576      387.324280
frame00005.jpg      288.577394      177.039491      545.979017      177.984145      545.111444      387.694706      287.194743      386.572651
frame00006.jpg      284.616545      176.246469      542.127794      177.373867      540.427189      387.090885      282.996097      385.775260
frame00007.jpg      282.575219      175.314861      539.727552      177.548213      538.423980      386.758529      281.256864      384.906050
frame00008.jpg      282.514802      175.058325      539.442819      177.492122      538.129461      386.521970      281.249791      384.394155
frame00009.jpg      282.618030      175.019765      539.150816      177.064639      538.009600      386.008309      281.395815      384.072604
frame00010.jpg      282.777314      174.802426      539.059624      177.206324      537.711840      386.078935      281.497337      383.714159
frame00011.jpg      282.943708      174.912200      538.856223      177.863676      537.266939      386.303467      281.353787      383.472965
frame00012.jpg      282.962335      175.649575      538.457182      178.666557      536.907524      386.792459      281.347892      384.044338
frame00013.jpg      283.130463      176.470026      538.273383      179.304572      536.672457      387.066567      281.597093      384.280992
frame00014.jpg      283.219186      176.977827      537.900398      179.926970      536.346476      387.440354      281.599828      384.696191
frame00015.jpg      283.036347      177.886503      537.412850      181.215825      535.544463      388.609201      281.215098      385.391145
frame00016.jpg      283.006668      179.073322      536.915581      182.862107      534.634354      390.184835      280.794887      385.923625
frame00017.jpg      282.993468      179.171903      536.515459      184.413613      533.647787      391.189543      280.278470      385.594812
frame00018.jpg      283.146988      178.519060      536.215685      185.084263      532.619254      390.950950      279.939878      384.049766
frame00019.jpg      283.294154      176.189565      535.915026      183.633839      531.761581      388.799785      279.863975      381.150964
frame00020.jpg      284.056185      174.359681      535.816407      181.993065      531.977522      386.618766      280.846841      378.509766
frame00021.jpg      287.807732      171.938119      538.960417      179.859869      535.211484      383.957316      285.082337      375.374362
frame00022.jpg      292.759942      170.043008      543.054192      177.827474      539.318085      381.259083      290.026803      372.520815
frame00023.jpg      297.414658      168.332535      546.682106      175.652041      542.897215      378.396767      294.747945      369.846404
frame00024.jpg      301.773437      166.558574      550.110356      173.606561      546.317642      375.659390      299.300413      367.182420
frame00025.jpg      306.271024      165.343382      553.527400      172.185307      549.816156      373.664227      303.827525      365.289151
frame00026.jpg      309.015171      167.280597      555.155763      172.959076      551.422745      374.351170      306.544167      367.125986
frame00027.jpg      308.453769      172.016328      553.512830      176.386690      549.691903      376.687021      305.932008      370.878135
frame00028.jpg      306.196525      174.786447      550.198649      178.448550      546.879253      377.477644      304.342900      372.658090
frame00029.jpg      305.368624      177.571910      547.950904      181.533898      544.801576      379.958915      303.449565      375.098260
frame00030.jpg      305.701913      181.675972      546.863791      186.118366      543.944726      382.432700      303.851861      377.591129
frame00031.jpg      306.396699      182.704020      545.922768      187.346369      542.970023      381.837052      304.238153      377.385045
frame00032.jpg      306.378676      183.478494      544.448897      188.812810      540.843550      382.688493      303.701690      378.280472
frame00033.jpg      305.400436      187.549477      541.591722      193.864521      537.750153      386.394768      302.271426      381.241501
frame00034.jpg      304.528103      191.927851      538.813821      198.728255      535.019235      389.068171      301.503838      384.263543
frame00035.jpg      304.444704      195.248746      536.726585      201.369792      533.933739      389.264706      302.009812      385.961241
frame00036.jpg      305.692279      196.975090      536.026236      201.376664      534.429188      387.347345      304.344032      386.357503
frame00037.jpg      307.719586      197.401563      536.292495      199.423985      535.875260      383.681852      307.590202      385.514863
frame00038.jpg      310.043418      197.306894      536.979646      197.433839      537.422062      380.238266      311.113872      384.267213
frame00039.jpg      313.353118      197.446420      538.208688      196.628881      539.237017      377.759337      314.927429      383.041864
frame00040.jpg      316.771318      197.126055      539.524633      195.706584      540.581826      375.066459      318.489844      381.136535
frame00041.jpg      319.173475      195.573528      539.745039      193.971918      541.116255      371.583438      321.059665      378.269830
frame00042.jpg      323.777766      194.265766      542.390863      192.587457      544.265927      368.473792      326.037651      375.472229
frame00043.jpg      329.157862      193.181581      545.656376      191.470816      547.510454      365.838891      331.335834      372.971342
frame00044.jpg      335.186694      191.862691      549.766360      190.148473      551.733989      363.144245      337.508431      370.311779
frame00045.jpg      341.731803      190.921323      554.541421      189.719674      555.997216      361.389739      343.700551      367.864337
frame00046.jpg      346.685143      189.898832      557.537236      189.784221      558.216305      360.157553      347.759402      365.421420
frame00047.jpg      349.356635      188.952231      558.282120      189.685073      558.236363      358.407159      349.682409      362.979256
frame00048.jpg      350.357162      187.767636      557.455423      189.121343      556.980617      356.477544      350.328733      360.338925
frame00049.jpg      352.166005      186.931432      557.454956      189.462476      556.630860      355.425367      351.833377      358.193869
frame00050.jpg      353.936705      189.075183      557.167395      192.160298      555.814281      357.355341      352.891613      359.483917
frame00051.jpg      353.656778      192.711064      554.793033      196.009253      553.249722      359.292005      352.196686      361.304359
frame00052.jpg      352.279407      195.601141      551.481104      199.359651      549.615804      361.099698      350.673853      362.415434
frame00053.jpg      350.950718      198.192166      548.252501      202.915009      546.090708      363.058293      348.923584      363.418098
frame00054.jpg      350.164607      200.861565      545.532825      206.574163      542.999995      365.144483      347.699489      364.458804
frame00055.jpg      349.086107      201.923069      542.627054      208.772078      539.537606      365.418332      345.890183      363.627588
frame00056.jpg      347.381514      201.391378      539.173333      209.369954      535.693650      364.433282      343.627464      361.616511
frame00057.jpg      345.040386      201.120733      535.143340      209.464101      531.328282      363.234022      341.023203      359.910081
frame00058.jpg      342.491899      201.516479      530.887537      209.735769      527.202284      362.142917      338.465635      358.918141
frame00059.jpg      339.834588      202.147877      526.624990      210.016936      523.155440      361.153148      336.117796      358.258740
frame00060.jpg      338.065670      202.896667      523.310490      210.507215      520.258922      360.268048      334.750914      357.552765
frame00061.jpg      336.956906      203.361549      520.450089      210.936980      517.332991      359.553632      333.372202      356.595715
frame00062.jpg      335.154297      203.600301      517.278135      211.655440      513.729958      359.027987      331.298548      355.508803
frame00063.jpg      333.363913      203.829437      513.893723      212.068075      510.384152      358.083301      329.545760      354.297733
frame00064.jpg      332.386285      204.126778      511.312320      212.242618      507.960293      357.011953      328.616472      353.102415
frame00065.jpg      331.263566      204.054874      508.656547      211.631234      505.589490      355.021331      327.924104      351.660538
frame00066.jpg      331.136449      204.154461      506.948875      210.696578      504.516970      352.820656      328.471805      350.348028
frame00067.jpg      331.547734      203.967717      505.737658      209.441308      503.783652      350.254124      329.259218      348.647901
frame00068.jpg      332.189028      203.410552      504.877302      208.825471      502.853083      348.530864      329.898933      346.746224
frame00069.jpg      331.946001      202.376707      503.062792      208.503839      500.621346      346.891668      329.130515      344.362198
frame00070.jpg      330.661518      199.499048      500.503779      205.566131      498.071735      343.425060      327.633186      340.135460
frame00071.jpg      329.143253      193.965775      497.737722      199.893131      495.328248      336.602338      326.405019      333.522561
frame00072.jpg      332.297648      187.483624      498.855326      193.039896      499.726039      337.217629      327.557894      326.538846
frame00073.jpg      337.642767      185.207198      503.764370      188.901923      504.747392      334.237032      332.787611      322.313267
frame00074.jpg      342.139356      184.712372      506.841293      187.221864      509.378523      331.131593      337.838407      321.042987
frame00075.jpg      344.136411      184.487990      508.070629      186.682103      508.084486      320.146899      343.262990      320.220837
frame00076.jpg      347.123436      184.470084      510.160597      186.848853      509.548399      319.077596      346.305508      319.334948
frame00077.jpg      348.792349      183.774896      510.834160      187.310963      509.426608      318.635261      347.300411      317.644584
frame00078.jpg      349.499822      183.416352      510.526581      188.304938      508.483960      319.075041      347.295362      316.738735
frame00079.jpg      350.028841      183.660346      510.282565      189.290949      507.971182      319.213187      347.486591      316.201176
frame00080.jpg      350.313258      183.051577      509.887343      189.504030      507.187575      318.828422      347.340825      315.060973
frame00081.jpg      349.854163      183.039916      508.965294      189.591713      506.210634      318.601373      346.899595      314.725791
frame00082.jpg      349.704632      182.511863      508.321724      189.405153      505.317361      317.908152      346.538633      313.742115
frame00083.jpg      348.687550      181.595788      506.851143      188.749961      503.650379      316.894119      345.030392      312.619135
frame00084.jpg      345.911923      180.272338      503.763393      187.724298      500.463492      315.556921      342.306099      311.078335
frame00085.jpg      344.930957      179.264293      502.502288      186.896651      499.312690      314.608762      341.601267      310.137426
frame00086.jpg      343.849816      178.381873      501.204796      186.182136      497.799683      313.590950      340.207384      309.129818
frame00087.jpg      341.834465      178.093667      499.127916      185.659897      495.920606      313.332151      338.506571      309.227281
frame00088.jpg      339.602557      179.987439      496.675130      187.756673      493.221905      315.439892      335.729002      311.372929
frame00089.jpg      336.821813      182.561047      493.807182      190.216658      490.802031      317.936570      333.471093      314.247034
frame00090.jpg      335.524825      184.932142      492.430031      191.993743      489.672776      319.387050      332.414280      316.542918
frame00091.jpg      334.350376      186.385156      491.163514      192.565887      489.159773      320.025277      331.661092      318.246367
frame00092.jpg      334.399037      189.148096      491.465845      194.020263      489.910890      322.397495      332.433990      322.147954
frame00093.jpg      333.866881      196.143244      490.868730      199.652844      490.473459      328.041414      332.638757      329.594071
frame00094.jpg      335.687408      199.291005      492.779912      201.217273      493.466374      328.932785      335.492807      332.540787
frame00095.jpg      341.704583      201.074985      498.851712      200.966269      500.945837      328.601894      342.634544      334.699522
frame00096.jpg      348.915574      202.055591      506.107986      199.471281      509.301968      327.489456      350.943555      336.095629
frame00097.jpg      354.695624      205.518991      511.748581      200.686649      515.797871      329.726097      357.833775      340.458850
frame00098.jpg      357.965551      210.109614      514.904677      204.377816      519.039145      333.256839      361.517046      344.929098
frame00099.jpg      359.899101      211.263317      516.768123      205.790124      520.616067      334.121878      363.385586      345.733961
frame00100.jpg      361.692661      209.372987      518.412236      203.561665      522.271353      331.883131      365.344543      343.875379
frame00101.jpg      362.652585      206.866834      519.056136      200.427401      523.118104      328.610228      366.531949      341.699231
frame00102.jpg      362.734695      206.419999      518.701246      199.232621      523.142069      327.256429      366.955068      341.358775
frame00103.jpg      362.646654      200.333730      518.326154      193.081680      522.752679      321.936707      366.810273      335.268578
frame00104.jpg      362.389101      190.807050      516.975014      184.445403      523.780498      320.468083      363.246818      326.855893
frame00105.jpg      361.544599      184.524223      515.642327      179.403307      523.297074      315.726843      362.746199      320.377874
frame00106.jpg      364.626942      178.588724      517.473131      176.456684      523.616644      313.378354      363.113469      314.748701
frame00107.jpg      367.478722      171.978006      520.596212      172.042983      524.536561      308.492093      366.084426      308.041977
frame00108.jpg      369.186001      166.329530      522.265628      167.022559      525.683399      303.143570      368.174371      302.319954
frame00109.jpg      369.908546      162.796286      523.123634      162.959645      524.855977      291.965619      370.896242      298.331370
frame00110.jpg      370.753556      160.750709      523.857288      160.234269      525.102913      287.470169      372.347159      296.153534
frame00111.jpg      369.349869      159.523148      522.206709      158.407981      523.548820      285.675227      370.957007      295.530802
frame00112.jpg      367.651390      167.433729      520.588156      165.357616      520.859222      295.035705      368.528838      304.744938
frame00113.jpg      363.357347      174.615018      515.761419      174.492812      515.409124      303.462086      363.217633      311.639962
frame00114.jpg      360.390365      183.419918      511.757824      183.162370      512.735660      310.855395      361.624814      319.907541
frame00115.jpg      361.996291      188.136075      512.692042      186.489407      515.465344      312.230965      364.295938      323.863979
frame00116.jpg      368.452891      189.431605      518.818206      186.169379      522.445638      311.800097      371.812920      324.889753
frame00117.jpg      374.549469      190.805420      524.567894      186.687412      528.290107      312.525670      378.171468      326.081330
frame00118.jpg      378.604694      192.784792      528.158193      188.602613      531.486411      314.870165      381.861341      328.347439
frame00119.jpg      380.741178      197.812304      530.040587      193.999664      532.766739      320.957965      383.561314      333.649169
frame00120.jpg      380.657024      203.391902      529.715907      199.679043      531.990942      326.702084      382.915357      339.414182
frame00121.jpg      379.696636      210.420378      528.324605      207.277939      530.458916      334.279875      381.752768      346.474147
frame00122.jpg      379.163438      216.013321      527.391656      212.962277      529.930179      338.796463      381.516357      351.345304
frame00123.jpg      379.699427      218.499395      527.720188      215.141849      530.753242      339.980742      382.566788      353.367788
frame00124.jpg      381.986044      219.057851      529.811038      213.861393      533.928687      338.691909      385.951779      354.035517
frame00125.jpg      385.803401      219.201846      533.642823      212.160671      538.515909      337.033030      390.689379      354.000465
frame00126.jpg      388.475009      218.369319      536.275316      209.999810      541.458706      335.041109      393.922142      352.949398
frame00127.jpg      390.448101      216.551859      538.178708      208.396381      543.382490      333.419929      395.650812      351.382347
frame00128.jpg      390.831783      215.261031      538.613163      207.116328      543.437863      332.112303      395.440072      350.260534
frame00129.jpg      386.215012      213.858223      534.032777      204.719814      539.189802      329.777100      391.230358      349.086497
frame00130.jpg      383.761400      213.194615      531.493707      203.058070      537.332565      328.011493      389.761799      348.364656
frame00131.jpg      382.863433      212.479314      530.591380      201.121281      536.933027      326.181411      389.524876      347.721363
frame00132.jpg      382.068586      211.760031      529.824128      199.631083      536.552007      324.660163      389.185365      346.921713
frame00133.jpg      382.162264      210.437587      529.992547      198.676397      536.562586      323.860786      389.156658      345.521286
frame00134.jpg      382.326895      207.131180      530.270062      196.107906      536.460485      321.434296      388.941494      342.323398
frame00135.jpg      382.436124      202.738899      530.543818      192.262849      536.455192      318.062412      388.754550      338.049314
frame00136.jpg      381.634870      198.730561      529.962372      188.268076      535.738711      314.029196      387.683317      334.342079
frame00137.jpg      377.401296      195.609936      525.820474      185.371547      531.515292      311.072019      382.723665      331.504179
frame00138.jpg      371.927957      192.526393      520.544070      182.659241      526.216069      308.428167      377.310483      328.762989
frame00139.jpg      367.742495      189.389234      516.560454      179.802835      522.104846      305.652949      373.407588      325.690542
frame00140.jpg      365.806584      185.726528      514.903580      177.101798      520.067675      303.181160      371.458615      322.230179
frame00141.jpg      365.836620      181.242385      515.155063      173.239527      520.101687      299.891467      371.430237      318.007881
frame00142.jpg      366.813636      176.815642      516.228525      168.976547      521.375195      295.608436      372.428995      313.906853
frame00143.jpg      371.334168      170.928859      520.907169      163.121895      526.240998      290.451784      377.372790      308.287130
frame00144.jpg      384.813692      161.796894      531.143249      160.228903      533.184735      293.111106      386.658715      300.492525
frame00145.jpg      397.947560      151.980038      541.452014      159.990312      535.616046      294.602241      394.392432      292.948992
frame00146.jpg      408.535921      145.009159      553.518531      155.586119      539.763402      295.260474      402.459636      286.434173
frame00147.jpg      413.878261      143.686630      565.001189      151.890706      547.397164      293.244573      410.208088      283.343263
frame00148.jpg      417.537663      142.735838      570.799507      148.083734      558.627288      291.406039      414.250625      281.700756
frame00149.jpg      423.280930      140.428224      577.378174      142.527269      568.535772      289.965797      418.989026      278.600337
frame00150.jpg      429.093803      134.101642      584.207900      136.462695      579.210502      289.480556      423.190614      272.436997
frame00151.jpg      430.320290      129.881681      585.488571      133.819375      589.962198      288.058303      425.485369      270.282255
frame00152.jpg      429.463443      132.420423      589.643536      121.106560      598.130497      284.365326      424.320752      269.616483
frame00153.jpg      425.470416      133.675832      588.443755      118.361196      600.460810      284.908360      421.639988      269.772994
frame00154.jpg      422.283079      137.634064      587.897175      116.064551      602.898118      285.539792      420.008944      271.798221
frame00155.jpg      420.676353      139.695597      587.355831      114.793378      604.478028      285.920901      419.077119      273.239181
frame00156.jpg      420.492280      140.180475      587.030280      114.421594      604.974535      286.088055      418.595605      274.096797
frame00157.jpg      420.350835      140.291969      586.860216      114.263763      605.197847      286.162967      418.382448      274.370166
frame00158.jpg      420.133405      142.279209      586.733283      113.877054      605.482665      286.069370      418.511986      277.232353
frame00159.jpg      419.616678      145.124428      587.212141      112.714442      605.310868      285.670999      419.215301      280.569597
frame00160.jpg      419.353646      148.028735      585.261429      115.467633      601.707102      283.441928      418.603594      283.558331
frame00161.jpg      418.929992      150.094131      584.517013      119.215013      600.020994      286.953797      417.029556      285.921315
frame00162.jpg      416.505509      152.346759      583.608378      121.728686      597.639852      291.485325      413.305949      288.329116
frame00163.jpg      412.139581      156.777747      582.225242      119.718974      602.238640      295.833002      407.970987      291.820333
frame00164.jpg      407.906478      160.638720      581.971717      115.984227      604.237895      300.336518      403.872952      295.026673
frame00165.jpg      403.747609      164.047313      581.364804      113.009074      605.546542      302.481270      401.473362      297.961430
frame00166.jpg      404.134727      166.389158      581.396775      112.108135      605.651977      304.901139      403.121109      301.603096
frame00167.jpg      409.054121      168.894890      586.199337      117.416496      608.361752      308.052753      408.445467      304.177792
frame00168.jpg      412.642421      170.600207      588.426271      123.339446      607.820583      308.177351      412.464381      306.250513
frame00169.jpg      414.934775      171.146124      586.355495      133.854678      603.958249      307.373230      414.714249      307.287880
frame00170.jpg      417.041334      167.731813      584.943250      137.222785      605.476113      307.614954      414.952604      304.989193
frame00171.jpg      418.585070      161.892561      584.488118      139.528408      608.217682      309.243332      412.542387      301.258295
frame00172.jpg      418.384992      158.623690      584.540510      139.366587      609.194248      310.433817      411.574685      299.338036
frame00173.jpg      415.974412      158.022938      586.872897      134.791346      611.020781      311.010559      410.126814      297.748920
frame00174.jpg      413.875496      155.913474      588.034946      129.819869      614.064547      311.294766      408.915636      296.122011
frame00175.jpg      413.567557      152.658434      589.373405      127.718582      615.898991      311.201750      408.822094      294.429740
frame00176.jpg      413.153280      152.208088      590.192371      127.035477      616.191440      311.137239      407.781103      294.408817
frame00177.jpg      409.723506      150.684106      590.460779      124.808427      618.094014      312.244252      404.779397      293.352796
frame00178.jpg      404.932480      152.308528      590.548905      121.823239      620.260000      312.902559      400.858523      294.609388
frame00179.jpg      400.193726      155.657968      590.269923      117.831756      622.110840      313.971554      397.625120      297.347624
frame00180.jpg      397.319503      159.239364      590.137223      114.572697      623.018743      314.141886      396.345048      301.244708
frame00181.jpg      394.682944      163.463977      589.997099      112.091490      624.631056      314.251617      394.781183      306.043777
frame00182.jpg      390.970971      167.947225      589.936478      109.399711      626.531038      316.125793      389.852505      310.912754
frame00183.jpg      384.361029      172.314503      589.518388      104.942278      632.877989      322.471114      380.786314      314.779593
frame00184.jpg      374.753162      177.447973      590.560899       96.685717      648.403343      332.555726      369.351686      317.373381
frame00185.jpg      365.298105      181.724701      590.934576       89.310405      667.031887      343.553085      358.923045      319.817125
frame00186.jpg      358.387009      184.904859      591.457294       83.938115      684.757102      353.065473      351.266856      322.026909
frame00187.jpg      352.052466      187.809744      592.912614       79.276162      698.311004      359.433221      345.140281      323.781008
frame00188.jpg      346.468541      187.772846      591.149527       76.933421      718.645935      369.235990      338.589941      323.385550
frame00189.jpg      341.413422      185.445987      589.838185       73.185327      744.821653      383.257574      331.438239      321.752067
frame00190.jpg      336.290350      183.535104      589.499304       70.000857      763.446292      392.879444      326.267458      319.408420
frame00191.jpg      331.699473      179.010900      585.797718       67.679091      791.075519      408.106580      319.513656      316.173750
frame00192.jpg      326.717075      176.952956      584.197416       63.477997      815.939305      420.466287      314.016620      314.971061
frame00193.jpg      321.573579      174.836486      581.402272       59.868771      844.081882      434.904099      308.437654      313.386037
frame00194.jpg      317.185027      172.780724      580.251503       53.469881      871.511022      449.891054      303.372870      311.842262
frame00195.jpg      312.542867      170.083359      579.591022       48.367120      885.750425      458.413094      299.041119      309.426942
frame00196.jpg      308.135050      168.938125      578.248944       43.452919      882.725422      458.179965      295.956738      308.960876
frame00197.jpg      303.277586      169.159357      577.329224       42.001196      884.743646      457.230480      291.736135      309.181524
frame00198.jpg      296.741197      171.139497      576.849378       38.606263      886.633969      455.249683      287.202501      311.346349
frame00199.jpg      292.494690      174.683207      573.894075       35.448054      898.512313      456.615627      281.845451      315.504096
frame00200.jpg      290.588206      175.868747      570.246454       34.243948      909.427017      458.749516      279.637192      317.453342
frame00201.jpg      289.533859      178.362127      570.684547       30.428279      910.179848      455.384684      278.837716      320.376077
frame00202.jpg      289.175752      180.416223      569.587364       29.291201      910.298115      452.599079      277.847350      323.113638
frame00203.jpg      288.181501      183.199836      569.919219       26.588389      897.376754      442.618396      277.944560      327.385340
frame00204.jpg      287.744971      183.599804      570.422629       26.050888      888.345341      438.268549      277.604452      328.594324
frame00205.jpg      287.554236      183.824434      570.417734       26.113239      875.455274      432.049546      277.753522      330.253236
frame00206.jpg      287.335016      184.121638      570.950729       26.136356      864.057148      426.756205      277.717679      331.885567
frame00207.jpg      287.098846      184.771877      571.390181       25.864033      856.714544      422.025046      277.936762      333.688440
frame00208.jpg      287.028891      185.278126      571.739960       25.874882      849.992160      417.910375      277.814965      335.518350
frame00209.jpg      286.625740      186.351807      573.144457       25.512256      842.365878      412.649490      277.891857      337.777069
frame00210.jpg      286.346220      187.000229      573.246836       25.061424      837.341071      410.019872      277.814066      339.617081
frame00211.jpg      284.041331      188.608514      573.601390       24.043189      832.199909      404.827195      276.949040      342.453735
frame00212.jpg      277.016873      191.706982      573.410069       22.198738      832.004824      401.914560      273.774703      346.513506
frame00213.jpg      270.303662      203.183308      566.880331       26.435175      840.542608      397.808804      269.199473      359.991742
frame00214.jpg      266.991808      209.839199      563.413886       31.083450      840.953261      393.268342      266.111575      368.073460
frame00215.jpg      266.801925      214.567648      549.997673       46.221672      838.713866      391.664940      263.094660      375.585470
frame00216.jpg      266.888142      214.965882      548.872204       46.957919      835.565140      390.917480      263.048066      376.702245
frame00217.jpg      267.006686      214.917153      547.933645       47.925919      831.184405      390.219358      262.874863      377.472538
frame00218.jpg      266.958554      214.808360      547.168523       48.828001      827.158928      389.327536      262.558388      378.262437
frame00219.jpg      263.883725      216.539491      544.398319       51.698183      816.953272      386.210715      259.880844      382.352946
frame00220.jpg      258.627232      221.020809      539.686836       57.277272      812.438444      384.248957      254.972655      388.853604
frame00221.jpg      254.210551      226.386370      530.775666       64.922606      808.732771      382.456052      249.350329      397.327927
frame00222.jpg      250.175603      232.668688      521.276003       74.148709      804.672782      380.795975      244.667046      406.499593
frame00223.jpg      248.294508      236.746082      510.763446       85.217240      796.802442      379.500969      240.269325      414.367472
frame00224.jpg      247.177323      239.926257      506.210840       89.442495      790.993700      377.929638      238.897640      419.736860
frame00225.jpg      246.595784      244.072697      501.309305       93.695100      784.893077      374.190813      237.969126      426.226672
frame00226.jpg      245.839711      246.670633      496.201565       98.568944      774.922705      369.715268      236.588294      431.149646
frame00227.jpg      244.797845      246.877015      493.821084      101.279974      768.575978      368.552172      235.154354      432.359948
frame00228.jpg      243.727918      244.792876      488.969432      108.663837      741.690558      368.827973      232.791954      432.243349
frame00229.jpg      243.694787      241.018923      486.255579      114.085113      716.563940      372.481256      229.371294      429.699576
frame00230.jpg      242.170154      236.125481      484.185516      118.273593      675.951679      379.120808      224.776360      425.200328
frame00231.jpg      235.742372      231.709637      476.339252      124.455124      628.249455      381.317147      218.194780      423.534175
frame00232.jpg      229.699462      228.457241      470.880284      128.136275      598.413495      383.191099      215.774714      420.754974
frame00233.jpg      226.386577      225.488833      467.388771      133.112869      574.670913      385.318376      213.046461      419.196144
frame00234.jpg      223.213373      220.837918      463.548349      140.907684      551.443819      387.826723      210.593432      414.133885
frame00235.jpg      218.913789      216.965604      454.367171      148.025611      524.967623      386.487308      207.568186      415.030950
frame00236.jpg      213.754272      217.975909      449.851031      149.550961      521.175767      386.297458      203.032239      414.822455
frame00237.jpg      209.092601      215.943757      442.914262      154.736688      506.800591      384.635429      198.291449      414.695986
frame00238.jpg      205.384062      211.665681      438.058144      161.428147      494.389535      384.164544      194.693990      409.830659
frame00239.jpg      201.473748      206.716844      433.453821      164.965979      481.713669      380.051824      191.797646      405.370299
frame00240.jpg      198.037104      200.408113      429.622829      164.319158      470.697569      375.023097      190.958363      399.766446
frame00241.jpg      196.926390      193.792058      426.773463      169.637795      450.383285      369.455711      195.635134      394.309527
frame00242.jpg      196.189107      191.034426      431.475025      173.336330      441.152644      361.705739      204.837154      386.707242
frame00243.jpg      201.397450      192.181097      435.653327      175.375978      444.970498      363.711646      207.946429      389.003700
frame00244.jpg      209.066261      193.628692      433.944185      183.033308      440.542902      359.032359      214.482000      396.157786
frame00245.jpg      218.116557      188.944888      433.482932      193.455353      438.355709      354.305691      221.901117      400.504672
frame00246.jpg      222.329309      181.399823      433.261538      197.543709      436.390291      349.023407      228.409580      398.483166
frame00247.jpg      224.095782      179.699293      433.455997      197.629192      435.612044      347.512085      230.905443      397.911000
frame00248.jpg      225.149550      178.717929      433.423304      198.100960      435.191638      347.243222      230.488674      398.430939
frame00249.jpg      227.750280      174.566848      433.196109      203.309422      433.859591      343.972640      229.548569      402.875010
frame00250.jpg      232.699264      170.607174      434.774988      209.319033      432.644355      341.195461      234.992309      406.087945
frame00251.jpg      237.565342      163.864259      436.766661      214.203122      431.892476      338.801217      239.849917      407.291598
frame00252.jpg      240.956442      154.639868      437.975998      215.857901      432.121602      337.070335      244.387623      406.301683
frame00253.jpg      243.676769      147.326771      438.449088      215.076968      432.712861      336.359002      245.730093      408.070708
frame00254.jpg      246.091802      143.506784      438.788643      214.044479      433.013535      336.228941      246.085628      409.838409
frame00255.jpg      247.492241      137.602870      439.362870      212.553444      434.145891      335.970681      243.402925      415.619880
frame00256.jpg      251.103769      134.786667      440.087976      212.792323      434.418254      335.679295      241.552772      420.157392
frame00257.jpg      256.179215      130.289827      441.194822      214.105194      435.146883      335.118526      238.999327      427.966208
frame00258.jpg      259.516006      127.107259      441.815564      215.051146      436.181202      334.813965      236.970556      437.466783
frame00259.jpg      260.705115      127.051328      442.367835      214.917095      437.463766      334.942076      233.967394      445.640863
frame00260.jpg      260.506401      127.148010      442.334361      214.719093      437.609506      335.040231      234.173280      445.677024
frame00261.jpg      258.690506      127.281722      442.170397      213.628820      438.339174      335.585631      236.149446      445.199932
frame00262.jpg      258.368914      128.423186      442.167216      213.070668      438.885905      335.863655      237.943275      444.402052
frame00263.jpg      260.215585      128.724617      442.767454      213.940705      439.690490      335.735933      234.285794      449.128708
frame00264.jpg      260.510585      128.084481      443.047321      214.213675      439.844313      335.599908      234.234261      449.953736
frame00265.jpg      261.943638      126.907412      443.802510      214.657355      440.384977      335.263783      234.241714      451.591453
frame00266.jpg      262.428165      126.485803      444.199988      214.766690      440.699320      335.095984      234.495834      451.893536
frame00267.jpg      267.338956      133.449473      446.827276      213.012948      444.756274      335.091698      233.504423      451.878333
frame00268.jpg      272.515587      141.082889      449.935766      208.678719      450.175474      336.325987      232.847135      451.449925
frame00269.jpg      278.528582      148.293522      453.492552      205.382742      458.250536      337.705702      225.143117      449.390103
frame00270.jpg      287.717310      158.211137      458.060167      202.294156      471.214682      339.791102      215.973457      440.823205
frame00271.jpg      293.205345      168.228002      466.234074      199.708231      487.328170      343.428929      211.078948      427.505625
frame00272.jpg      294.193063      174.972783      477.711896      195.193860      507.397040      350.060209      217.722630      411.622937
frame00273.jpg      292.274801      177.453838      493.235562      185.985453      524.610675      358.469062      235.641112      392.898229
frame00274.jpg      287.588855      174.979723      506.590093      178.062342      528.910352      363.357681      257.775633      375.691734
frame00275.jpg      281.105403      167.813360      520.345955      166.313795      520.143405      362.337172      280.533556      361.213633
frame00276.jpg      280.920451      166.142932      520.283694      165.753819      519.398132      361.884122      279.939515      359.604722
frame00277.jpg      280.308955      165.104855      519.695103      165.524304      518.327613      361.680706      278.570593      358.795192
frame00278.jpg      277.981264      165.057010      517.481922      165.521456      515.947926      361.545451      275.958879      359.059952
frame00279.jpg      275.199457      166.098934      514.640735      165.536534      513.454978      361.614201      273.486921      360.320755
frame00280.jpg      272.998076      167.386347      512.122616      166.081568      511.384787      361.746435      272.045030      361.061843
frame00281.jpg      271.223485      167.326010      510.000421      165.889774      509.148104      361.068850      269.778732      360.728255
frame00282.jpg      267.477385      166.710165      506.087768      165.337864      504.273340      360.064739      263.995930      359.710403
frame00283.jpg      262.354917      165.000801      500.637911      164.616335      498.187502      358.966362      258.555180      357.682310
frame00284.jpg      256.644409      161.575738      494.400281      164.223057      491.429918      357.999614      252.474812      354.436479
frame00285.jpg      250.796170      160.402794      488.297518      163.329492      485.633901      356.917985      247.151301      353.413128
frame00286.jpg      246.470244      159.875102      483.643545      162.504200      481.481678      355.927427      244.019506      352.824356
frame00287.jpg      243.138461      160.002246      480.303727      161.906253      478.445503      355.251160      241.016449      353.072652
frame00288.jpg      239.651976      160.046138      476.651597      161.807838      474.944365      354.946864      237.323396      352.943431
frame00289.jpg      235.921321      159.739674      472.787974      161.734537      471.154972      354.737422      233.513062      352.604740
frame00290.jpg      232.632648      160.060955      469.369166      161.722630      468.181741      354.760250      230.749965      353.146063
frame00291.jpg      230.476101      161.241867      466.833149      162.938133      465.613301      355.827282      228.247009      354.237619
frame00292.jpg      228.368233      162.681029      464.424720      165.078875      463.261781      357.949423      226.051708      355.630257
frame00293.jpg      227.532537      164.591321      463.192662      167.119868      462.190143      359.656309      225.124545      356.988800
frame00294.jpg      227.874909      167.312831      463.029766      169.353986      462.574317      361.759349      225.239511      359.494850
frame00295.jpg      231.045937      169.520037      465.689282      171.760603      465.521632      363.780864      228.024050      361.119225
frame00296.jpg      236.359822      170.381045      470.583559      173.853284      469.606432      365.849929      232.206925      361.816922
frame00297.jpg      240.939588      173.443526      474.868965      178.041543      473.027951      370.261397      236.837713      364.919724
frame00298.jpg      244.232773      175.712528      478.335788      182.322080      472.124105      369.342065      239.862395      366.476953
frame00299.jpg      248.602667      177.640521      479.566435      186.539586      468.693395      368.251017      245.396164      369.729703
frame00300.jpg      255.153207      178.140125      481.103908      190.095104      465.671257      366.056345      251.767984      371.514442
frame00301.jpg      264.762606      177.050590      481.227932      196.250346      462.521055      363.122840      257.125069      372.874722
frame00302.jpg      273.404245      174.490220      481.953514      203.664684      459.972151      360.160047      262.946388      373.660768
frame00303.jpg      277.304038      169.499212      482.394942      211.781113      458.667389      356.359073      270.275215      375.172406
frame00304.jpg      275.849301      160.664168      480.490920      221.671902      458.023808      351.979668      278.934068      377.300236
frame00305.jpg      275.886403      150.560742      477.982978      230.420156      457.495838      348.733739      285.583802      380.035725
frame00306.jpg      277.901015      140.846838      477.546984      236.356767      457.083203      346.167842      291.761175      381.935543
frame00307.jpg      278.895809      129.353894      478.628251      240.446080      457.146700      343.984114      296.954350      383.569796
frame00308.jpg      281.844039      121.635138      480.075865      243.605243      457.847894      342.315402      301.456256      383.810645
frame00309.jpg      279.885713      109.292902      482.431881      245.380351      459.012570      340.539540      307.786107      383.410285
frame00310.jpg      282.275031       97.814970      484.757326      247.872505      460.530723      338.831883      309.453475      383.501995
frame00311.jpg      279.963001       82.854505      487.197559      247.934541      462.322177      337.508520      312.736215      382.393199
frame00312.jpg      281.107325       78.092051      487.948085      248.306116      462.819977      337.031482      314.182347      382.065074
frame00313.jpg      280.803263       76.598246      488.225339      248.559535      463.178299      336.827471      314.099814      381.973894
frame00314.jpg      280.778785       76.599414      488.219288      248.627029      463.220295      336.813553      314.060517      381.974401
frame00315.jpg      282.095945       77.261871      487.806976      249.845272      463.661272      336.748653      314.570452      382.094952
frame00316.jpg      280.540410       77.736852      487.735108      250.137483      464.064625      336.775538      314.914032      382.045195
frame00317.jpg      280.041649       87.205650      488.619549      249.181724      465.361208      337.337137      312.602818      381.139723
frame00318.jpg      281.948803      101.789193      489.506179      248.844418      467.209101      339.228174      306.911838      382.819909
frame00319.jpg      288.622409      124.822888      490.194650      248.213534      470.017553      343.043042      295.855498      384.405154
frame00320.jpg      292.620633      141.590189      491.320074      244.178915      472.953477      348.338050      288.524459      382.698823
frame00321.jpg      295.359835      155.883351      493.309716      238.507017      476.970457      354.735084      286.795220      380.297886
frame00322.jpg      296.560079      169.353009      496.667714      231.506230      484.014729      361.515304      284.353053      378.162438
frame00323.jpg      292.287855      172.542603      500.838281      223.145870      489.073457      367.177897      279.395762      375.608205
frame00324.jpg      286.676023      173.420556      507.542972      209.515668      497.393094      374.866130      275.128150      372.946753
frame00325.jpg      283.237858      176.066219      516.846051      191.822225      509.305423      380.478709      276.139744      370.681240
frame00326.jpg      280.650132      175.118425      518.420267      186.701816      512.322954      380.785650      274.087462      367.944914
frame00327.jpg      278.237761      172.473777      516.158749      182.284465      510.691733      376.282215      272.328989      364.969841
frame00328.jpg      274.086976      169.069180      512.109865      177.127230      507.068479      371.376372      268.880873      362.211463
frame00329.jpg      269.517383      167.554273      507.506316      174.334919      503.121520      368.460935      264.793868      360.466885
frame00330.jpg      264.886451      164.519046      502.867374      170.598942      498.722072      364.582514      260.327000      357.271739
frame00331.jpg      259.650311      161.273551      497.564432      166.785457      493.517602      360.814840      254.730692      354.139112
frame00332.jpg      251.953260      158.085002      489.840492      163.347991      485.540548      357.411754      246.115644      351.220987
frame00333.jpg      243.319407      156.088417      481.734846      160.470663      478.029874      354.798051      238.711006      349.811447
frame00334.jpg      236.342113      153.211158      474.903241      156.711654      471.895527      350.765282      231.939085      346.737756
frame00335.jpg      228.727107      150.528734      467.767926      153.484265      465.055073      348.084275      224.420742      345.117988
frame00336.jpg      220.319197      148.155208      459.970317      150.146481      457.966564      344.968324      216.800562      343.158531
frame00337.jpg      212.974562      144.701682      453.612695      147.195099      451.473141      342.626315      209.989029      340.545832
frame00338.jpg      207.279067      142.060635      448.792178      144.187252      447.338723      340.064543      205.536225      338.651795
frame00339.jpg      204.762697      138.574980      447.287006      139.720965      446.693728      336.341558      204.260916      335.737636
frame00340.jpg      202.109349      136.925476      445.509208      136.077621      445.110981      333.738654      201.685134      335.255241
frame00341.jpg      197.171102      137.283817      441.649142      134.697253      442.065618      333.000478      197.769761      336.463440
frame00342.jpg      193.636705      134.900927      438.967904      133.402554      439.185789      332.168107      194.109917      334.563076
frame00343.jpg      191.721036      132.737572      437.884445      132.216985      438.177352      331.872671      192.434035      333.543228
frame00344.jpg      191.810260      131.872473      438.716702      131.420808      439.420669      331.520337      192.988104      333.076444
frame00345.jpg      195.005076      130.208929      442.440175      130.968090      443.191324      331.741001      196.153734      332.043468
frame00346.jpg      199.215728      130.224037      447.411326      130.836863      448.147130      332.389405      200.712591      332.993104
frame00347.jpg      203.865746      132.403029      452.796553      133.387663      453.126386      336.020246      205.320575      336.113254
frame00348.jpg      208.837450      134.590931      458.075775      136.067334      458.557638      338.739767      210.240329      338.375979
frame00349.jpg      216.475658      135.270772      466.166626      137.266947      466.938423      339.928501      217.447571      338.848476
frame00350.jpg      228.169273      136.272284      477.660730      138.216140      479.161273      341.337948      228.711401      339.512082
frame00351.jpg      240.066376      136.704291      489.027373      139.966566      490.050691      342.900166      239.683161      339.821433
frame00352.jpg      250.645915      137.476005      499.146316      141.337528      499.419414      344.284991      248.702005      340.024799
frame00353.jpg      261.022794      140.305864      508.151161      143.669011      509.873389      345.512373      256.727052      342.545588
frame00354.jpg      273.345643      144.098054      519.110980      145.387205      522.802470      346.333113      268.922542      344.864126
frame00355.jpg      284.358336      147.708736      530.083459      145.989728      533.887471      347.155496      281.354214      348.165086
frame00356.jpg      295.093155      152.370332      539.668824      148.123916      543.975489      350.263640      292.738370      352.283884
frame00357.jpg      302.238359      159.324571      546.964318      153.949562      549.896778      356.241289      302.288118      358.725682
frame00358.jpg      305.501743      169.612687      549.368056      162.510967      552.225069      364.601679      306.305800      368.711471
frame00359.jpg      306.938235      182.118928      549.656986      174.600454      552.294472      376.069915      307.877185      379.962207
frame00360.jpg      306.699731      192.537202      548.485168      183.567109      551.613670      383.513917      308.431484      388.910142
frame00361.jpg      306.970687      200.183102      547.876826      189.183612      552.354932      388.098998      309.996495      395.474636
frame00362.jpg      309.120501      204.340485      549.383569      191.938061      554.585651      390.068703      312.973666      398.961234
frame00363.jpg      311.489366      208.401021      551.346380      194.737977      556.942056      392.580067      316.123955      402.526756
frame00364.jpg      313.956476      210.183753      553.453938      196.090293      559.225218      393.509356      318.800258      403.763816
frame00365.jpg      315.785213      211.808870      555.005028      198.356746      560.215427      395.724863      320.330762      405.484704
frame00366.jpg      316.581786      214.734835      555.319207      201.767641      560.289077      398.792701      320.761567      408.301626
frame00367.jpg      316.769980      216.448443      555.224614      204.132756      560.082107      400.250110      321.165701      409.421941
frame00368.jpg      317.927617      215.292677      556.019622      204.062683      559.988731      399.372866      322.521255      408.333695
frame00369.jpg      319.762419      213.887175      557.300999      203.149659      557.930562      397.407499      324.763057      407.384474
frame00370.jpg      320.837832      212.017645      553.108662      208.826742      552.606876      393.304928      326.911598      407.456004
frame00371.jpg      323.256150      211.740850      550.650182      213.149792      546.353061      390.078430      330.238212      409.434290
frame00372.jpg      329.191570      213.172634      550.123392      218.419828      543.184990      388.096124      331.294566      412.266886
frame00373.jpg      334.880535      212.303186      551.413904      222.044317      539.954282      386.283834      337.859853      411.964266
frame00374.jpg      340.882013      209.406479      552.091726      228.117636      541.477524      383.846167      344.760498      413.615833
frame00375.jpg      345.734572      203.793346      554.786031      236.614648      547.241088      381.737272      353.103759      410.996280
frame00376.jpg      352.066059      196.976988      555.108498      240.978283      547.027914      379.798952      358.061198      409.659354
frame00377.jpg      361.326542      193.888479      554.949800      241.902423      546.511810      379.248841      360.816615      410.113659
frame00378.jpg      371.682623      196.907391      554.809211      242.387261      546.641240      379.644258      360.719594      412.015834
frame00379.jpg      373.219083      197.464568      554.883853      241.478833      547.005475      380.074432      357.661754      417.545354
frame00380.jpg      372.564484      198.232416      555.101758      240.947042      547.195891      380.221061      358.722717      417.088336
frame00381.jpg      372.174314      198.561183      555.201540      240.671584      547.280264      380.288399      359.232262      416.953681
frame00382.jpg      371.585408      199.033501      555.377120      240.256291      547.400305      380.382656      360.228608      416.551977
frame00383.jpg      371.562987      199.048284      555.380614      240.241720      547.410177      380.389770      360.228349      416.564950
frame00384.jpg      371.541513      199.061304      555.383076      240.230244      547.420434      380.396634      360.214089      416.585597
frame00385.jpg      371.520411      199.075063      555.385513      240.218889      547.430756      380.403536      360.199322      416.606714
frame00386.jpg      371.499536      199.089325      555.387993      240.207523      547.441100      380.410386      360.184446      416.628004
frame00387.jpg      371.478194      199.102572      555.390530      240.196121      547.451414      380.417186      360.169828      416.649234
frame00388.jpg      371.455767      199.115036      555.393162      240.184421      547.461740      380.424054      360.155730      416.669643
frame00389.jpg      371.433737      199.127432      555.395512      240.172964      547.472099      380.431011      360.141607      416.689752
frame00390.jpg      371.412239      199.140371      555.397887      240.161465      547.482436      380.437901      360.127742      416.709834
frame00391.jpg      371.390449      199.153368      555.400340      240.149710      547.492800      380.444847      360.113645      416.730061
frame00392.jpg      371.368873      199.166470      555.402707      240.138057      547.503137      380.451755      360.099680      416.750318
frame00393.jpg      371.347231      199.179545      555.404957      240.126519      547.513478      380.458626      360.085630      416.770597
frame00394.jpg      371.325386      199.192445      555.407251      240.114906      547.523880      380.465516      360.071676      416.790652
frame00395.jpg      371.303625      199.204945      555.409619      240.103387      547.534228      380.472485      360.057279      416.811012
frame00396.jpg      371.282155      199.218357      555.412058      240.091677      547.544628      380.479484      360.043348      416.831312
frame00397.jpg      371.260077      199.231087      555.414531      240.080044      547.555004      380.486405      360.029167      416.851564
frame00398.jpg      371.238388      199.243768      555.417122      240.068394      547.565401      380.493451      360.015295      416.871495
frame00399.jpg      371.216612      199.256525      555.419739      240.056744      547.575791      380.500342      360.001167      416.891733
frame00400.jpg      371.195441      199.269647      555.422293      240.045489      547.586213      380.507306      359.986914      416.911932
frame00401.jpg      371.173438      199.282571      555.424727      240.034170      547.596612      380.514192      359.972751      416.932163
frame00402.jpg      371.151356      199.295754      555.427159      240.022635      547.607002      380.521126      359.958581      416.952448
frame00403.jpg      371.129214      199.308450      555.429630      240.011014      547.617396      380.528049      359.944254      416.972974
frame00404.jpg      371.107112      199.321015      555.432072      239.999391      547.627744      380.534960      359.930108      416.993387
frame00405.jpg      371.085109      199.333698      555.434511      239.987838      547.638054      380.541867      359.916033      417.013763
frame00406.jpg      371.063349      199.346464      555.436992      239.976273      547.648404      380.548809      359.901579      417.034290
frame00407.jpg      371.041650      199.359408      555.439413      239.964700      547.658801      380.555789      359.887218      417.054841
frame00408.jpg      371.020270      199.372362      555.441832      239.953171      547.669180      380.562687      359.872979      417.075102
frame00409.jpg      370.999487      199.385316      555.444626      239.941871      547.679633      380.569472      359.857512      417.095926
frame00410.jpg      370.975663      199.393826      555.448544      239.930440      547.689776      380.575917      359.842322      417.115586
frame00411.jpg      370.945133      199.401967      555.452623      239.915925      547.700267      380.583296      359.832762      417.130798
frame00412.jpg      370.928885      199.428849      555.454843      239.900599      547.711370      380.592260      359.826960      417.145805
frame00413.jpg      370.917742      199.459768      555.456762      239.885816      547.721564      380.600600      359.823176      417.162902
frame00414.jpg      370.915590      199.498241      555.458126      239.870289      547.731988      380.609274      359.820488      417.177649
frame00415.jpg      370.909161      199.533644      555.459888      239.855148      547.742266      380.617652      359.817813      417.193192
frame00416.jpg      370.908903      199.574426      555.461209      239.839700      547.752589      380.626935      359.814707      417.208770
frame00417.jpg      370.907784      199.614810      555.462322      239.824163      547.761949      380.636279      359.815003      417.223584
frame00418.jpg      370.908265      199.656060      555.462921      239.809841      547.770330      380.645174      359.813417      417.241315
