frame ulx uly urx ury lrx lry llx lly
frame00001.jpg       81.940002      119.000000      515.030029      118.980003      515.030029      373.000000       82.041000      372.980011
frame00002.jpg       79.929141      122.390734      512.795056      122.136622      513.274054      374.725012       80.156643      375.499382
frame00003.jpg       78.512733      123.604446      511.149470      123.209172      512.632511      375.402998       79.317045      376.462877
frame00004.jpg       78.330378      124.728427      510.664006      124.207135      512.778826      376.154868       79.179600      377.451518
frame00005.jpg       78.057225      125.647090      510.271157      124.951970      512.444369      376.750090       79.068935      378.359824
frame00006.jpg       77.892064      126.339438      509.976654      125.349700      512.514211      376.555705       79.207488      378.515696
frame00007.jpg       78.174400      126.416168      510.164228      125.375365      512.796375      377.510924       79.400997      379.450696
frame00008.jpg       78.712332      128.362635      510.354835      126.991003      513.215757      378.738150       79.831157      380.774108
frame00009.jpg       78.419740      128.975155      509.985338      127.595820      512.800816      379.536400       79.269799      381.917858
frame00010.jpg       78.171462      130.968415      509.527639      129.654884      512.597105      381.247969       79.137938      383.804722
frame00011.jpg       78.183068      131.527123      509.530304      130.220346      512.951616      381.688143       79.434523      384.270641
frame00012.jpg       79.331428      132.612413      510.366459      131.531519      514.183798      383.993077       80.292068      386.083898
frame00013.jpg       80.582948      134.185173      511.613687      133.435823      515.018669      384.604667       81.446689      386.400001
frame00014.jpg       81.489682      133.418034      512.415386      132.975441      515.511359      384.212612       81.797284      385.449386
frame00015.jpg       82.158669      133.717076      512.989336      133.703219      515.618091      385.984236       81.673647      386.677791
frame00016.jpg       82.034642      134.841771      512.811497      135.283475      515.161676      386.591515       81.190295      387.086804
frame00017.jpg       81.662122      135.043517      512.402203      135.517654      515.247383      387.487240       80.929487      388.038594
frame00018.jpg       82.053213      136.152456      512.804003      136.611963      515.733462      388.040688       81.524257      388.524160
frame00019.jpg       82.603469      136.382298      513.218655      136.686709      516.257311      388.109261       82.028065      388.675106
frame00020.jpg       82.578816      136.407606      513.296945      136.566780      516.121091      387.413447       81.971821      388.227627
frame00021.jpg       82.333342      135.375085      513.155813      135.561161      515.999481      386.729975       81.666200      387.366922
frame00022.jpg       81.976565      134.624126      513.142036      134.803637      515.767076      385.719672       81.441877      386.421097
frame00023.jpg       81.810574      133.106478      513.083130      133.568070      515.655550      384.687764       81.487041      385.260601
frame00024.jpg       81.985261      133.159489      513.489260      133.778870      516.074530      385.813823       81.334253      386.222253
frame00025.jpg       81.555456      133.590782      513.553075      134.221915      515.960146      385.940127       80.856347      386.441402
frame00026.jpg       81.337881      133.767978      513.269784      134.369994      515.730873      386.279146       81.245332      386.769118
frame00027.jpg       81.707736      134.361257      512.998749      135.132884      515.118854      386.269646       81.519318      386.802775
frame00028.jpg       82.195776      134.720122      512.772541      135.397702      515.127468      386.089396       82.147666      386.676152
frame00029.jpg       83.141134      134.790913      513.000675      135.452486      515.889284      385.669147       83.083894      386.277328
frame00030.jpg       83.954979      134.783232      513.998334      135.150753      517.203632      385.909908       84.055408      386.492002
frame00031.jpg       84.634917      134.704942      515.089502      134.667121      518.039868      385.459791       84.388551      386.115543
frame00032.jpg       84.564284      133.719240      515.515794      133.646883      518.316908      384.983753       84.905184      385.762492
frame00033.jpg       85.353201      134.082985      516.252084      134.033399      518.881366      385.761609       85.606958      386.119671
frame00034.jpg       85.841897      134.385859      516.627911      134.458648      519.346633      385.707644       86.057065      386.242597
frame00035.jpg       86.698469      134.372591      517.428931      134.321832      519.920120      385.726913       87.155589      385.965827
frame00036.jpg       88.447052      134.461409      518.642798      134.498161      522.198911      386.108284       88.969185      385.972733
frame00037.jpg       91.073167      135.221865      520.825313      135.107547      523.978568      387.035551       91.401686      386.406983
frame00038.jpg       92.780192      135.729909      522.301173      135.463771      525.303113      387.021702       92.695262      386.268491
frame00039.jpg       93.890604      136.198319      523.191148      135.736579      525.947137      387.807054       93.667431      386.855376
frame00040.jpg       94.654845      137.500369      523.519179      136.889500      526.527749      389.099741       94.112734      388.341332
frame00041.jpg       95.208488      139.259397      523.556222      138.295993      526.886367      390.618289       94.367968      390.102979
frame00042.jpg       95.429704      141.390005      523.366884      140.083597      526.610087      392.078200       94.523077      391.902674
frame00043.jpg       94.859159      142.776156      522.347765      141.243060      525.845353      392.899881       93.563477      393.139371
frame00044.jpg       94.619449      145.003816      520.995082      142.952308      525.703627      395.800285       92.811983      396.512245
frame00045.jpg       94.818950      149.660267      520.500995      146.998569      525.891458      399.132748       93.270412      400.526526
frame00046.jpg       94.856567      151.526647      519.920782      148.591875      525.964721      399.466604       93.583762      401.068180
frame00047.jpg       95.398446      152.820193      519.925651      149.458085      526.640066      400.528908       94.267761      402.526807
frame00048.jpg       96.033668      154.191438      520.124910      150.228140      526.700368      400.483405       94.965571      402.999831
frame00049.jpg       96.253433      154.506828      519.975815      149.916240      527.043101      400.033602       95.235031      403.080524
frame00050.jpg       96.322421      154.410434      519.723275      149.393717      526.807883      398.819914       95.310735      402.337994
frame00051.jpg       95.573819      152.486640      519.119075      147.056684      526.321925      395.600063       94.797222      399.455517
frame00052.jpg       95.589436      149.933901      519.122513      144.362697      526.974778      393.194798       95.829381      397.136723
frame00053.jpg       96.738101      147.996385      520.037164      142.057705      527.753757      390.589226       96.927288      394.496584
frame00054.jpg       97.458760      145.890218      520.579110      139.518801      528.429168      388.518329       97.902759      392.754692
frame00055.jpg       97.937824      144.907913      521.287647      137.990151      529.355894      387.513697       99.088178      392.201521
frame00056.jpg       98.701408      145.071467      521.885244      137.380679      530.075635      387.158622       99.880445      392.273774
frame00057.jpg       98.692421      145.189024      521.731580      136.621889      530.389996      386.488461      100.116841      392.531324
frame00058.jpg      100.216889      146.934236      522.327518      137.477653      532.808937      389.353912      101.472246      395.997807
frame00059.jpg      101.457381      153.104871      525.089393      142.874667      531.168070      386.256105      108.372031      393.852342
frame00060.jpg      105.685108      155.537333      525.759618      145.341059      537.523069      396.392297      106.246129      402.158163
frame00061.jpg      107.252138      155.989780      527.093172      145.473282      539.198932      395.746944      108.818368      402.168435
frame00062.jpg      111.596395      157.945890      530.055208      146.603448      543.568381      398.284380      112.442790      404.121856
frame00063.jpg      114.854542      160.427681      533.022044      148.751666      546.074716      399.259231      115.599626      405.000413
frame00064.jpg      116.135864      160.383060      533.565451      147.683324      546.104877      396.982999      115.787387      403.372346
frame00065.jpg      115.694378      159.716962      532.529595      145.983715      545.758586      395.223541      116.224050      402.747926
frame00066.jpg      115.960228      159.783292      531.835900      144.935442      546.052376      394.463658      116.992342      402.939467
frame00067.jpg      116.540657      161.510430      531.420682      145.591186      546.386642      394.904856      117.894210      404.523599
frame00068.jpg      116.547859      162.618846      530.424806      145.380997      545.929581      392.772569      117.982143      403.974916
frame00069.jpg      115.921492      161.827018      528.875575      142.760045      545.024906      388.785529      117.658527      401.902662
frame00070.jpg      114.502208      160.180975      526.687408      139.498876      544.086067      386.017502      117.574087      401.011023
frame00071.jpg      113.940022      160.674201      525.176128      138.521745      543.422641      384.043876      117.879164      400.734200
frame00072.jpg      112.920868      159.678585      523.166974      135.634881      542.395105      380.281461      116.749397      399.033691
frame00073.jpg      111.045556      159.589844      520.798865      133.921636      540.655961      378.866954      116.538239      399.676088
frame00074.jpg      109.624357      160.775016      518.166523      133.335798      539.431717      376.862812      115.858325      399.963137
frame00075.jpg      108.879705      160.977081      516.225410      131.478819      539.439820      374.120045      116.479867      399.207506
frame00076.jpg      109.398287      160.671393      515.571436      129.374933      540.144221      371.719214      118.235911      398.393936
frame00077.jpg      110.599087      160.402182      515.611876      127.662728      541.153366      369.017090      119.967443      396.921307
frame00078.jpg      111.764970      159.513522      515.822091      125.370324      542.197983      366.839498      121.585805      395.751575
frame00079.jpg      112.728300      159.447793      515.835636      123.871374      542.602823      364.599770      122.995374      394.668582
frame00080.jpg      113.387910      158.611150      515.502376      121.532374      543.011382      361.819991      124.181048      393.240158
frame00081.jpg      114.021576      158.812959      515.002329      120.161849      543.370402      360.609025      125.210753      393.322209
frame00082.jpg      113.920241      159.710667      513.887070      119.868765      542.321472      359.403963      124.953958      393.556791
frame00083.jpg      112.658854      160.729725      511.583734      119.549640      540.910414      358.837700      124.078989      394.628060
frame00084.jpg      111.364280      161.682322      509.212571      119.531377      539.400009      357.683218      122.840453      394.665350
frame00085.jpg      110.135642      162.352467      507.019207      119.192533      538.238928      356.993637      122.512486      395.281020
frame00086.jpg      109.755495      162.624450      505.656488      118.597205      537.386941      355.225578      122.215083      394.432250
frame00087.jpg      108.841611      162.173018      503.870385      117.183425      536.087518      353.138131      121.411659      393.603099
frame00088.jpg      108.145042      162.483780      502.251005      116.377186      535.635725      352.650337      121.563898      394.277229
frame00089.jpg      108.323049      163.617566      501.366743      116.618017      535.280271      351.701450      121.866143      394.365232
frame00090.jpg      107.918154      163.739404      500.098489      115.789369      534.488424      349.997114      121.497168      393.675119
frame00091.jpg      106.908085      163.248104      498.282520      114.351936      533.324939      348.315117      121.011795      393.258550
frame00092.jpg      106.897717      164.491969      497.065456      114.579214      533.201967      348.285579      121.826560      394.260501
frame00093.jpg      107.955627      165.418187      496.975014      114.884505      533.837651      347.709338      123.449954      394.295664
frame00094.jpg      109.920614      165.344667      497.891105      114.608161      535.447984      346.444602      125.425566      393.188212
frame00095.jpg      112.095848      165.472882      499.100919      114.074650      536.678623      345.992198      127.399511      392.964906
frame00096.jpg      113.523955      165.638734      499.782290      113.776794      537.642828      344.827401      128.488264      392.140435
frame00097.jpg      115.061913      165.567291      500.429345      113.230115      539.077096      344.167543      130.516073      391.833857
frame00098.jpg      117.357811      165.572633      501.947097      112.786122      540.912893      343.296668      132.831328      391.051943
frame00099.jpg      119.699643      166.622289      503.302815      113.114553      542.694464      343.773991      134.930257      392.255627
frame00100.jpg      120.979942      168.598066      503.689891      114.047571      543.415617      343.901547      135.916634      393.502852
frame00101.jpg      120.617162      170.409232      502.542061      114.580461      543.077555      343.698358      135.802313      395.232218
frame00102.jpg      120.463209      172.908246      501.238982      115.760430      543.436215      344.709216      136.263283      398.002112
frame00103.jpg      120.437089      176.626300      500.225909      117.812311      543.353014      345.718217      136.388135      401.305789
frame00104.jpg      118.411552      179.612325      497.525525      119.029362      541.794947      345.403421      135.227152      403.949799
frame00105.jpg      116.367693      182.016323      494.519069      119.393800      540.623307      344.802414      134.563653      406.185954
frame00106.jpg      115.609241      184.705430      492.361041      120.078852      540.810395      345.211643      135.012711      409.210318
frame00107.jpg      115.733596      189.012616      491.130262      122.367513      541.414334      346.829501      135.507834      413.479384
frame00108.jpg      115.398475      193.096115      489.670807      124.517832      541.011983      347.266404      136.813998      416.264854
frame00109.jpg      116.123367      193.294129      489.312095      123.880121      542.344299      344.631094      138.835647      414.956410
frame00110.jpg      118.482024      193.556503      490.668813      122.825749      544.152211      343.974719      141.634258      415.132991
frame00111.jpg      119.621828      194.285399      490.878751      123.056575      544.559597      343.831864      142.003946      415.579940
frame00112.jpg      119.865312      195.034137      490.370718      123.689947      544.360410      343.749588      142.130230      415.800186
frame00113.jpg      120.582324      195.106584      490.384321      123.791414      544.618378      343.343684      143.003532      415.322733
frame00114.jpg      122.136826      195.169865      491.272301      123.932918      546.122394      343.354063      144.800090      415.139197
frame00115.jpg      124.220720      195.356561      492.922374      124.485061      547.375328      343.433476      146.337304      414.619168
frame00116.jpg      125.670285      194.685020      494.160802      124.056549      548.155404      342.451481      147.519763      412.974109
frame00117.jpg      126.886409      193.021107      495.148571      122.683133      549.019184      341.139511      148.391634      411.248873
frame00118.jpg      128.359494      193.172095      496.217855      123.007257      549.529014      342.314574      148.958035      411.786527
frame00119.jpg      128.533667      193.001338      496.304270      123.759812      549.221908      342.449093      148.100275      411.024587
frame00120.jpg      128.717344      192.961964      496.319832      124.452904      548.622431      344.175634      147.419246      411.717702
frame00121.jpg      128.737220      193.605850      496.531891      126.744633      547.604253      346.093936      146.120426      411.948189
frame00122.jpg      126.649743      192.901321      495.189702      127.899211      544.373793      347.145551      142.407503      411.411140
frame00123.jpg      124.011032      193.095028      492.548815      129.592608      540.603328      350.036154      138.303144      413.066555
frame00124.jpg      122.546993      195.440036      490.801100      134.162438      537.938723      354.275809      135.541183      414.910317
frame00125.jpg      119.821162      194.714802      488.255230      136.222218      533.653563      355.641142      130.608120      413.769925
frame00126.jpg      117.531072      195.065600      485.666590      138.351331      529.718079      359.534599      126.357777      415.692896
frame00127.jpg      115.556046      196.802822      483.340385      143.468411      525.433205      363.998317      122.483833      416.684609
frame00128.jpg      113.743547      196.205552      481.284413      146.777558      521.102244      366.321807      118.541373      414.806455
frame00129.jpg      111.657142      192.902407      479.020236      147.483589      515.824363      366.462147      114.161882      410.568990
frame00130.jpg      109.805744      189.470900      476.811026      147.574970      511.243775      366.882609      110.171341      407.249952
frame00131.jpg      108.819155      187.095652      475.571416      148.774354      507.887403      367.947057      106.970489      404.359606
frame00132.jpg      108.829605      182.800178      475.476471      148.387219      506.473127      367.467700      104.609764      399.197608
frame00133.jpg      110.395008      178.117344      477.734905      146.929858      506.936337      366.642600      105.441979      394.011484
frame00134.jpg      115.294271      172.734028      482.421466      144.833793      510.197032      364.610311      109.105865      385.962252
frame00135.jpg      121.215687      167.229483      488.418655      142.371869      513.241304      363.290593      114.604990      379.625164
frame00136.jpg      127.673320      163.498351      493.960233      142.129837      514.887269      363.361576      117.783923      374.975916
frame00137.jpg      132.175871      159.974066      497.509473      142.197550      515.119251      363.233787      118.378997      370.583488
frame00138.jpg      134.413352      156.408273      499.483257      141.797368      514.276483      363.485214      118.262620      366.921042
frame00139.jpg      136.810931      154.334310      501.387448      142.826385      513.866938      365.201733      118.364121      364.516563
frame00140.jpg      138.636344      152.730463      502.836268      144.420055      512.491354      365.966591      117.951400      361.815582
frame00141.jpg      139.188030      149.872886      502.887702      144.461034      510.504157      365.784223      116.012309      358.328352
frame00142.jpg      139.638202      148.894097      502.671983      145.699100      508.416920      368.486181      114.615089      358.109357
frame00143.jpg      140.110155      149.941315      502.497214      149.543642      506.570482      371.214042      113.478947      357.710669
frame00144.jpg      140.351130      148.776650      502.021135      151.012703      503.866724      372.294900      111.528495      355.890576
frame00145.jpg      139.669213      148.051368      500.712401      152.823811      500.864451      373.919390      108.999309      354.971697
frame00146.jpg      138.828318      147.849384      499.127474      155.038056      497.770961      376.011459      106.235529      354.294874
frame00147.jpg      137.704656      146.974872      497.353102      157.130242      493.785773      376.903053      103.213470      352.140225
frame00148.jpg      136.358571      144.319966      495.504471      157.804047      489.833383      376.995925      100.192207      349.111120
frame00149.jpg      135.851367      142.595766      494.023113      159.039873      486.574304      378.241385       97.532676      346.929367
frame00150.jpg      135.049050      140.379872      492.437075      160.173392      482.682353      377.999299       94.475896      343.193560
frame00151.jpg      134.344421      136.631034      490.947688      159.607554      479.425587      377.007468       92.059288      338.942622
frame00152.jpg      135.633578      135.032186      491.404527      160.411464      478.216539      377.925617       92.283339      336.777966
frame00153.jpg      137.864738      134.389177      492.682836      161.810783      478.552746      379.371370       93.544842      335.530723
frame00154.jpg      141.559219      134.979058      495.478069      164.137613      480.279542      381.111926       96.631407      334.475222
frame00155.jpg      146.068203      134.203745      498.789512      164.763104      482.024535      381.255440       99.852008      332.175345
frame00156.jpg      150.471764      134.253037      502.137942      166.082327      484.413239      383.016446      103.507207      331.527090
frame00157.jpg      155.164073      134.627056      505.669954      167.468703      486.065063      383.825461      106.830732      330.151493
frame00158.jpg      158.795634      134.228953      507.911752      168.112581      486.698749      384.050581      109.094346      328.457580
frame00159.jpg      161.776677      133.805850      509.800780      168.511474      487.159717      384.545016      111.241060      327.248992
frame00160.jpg      164.392141      133.678571      510.878455      169.121328      486.257922      384.261266      112.406443      325.508338
frame00161.jpg      164.571375      132.708622      509.777427      169.201116      482.976379      383.762487      111.335681      323.744004
frame00162.jpg      163.041921      131.099318      506.987464      168.436526      479.010645      382.065649      108.525279      321.059234
frame00163.jpg      161.978791      129.721385      504.645342      168.080289      475.957165      382.034459      107.029935      319.647283
frame00164.jpg      162.280009      130.229691      503.676251      169.317236      474.098059      382.369456      106.726685      318.940270
frame00165.jpg      162.188505      128.569155      502.471191      168.688449      471.807819      380.158897      105.308730      315.656137
frame00166.jpg      161.864760      125.735224      501.257903      166.358375      469.610166      378.223579      104.985693      312.827188
frame00167.jpg      162.081983      124.868968      500.559200      166.078903      467.936944      377.484663      105.113643      311.394577
frame00168.jpg      163.150620      123.963300      500.445608      165.596810      467.210853      376.692109      105.687596      309.569323
frame00169.jpg      164.481991      122.526887      500.442466      164.540924      466.257336      374.684014      105.825575      306.530110
frame00170.jpg      164.615098      120.475255      499.740348      163.148951      464.152371      373.842163      106.047215      304.919951
frame00171.jpg      165.197801      120.973807      499.374509      163.740005      463.680556      373.650116      106.968253      304.425918
frame00172.jpg      167.609913      120.674565      501.030920      163.339986      465.075440      373.505982      109.655267      303.749137
frame00173.jpg      169.371273      121.434039      501.468923      163.917031      464.019523      373.755118      110.146150      303.783735
frame00174.jpg      168.589727      120.859571      499.819579      163.176215      461.791303      371.945334      108.720386      301.935950
frame00175.jpg      168.260811      119.388468      498.655358      161.787517      460.329078      371.267948      108.655809      300.788467
frame00176.jpg      168.375834      120.457522      497.749769      163.150893      459.036671      372.957617      108.199016      301.888045
frame00177.jpg      167.885604      121.406648      496.374936      163.948423      456.969179      372.653257      107.429368      301.686988
frame00178.jpg      168.102338      121.599672      495.936176      164.921121      457.301389      374.069085      108.125184      301.945201
frame00179.jpg      171.111702      123.073305      497.932834      167.029451      458.240932      376.105432      110.289133      302.733588
frame00180.jpg      172.484090      124.717268      497.922664      169.028830      456.424637      377.347552      110.696590      303.223228
frame00181.jpg      172.966424      125.318887      497.598369      170.089356      456.325191      378.580782      111.074559      303.741275
frame00182.jpg      174.256252      127.289102      497.855368      172.300646      455.439958      379.774513      112.013680      304.529623
frame00183.jpg      174.720263      126.964261      497.277627      172.605412      453.927102      379.483817      111.579061      303.255741
frame00184.jpg      174.785237      126.562413      496.664824      172.658347      453.184325      379.755367      111.570564      302.951389
frame00185.jpg      175.045350      127.627717      496.097243      173.749647      451.958581      379.952720      111.796474      303.238034
frame00186.jpg      174.901831      125.827527      495.193253      172.049086      451.180044      377.073561      110.508160      300.001499
frame00187.jpg      173.835987      123.069269      493.894711      169.243435      448.843778      374.158837      110.132976      297.671737
frame00188.jpg      173.101619      119.824334      492.414995      165.479751      448.146362      368.061886      109.289260      291.341190
frame00189.jpg      172.526320      115.914490      492.299691      161.796094      447.816672      367.549323      110.094611      291.342154
frame00190.jpg      173.556459      117.579172      492.602397      162.497096      447.321953      367.765668      111.360711      292.606145
frame00191.jpg      173.433887      118.014862      491.962847      162.302352      447.006746      367.480006      111.448911      292.589566
frame00192.jpg      173.259892      117.278384      491.156466      161.556429      445.374289      366.032839      110.634288      291.116139
frame00193.jpg      172.695408      115.582825      490.177071      160.536958      444.665127      364.609197      110.201700      289.059627
frame00194.jpg      174.394557      114.024600      491.360391      159.862112      445.065206      364.386604      111.755536      287.479723
frame00195.jpg      175.931572      114.177057      492.039990      161.196168      444.186873      365.083310      112.326511      286.869065
frame00196.jpg      177.132792      111.912239      492.416090      160.634771      444.283010      363.260786      112.345834      283.225842
frame00197.jpg      178.928967      110.007105      494.289234      159.659643      445.016727      362.609294      114.271037      281.330491
frame00198.jpg      181.580307      108.202396      496.184212      159.035676      446.018104      361.211645      115.956725      278.432927
frame00199.jpg      184.197981      106.376970      498.822473      158.410541      447.459992      360.626534      118.725185      276.291670
frame00200.jpg      187.804697      104.648285      501.637091      158.013157      449.027320      360.178245      121.818435      274.134121
frame00201.jpg      191.516368      105.469800      504.555521      159.892463      450.829242      362.273722      124.600455      274.647845
frame00202.jpg      194.174131      106.345085      506.335566      162.040844      451.150261      363.333950      126.394774      274.443630
frame00203.jpg      196.948301      105.899502      508.190847      162.863502      452.226571      363.104091      128.469519      272.490304
frame00204.jpg      200.094470      105.417537      510.223273      163.933961      453.087826      365.652367      130.011030      272.421504
frame00205.jpg      201.925458      108.056137      511.353525      168.267921      452.876792      368.393615      131.573497      274.078597
frame00206.jpg      204.077733      109.105153      512.332594      169.896252      452.938267      369.200704      132.723889      274.048210
frame00207.jpg      203.944205      109.701886      511.355708      170.950485      450.774187      369.779187      131.890196      274.466099
frame00208.jpg      201.885665      110.558234      508.546634      171.797228      447.494113      370.496701      129.402734      275.276961
frame00209.jpg      199.008190      111.553465      505.340354      172.551793      445.574206      370.736943      127.292140      275.934620
frame00210.jpg      200.600794      111.784952      506.655678      173.053220      447.511639      371.608041      129.380801      276.080242
frame00211.jpg      201.894260      113.414091      506.851254      175.103913      446.408659      373.157175      129.658224      277.348067
frame00212.jpg      202.255781      112.956997      506.903353      174.911287      446.752746      372.349115      129.951885      275.870041
frame00213.jpg      203.444682      112.586460      507.931758      175.603605      446.657915      373.447620      130.926023      276.021445
frame00214.jpg      203.678922      112.500740      507.891627      175.685130      446.036841      372.859318      130.528134      275.056183
frame00215.jpg      203.796806      111.007893      508.422327      174.817271      446.537462      372.014525      131.065419      273.552021
frame00216.jpg      205.984206      109.145695      511.059251      173.942889      448.899779      371.520812      133.315132      271.617424
frame00217.jpg      208.157776      107.592218      513.402697      173.062036      450.043159      370.616381      134.608119      269.962032
frame00218.jpg      209.932527      105.786280      515.749751      171.894510      452.291617      369.707075      137.204610      268.371913
frame00219.jpg      213.070292      105.483898      518.998656      172.276450      454.423702      370.760647      139.995503      268.249708
frame00220.jpg      215.036774      105.933237      520.422760      173.446439      455.079743      372.094836      140.973503      268.500638
frame00221.jpg      216.429752      106.941410      521.944196      175.016066      456.635188      373.990241      142.608618      269.578007
frame00222.jpg      219.472180      108.638448      525.502174      177.395208      460.695304      376.579726      146.740526      270.968995
frame00223.jpg      224.201923      108.834470      530.088326      178.315916      463.897144      376.352034      149.705547      269.472862
frame00224.jpg      226.260589      107.385567      531.922871      177.979790      463.980430      376.840721      150.859120      268.910481
frame00225.jpg      226.609603      107.774464      532.069371      178.842727      463.543111      377.296894      150.950075      268.887752
frame00226.jpg      227.882145      107.933778      534.176137      179.698428      466.519823      379.165488      153.125110      269.357421
frame00227.jpg      230.518118      108.974829      536.496134      181.191209      467.073675      380.006905      154.408155      270.134286
frame00228.jpg      229.742317      109.672523      535.069732      181.957232      464.768158      380.700010      152.848130      270.801105
frame00229.jpg      227.813406      109.854932      532.919154      182.153842      463.251220      380.572112      151.126360      270.855772
frame00230.jpg      227.471803      110.488746      532.443065      183.033906      463.257301      381.880882      150.788950      271.590378
frame00231.jpg      227.075998      110.961727      532.100907      183.348123      462.731002      380.898609      150.349973      271.338496
frame00232.jpg      227.152053      108.575446      532.360025      180.900663      463.302415      378.634676      150.535249      268.768491
frame00233.jpg      227.895961      106.640053      533.115341      179.749550      463.194414      378.178006      151.324314      267.558774
frame00234.jpg      228.132315      106.983031      533.412356      180.783698      463.748462      379.591612      151.654447      268.350242
frame00235.jpg      229.384975      108.685977      535.297466      181.763453      466.249796      379.759525      154.095981      269.862222
frame00236.jpg      232.496397      108.159736      538.440746      179.023284      470.133758      377.275124      157.331123      268.566170
frame00237.jpg      233.300467      108.279604      539.041274      179.246722      470.625162      378.793077      158.158324      270.099668
frame00238.jpg      233.941316      110.655040      540.284186      179.423839      473.449261      377.924946      160.829130      271.343870
frame00239.jpg      237.546464      110.655798      544.520731      177.945213      478.517586      377.434039      165.944827      271.927648
frame00240.jpg      240.761534      111.614650      547.090135      177.917934      479.477425      377.872831      167.937375      272.779965
frame00241.jpg      238.585985      113.113630      543.971059      179.448642      476.294152      379.549848      165.097824      274.390454
frame00242.jpg      237.122875      114.277000      541.872594      180.635781      475.275625      380.872903      163.671329      275.332473
frame00243.jpg      236.586778      116.652217      541.002686      183.260894      474.504319      382.929842      163.293125      277.860148
frame00244.jpg      234.956699      119.034595      539.187750      184.635486      474.385911      384.703971      162.147433      280.518624
frame00245.jpg      236.231648      122.630241      541.285828      185.551525      479.207201      384.769372      166.003463      282.513313
frame00246.jpg      242.697396      121.532941      549.078753      183.315221      489.482957      384.112727      175.061676      282.170919
frame00247.jpg      251.755915      124.791154      558.663300      185.396104      498.116542      386.932571      184.052424      285.984627
frame00248.jpg      256.879976      128.704986      563.513310      187.258256      503.152338      389.202497      189.814661      289.372884
frame00249.jpg      262.173359      132.198623      569.519992      189.047559      510.843726      390.719054      197.356846      292.595931
frame00250.jpg      270.417460      137.086570      577.267527      192.504266      520.354301      396.636497      204.902373      297.235492
frame00251.jpg      275.164487      142.335799      581.853982      195.563558      522.972086      398.579000      209.814314      301.592474
frame00252.jpg      277.149209      144.158287      583.720601      195.308184      525.796118      397.784658      213.303265      302.557492
frame00253.jpg      280.445164      144.951670      586.867310      194.845292      529.306822      398.313653      217.185538      303.555765
frame00254.jpg      281.813961      146.902406      587.431756      195.658460      529.642042      398.923553      217.757717      305.315395
frame00255.jpg      280.500912      148.223440      585.321187      195.282870      527.643339      398.123259      217.332654      306.320419
frame00256.jpg      278.971261      149.548596      582.796252      195.568730      526.480134      398.775397      216.140306      307.943529
frame00257.jpg      277.373981      151.863691      580.222418      196.754281      524.366950      400.018656      214.763394      310.202208
frame00258.jpg      275.215658      153.649303      577.415676      197.563505      521.984096      399.482602      213.561825      311.725840
frame00259.jpg      272.918338      153.626557      574.008334      196.026979      519.139949      397.366472      211.022752      311.282285
frame00260.jpg      269.368132      153.565268      569.798010      195.028141      515.700185      396.454719      208.356465      311.708528
frame00261.jpg      267.402476      153.678455      566.971899      193.687885      514.550537      394.679107      207.215279      311.485123
frame00262.jpg      266.249732      154.207899      565.291987      193.144877      512.866335      394.113532      206.479023      312.354211
frame00263.jpg      263.257192      153.899019      560.941139      191.228228      508.588203      391.071934      202.517652      311.203065
frame00264.jpg      259.411995      152.608653      556.578361      189.657799      505.671047      390.245875      200.392712      310.985630
frame00265.jpg      258.122211      153.876408      554.749272      190.229447      504.685679      390.403313      199.753031      312.195252
frame00266.jpg      257.329994      154.853095      553.183711      190.583912      503.482041      390.733635      198.885651      313.046823
frame00267.jpg      255.998304      156.149301      551.088401      191.498823      501.743188      391.535374      197.731650      314.449983
frame00268.jpg      255.292852      157.876010      549.336475      193.470685      500.227963      393.945710      196.450795      315.965890
frame00269.jpg      252.417490      161.242186      546.873985      196.880807      495.452074      390.201120      200.581412      314.828571
frame00270.jpg      249.646796      163.108999      542.570155      197.352322      494.485534      396.035266      191.290679      320.786321
frame00271.jpg      248.527607      163.051107      541.195811      196.858435      494.029417      395.991513      190.476294      321.172198
frame00272.jpg      246.090468      164.991726      538.390041      197.715631      490.654958      396.554867      187.729487      323.053545
frame00273.jpg      241.797165      164.939718      534.067376      196.746312      488.087838      394.971758      184.389971      323.123427
frame00274.jpg      240.274735      164.573526      532.685735      196.001508      487.119932      394.198393      183.148528      323.152658
frame00275.jpg      237.581819      164.740681      529.573240      195.203301      483.479288      394.043863      179.764817      323.799745
frame00276.jpg      232.822919      166.433099      523.848941      196.494708      479.592701      396.531715      176.252051      324.950102
frame00277.jpg      228.689204      170.651311      519.642311      199.643322      477.479845      399.904220      171.670745      330.380839
frame00278.jpg      224.291184      173.873851      516.031034      201.991639      471.385376      396.285722      175.344812      329.161512
frame00279.jpg      218.761434      177.783383      510.928636      204.013753      464.762869      394.014287      178.720313      329.364010
frame00280.jpg      211.191726      179.886486      502.479035      204.216443      463.691202      403.743161      155.869056      342.082278
frame00281.jpg      207.045826      182.115392      497.643155      204.923869      460.356115      405.803415      152.083808      344.414285
frame00282.jpg      200.483269      185.511246      491.791665      205.896268      455.189011      406.040317      146.279978      349.116946
frame00283.jpg      194.474982      186.981682      485.536941      206.214964      451.356355      406.978265      139.974371      352.005628
frame00284.jpg      188.265926      189.556159      480.402222      206.948657      447.158451      407.295702      135.022683      355.652061
frame00285.jpg      183.336309      191.011640      475.554592      206.826597      444.161443      407.284063      131.117078      357.934983
frame00286.jpg      179.128776      193.238901      471.307000      207.904562      441.860126      408.901960      127.414415      361.141978
frame00287.jpg      175.512638      195.796843      467.924584      208.814907      439.140030      409.144932      125.081996      363.999226
frame00288.jpg      172.458708      197.341008      464.786518      208.591105      437.966332      408.635434      123.181847      365.805831
frame00289.jpg      170.413389      198.039948      462.581292      207.999313      436.519457      408.470655      121.621276      367.172437
frame00290.jpg      167.747141      200.193608      458.753109      209.131241      433.867367      411.282853      118.725667      368.628774
frame00291.jpg      160.611353      203.772681      453.125955      210.354858      428.935661      411.800174      112.130025      374.607857
frame00292.jpg      155.768751      204.428371      448.918776      209.526976      426.426149      410.283782      108.444801      375.670164
frame00293.jpg      152.497318      203.594039      446.153755      208.124025      423.833032      408.999854      105.397945      375.273466
frame00294.jpg      148.894538      202.832606      442.607804      207.311397      420.387108      408.327234      101.974369      374.937531
frame00295.jpg      146.581256      201.837626      440.716472      206.669561      419.302315      407.643488      100.062665      374.217073
frame00296.jpg      146.084291      200.532743      440.335279      205.861044      418.693710      406.658097       99.272891      372.651409
frame00297.jpg      146.340848      198.620911      440.862151      204.898237      419.636744      406.075063      100.067144      370.989760
frame00298.jpg      149.631698      198.790321      444.125400      205.710209      422.671276      408.098248      103.157049      371.193643
frame00299.jpg      152.173596      198.867983      446.776197      206.373065      424.297823      407.489816      105.193409      370.303572
frame00300.jpg      153.219868      197.670760      447.785072      205.285725      424.349604      406.495324      105.703277      369.297859
frame00301.jpg      152.572152      197.954134      446.895029      206.027421      423.201628      408.082103      104.305486      370.335803
frame00302.jpg      152.469348      198.834300      446.838848      206.914819      423.794909      407.658647      104.725989      370.029523
frame00303.jpg      154.085018      197.503572      448.409029      205.843229      425.191418      407.344936      106.115697      368.963572
frame00304.jpg      154.751301      197.379655      449.042747      206.397301      424.531924      407.091885      106.225205      368.012224
frame00305.jpg      155.590224      194.975363      449.913944      204.955585      426.150386      405.187774      107.538914      365.053474
frame00306.jpg      158.789266      193.064866      453.180177      203.810885      428.485842      404.702158      110.798913      363.187114
frame00307.jpg      160.963371      192.159666      455.268685      204.165888      428.734026      404.646122      111.436808      361.885121
frame00308.jpg      161.482352      190.293298      455.644895      203.451223      428.980433      403.344283      111.294673      359.009520
frame00309.jpg      164.922111      187.687992      459.229561      201.833874      433.614116      402.274868      116.263575      354.516882
frame00310.jpg      171.326298      184.236844      465.309381      199.184936      440.475214      398.985035      121.402877      348.791390
frame00311.jpg      174.673843      180.371630      469.689786      196.349096      440.886955      396.639732      124.721070      347.949277
frame00312.jpg      177.086679      179.580296      472.247733      196.343615      442.159699      396.165821      126.689793      347.054477
frame00313.jpg      179.604898      178.389388      474.780227      195.608899      444.719920      395.573140      129.140578      345.286932
frame00314.jpg      182.952247      177.308803      478.042676      195.256006      447.155895      395.408675      132.410800      343.924790
frame00315.jpg      185.317603      176.757014      480.415448      195.468051      448.065085      395.707012      133.710185      343.234810
frame00316.jpg      185.561174      176.052751      480.505253      195.553081      447.286643      395.073979      132.992223      342.133439
frame00317.jpg      185.683724      174.895232      480.626536      194.698043      447.292299      394.553276      133.172892      341.059715
frame00318.jpg      185.967380      174.424077      480.897548      194.361787      447.356269      393.870248      132.986615      340.271282
frame00319.jpg      185.558530      173.236372      480.476650      192.622432      447.090164      391.836983      132.896325      339.049039
frame00320.jpg      185.220519      172.818799      480.065949      191.631888      447.085638      391.753410      133.010965      339.380549
frame00321.jpg      184.435449      174.272206      479.089563      192.430430      446.183295      392.598815      132.105040      341.150104
frame00322.jpg      183.208285      175.552732      477.695378      193.081328      445.666655      393.274397      131.307006      342.374148
frame00323.jpg      182.811568      176.645422      477.106527      194.146082      445.070347      394.223193      130.694009      343.464286
frame00324.jpg      181.523420      177.609840      475.777083      195.380022      443.344242      395.186989      129.000095      344.461075
frame00325.jpg      180.179131      177.209374      474.559022      194.972733      442.772619      394.111910      128.228074      343.505702
frame00326.jpg      181.208215      176.889028      475.772474      195.050337      444.419726      394.554668      129.531347      343.566463
frame00327.jpg      182.057358      176.790811      476.555410      194.805008      444.328672      394.380661      129.861531      343.198572
frame00328.jpg      181.216563      176.532052      475.797300      194.269350      443.866184      393.445589      129.047307      343.070128
frame00329.jpg      180.595881      176.051593      475.270215      193.670602      443.242553      393.521392      128.291396      342.988701
frame00330.jpg      179.317576      176.884918      474.043671      194.400641      441.882388      393.617099      127.175388      343.770993
frame00331.jpg      178.802870      176.417606      473.415418      193.713176      441.825406      393.148392      127.071723      343.160582
frame00332.jpg      179.194335      176.847087      473.661197      194.342428      442.326131      394.155222      127.316384      343.960523
frame00333.jpg      179.219899      177.410108      473.776288      195.121460      442.365433      394.550785      127.484064      344.360981
frame00334.jpg      180.329165      178.150167      474.853242      196.087031      443.550629      395.632405      128.430469      344.877633
frame00335.jpg      181.188102      178.141085      475.692586      196.395084      444.070669      395.444269      129.066156      344.429527
frame00336.jpg      182.275816      177.462476      476.744279      196.039466      445.443195      394.703372      130.225180      343.304817
frame00337.jpg      184.014652      176.016685      478.643351      194.921486      446.624482      393.589635      131.329590      341.604500
frame00338.jpg      184.211967      175.027574      478.910176      193.965194      446.112043      392.362843      131.331815      340.321594
frame00339.jpg      184.039638      172.916573      478.838255      191.617596      446.702806      389.740630      131.178603      338.069969
frame00340.jpg      184.767135      171.933515      479.801274      190.485942      447.445766      389.713737      132.815562      338.023064
frame00341.jpg      185.531580      172.111056      480.647148      190.564511      448.003081      389.136366      133.441726      337.619571
frame00342.jpg      185.779513      171.479754      480.818975      189.911533      447.784356      388.833156      133.358082      337.281816
frame00343.jpg      184.648053      171.466701      479.786864      189.958149      446.466137      388.393108      132.052579      337.167090
frame00344.jpg      183.336303      170.866708      478.455928      189.449518      445.098758      387.776766      130.496712      336.719272
frame00345.jpg      181.920524      170.025358      477.104184      188.541882      444.025217      386.649873      128.937073      335.777586
frame00346.jpg      180.491276      170.009169      475.655711      188.560019      442.550642      387.144108      127.263584      336.429550
frame00347.jpg      178.158151      171.010039      473.517536      189.668285      440.321451      387.815410      124.936399      337.348828
frame00348.jpg      177.339699      170.771559      472.769173      190.059635      440.731981      387.610347      124.598468      336.751232
frame00349.jpg      178.972246      169.669169      474.818982      189.720801      442.569728      386.937297      126.270952      335.252115
frame00350.jpg      180.769486      167.554944      476.784786      188.574137      444.550345      385.433676      127.109726      332.474041
frame00351.jpg      182.146243      165.419508      478.862239      186.654809      446.050394      383.713608      128.421417      330.720916
frame00352.jpg      181.832654      163.602818      479.139739      184.639414      445.489368      381.879935      127.460696      329.408255
frame00353.jpg      179.364635      163.192385      477.394864      183.821345      443.770622      381.741711      125.504394      330.049456
frame00354.jpg      177.168730      163.785904      475.638738      183.562978      442.810595      381.367668      123.861407      330.943129
frame00355.jpg      175.750756      165.148056      473.530195      184.832587      441.658930      383.790559      122.693877      331.755686
frame00356.jpg      170.489137      170.123175      469.368068      188.782404      436.293376      381.792351      124.320144      331.921619
frame00357.jpg      165.281924      172.487905      463.971077      190.059233      434.476989      388.480699      112.448833      341.679667
frame00358.jpg      164.251436      173.564035      463.406028      190.555929      435.422844      388.496358      112.674246      343.113299
frame00359.jpg      164.251562      175.024140      463.681558      191.104100      436.428514      389.303558      112.720886      344.882906
frame00360.jpg      163.193888      176.030599      463.026392      190.987496      435.664824      389.384565      112.022368      346.298252
frame00361.jpg      160.137650      177.525086      460.125574      191.382899      433.792212      390.518804      108.767146      348.115438
frame00362.jpg      155.760490      179.753959      455.995572      192.288048      430.814240      391.894196      104.885798      351.180494
frame00363.jpg      151.567450      181.375805      452.456550      192.587423      428.025541      391.546866      101.690003      353.628134
frame00364.jpg      147.446004      182.189357      448.546792      191.526899      424.514890      390.421368       97.522041      355.000484
frame00365.jpg      142.032222      181.963671      443.823929      189.307070      422.325367      388.011894       93.204988      355.225765
frame00366.jpg      139.545817      181.133694      442.175998      187.735293      422.602731      387.554718       92.913816      356.150169
frame00367.jpg      138.037387      181.699490      441.540066      187.317266      421.700232      387.138409       91.485472      356.885779
frame00368.jpg      134.387621      181.502774      438.772875      185.790716      419.022007      386.348940       87.737335      357.298680
frame00369.jpg      128.938833      181.337912      434.343547      184.826173      415.311023      385.652157       83.305584      358.415387
frame00370.jpg      124.992209      181.058122      431.630808      184.105666      413.956911      384.674810       80.281518      358.783375
frame00371.jpg      122.225842      179.870822      429.797206      182.315566      413.045846      383.310171       77.837335      358.723342
frame00372.jpg      120.775960      180.528280      428.843763      181.693350      413.133356      383.426194       77.886510      359.958369
frame00373.jpg      120.454650      180.644773      429.310437      180.822924      415.057222      382.950731       78.835272      360.515462
frame00374.jpg      121.642481      181.093412      431.490197      180.444109      418.421711      382.822276       81.103198      361.451953
frame00375.jpg      123.680928      181.020314      433.692227      179.289405      421.025292      381.970573       82.603726      361.111892
frame00376.jpg      122.855975      179.902163      433.839577      177.314630      420.662783      380.257930       82.088410      360.481406
frame00377.jpg      121.199887      179.166914      433.033061      176.104515      420.615268      379.376353       81.456174      360.286994
frame00378.jpg      121.322426      177.713499      433.693894      174.349682      422.463149      377.766133       81.639581      358.757292
frame00379.jpg      121.569202      175.948576      434.861185      172.520054      423.733411      376.259086       82.340104      357.384382
frame00380.jpg      122.032296      174.391383      436.069844      170.927265      424.605983      375.352843       82.957574      356.427506
frame00381.jpg      121.937041      173.993590      436.802251      170.319446      425.828032      375.205198       83.254265      356.325468
frame00382.jpg      122.810890      173.204038      438.328634      169.516013      427.620674      374.313898       84.868124      355.863969
frame00383.jpg      123.182317      173.013096      439.216287      168.842379      428.274170      374.228635       85.007983      356.208445
frame00384.jpg      122.788976      173.777706      439.206464      169.100622      428.859902      374.776546       85.054976      357.381704
frame00385.jpg      122.454873      174.627743      439.194303      169.352819      429.346759      374.969181       84.808684      358.574837
frame00386.jpg      121.308852      175.997208      438.678577      169.876745      429.536184      376.100371       83.854981      360.899935
frame00387.jpg      120.416723      178.134069      438.247531      170.592164      430.120706      376.122769       84.296397      362.758526
frame00388.jpg      120.689906      177.850514      439.163913      168.744502      432.903532      373.924974       86.194998      362.134837
frame00389.jpg      122.481557      176.032737      441.576999      165.804735      435.178642      370.992861       88.351056      360.158211
frame00390.jpg      121.934841      173.964260      441.653788      163.060045      434.920834      368.927211       87.507154      358.889698
frame00391.jpg      120.808662      172.475753      441.059956      161.309038      434.964059      367.516436       87.034273      357.942647
frame00392.jpg      120.018178      171.406996      441.000755      160.046750      434.713711      366.541484       86.446470      357.208730
frame00393.jpg      116.178643      169.508572      438.604471      158.179708      432.502105      364.286556       83.105903      355.679121
frame00394.jpg      115.743708      166.036243      437.839926      154.875766      434.028966      361.707225       81.622612      351.790375
frame00395.jpg      115.072531      164.251619      437.814979      153.047307      433.685381      361.867662       81.725196      352.057515
frame00396.jpg      114.480496      165.455313      437.981062      155.162193      434.146759      362.962921       82.893503      353.393396
frame00397.jpg      117.360776      164.490377      440.463804      154.012772      438.596237      362.826970       86.642027      352.167770
frame00398.jpg      120.252148      164.791533      443.816864      154.331621      441.197463      363.547673       88.531845      352.944272
frame00399.jpg      120.440053      165.826379      444.603614      154.973577      442.163924      363.771172       88.858519      354.109525
frame00400.jpg      123.421205      166.246529      447.196113      154.522277      446.140475      364.037962       92.791357      354.106815
frame00401.jpg      125.991341      167.386467      450.328395      155.017402      449.578850      364.165914       95.687431      355.678476
frame00402.jpg      128.077666      167.874733      452.752107      154.010790      452.570030      362.452025       98.222116      355.477456
frame00403.jpg      130.625730      167.535326      455.575762      152.359965      455.523059      361.542054      102.708604      355.546030
frame00404.jpg      132.425939      167.830424      457.627938      151.329963      458.375010      359.843414      104.212890      355.374154
frame00405.jpg      132.914692      166.514665      458.475640      148.973195      459.575079      357.031540      103.874822      353.973109
frame00406.jpg      132.782272      164.630388      458.479902      146.553130      458.787384      355.352304      105.106759      351.958329
frame00407.jpg      131.621885      162.624611      457.958858      144.452316      458.036066      353.859021      104.399978      350.438316
frame00408.jpg      130.068545      162.234996      456.737804      144.053051      456.708438      353.381456      103.039531      350.243849
frame00409.jpg      128.426019      160.524312      455.584020      142.089306      456.315543      351.045671      101.911060      348.546925
frame00410.jpg      128.317788      159.207198      455.790860      140.252878      457.254724      349.489868      102.351220      347.291664
frame00411.jpg      128.504280      157.611799      456.509357      137.810114      458.306317      347.429794      103.341558      346.283537
frame00412.jpg      129.080447      157.756378      457.278343      136.743145      459.788727      346.925733      104.885135      346.908546
frame00413.jpg      129.377428      158.402801      458.025951      135.925392      461.351120      346.067918      106.174012      347.639127
frame00414.jpg      130.250608      158.063187      458.837407      134.228436      463.205940      344.250633      107.682975      347.042188
frame00415.jpg      131.056708      158.029295      460.074021      133.483655      465.310229      344.374474      109.412312      348.074421
frame00416.jpg      132.846982      158.488100      462.096348      133.510921      467.950576      343.945058      112.081154      347.800798
frame00417.jpg      135.464403      157.732692      465.004254      132.640633      470.762388      343.558421      114.529369      347.015871
frame00418.jpg      135.985046      157.529493      466.404560      132.834302      471.010201      343.885063      114.178539      347.469882
frame00419.jpg      136.381842      157.906509      466.180670      133.000241      471.118056      343.955227      114.390002      347.354600
frame00420.jpg      136.142330      157.793310      466.174892      132.960966      471.145684      343.977082      114.420741      347.347829
frame00421.jpg      136.122881      157.531112      466.210731      132.796808      471.265370      343.457469      114.093530      346.964684
frame00422.jpg      135.099292      157.282882      465.624045      132.353680      470.540607      343.576069      112.949655      347.409533
frame00423.jpg      133.102151      157.534817      464.058385      132.782019      469.215834      343.416544      111.171858      347.639574
frame00424.jpg      132.618432      157.429775      463.730073      132.656968      469.504361      343.493941      111.097300      347.825003
frame00425.jpg      132.521244      157.388472      463.986112      132.456847      469.699758      343.322351      110.944383      348.138487
frame00426.jpg      132.417221      157.985675      464.526523      132.614078      471.012124      343.608800      111.823083      349.040072
frame00427.jpg      133.239130      157.292776      465.661956      131.643248      472.471242      342.172762      112.408273      347.825819
frame00428.jpg      133.569590      156.549166      466.488565      130.539891      473.076469      342.444101      112.635750      348.439054
frame00429.jpg      132.579980      157.877680      465.891957      131.357061      472.400236      342.640328      111.864165      349.400530
frame00430.jpg      131.586538      157.446599      464.840078      130.035837      472.537125      341.370937      111.542834      348.934622
frame00431.jpg      131.076228      157.921237      464.513148      129.855153      472.540197      341.872355      111.234254      350.377252
frame00432.jpg      129.551852      159.367926      463.128567      130.289185      471.990184      341.627453      110.448423      351.628470
frame00433.jpg      128.525945      160.589101      461.842554      130.211929      471.614376      342.030396      110.051161      353.081944
frame00434.jpg      127.563816      161.821913      460.719129      130.660688      471.100044      342.123065      109.340807      354.008848
frame00435.jpg      126.467359      163.056838      459.423294      130.929422      470.718392      343.176674      108.595221      356.017244
frame00436.jpg      125.384489      165.519055      458.362277      132.671235      469.939564      344.500533      107.966919      358.273029
frame00437.jpg      124.380506      166.491402      457.276881      133.156016      469.980828      344.758725      107.608074      359.379136
frame00438.jpg      124.465966      167.075066      457.399064      133.428481      470.390102      345.028355      107.424557      360.030266
frame00439.jpg      124.167300      167.564449      457.417690      133.691253      470.385074      345.329158      107.357514      360.659265
frame00440.jpg      123.829586      166.893357      457.266800      132.923365      470.583192      343.843734      107.348284      359.614635
frame00441.jpg      124.371477      166.185690      457.863213      131.446094      471.419567      343.485910      108.008778      359.648880
frame00442.jpg      123.392418      167.219110      457.131062      131.888456      470.363077      343.900768      107.171265      361.042516
frame00443.jpg      121.454657      168.574195      455.056712      132.664958      468.896918      344.779334      105.707634      362.946606
frame00444.jpg      120.926764      170.537203      454.248524      134.283964      468.660563      346.405376      105.281242      364.907517
frame00445.jpg      120.464791      171.900489      453.694089      135.311491      468.275068      346.884160      104.931211      365.963475
frame00446.jpg      119.559373      172.432781      452.741239      135.486973      467.638561      347.127240      104.353575      366.724728
frame00447.jpg      119.361202      173.283206      452.441213      136.137412      467.381168      347.624709      104.330327      367.425697
frame00448.jpg      118.750023      173.597273      451.890742      136.145615      466.834474      347.596045      103.869936      367.861673
frame00449.jpg      118.283624      173.779868      451.261412      135.977659      466.534362      347.261946      103.652309      367.985918
frame00450.jpg      117.910818      174.443087      450.906154      136.120996      466.524610      348.269438      103.540876      369.436852
frame00451.jpg      117.535901      176.370292      450.441092      137.564323      466.000026      349.107744      103.428348      370.825630
frame00452.jpg      117.006574      177.663152      449.600052      138.392736      465.722199      350.883235      102.968015      373.043448
frame00453.jpg      116.372347      179.501773      449.013043      140.469934      464.507695      351.726223      102.213808      374.001632
frame00454.jpg      115.710540      179.693264      448.208343      140.703514      464.501242      352.648701      102.004046      374.670066
frame00455.jpg      116.581727      180.640598      449.187258      142.159417      464.651549      353.907928      102.453735      375.339987
frame00456.jpg      116.381228      180.310030      449.083278      142.463011      463.814299      354.205849      101.206672      374.927916
frame00457.jpg      114.935533      180.390741      447.922558      143.116635      462.227037      355.165558       99.482816      375.482899
frame00458.jpg      113.258677      180.256660      446.278630      143.564490      460.355721      355.156665       97.267491      375.413041
frame00459.jpg      112.275197      180.636522      445.224027      144.183288      459.556553      356.623175       96.766359      376.492055
frame00460.jpg      112.321176      181.574193      445.193526      145.349508      459.447285      357.642739       96.357867      377.332872
frame00461.jpg      111.949617      183.203903      444.689041      146.945658      459.098839      359.474642       96.067140      379.092123
frame00462.jpg      112.181887      184.586705      444.564284      148.371148      459.450784      361.228834       96.395468      380.899171
frame00463.jpg      112.637162      186.441075      444.822903      150.183064      459.475033      362.725484       96.387775      382.406723
frame00464.jpg      112.485166      187.920615      444.536311      151.684398      459.411792      364.650280       96.131853      384.210500
frame00465.jpg      112.361651      188.666971      444.281978      152.862089      459.137529      365.051275       95.568511      384.172972
frame00466.jpg      111.930217      188.245064      444.116565      152.894525      458.437548      365.543813       94.729536      384.173028
frame00467.jpg      111.225203      188.331740      443.679952      153.349334      457.826783      366.002311       94.087699      384.196865
frame00468.jpg      111.118429      188.235676      443.682331      153.786351      457.586583      366.505286       93.732727      383.987286
frame00469.jpg      111.363307      187.939507      444.094699      154.020708      457.778658      366.997497       93.893033      383.907621
frame00470.jpg      111.506895      188.780925      444.398771      155.009992      457.851199      369.019644       93.708530      385.696072
frame00471.jpg      111.617149      191.255650      444.533040      158.092861      457.922449      372.644292       94.018631      389.277238
frame00472.jpg      111.609143      196.520430      446.476520      163.642048      455.025921      370.261847       96.958468      387.830654
frame00473.jpg      111.554559      199.400730      446.350151      166.152821      453.995939      371.355697       97.113535      388.715944
frame00474.jpg      110.362228      198.954782      446.091507      165.644970      452.586976      371.126255       98.498068      388.217975
frame00475.jpg      109.780639      197.720977      446.588176      165.215905      451.882030      370.997584       99.217440      388.810524
frame00476.jpg      110.226344      198.327298      447.157302      166.637183      451.535721      371.695530       99.495899      388.978538
frame00477.jpg      109.965886      196.935587      447.226819      165.761540      450.967665      372.014395       99.726505      389.060788
frame00478.jpg      111.429557      196.685156      448.778805      165.650482      452.082973      372.817577      102.560990      388.578037
frame00479.jpg      116.081307      196.996004      448.609731      165.861074      461.562962      379.390454       96.186731      392.951663
frame00480.jpg      116.407790      195.998817      449.175681      165.000816      461.878532      378.194376       96.369327      391.492276
frame00481.jpg      116.842491      194.412769      449.717239      163.371695      462.384680      377.379498       96.918257      390.507234
frame00482.jpg      116.770194      193.785280      449.894876      163.249027      461.707766      377.023937       96.178388      389.512721
frame00483.jpg      115.628039      191.575454      449.083367      161.837797      460.502260      374.735156       95.354464      386.621991
frame00484.jpg      116.361283      189.157166      449.690051      159.884168      461.364779      374.216840       95.976295      385.452629
frame00485.jpg      116.714696      190.424309      450.318552      161.767088      460.856976      375.872083       95.321436      386.434341
frame00486.jpg      115.344028      188.682646      448.977821      161.030235      459.063017      373.751778       93.535726      383.884017
frame00487.jpg      115.340377      187.188035      448.869646      159.623266      459.342158      373.271180       93.924841      382.972218
frame00488.jpg      115.546134      186.494479      449.294342      159.505123      459.284763      372.500989       94.031759      381.810712
frame00489.jpg      115.980979      185.702397      449.720629      159.025264      459.618421      372.689912       94.725003      381.692040
frame00490.jpg      116.722400      185.637635      450.600239      159.375419      460.054220      372.361686       94.907341      380.909542
frame00491.jpg      117.259596      184.528584      451.068150      158.509307      460.483107      372.068693       95.635149      380.083522
frame00492.jpg      118.523762      184.817413      452.356039      159.098927      461.633277      373.024420       96.686862      380.667150
frame00493.jpg      119.264846      186.174983      452.942271      160.621795      461.854832      374.748923       96.627887      382.195239
frame00494.jpg      118.345560      187.019891      452.209893      161.503877      460.789831      374.789895       95.178869      382.407275
frame00495.jpg      117.500123      187.188562      451.089912      162.224531      460.822915      377.093033       94.727042      384.175938
frame00496.jpg      117.228532      193.127119      452.980411      167.655765      457.018975      374.217888       99.182195      383.190352
frame00497.jpg      118.766211      194.137110      451.766696      168.360471      462.300849      383.496350       95.356482      391.166201
frame00498.jpg      120.094408      196.926348      453.227605      170.532485      464.589892      384.808499       97.440712      393.106031
frame00499.jpg      121.662559      196.879251      454.880576      170.357937      467.079229      384.716340       99.960994      393.054136
frame00500.jpg      128.963285      205.737838      461.289095      177.651119      470.563053      389.742598      116.882418      391.730073
frame00501.jpg      132.096850      214.539934      465.362582      186.417686      473.295977      396.256461      121.180794      401.311858
frame00502.jpg      135.894069      216.472175      466.718371      186.370584      483.040088      400.488597      116.136304      410.484391
frame00503.jpg      143.248112      214.322384      472.899169      182.287268      490.140878      396.194352      122.650786      407.615294
frame00504.jpg      151.917651      216.046062      479.848139      182.942277      499.576417      400.860369      132.460698      409.723726
frame00505.jpg      155.285283      221.750104      484.489044      187.315804      498.489489      397.449984      144.404986      408.058170
frame00506.jpg      161.605115      226.157752      489.670621      190.487280      503.321771      401.187227      154.543887      409.397568
frame00507.jpg      167.111618      228.782476      492.622084      192.200679      513.309637      409.271039      148.804162      420.628369
frame00508.jpg      169.230539      229.834639      494.720164      193.000474      514.142699      408.109467      150.311714      421.083712
frame00509.jpg      170.643748      229.594953      495.084619      192.299411      514.687962      406.592441      151.652567      419.741047
frame00510.jpg      172.438864      228.747357      496.127478      191.047245      515.994387      405.146827      153.900898      418.303262
frame00511.jpg      174.424210      228.757258      497.646393      190.763755      516.862767      404.918732      155.617985      418.113394
frame00512.jpg      174.523221      227.313782      497.101263      189.612886      515.406155      401.774187      154.194066      415.207948
frame00513.jpg      174.010400      225.109835      495.465789      186.267746      514.325805      399.106032      154.561150      413.282703
frame00514.jpg      175.255961      226.334451      495.404320      188.071562      515.041247      402.806640      155.240424      415.311938
frame00515.jpg      175.007964      230.034942      494.633610      190.883149      512.699247      402.414226      154.815044      416.648387
frame00516.jpg      172.584479      226.392241      491.259966      187.118631      509.384607      396.862186      151.797303      412.350551
frame00517.jpg      171.446382      225.731010      489.091595      185.547728      506.528805      396.275319      151.966244      412.139685
frame00518.jpg      170.360241      226.225961      487.074782      186.196917      504.000627      395.149905      150.288235      411.412856
frame00519.jpg      169.694421      224.864485      484.158887      185.219693      501.179903      394.748479      149.055462      410.475000
frame00520.jpg      168.957471      228.315009      484.635199      189.440547      495.778071      391.156699      154.625954      406.897705
frame00521.jpg      170.727056      227.328156      483.147462      190.036207      498.187158      392.919095      148.406725      405.289004
frame00522.jpg      169.721516      222.621199      481.692300      185.154633      496.061660      391.330098      147.161329      404.540106
frame00523.jpg      169.838031      221.171609      481.026074      184.576857      494.009078      389.519233      146.645636      401.990266
frame00524.jpg      168.551960      217.294149      478.693693      181.664555      491.301885      385.154921      143.789792      396.278377
frame00525.jpg      166.871597      213.797241      476.537645      178.386028      487.849674      382.050328      142.930143      393.491618
frame00526.jpg      167.818691      211.919744      476.639418      177.539889      486.538317      380.954123      143.316508      390.881507
frame00527.jpg      168.075007      207.665663      475.774467      175.152900      484.774512      376.560563      141.074831      383.641013
frame00528.jpg      166.679388      202.846762      473.893096      171.719309      480.770368      372.774493      139.567902      378.287540
frame00529.jpg      165.082544      198.494957      472.216462      168.591198      477.071951      369.780933      137.789885      375.382631
frame00530.jpg      165.391869      196.254439      471.213939      168.408884      474.782397      368.599756      136.100662      370.776172
frame00531.jpg      163.935940      190.458660      469.100751      164.587293      471.084552      363.955585      133.576662      364.168963
frame00532.jpg      164.484059      186.300517      468.770965      162.410034      469.375679      359.879284      133.056139      357.974170
frame00533.jpg      164.791993      180.988313      469.382248      158.729310      467.942830      357.076795      132.828558      354.440555
frame00534.jpg      166.682032      178.505497      470.069012      158.125521      466.355222      355.622952      133.376351      349.882818
frame00535.jpg      165.787323      174.452215      468.497541      155.966597      463.058161      352.574592      130.823148      344.684613
frame00536.jpg      166.379953      169.663389      468.322190      152.967563      461.856807      348.063417      130.440689      338.027842
frame00537.jpg      168.241198      163.208137      469.750858      148.413565      461.303446      342.576989      131.182144      330.049439
frame00538.jpg      169.313245      156.148384      470.879308      143.475680      459.463476      334.766366      131.583671      319.982635
frame00539.jpg      170.508313      146.986331      472.201033      136.558835      457.776776      327.906238      131.769044      310.290114
frame00540.jpg      172.114006      139.291004      473.444951      132.377223      456.610151      327.301656      131.064495      305.352176
frame00541.jpg      172.236784      134.622243      473.199109      130.071650      453.579560      324.460487      129.237419      299.572584
frame00542.jpg      170.612413      129.857805      471.333479      128.241938      448.848600      322.211807      126.394055      294.868586
frame00543.jpg      171.197332      124.911248      470.796111      126.046113      447.080931      318.757724      124.555184      288.118059
frame00544.jpg      173.297068      118.815260      472.409126      122.978212      445.926526      315.101688      125.445810      281.128561
frame00545.jpg      174.506947      112.531685      472.961461      119.890107      442.701865      311.804561      124.127983      274.227074
frame00546.jpg      173.144713      108.492815      471.203189      118.547029      437.248987      309.971890      122.301247      270.598997
frame00547.jpg      171.969399      105.740961      468.863390      118.923438      432.549292      309.150106      119.253996      266.739597
frame00548.jpg      171.758748      102.050945      466.752282      118.696964      428.997393      307.375108      116.432084      260.380049
frame00549.jpg      169.947098       96.456484      464.004360      116.642094      423.220907      304.665671      112.577799      254.709143
frame00550.jpg      168.664175       92.113145      461.594956      115.468395      418.680289      302.444938      109.392471      249.109843
frame00551.jpg      166.552916       88.631835      459.036543      114.653392      413.410430      300.817685      106.886512      246.692753
frame00552.jpg      165.467850       86.751483      456.799436      115.087062      409.143653      299.807392      103.662613      243.663654
frame00553.jpg      162.871405       83.574093      453.286967      114.111479      404.550051      297.964765       99.469776      239.237558
frame00554.jpg      161.080177       79.493323      450.724744      111.953691      401.980732      294.017615       97.566120      233.962251
frame00555.jpg      161.619102       74.797594      450.318202      108.436345      401.565063      289.868287       97.906874      228.834926
frame00556.jpg      163.859422       73.619351      451.945980      107.919854      402.053187      290.686992      100.536623      229.451678
frame00557.jpg      164.237267       76.181561      451.372481      110.614928      400.135138      291.990840      100.233246      231.473364
frame00558.jpg      163.255138       77.914313      449.937725      111.762710      399.989716      292.840790      100.922237      232.868259
frame00559.jpg      166.634929       79.991677      452.789201      113.229672      403.331211      294.289212      104.223954      234.222853
frame00560.jpg      167.151396       81.553696      453.104187      114.617572      402.439335      295.171181      103.832956      235.697723
frame00561.jpg      163.897791       83.606895      449.254371      115.929406      399.286646      296.153763      100.412129      237.640864
frame00562.jpg      161.273584       84.724486      446.826844      116.621486      398.315163      296.517450       98.759934      238.924566
frame00563.jpg      160.750658       86.790484      446.330589      118.236032      398.695703      297.902279       98.246835      241.274431
frame00564.jpg      159.414656       88.355356      445.281582      118.676236      397.625479      297.807127       97.272150      242.415938
frame00565.jpg      156.295769       88.708590      442.569927      118.495293      396.103397      297.745521       94.403903      243.146849
frame00566.jpg      154.794583       89.299623      441.534961      118.816854      396.521842      298.548759       93.793289      244.562807
frame00567.jpg      153.522471       91.233538      440.760958      119.990620      396.234535      299.830987       92.395656      246.818917
frame00568.jpg      150.164051       94.256179      437.371169      121.934266      394.341063      302.703409       89.630909      249.169933
frame00569.jpg      144.123799       97.431915      433.276406      123.334152      392.615631      302.936824       84.970198      254.547669
frame00570.jpg      143.233391       98.911457      433.039924      123.242104      394.859991      303.729260       85.231905      256.990194
frame00571.jpg      141.059168      102.228037      431.778978      124.565198      394.744347      305.393432       83.711014      260.798191
frame00572.jpg      137.291355      104.252733      429.260075      123.671613      394.644911      303.964692       82.255905      263.303292
frame00573.jpg      136.032542      106.964482      429.652360      122.646521      399.223025      303.615484       83.847881      267.648424
frame00574.jpg      135.658341      107.730122      429.723425      122.270525      401.309844      304.121668       83.888017      269.138489
frame00575.jpg      133.417610      111.276339      428.498734      123.745616      401.328921      304.967285       82.756921      273.298902
frame00576.jpg      131.583591      112.494952      427.310778      122.833763      402.714447      303.904737       83.048583      274.847985
frame00577.jpg      132.444784      114.738477      428.018434      124.388481      405.570549      306.080744       83.371587      277.702828
frame00578.jpg      130.506047      117.634907      426.946572      125.429763      404.139062      306.232430       82.782649      280.406946
frame00579.jpg      127.448850      119.671377      424.147568      124.961464      404.228574      305.383186       81.163816      282.481653
frame00580.jpg      126.382633      120.658124      422.996027      124.854569      405.030491      305.427798       80.812003      284.396317
frame00581.jpg      124.625991      122.846484      421.638821      125.751663      404.722557      305.639587       79.795390      286.412601
frame00582.jpg      123.254401      123.833991      420.615080      125.693460      405.337248      305.279911       79.877512      287.781505
frame00583.jpg      123.670855      124.576943      421.364902      126.261741      406.811600      305.473511       80.953729      288.497579
frame00584.jpg      123.541185      123.979945      421.734520      125.583945      408.059801      303.929288       80.240185      287.259413
frame00585.jpg      123.744988      119.566287      422.283942      121.804961      410.262382      297.281694       80.042372      279.338514
frame00586.jpg      123.705973      114.513365      423.428984      116.820045      411.581603      294.733960       80.616478      276.921993
frame00587.jpg      123.354653      113.218595      424.594105      115.100929      411.572751      293.868979       82.549588      277.824402
frame00588.jpg      124.108652      113.356852      425.973086      114.527461      413.813289      292.920713       83.963861      277.966535
frame00589.jpg      123.389473      113.146001      425.903319      113.630720      413.577534      292.174394       83.038765      278.426755
frame00590.jpg      120.452417      114.818351      423.057974      115.069439      412.335498      294.092008       79.728214      280.482168
frame00591.jpg      118.013821      116.953960      421.380353      116.000126      412.296609      293.921348       78.600919      282.691691
frame00592.jpg      117.812377      117.011781      421.752234      115.600478      413.283673      293.430143       78.656385      283.290208
frame00593.jpg      115.332101      116.390258      420.274174      114.560123      411.821086      292.071027       76.078765      283.224199
frame00594.jpg      109.710704      116.155886      415.890333      113.580885      408.374677      290.762358       71.288015      283.803620
frame00595.jpg      106.294170      113.591298      413.435536      111.694059      405.423521      278.948403       75.483693      268.291045
frame00596.jpg      105.485619      109.810839      415.051859      104.669518      406.055512      277.719597       87.154908      269.209663
frame00597.jpg      109.507001      109.650931      419.602136      104.072355      412.256587      277.568894       89.066615      270.499263
frame00598.jpg      112.201238      110.534787      422.756802      105.168274      415.286611      278.178845       89.582987      272.608908
frame00599.jpg      111.989022      113.546350      423.026254      107.521596      417.079935      280.642230       87.121808      278.206894
frame00600.jpg      114.727537      116.834638      425.581705      108.987524      420.860673      282.222531       94.474376      279.591742
frame00601.jpg      121.278406      119.270390      429.902422      109.400699      430.615340      283.107415      102.017759      278.133355
frame00602.jpg      126.455696      110.819692      426.704539      106.092449      451.675391      283.468565       84.712878      280.661681
frame00603.jpg      143.782958      108.976797      429.390087      102.227587      471.951980      286.375261      101.724869      269.596733
frame00604.jpg      148.286679      114.634376      436.455247      102.746221      476.793003      288.815748      119.128879      260.588115
frame00605.jpg      148.943907      117.507058      439.032004      103.564796      481.201633      287.074559      124.433242      255.094868
frame00606.jpg      147.700613      118.517550      441.702620      103.985965      478.946769      285.771729      125.633841      253.957852
frame00607.jpg      145.968156      119.527310      444.020058      104.312627      477.076391      282.215563      129.970346      252.090189
frame00608.jpg      145.955813      119.567534      444.073240      104.321403      477.075494      282.188142      129.943213      252.040415
frame00609.jpg      145.943363      119.595431      444.101442      104.342327      477.068917      282.183650      129.920969      252.012929
frame00610.jpg      145.954049      119.639985      444.116477      104.349978      477.051840      282.196854      129.943442      251.992651
