frame ulx uly urx ury lrx lry llx lly
frame00001.jpg      328.049988      215.039993      543.039978      214.960007      543.000000      441.000000      328.029999      440.959991
frame00002.jpg      327.916986      213.797743      543.540152      213.140311      543.755344      438.557523      329.318315      439.568074
frame00003.jpg      328.857406      213.865050      543.986049      212.346216      544.511943      438.625363      330.331761      440.207515
frame00004.jpg      329.067873      214.299338      543.968900      213.024896      544.469324      438.588933      330.715402      440.004686
frame00005.jpg      328.702339      214.010959      543.378991      213.392629      543.395096      437.911991      329.740802      440.611987
frame00006.jpg      325.244482      213.512651      543.262676      210.060878      541.530867      439.029551      329.313579      441.947471
frame00007.jpg      325.557471      210.952420      542.008143      209.351238      540.312386      442.463086      329.071559      444.782327
frame00008.jpg      323.644869      210.587633      542.728405      209.934168      539.983247      444.304432      329.813521      446.851889
frame00009.jpg      318.151110      203.057546      548.300360      204.021511      536.470782      444.485434      329.941393      447.771289
frame00010.jpg      318.363292      203.876335      547.868773      204.882872      534.358283      445.692545      328.174579      449.397333
frame00011.jpg      318.778752      203.342564      546.208246      205.691300      534.049618      446.389596      327.522357      450.833955
frame00012.jpg      316.588880      201.665882      544.582157      205.844713      532.183853      444.726693      327.555938      451.159808
frame00013.jpg      315.856066      202.152566      544.286653      204.945512      531.730540      443.223189      328.184725      450.957841
frame00014.jpg      320.084234      211.687841      542.689349      206.440625      531.947276      441.952047      328.584533      450.212623
frame00015.jpg      313.411868      200.810673      540.497442      205.201150      529.028738      438.712279      326.291986      449.661125
frame00016.jpg      313.434766      199.993804      540.612943      203.997991      528.435758      436.433847      325.788842      446.914745
frame00017.jpg      311.064158      201.008908      538.992195      198.246361      525.394578      431.669211      325.335304      445.180519
frame00018.jpg      311.268747      200.110926      538.415239      197.983335      524.463716      432.761601      324.267775      446.181555
frame00019.jpg      311.272833      200.102304      538.425143      197.928652      524.459140      432.758484      324.280495      446.185789
frame00020.jpg      310.452742      199.821682      537.591774      198.287502      524.909282      431.712375      325.376277      445.182028
frame00021.jpg      310.311486      200.041251      536.743491      197.834445      525.538286      431.896852      326.074399      446.072862
frame00022.jpg      309.933728      200.135801      535.899352      197.889921      525.517932      431.231550      326.034511      445.647537
frame00023.jpg      309.206489      199.676318      535.408886      196.824044      526.548836      430.491693      327.473679      445.517882
frame00024.jpg      309.210679      199.676074      535.414303      196.809982      526.555153      430.493542      327.482912      445.509345
frame00025.jpg      308.566886      200.274124      534.865775      196.719677      528.120189      430.110907      328.540383      445.663349
frame00026.jpg      307.938534      200.098718      534.895328      195.352675      528.651225      427.899990      329.667081      444.242243
frame00027.jpg      307.545794      199.473949      534.673258      194.280858      528.015785      426.055391      329.169411      443.619707
frame00028.jpg      307.165985      198.162638      534.528145      193.739590      526.494680      425.079207      327.277993      444.062339
frame00029.jpg      307.166057      198.162283      534.529309      193.732315      526.489862      425.075195      327.274977      444.066067
frame00030.jpg      312.510901      199.744165      531.635569      191.947238      524.820943      425.461590      326.455349      443.998560
frame00031.jpg      310.363213      198.613420      531.538670      191.647264      523.208502      423.273210      325.369735      443.505236
frame00032.jpg      308.817955      206.079543      527.083673      198.384219      523.889304      419.340123      325.818028      441.379562
frame00033.jpg      308.631751      206.352405      526.745968      196.340863      523.917571      418.336067      326.184065      441.245763
frame00034.jpg      308.306150      206.135540      526.420798      194.828760      524.225979      417.412712      327.034774      440.839952
frame00035.jpg      307.943008      205.453544      526.587756      192.309132      526.657472      417.805766      329.008445      441.083931
frame00036.jpg      306.959602      203.823520      526.958199      189.732933      528.404834      417.765193      330.929166      440.898814
frame00037.jpg      306.277197      202.003891      527.794607      187.583489      529.638412      417.691266      332.203177      440.771012
frame00038.jpg      306.006362      201.526963      527.376317      187.706507      530.149623      417.422726      333.221364      440.847541
frame00039.jpg      305.712864      201.292490      527.478330      187.259892      529.785236      416.474593      333.392029      440.672111
frame00040.jpg      304.620088      200.186133      527.565151      186.003991      528.714610      413.352155      332.925284      439.607725
frame00041.jpg      304.553792      197.488186      526.399979      185.127307      527.539929      412.697714      331.659644      439.396959
frame00042.jpg      302.093086      195.711698      526.234663      182.871578      525.826173      410.070023      329.828221      438.290487
frame00043.jpg      304.192601      195.978095      525.495646      181.456898      523.470605      409.555051      328.163689      439.176242
frame00044.jpg      303.545232      195.952679      524.984284      179.985187      522.245906      408.554255      327.783309      439.321491
frame00045.jpg      303.056857      201.661452      524.955895      178.027491      522.567790      405.110565      328.980651      437.132800
frame00046.jpg      302.084663      200.715115      523.892680      177.257295      522.494821      403.026861      329.076978      436.908940
frame00047.jpg      301.027255      198.936222      523.192480      175.379229      522.671106      400.939245      329.546447      436.227054
frame00048.jpg      299.677565      196.483172      523.185101      171.542090      523.770564      398.685045      330.703248      434.664757
frame00049.jpg      298.750247      195.645702      522.883705      170.563186      523.957932      397.241653      331.037833      434.325229
frame00050.jpg      298.177920      195.035570      522.833867      169.689663      523.211312      396.076871      330.309320      434.266794
frame00051.jpg      297.714024      194.734527      522.546459      168.890986      522.756418      395.020300      330.242279      434.017432
frame00052.jpg      296.914047      194.435053      522.162664      168.043322      522.176269      393.447869      329.822688      433.999439
frame00053.jpg      296.063001      194.079094      521.556268      165.800036      521.627332      391.058624      330.151590      433.640681
frame00054.jpg      296.531302      194.716348      521.350987      163.454256      521.635858      390.684103      329.737742      435.016450
frame00055.jpg      295.400023      194.475232      520.257511      161.775297      521.119659      388.104821      330.026473      434.266195
frame00056.jpg      293.769330      193.654651      519.316311      158.656210      521.857438      385.241472      330.801357      433.775377
frame00057.jpg      292.641818      193.683446      518.534842      156.428195      522.000659      382.818263      331.512821      433.469893
frame00058.jpg      291.993704      194.127583      517.836021      154.864085      521.753365      381.177095      331.096976      433.403231
frame00059.jpg      290.342904      192.251179      516.478358      150.743591      521.216074      378.781857      330.746840      432.777537
frame00060.jpg      289.276582      192.066547      515.868036      148.740676      521.125257      376.544539      331.339964      431.377723
frame00061.jpg      288.194548      192.332752      514.696230      146.925912      520.766377      375.828760      330.756150      432.562999
frame00062.jpg      287.708133      192.960174      512.982614      146.245038      520.581106      374.515954      330.636205      432.893329
frame00063.jpg      287.459746      193.419952      512.043866      145.102895      521.019889      374.617928      330.849973      434.202864
frame00064.jpg      286.986824      193.992173      511.459392      144.318796      521.080422      373.377341      330.963877      434.155652
frame00065.jpg      285.789119      194.701484      511.405232      142.293457      520.552561      370.580061      330.981666      433.188159
frame00066.jpg      285.096015      195.147075      511.053315      140.705503      521.040957      369.220629      331.931317      432.820065
frame00067.jpg      284.119901      194.833288      510.955122      139.168914      521.647944      367.422883      333.135106      431.363836
frame00068.jpg      282.113859      193.443826      510.238001      136.217789      523.266609      364.463468      334.115665      430.195989
frame00069.jpg      281.384652      193.747277      509.877726      134.511724      523.726057      362.337971      334.686177      429.822049
frame00070.jpg      280.789292      193.635668      509.487657      133.595411      523.214201      360.400620      334.708388      428.920816
frame00071.jpg      280.683036      191.363856      507.574646      130.807851      523.362167      357.507264      334.871313      427.122339
frame00072.jpg      279.561024      190.561692      507.628478      128.492353      523.062721      354.567488      335.398585      425.088097
frame00073.jpg      278.170907      188.853086      507.080543      126.168635      523.168544      351.673033      335.453538      423.484499
frame00074.jpg      277.182014      187.432412      506.784987      125.143303      522.416199      349.885398      334.620720      422.253578
frame00075.jpg      277.159310      186.263875      506.826981      121.620224      522.136897      348.544110      334.265671      421.954043
frame00076.jpg      276.065861      184.880697      506.282107      120.362823      520.928944      348.002096      333.260054      421.877311
frame00077.jpg      275.617411      183.180819      504.673153      117.322677      520.799693      347.182361      332.265433      421.454952
frame00078.jpg      274.852014      183.224535      504.732152      116.878950      520.083477      346.596177      332.111875      421.184294
frame00079.jpg      282.238032      189.329252      502.769109      122.584663      520.231084      349.287534      330.925143      422.303275
frame00080.jpg      278.216739      184.798924      503.481820      123.470591      518.780689      351.536932      330.523950      422.301467
frame00081.jpg      281.049115      187.115491      504.696423      126.738390      518.378951      353.216371      331.403264      421.835400
frame00082.jpg      282.319999      186.394021      504.432704      127.541086      518.628649      355.108914      332.114826      421.771886
frame00083.jpg      284.862636      186.860601      508.736618      125.780461      515.941634      356.645956      331.637458      422.144338
frame00084.jpg      286.310837      186.008687      507.705941      126.339912      514.100545      356.042910      330.674180      420.870933
frame00085.jpg      285.618031      184.636123      505.644544      128.764748      511.910053      354.198254      329.825452      419.319443
frame00086.jpg      288.148445      182.867560      505.549432      128.306902      509.009663      352.018457      329.088117      416.740271
frame00087.jpg      289.365913      179.944963      504.634296      129.025479      506.830916      350.648551      327.783511      414.159555
frame00088.jpg      289.979280      175.439202      503.958596      130.508116      505.509771      349.194697      327.314086      411.251090
frame00089.jpg      289.515968      172.992071      504.225591      130.769235      504.412665      347.913146      327.224737      408.610542
frame00090.jpg      290.257308      170.630652      504.245596      130.548164      502.900976      346.672330      326.798263      406.125005
frame00091.jpg      291.415485      168.301671      503.888433      130.202696      502.021830      345.293697      326.669202      403.490506
frame00092.jpg      291.116125      166.640329      503.228785      130.524186      502.013572      344.287232      326.876078      402.174078
frame00093.jpg      291.322651      165.210741      503.025112      130.590494      501.644061      343.720255      326.375244      400.703478
frame00094.jpg      292.131059      162.715539      502.671066      130.446928      500.562188      343.023138      324.615932      399.074411
frame00095.jpg      292.790319      161.301708      502.278449      130.066387      500.282566      342.672746      324.099684      397.942550
frame00096.jpg      290.227213      159.589589      503.015693      128.592819      501.129701      343.408153      325.524693      397.256426
frame00097.jpg      289.400419      159.588446      503.770865      127.871286      503.030088      344.593171      327.690620      396.288652
frame00098.jpg      283.802384      153.918189      507.116617      124.892034      504.301137      346.527042      330.601956      395.958873
frame00099.jpg      282.194372      149.850640      507.043951      125.857007      507.134035      347.932457      332.424431      395.809824
frame00100.jpg      283.536252      145.537431      507.251399      125.080641      509.771951      350.473285      333.638792      396.269027
frame00101.jpg      287.524855      142.066553      506.382525      125.677996      511.474527      354.523200      333.324126      397.315186
frame00102.jpg      291.345651      137.908553      505.127555      126.615276      512.306387      357.826032      332.975223      397.620496
frame00103.jpg      297.066016      133.958014      504.253320      127.924544      512.548506      361.396402      331.674798      398.798438
frame00104.jpg      306.960549      131.881628      502.561065      129.368413      513.229120      365.719345      328.979137      401.601228
frame00105.jpg      315.391933      130.309967      500.439807      131.765228      514.467968      370.032846      325.774475      403.886231
frame00106.jpg      319.788427      127.427563      498.328095      133.174969      515.624704      372.292746      322.887843      405.532383
frame00107.jpg      320.392980      124.484866      496.086355      134.287006      516.170447      372.571122      320.802886      407.220970
frame00108.jpg      320.289545      121.221229      493.219139      135.182797      516.689053      372.506056      317.853488      409.853055
frame00109.jpg      318.785667      118.935159      491.811377      134.764522      516.708968      372.186979      317.334891      410.792689
frame00110.jpg      294.786265      101.377353      481.154951      130.428789      519.999927      370.582638      313.698146      415.722724
frame00111.jpg      268.556604       81.566423      472.104188      126.789039      522.699860      370.352278      308.805564      420.670183
frame00112.jpg      248.174945       59.051814      463.841996      121.662618      522.765035      371.323377      307.231755      425.712128
frame00113.jpg      231.205659       38.920787      453.434739      116.036086      523.610430      373.150597      304.681167      433.219407
frame00114.jpg      204.163268       15.810190      438.320531      108.531010      525.042499      374.253951      303.541443      440.617790
frame00115.jpg      173.862672        1.495865      420.440127       96.628224      527.482469      375.440950      309.466026      443.355179
frame00116.jpg      169.397613       -2.513106      418.894844       94.334387      527.480355      375.628081      310.349336      443.644479
frame00117.jpg      585.183692      701.826150      457.314402     -244.798370      476.866516      368.377056      355.972795      469.426005
frame00118.jpg      525.368104      582.878181      478.079433     -584.586307      471.484652      367.017701      371.314980      469.552045
frame00119.jpg      524.088790      580.325527      478.735314     -617.447082      471.317821      367.053478      372.145800      469.574927
frame00120.jpg      524.087558      580.322998      478.735180     -617.501576      471.317638      367.053861      372.146468      469.576260
frame00121.jpg      524.077764      580.307634      478.733217     -618.073731      471.316322      367.060246      372.157430      469.593361
frame00122.jpg      524.076499      580.305130      478.732860     -618.143835      471.316217      367.060768      372.159248      469.594783
frame00123.jpg      524.075131      580.302932      478.732739     -618.220405      471.316132      367.061470      372.161293      469.594848
frame00124.jpg      523.958791      580.022804      478.747853     -623.073590      471.306471      367.058001      372.253503      469.633285
frame00125.jpg      523.728107      579.471583      478.750411     -634.827876      471.287212      367.053976      372.527575      469.706827
frame00126.jpg      523.726786      579.468905      478.749854     -634.906500      471.287040      367.054172      372.528913      469.708234
frame00127.jpg      523.714930      579.450957      478.748427     -635.571519      471.286282      367.061341      372.544478      469.702981
frame00128.jpg      523.387040      578.713090      478.723820     -650.938712      471.251691      367.075623      372.876590      469.837700
frame00129.jpg      523.028714      577.931059      478.618417     -672.497338      471.213840      367.106268      373.290239      470.010788
frame00130.jpg      522.952078      577.742378      478.600937     -676.927921      471.204087      367.101244      373.389441      470.046195
frame00131.jpg      522.658503      577.077029      478.524495     -695.936800      471.168218      367.087425      373.820363      470.190109
frame00132.jpg      522.657131      577.074194      478.523932     -696.028835      471.168077      367.087750      373.822432      470.191303
frame00133.jpg      522.656952      577.073882      478.523915     -696.039846      471.168058      367.087815      373.822555      470.191514
frame00134.jpg      522.655518      577.071189      478.523562     -696.119804      471.167889      367.088348      373.823014      470.194377
frame00135.jpg      522.654219      577.068666      478.523085     -696.198488      471.167758      367.088826      373.824239      470.196152
frame00136.jpg      522.653097      577.066677      478.522840     -696.273964      471.167639      367.089297      373.825732      470.197307
frame00137.jpg      522.651908      577.064236      478.522647     -696.332718      471.167487      367.089579      373.825960      470.198944
frame00138.jpg      522.650810      577.062295      478.522249     -696.396544      471.167344      367.090049      373.826597      470.201494
frame00139.jpg      522.649788      577.060541      478.521867     -696.461162      471.167220      367.090572      373.827373      470.203936
frame00140.jpg      522.648707      577.058562      478.521677     -696.539302      471.167129      367.091021      373.828811      470.204577
frame00141.jpg      522.321701      576.354147      478.473417     -710.316892      471.135028      367.150410      374.028852      470.558134
frame00142.jpg      522.042755      575.816225      478.411990     -725.577879      471.107732      367.226001      374.274423      470.922667
frame00143.jpg      522.041218      575.813147      478.411136     -725.667666      471.107558      367.226490      374.275213      470.927234
frame00144.jpg      522.007325      575.739739      478.395596     -727.208621      471.103565      367.236585      374.284680      471.013033
frame00145.jpg      521.855476      575.436564      478.378542     -733.803892      471.089491      367.268653      374.365169      471.097997
frame00146.jpg      521.853900      575.433725      478.377902     -733.896585      471.089309      367.269312      374.366263      471.100654
frame00147.jpg      521.852106      575.430002      478.377120     -733.995377      471.089092      367.269832      374.366995      471.105664
frame00148.jpg      520.237903      572.066558      478.975706     -780.565690      470.912920      367.447194      374.941541      471.913857
frame00149.jpg      520.094169      571.732332      478.957592     -787.228218      470.897244      367.478393      375.023558      472.103058
frame00150.jpg      520.066671      571.664824      478.945310     -788.526446      470.893648      367.485549      375.032886      472.187342
frame00151.jpg      520.065515      571.662047      478.944567     -788.571915      470.893433      367.485852      375.032459      472.192054
frame00152.jpg      519.934478      571.351392      478.939224     -794.611712      470.878864      367.514608      375.102779      472.350846
frame00153.jpg      519.933492      571.348758      478.938374     -794.667685      470.878717      367.514668      375.103592      472.353570
frame00154.jpg      519.932669      571.346461      478.937477     -794.701639      470.878557      367.514683      375.103805      472.356194
frame00155.jpg      519.932016      571.344580      478.936981     -794.726027      470.878434      367.514680      375.103691      472.357820
frame00156.jpg      519.931362      571.342693      478.936570     -794.736699      470.878279      367.514603      375.102864      472.360362
frame00157.jpg      519.368485      570.010542      479.201310     -809.239621      470.812275      367.507042      375.294194      472.614866
frame00158.jpg      519.352082      569.967791      479.187353     -809.890175      470.809618      367.509581      375.298713      472.674834
frame00159.jpg      519.351454      569.966253      479.186857     -809.921613      470.809534      367.509762      375.299132      472.676761
frame00160.jpg      519.350851      569.964546      479.186303     -809.939568      470.809375      367.509689      375.298653      472.679326
frame00161.jpg      519.350231      569.962957      479.185838     -809.962723      470.809262      367.509815      375.298685      472.681497
frame00162.jpg      519.349712      569.961661      479.185468     -809.987534      470.809166      367.510005      375.298681      472.683155
frame00163.jpg      519.348773      569.958935      479.184690     -810.017330      470.808955      367.509773      375.298458      472.686546
frame00164.jpg      519.347957      569.956933      479.184096     -810.048486      470.808814      367.509997      375.298404      472.690417
frame00165.jpg      519.347122      569.954757      479.183752     -810.085677      470.808639      367.510112      375.298208      472.692865
frame00166.jpg      519.114657      569.394051      479.245545     -822.283218      470.784512      367.566283      375.522982      472.765557
frame00167.jpg      513.588553      560.156324      490.217839     -948.251378      469.967744      367.307589      376.688028      472.776039
frame00168.jpg      513.487971      559.894917      490.282163     -954.996694      469.952152      367.330949      376.723995      472.917803
frame00169.jpg      513.487549      559.893954      490.282508     -955.042233      469.952123      367.331140      376.724929      472.917885
frame00170.jpg      513.487049      559.892805      490.282462     -955.086130      469.952042      367.331340      376.725523      472.919412
frame00171.jpg      512.277317      557.812520      493.466914     -993.048369      469.769151      367.267360      376.960784      472.903878
frame00172.jpg      512.276986      557.811804      493.467045     -993.076818      469.769101      367.267568      376.961034      472.904343
frame00173.jpg      512.276689      557.811060      493.467141     -993.098717      469.769028      367.267689      376.960832      472.905006
frame00174.jpg      512.276417      557.810292      493.466903     -993.115881      469.768953      367.267725      376.960713      472.906363
frame00175.jpg      512.262343      557.769313      493.455274     -994.001543      469.764166      367.265415      376.950176      472.977153
frame00176.jpg      512.262096      557.768741      493.455297     -994.023470      469.764121      367.265555      376.950280      472.977527
frame00177.jpg      512.261817      557.767889      493.455277     -994.047833      469.764076      367.265507      376.950577      472.977820
frame00178.jpg      512.261538      557.767023      493.455249     -994.065672      469.764019      367.265444      376.950520      472.978283
frame00179.jpg      512.261049      557.765466      493.454784     -994.093141      469.763910      367.265283      376.950687      472.979891
frame00180.jpg      511.961179      556.871873      493.421939    -1009.966226      469.709256      367.185484      377.006091      473.574531
frame00181.jpg      511.960787      556.870757      493.421791    -1009.982447      469.709171      367.185469      377.005841      473.575613
frame00182.jpg      511.960414      556.869768      493.421586    -1010.005219      469.709091      367.185580      377.005869      473.577040
frame00183.jpg      510.548780      554.688604      496.336885    -1055.301540      469.484950      367.189827      377.442777      473.733182
frame00184.jpg      510.542064      554.669449      496.332693    -1055.637404      469.483369      367.189198      377.441689      473.762180
frame00185.jpg      510.541716      554.668399      496.332330    -1055.651720      469.483264      367.189091      377.441387      473.764053
frame00186.jpg      510.541420      554.667603      496.332313    -1055.665308      469.483203      367.189114      377.441104      473.764704
frame00187.jpg      510.541116      554.666634      496.332359    -1055.680911      469.483129      367.189005      377.440820      473.765263
frame00188.jpg      510.540827      554.665768      496.332308    -1055.702467      469.483052      367.188991      377.440696      473.766289
frame00189.jpg      510.528404      554.624724      496.320931    -1056.370665      469.479720      367.184216      377.437528      473.822701
frame00190.jpg      510.527858      554.623256      496.320358    -1056.404392      469.479582      367.184336      377.437480      473.825681
frame00191.jpg      507.522249      551.457377      501.513062    -1119.337184      468.909537      367.217613      378.674996      474.623772
frame00192.jpg      507.477250      551.353473      501.594309    -1126.331064      468.904387      367.250114      378.766574      474.731392
frame00193.jpg      507.477154      551.353210      501.594509    -1126.344596      468.904374      367.250146      378.766737      474.731565
frame00194.jpg      507.477056      551.352954      501.594719    -1126.355906      468.904359      367.250172      378.766739      474.731839
frame00195.jpg      507.464939      551.324249      501.623192    -1127.932802      468.902595      367.256689      378.771148      474.769337
frame00196.jpg      507.464357      551.322643      501.623917    -1127.980367      468.902446      367.256826      378.770620      474.772226
frame00197.jpg      507.463746      551.320822      501.625150    -1128.049447      468.902355      367.256964      378.771099      474.773705
frame00198.jpg      507.463203      551.319134      501.625947    -1128.107746      468.902271      367.257034      378.771653      474.775248
frame00199.jpg      507.462718      551.317701      501.626855    -1128.163393      468.902174      367.257071      378.771770      474.776462
frame00200.jpg      507.033074      550.278049      502.339024    -1155.891715      468.828228      367.249502      378.961479      475.027525
frame00201.jpg      502.695040      541.401993      511.017833    -1350.399653      467.946723      366.616731      380.170709      477.020969
frame00202.jpg      502.694682      541.400575      511.017798    -1350.416276      467.946566      366.616253      380.170007      477.022683
frame00203.jpg      502.694299      541.399167      511.018415    -1350.446981      467.946415      366.615887      380.169614      477.023894
frame00204.jpg      502.687567      541.382245      511.035304    -1351.136578      467.943787      366.616413      380.157955      477.057845
frame00205.jpg      502.687265      541.381289      511.035874    -1351.182196      467.943702      366.616291      380.158160      477.059253
frame00206.jpg      502.686958      541.380456      511.036492    -1351.212387      467.943592      366.616223      380.157743      477.060692
frame00207.jpg      502.686663      541.379637      511.037494    -1351.259714      467.943525      366.616210      380.157913      477.061263
frame00208.jpg      502.486952      540.963189      511.876766    -1378.328756      467.905445      366.649804      380.274506      477.089934
frame00209.jpg      502.476376      540.938715      511.901449    -1380.031964      467.902807      366.655482      380.262227      477.149481
frame00210.jpg      501.295174      539.575840      516.679755    -1444.649791      467.652239      366.745069      380.503380      477.217270
frame00211.jpg      497.574117      534.957577      537.263598    -1726.478218      466.838140      366.949978      381.338566      477.260464
frame00212.jpg      497.573903      534.957068      537.265213    -1726.540137      466.838097      366.950107      381.338526      477.261790
frame00213.jpg      497.520030      534.828898      537.941102    -1745.865552      466.831961      366.977965      381.377795      477.243858
frame00214.jpg      497.324223      534.388951      540.091341    -1811.693851      466.799325      367.112374      381.374198      477.737722
frame00215.jpg      497.316612      534.372317      540.138875    -1813.393913      466.797356      367.118610      381.351730      477.796224
frame00216.jpg      497.136528      533.801192      542.607081    -1885.808889      466.771347      367.152004      381.629803      477.866888
frame00217.jpg      496.772681      532.847396      547.929262    -2008.265231      466.720175      367.212185      382.000303      477.369321
frame00218.jpg      496.759955      532.819693      548.138150    -2015.318977      466.719072      367.224652      382.030550      477.446305
frame00219.jpg      496.759909      532.819587      548.138881    -2015.343288      466.719066      367.224685      382.030640      477.446516
frame00220.jpg      496.759843      532.819458      548.139448    -2015.363498      466.719053      367.224763      382.030625      477.447098
frame00221.jpg      496.759771      532.819300      548.140297    -2015.391220      466.719041      367.224832      382.030689      477.447490
frame00222.jpg      496.759686      532.819071      548.141647    -2015.433623      466.719029      367.224879      382.030823      477.447736
frame00223.jpg      496.759610      532.818889      548.142544    -2015.462558      466.719012      367.224934      382.030795      477.448126
frame00224.jpg      496.748801      532.793410      548.367547    -2022.268570      466.717923      367.232246      382.057785      477.434489
frame00225.jpg      496.748722      532.793214      548.368775    -2022.305136      466.717911      367.232302      382.057829      477.434622
frame00226.jpg      496.748267      532.791877      548.378465    -2022.569171      466.717886      367.232471      382.058614      477.432870
frame00227.jpg      496.748219      532.791775      548.379605    -2022.599606      466.717884      367.232506      382.058747      477.432639
frame00228.jpg      496.748188      532.791721      548.380177    -2022.617529      466.717881      367.232542      382.058840      477.432648
frame00229.jpg      496.748158      532.791662      548.380671    -2022.631975      466.717876      367.232562      382.058866      477.432644
frame00230.jpg      496.738152      532.770828      548.576208    -2027.650069      466.716321      367.237029      382.060501      477.399374
frame00231.jpg      496.738127      532.770773      548.576904    -2027.670796      466.716321      367.237044      382.060642      477.399200
frame00232.jpg      496.479121      532.385845      552.854246    -2133.515043      466.673693      367.336017      382.464478      476.892057
frame00233.jpg      496.478585      532.384506      552.866859    -2133.882177      466.673597      367.336260      382.465259      476.890673
frame00234.jpg      496.478561      532.384439      552.867376    -2133.896515      466.673592      367.336263      382.465268      476.890589
frame00235.jpg      496.478538      532.384363      552.867915    -2133.911867      466.673589      367.336262      382.465325      476.890515
frame00236.jpg      496.478513      532.384288      552.868603    -2133.931448      466.673586      367.336264      382.465391      476.890357
frame00237.jpg      496.478487      532.384202      552.869047    -2133.945328      466.673582      367.336263      382.465437      476.890367
frame00238.jpg      496.471376      532.364565      553.053167    -2139.219592      466.673164      367.337494      382.488593      476.857187
frame00239.jpg      496.471345      532.364491      553.053645    -2139.236123      466.673155      367.337505      382.488632      476.857335
frame00240.jpg      496.471320      532.364417      553.054229    -2139.253190      466.673152      367.337509      382.488681      476.857235
frame00241.jpg      496.471299      532.364365      553.054653    -2139.265941      466.673148      367.337520      382.488689      476.857206
frame00242.jpg      496.471268      532.364315      553.055264    -2139.285728      466.673141      367.337552      382.488745      476.857297
frame00243.jpg      496.471234      532.364259      553.055738    -2139.301554      466.673132      367.337587      382.488740      476.857482
frame00244.jpg      496.444766      532.332159      553.491556    -2152.530538      466.668159      367.360022      382.518906      476.884941
frame00245.jpg      496.439988      532.325735      553.561212    -2154.927928      466.666755      367.365480      382.518782      476.918809
frame00246.jpg      496.439963      532.325672      553.561780    -2154.946225      466.666752      367.365497      382.518860      476.918845
frame00247.jpg      496.439941      532.325631      553.562401    -2154.965907      466.666749      367.365514      382.518956      476.918863
frame00248.jpg      496.291424      531.919419      555.903384    -2226.699780      466.638195      367.404041      382.640129      477.340312
frame00249.jpg      496.291402      531.919369      555.904063    -2226.721139      466.638193      367.404057      382.640243      477.340340
frame00250.jpg      496.291380      531.919311      555.904663    -2226.740420      466.638191      367.404069      382.640334      477.340375
frame00251.jpg      496.291356      531.919261      555.905154    -2226.757152      466.638185      367.404083      382.640366      477.340507
frame00252.jpg      496.291332      531.919218      555.905793    -2226.777285      466.638181      367.404094      382.640433      477.340512
frame00253.jpg      496.291304      531.919188      555.906560    -2226.802058      466.638175      367.404127      382.640525      477.340560
frame00254.jpg      496.274002      531.886044      556.372145    -2241.615389      466.635315      367.418991      382.698359      477.371713
frame00255.jpg      496.273976      531.885986      556.372858    -2241.637893      466.635313      367.419013      382.698469      477.371727
frame00256.jpg      496.273953      531.885932      556.373282    -2241.651505      466.635309      367.419027      382.698492      477.371804
frame00257.jpg      496.273931      531.885891      556.373644    -2241.663026      466.635305      367.419047      382.698493      477.371874
frame00258.jpg      496.273903      531.885843      556.374479    -2241.689558      466.635302      367.419067      382.698622      477.371849
frame00259.jpg      496.273872      531.885781      556.375144    -2241.711411      466.635296      367.419080      382.698675      477.371901
frame00260.jpg      496.273844      531.885737      556.375791    -2241.731984      466.635293      367.419106      382.698742      477.371939
frame00261.jpg      496.273812      531.885683      556.376669    -2241.758886      466.635289      367.419132      382.698857      477.371977
frame00262.jpg      496.273783      531.885635      556.377306    -2241.778711      466.635286      367.419161      382.698911      477.371983
frame00263.jpg      496.273757      531.885572      556.377884    -2241.796011      466.635283      367.419176      382.698950      477.372023
frame00264.jpg      496.267800      531.872219      556.477881    -2245.004584      466.634564      367.424189      382.704534      477.400840
frame00265.jpg      496.267756      531.872121      556.479037    -2245.038619      466.634561      367.424217      382.704639      477.400845
frame00266.jpg      496.267693      531.871996      556.480056    -2245.071111      466.634551      367.424270      382.704654      477.401226
frame00267.jpg      496.267653      531.871931      556.481151    -2245.103726      466.634547      367.424295      382.704724      477.401236
frame00268.jpg      496.267611      531.871845      556.482092    -2245.132357      466.634541      367.424322      382.704791      477.401369
frame00269.jpg      496.267567      531.871755      556.483120    -2245.163156      466.634537      367.424356      382.704856      477.401450
frame00270.jpg      496.267520      531.871652      556.483993    -2245.189822      466.634531      367.424402      382.704890      477.401658
frame00271.jpg      495.612152      531.820082      568.138883    -2458.873066      466.511416      367.784559      382.982254      477.365181
frame00272.jpg      493.993576      531.350365      604.679774    -3137.344256      466.203538      368.439599      383.793702      477.461310
frame00273.jpg      493.692955      530.812923      618.167547    -3443.486439      466.155690      368.563033      384.149230      477.306986
frame00274.jpg      493.648877      530.693696      620.459632    -3501.251146      466.148543      368.574423      384.214600      477.403061
frame00275.jpg      488.737681      528.701375      868.600423    -7619.825668      465.055233      369.473586      385.767967      478.332977
frame00276.jpg      487.221408      527.916314     1330.851451   -15698.763434      464.754625      369.942988      386.350756      478.564225
frame00277.jpg      486.102692      527.217607    -6860.427205   131421.506568      464.550009      370.842708      387.095603      478.936295
frame00278.jpg      486.102689      527.217599    -6860.210973   131417.638057      464.550008      370.842711      387.095598      478.936312
frame00279.jpg      486.102689      527.217599    -6860.207150   131417.569657      464.550008      370.842711      387.095598      478.936312
frame00280.jpg      486.051716      527.097820    -3600.335010    73052.076796      464.543421      370.889773      387.203466      478.927223
frame00281.jpg      485.896792      526.970013    -1685.843614    38649.630085      464.518052      370.969928      387.369169      478.938167
frame00282.jpg      485.826214      526.851899    -1232.547225    30557.983206      464.508171      371.054536      387.477368      478.970426
frame00283.jpg      485.826214      526.851898    -1232.545569    30557.953714      464.508170      371.054536      387.477368      478.970426
frame00284.jpg      485.823464      526.845178    -1218.628832    30309.961588      464.507810      371.056636      387.476047      478.976346
frame00285.jpg      485.125011      526.615677     -359.859922    14657.917703      464.387873      371.463950      387.830311      479.308781
frame00286.jpg      485.125008      526.615671     -359.855907    14657.848010      464.387873      371.463953      387.830313      479.308788
frame00287.jpg      484.342417      526.400231      -36.699043     8772.638915      464.229685      372.120367      388.346221      479.383659
frame00288.jpg      484.148234      526.338492       33.631928     7555.735365      464.205771      372.397139      388.581977      479.479155
frame00289.jpg      484.148231      526.338485       33.633132     7555.715251      464.205770      372.397141      388.581984      479.479156
frame00290.jpg      484.112425      526.278762       46.773493     7333.819604      464.201190      372.435390      388.619930      479.511279
frame00291.jpg      484.112422      526.278754       46.774402     7333.804323      464.201190      372.435393      388.619933      479.511287
frame00292.jpg      484.071687      526.184735       61.410160     7085.311307      464.198106      372.493418      388.710134      479.523589
frame00293.jpg      484.035734      526.150548       72.223468     6902.009063      464.193879      372.556756      388.763263      479.559692
frame00294.jpg      483.159452      526.436789      150.959395     5427.299501      463.991692      373.419195      389.246090      479.932335
frame00295.jpg      483.159427      526.436700      150.964830     5427.211538      463.991688      373.419219      389.246145      479.932323
frame00296.jpg      483.159406      526.436647      150.968965     5427.144929      463.991685      373.419249      389.246184      479.932399
frame00297.jpg      483.157065      526.430232      151.365637     5420.685173      463.991087      373.421389      389.245829      479.937141
frame00298.jpg      482.047872      526.303883      195.885855     4513.545196      463.672366      374.057570      389.534286      479.915259
frame00299.jpg      482.015366      526.257108      199.037366     4464.099308      463.663844      374.095438      389.541607      479.903498
frame00300.jpg      480.843705      525.596572      214.221124     4077.315504      463.349484      374.241197      389.961216      480.155141
frame00301.jpg      480.451270      525.344122      225.079452     3876.863670      463.246820      374.355980      390.180938      480.258438
frame00302.jpg      477.196999      524.539992      237.771565     3280.042604      462.253053      374.909293      390.145057      480.567258
frame00303.jpg      476.817544      524.451239      240.038938     3219.836475      462.127537      374.954818      390.240296      480.626119
frame00304.jpg      476.817485      524.451138      240.044121     3219.770971      462.127507      374.954843      390.240291      480.626340
frame00305.jpg      476.710227      524.334484      244.791224     3154.308114      462.095082      375.032015      390.325014      480.595436
frame00306.jpg      476.710219      524.334475      244.792075     3154.297706      462.095078      375.032035      390.325024      480.595493
frame00307.jpg      476.710155      524.334323      244.798273     3154.221947      462.095048      375.032127      390.325063      480.595897
frame00308.jpg      476.700301      524.292843      245.963924     3139.915732      462.093048      375.034941      390.373609      480.591742
frame00309.jpg      471.181260      521.661289      246.385565     2798.132122      460.703197      375.338427      392.708373      482.698314
frame00310.jpg      471.181196      521.660968      246.392327     2798.059161      460.703162      375.338523      392.708345      482.698892
frame00311.jpg      471.181187      521.660932      246.393375     2798.047777      460.703158      375.338541      392.708361      482.698952
frame00312.jpg      471.100232      521.255709      255.053543     2703.741086      460.673497      375.421805      392.823745      482.920477
frame00313.jpg      471.100212      521.255624      255.055930     2703.715577      460.673483      375.421838      392.823737      482.920691
frame00314.jpg      471.100181      521.255548      255.058655     2703.685771      460.673471      375.421896      392.823779      482.920914
frame00315.jpg      471.100158      521.255447      255.060514     2703.665604      460.673461      375.421925      392.823787      482.921170
frame00316.jpg      471.100132      521.255339      255.063055     2703.637441      460.673453      375.421963      392.823843      482.921319
frame00317.jpg      471.100102      521.255210      255.066386     2703.600320      460.673448      375.422009      392.823959      482.921498
frame00318.jpg      471.100081      521.255117      255.067806     2703.584467      460.673441      375.422029      392.823962      482.921687
frame00319.jpg      471.099840      521.254469      255.091438     2703.323139      460.673365      375.422538      392.825029      482.922868
frame00320.jpg      471.099810      521.254374      255.093660     2703.298821      460.673353      375.422597      392.825052      482.923151
frame00321.jpg      471.099787      521.254281      255.095744     2703.275969      460.673342      375.422630      392.825041      482.923354
frame00322.jpg      471.099770      521.254186      255.097191     2703.260220      460.673335      375.422652      392.825071      482.923525
frame00323.jpg      471.099038      521.251258      255.157522     2702.595583      460.673041      375.424053      392.825944      482.929638
frame00324.jpg      471.099001      521.251139      255.160657     2702.560933      460.673027      375.424130      392.826044      482.929933
frame00325.jpg      471.080763      521.226886      256.219506     2690.208642      460.666621      375.458715      392.847024      482.986818
frame00326.jpg      471.080739      521.226794      256.221873     2690.182382      460.666611      375.458748      392.847087      482.986874
frame00327.jpg      470.627057      521.327249      255.026323     2676.510029      460.548903      375.570933      392.987302      483.211123
frame00328.jpg      470.620645      521.318366      255.537060     2670.915621      460.545939      375.584716      393.002109      483.250098
frame00329.jpg      470.620628      521.318332      255.538451     2670.900433      460.545932      375.584750      393.002150      483.250200
frame00330.jpg      470.616662      521.316388      255.859198     2667.360146      460.544215      375.596373      393.010454      483.273260
frame00331.jpg      470.616641      521.316408      255.860932     2667.341132      460.544205      375.596441      393.010526      483.273379
frame00332.jpg      468.803763      522.159846      255.924641     2561.294728      460.058633      376.400040      393.522853      484.356409
frame00333.jpg      464.692934      523.525029      278.711291     2148.520649      458.871259      378.866537      395.501954      484.688646
frame00334.jpg      463.717322      523.824371      280.570396     2091.586848      458.572582      379.349832      395.843923      485.034865
frame00335.jpg      461.117814      524.530124      281.812764     1987.933003      457.816330      380.537941      396.903890      485.943760
frame00336.jpg      454.671610      525.471978      274.554555     1879.545954      455.807947      382.395115      399.983792      488.291104
frame00337.jpg      454.671579      525.471741      274.557916     1879.518650      455.807918      382.395301      399.983836      488.291578
frame00338.jpg      454.665686      525.438606      275.146532     1874.664358      455.804078      382.425694      400.004395      488.331450
frame00339.jpg      454.663317      525.417643      275.466263     1872.087574      455.802108      382.436525      400.015357      488.365942
frame00340.jpg      454.663279      525.417247      275.472587     1872.036424      455.802082      382.436786      400.015805      488.366655
frame00341.jpg      454.645441      525.245046      277.458094     1855.530053      455.792149      382.488466      400.101479      488.515088
frame00342.jpg      453.915570      524.986128      282.053291     1797.430899      455.535603      383.018821      400.432004      488.711094
frame00343.jpg      451.320162      522.072545      311.431752     1504.351900      454.568562      385.022738      403.325360      486.176145
frame00344.jpg      441.025485      494.416520      371.720902      938.992546      450.492187      387.087709      420.780476      474.457454
frame00345.jpg      441.025569      494.415554      371.725823      938.957403      450.492237      387.087703      420.782502      474.449755
frame00346.jpg      441.025630      494.414588      371.731866      938.914345      450.492243      387.087899      420.784589      474.441967
frame00347.jpg      439.990616      490.216317      378.363451      874.422292      449.978095      387.120902      423.136407      467.327382
frame00348.jpg      439.568047      488.892437      380.607928      852.581847      449.749832      387.580416      423.810272      466.119118
frame00349.jpg      439.520635      488.740499      381.041935      849.018238      449.721329      387.642236      423.952948      465.765985
frame00350.jpg      439.520712      488.739611      381.045278      848.994693      449.721364      387.642127      423.954425      465.758261
frame00351.jpg      439.520890      488.738194      381.049708      848.964936      449.721486      387.641716      423.956616      465.749496
frame00352.jpg      439.521181      488.735868      381.055769      848.923981      449.721723      387.640461      423.959558      465.736594
frame00353.jpg      439.375143      486.703140      383.852095      827.036214      449.596622      387.364226      424.772049      463.339495
frame00354.jpg      439.375461      486.700260      383.861644      826.971639      449.596855      387.363268      424.776743      463.319013
frame00355.jpg      439.375806      486.697361      383.869522      826.918557      449.597076      387.362258      424.780366      463.302278
frame00356.jpg      440.838736      432.271593      430.187121      502.241719      446.722443      393.616187      440.744279      432.876860
frame00357.jpg      440.768844      432.726173      434.743319      472.309611      444.665503      407.127494      440.701324      433.168720
frame00358.jpg      440.770383      432.716063      434.747794      472.280212      444.666558      407.120566      440.705162      433.143509
frame00359.jpg      440.771482      432.708846      434.750669      472.261323      444.667226      407.116173      440.707069      433.130983
frame00360.jpg      440.774108      432.691596      434.759524      472.203150      444.667122      407.116859      440.708719      433.120145
frame00361.jpg      441.182132      430.011058      436.036656      463.813228      444.591738      407.612052      441.038960      430.950862
frame00362.jpg      441.246960      429.585174      436.244839      462.445601      444.574575      407.724800      441.092378      430.599964
frame00363.jpg      442.033715      424.416580      438.569975      447.170987      444.465183      408.443390      441.803473      425.928853
frame00364.jpg      442.033819      424.415896      438.570153      447.169817      444.465211      408.443203      441.803260      425.930252
frame00365.jpg      442.037510      424.391648      438.577540      447.121293      444.465887      408.438761      441.804352      425.923079
frame00366.jpg      442.072468      424.161997      438.640422      446.708197      444.478243      408.357591      441.824922      425.787948
frame00367.jpg      442.076745      424.133897      438.652065      446.631711      444.478133      408.358315      441.829542      425.757599
frame00368.jpg      442.081606      424.101963      438.659333      446.583961      444.479664      408.348259      441.829526      425.757703
frame00369.jpg      442.085136      424.078773      438.663664      446.555509      444.480864      408.340376      441.828016      425.767624
frame00370.jpg      442.088867      424.054265      438.668584      446.523192      444.481923      408.333414      441.826540      425.777324
frame00371.jpg      442.094741      424.015676      438.678674      446.456908      444.483081      408.325810      441.826353      425.778550
frame00372.jpg      442.211025      423.251770      438.937069      444.759418      444.504754      408.183433      441.914140      425.201835
frame00373.jpg      442.212010      423.245301      438.939062      444.746326      444.504733      408.183571      441.913931      425.203209
frame00374.jpg      442.212774      423.240275      438.940648      444.735909      444.504743      408.183505      441.913834      425.203850
frame00375.jpg      442.215875      423.219906      438.947966      444.687834      444.505204      408.180478      441.916612      425.185597
frame00376.jpg      442.217472      423.209413      438.951308      444.665876      444.505148      408.180843      441.916609      425.185616
frame00377.jpg      442.221631      423.182094      438.959743      444.610469      444.506499      408.171965      441.920367      425.160928
frame00378.jpg      442.223782      423.167964      438.966949      444.563126      444.505539      408.178274      441.922758      425.145224
frame00379.jpg      442.226768      423.148348      438.972597      444.526027      444.506260      408.173535      441.924232      425.135541
frame00380.jpg      442.229168      423.132576      438.978655      444.486226      444.506541      408.171694      441.927110      425.116633
frame00381.jpg      442.231833      423.115071      438.985709      444.439889      444.506543      408.171678      441.929973      425.097823
frame00382.jpg      442.234447      423.097901      438.994216      444.383999      444.505074      408.181327      441.931712      425.086403
frame00383.jpg      442.236458      423.084685      439.000503      444.342702      444.504339      408.186158      441.933095      425.077320
frame00384.jpg      442.240255      423.059741      439.010477      444.277173      444.504124      408.187568      441.936511      425.054873
frame00385.jpg      442.241754      423.049892      439.023348      444.192618      444.498408      408.225120      441.937855      425.046048
frame00386.jpg      442.244123      423.034333      439.031018      444.142234      444.497417      408.231625      441.940540      425.028410
frame00387.jpg      442.245485      423.025385      439.033144      444.128264      444.497956      408.228088      441.940853      425.026351
frame00388.jpg      442.246643      423.017772      439.044638      444.052756      444.492681      408.262738      441.940079      425.031440
frame00389.jpg      442.245412      423.025863      439.048493      444.027432      444.488054      408.293138      441.937086      425.051102
frame00390.jpg      442.244671      423.030725      439.051386      444.008427      444.484531      408.316282      441.934677      425.066927
frame00391.jpg      442.246749      423.017074      439.053520      443.994409      444.483627      408.322216      441.930652      425.093372
frame00392.jpg      442.247299      423.013462      439.057950      443.965305      444.481248      408.337846      441.927958      425.111065
frame00393.jpg      442.248226      423.007373      439.059975      443.952003      444.480243      408.344449      441.925011      425.130426
frame00394.jpg      442.248701      423.004252      439.059210      443.957030      444.479775      408.347522      441.921441      425.153878
frame00395.jpg      442.248840      423.003341      439.058123      443.964165      444.479747      408.347705      441.919878      425.164148
frame00396.jpg      442.249219      423.000846      439.058997      443.958425      444.478891      408.353327      441.917852      425.177458
frame00397.jpg      442.249416      422.999556      439.068294      443.897352      444.473400      408.389399      441.916442      425.186725
frame00398.jpg      442.249075      423.001794      439.075420      443.850535      444.468489      408.421664      441.915874      425.190456
frame00399.jpg      442.249964      422.995955      439.085063      443.787190      444.463606      408.453739      441.915088      425.195621
frame00400.jpg      442.250298      422.993758      439.089979      443.754894      444.460578      408.473629      441.914317      425.200683
