frame ulx uly urx ury lrx lry llx lly
frame00001.jpg      265.000000      119.000000      581.000000      119.000000      581.000000      411.000000      265.000000      411.000000
frame00002.jpg      266.369671      118.526086      583.028707      120.632935      581.170503      412.970524      265.456588      411.201150
frame00003.jpg      267.811527      118.999427      583.607930      122.570865      581.595087      413.758581      265.973340      410.768002
frame00004.jpg      269.589545      118.702671      585.105702      123.173524      582.255380      413.104076      267.336130      410.220902
frame00005.jpg      270.923642      118.503381      586.101096      124.257850      582.190851      413.122952      268.320400      410.997941
frame00006.jpg      271.738672      119.141136      586.352323      125.152445      582.029620      412.791259      268.525824      411.136824
frame00007.jpg      271.949802      119.302259      585.508666      125.010455      581.610982      411.981010      267.620596      411.396384
frame00008.jpg      270.443511      119.474379      584.541456      125.427423      578.980337      413.383937      266.377718      412.428143
frame00009.jpg      267.771935      120.652787      582.603538      126.803463      577.785723      413.953580      264.152312      413.561723
frame00010.jpg      266.511686      120.552883      581.511287      127.590195      576.427615      413.733461      262.700733      414.289816
frame00011.jpg      264.754083      119.491998      580.862423      126.642855      575.695923      412.563741      262.016614      414.010707
frame00012.jpg      264.322028      119.233466      580.423164      125.534736      575.496098      410.773154      261.781353      413.128422
frame00013.jpg      263.648257      117.626278      580.208114      124.675529      574.416822      410.943730      260.797836      413.377362
frame00014.jpg      262.333981      117.821124      579.583897      125.672591      573.101270      411.824370      259.501554      413.405939
frame00015.jpg      261.948766      117.262732      578.378490      126.844600      571.801668      412.172313      257.899308      413.450196
frame00016.jpg      261.457900      116.402860      578.669163      126.929384      571.393913      412.672296      257.781923      413.161818
frame00017.jpg      261.368205      117.087290      578.549932      129.088418      569.980290      414.400515      256.348078      414.231644
frame00018.jpg      260.684465      117.316555      577.945750      131.433521      568.640949      415.414870      255.219964      414.681257
frame00019.jpg      261.154457      116.212273      578.124257      132.268916      568.326380      415.064484      255.057117      414.532673
frame00020.jpg      261.608634      116.394239      579.287146      132.027560      569.198986      414.919568      256.210964      413.672816
frame00021.jpg      262.642194      116.045375      580.563449      132.669949      569.077625      415.312841      256.073602      413.864358
frame00022.jpg      262.896987      115.290339      581.138429      133.024546      568.543505      415.189231      255.469332      413.371518
frame00023.jpg      262.309774      114.003230      581.204400      132.703126      567.808989      414.367540      254.884181      412.456503
frame00024.jpg      262.858410      111.659652      581.468000      132.211144      567.624890      413.807857      253.861172      411.909480
frame00025.jpg      262.331837      110.105002      582.395775      131.799758      567.457059      412.632056      253.798965      411.578550
frame00026.jpg      263.123118      108.304387      582.858136      130.762708      567.272108      411.818381      253.537287      410.626384
frame00027.jpg      262.452920      107.290470      583.941660      130.123511      567.544626      411.627543      253.380174      410.556361
frame00028.jpg      263.677186      107.626228      585.325523      130.809295      568.403501      413.394391      254.297309      411.097353
frame00029.jpg      264.014766      107.606624      586.088893      132.064384      568.371151      414.222434      253.158451      411.369440
frame00030.jpg      262.923539      108.220747      586.654171      132.047367      568.621860      415.167162      253.575324      412.195897
frame00031.jpg      263.325779      108.598833      587.194722      133.139952      568.813377      416.147872      253.287415      413.628329
frame00032.jpg      263.329139      109.647001      588.028700      134.207025      568.754045      417.507249      253.417582      414.221682
frame00033.jpg      263.941059      109.918327      588.468879      135.441306      569.141697      417.487226      253.533203      414.249431
frame00034.jpg      264.482498      109.224772      589.007572      135.154608      569.225815      416.785528      254.016643      413.435349
frame00035.jpg      265.283071      108.288365      589.754945      135.528203      568.524726      416.608826      253.623314      413.872239
frame00036.jpg      265.553733      107.640872      590.087644      135.240500      568.365848      414.659628      254.006326      413.338676
frame00037.jpg      266.421501      106.470072      591.342106      133.748057      568.980267      413.219548      255.410852      412.559112
frame00038.jpg      267.589462      106.290887      592.364102      133.486167      569.502766      412.949399      256.001591      413.104236
frame00039.jpg      267.892866      106.981004      593.003327      133.791402      569.654210      412.925150      256.046619      414.098111
frame00040.jpg      267.574576      107.052453      593.422865      133.204041      570.071167      412.206682      256.379670      414.155360
frame00041.jpg      267.839423      107.010496      594.114595      132.439869      571.264584      411.370557      257.232029      414.209043
frame00042.jpg      269.314104      106.541106      595.537390      131.688549      571.864332      410.864704      258.353809      414.800136
frame00043.jpg      270.086608      106.666917      596.468286      132.200309      571.827916      410.462109      258.861229      414.906931
frame00044.jpg      271.345543      105.419772      596.936120      132.026391      571.403290      409.450172      258.675066      413.908254
frame00045.jpg      272.251232      104.237329      597.614407      131.712120      570.903501      408.623163      259.082860      412.700873
frame00046.jpg      273.246888      103.312020      597.876495      132.291246      569.613494      409.120372      258.823229      412.277145
frame00047.jpg      274.300836      102.885814      597.585289      134.586361      568.064670      410.308624      258.203634      412.584229
frame00048.jpg      275.901558      103.672642      597.986824      137.719939      566.687773      411.415005      258.174600      413.180221
frame00049.jpg      277.813001      104.212843      598.756404      140.018928      565.892408      412.063486      258.743515      413.499911
frame00050.jpg      280.692530      105.249916      600.209099      142.458076      565.687290      412.984551      259.930589      414.159859
frame00051.jpg      283.421660      106.426602      601.733270      145.144347      565.298134      415.054218      260.704118      415.665643
frame00052.jpg      285.400767      109.141219      602.688484      149.673189      564.959651      418.191200      261.091052      418.108726
frame00053.jpg      287.599164      111.350411      604.249842      153.173182      565.427705      420.925215      262.078384      419.583097
frame00054.jpg      290.272400      112.628858      605.883110      156.898958      565.501319      423.238840      262.734965      420.131601
frame00055.jpg      292.704408      113.118512      607.533407      159.816780      565.745806      424.162985      263.554921      419.822050
frame00056.jpg      295.587413      113.464572      609.470833      161.185455      566.073056      424.578023      264.648744      419.730825
frame00057.jpg      298.374780      112.125790      611.424578      162.361513      565.806510      423.893147      265.308250      417.871118
frame00058.jpg      300.696342      110.114411      613.201794      161.737288      566.080293      422.623536      265.964949      416.279228
frame00059.jpg      302.307064      109.030258      615.020342      160.969977      566.782719      421.709068      266.901909      415.761220
frame00060.jpg      303.034491      107.751079      616.229401      159.906999      567.045911      420.668356      266.783120      414.623933
frame00061.jpg      302.385662      105.862568      616.456828      158.524221      566.915872      419.511957      266.065729      413.960386
frame00062.jpg      301.460779      104.967535      616.682959      156.490134      566.936530      417.787283      265.938200      413.580034
frame00063.jpg      301.173476      103.804095      616.170562      155.261305      565.713762      416.509785      264.785217      412.884917
frame00064.jpg      300.111923      102.938352      615.216983      154.701754      564.296959      415.624689      263.425065      412.562342
frame00065.jpg      299.297955      102.081514      614.202344      154.250937      562.797669      415.133918      262.042632      412.472252
frame00066.jpg      298.124932      100.633101      612.978141      154.085617      560.676927      414.571532      259.955462      411.360665
frame00067.jpg      297.380646       99.392928      612.071221      154.128397      559.406255      414.174322      258.977826      410.476521
frame00068.jpg      297.140207       98.742335      612.006907      153.930362      558.694756      413.554568      258.764649      410.111608
frame00069.jpg      297.602610       98.228051      611.760492      154.148900      557.797955      413.089334      258.508634      410.047814
frame00070.jpg      298.517628       97.913500      611.613416      154.124098      556.917318      412.108377      258.403232      409.600939
frame00071.jpg      299.520627       96.499013      611.308114      152.927679      555.681437      409.741698      258.360545      408.356390
frame00072.jpg      300.647223       95.901751      610.979820      152.223111      554.396871      407.661195      258.558694      407.314898
frame00073.jpg      301.995769       94.215183      610.977476      151.148913      553.690103      406.686750      259.077057      406.823295
frame00074.jpg      303.753109       96.715288      611.111873      153.874851      553.336975      409.682692      260.182143      410.485592
frame00075.jpg      305.204288      100.272449      611.543651      157.419931      553.157263      412.156933      260.650461      412.951193
frame00076.jpg      306.276862      103.573716      611.658292      160.499064      553.560105      413.692015      261.441955      415.178513
frame00077.jpg      308.373475      106.195500      612.770276      162.102122      554.962146      414.682184      263.080492      417.444881
frame00078.jpg      309.795561      108.811473      613.874518      163.600951      555.648563      415.834791      264.530940      418.803082
frame00079.jpg      311.153139      109.883597      614.216140      164.626813      555.466939      417.025081      265.141076      420.044407
frame00080.jpg      312.881846      112.067675      614.245836      167.909972      554.287017      419.471661      265.133137      421.666963
frame00081.jpg      314.757786      113.086008      613.889480      170.720748      552.823848      420.088006      264.929870      421.307252
frame00082.jpg      317.000088      112.763425      613.702115      172.502580      551.322662      419.793259      265.395663      420.165725
frame00083.jpg      320.085841      112.768507      614.112524      174.389619      550.150798      420.283814      266.191199      420.168109
frame00084.jpg      323.155079      114.333734      614.228964      177.254660      548.908665      421.235128      266.707693      420.416131
frame00085.jpg      324.762397      115.074831      614.127342      178.796030      548.510993      421.752759      267.029353      420.377005
frame00086.jpg      325.653690      115.811134      614.446171      179.478009      549.054457      421.938726      267.706369      420.659930
frame00087.jpg      326.392348      116.087003      615.114105      179.539393      549.500321      421.513967      268.316264      420.570419
frame00088.jpg      327.238776      115.762602      615.672935      179.078055      549.948773      420.705971      268.801218      419.756976
frame00089.jpg      327.368600      114.320739      615.941635      177.199379      550.618495      419.324962      269.542576      419.097133
frame00090.jpg      327.621527      114.294052      615.949792      175.988820      550.803219      418.340198      270.092360      419.558624
frame00091.jpg      328.015874      115.279417      615.692521      176.222228      550.651981      418.025796      271.159092      420.560318
frame00092.jpg      329.863879      116.449807      615.225889      175.762374      550.305341      415.784080      273.181791      420.564051
frame00093.jpg      333.175140      117.504691      615.266633      174.719023      550.004988      412.399126      276.546009      420.413541
frame00094.jpg      337.247392      119.171066      614.925640      174.331258      549.121145      410.326005      279.238424      420.743994
frame00095.jpg      340.369376      120.739601      612.965267      174.598363      547.501236      408.831068      280.733277      420.054267
frame00096.jpg      341.973821      119.863123      611.444037      174.096798      546.352635      407.610102      281.711608      418.723209
frame00097.jpg      343.021188      118.628139      609.935882      173.117198      544.712229      405.880227      281.692299      417.206838
frame00098.jpg      343.240524      117.996719      607.889206      173.421825      542.440161      405.404145      280.968031      416.440144
frame00099.jpg      344.056550      118.287921      605.897945      174.336858      539.957728      404.779812      280.900598      416.142596
frame00100.jpg      345.708465      119.201713      603.605186      175.537464      536.757820      404.422056      280.611929      416.018507
frame00101.jpg      347.651371      120.413480      601.555741      178.006671      533.461696      405.843015      280.955859      415.666590
frame00102.jpg      350.753581      121.149160      600.148977      182.413503      531.422628      407.030348      282.493912      415.420633
frame00103.jpg      357.311022      123.475419      600.680249      186.020301      531.086649      407.802013      286.148353      415.248100
frame00104.jpg      363.952900      125.554584      602.045680      190.103643      530.654215      410.148105      289.681538      414.710381
frame00105.jpg      369.314997      127.896807      602.790667      195.668595      529.917516      413.639732      292.694385      415.289054
frame00106.jpg      374.434138      131.568707      603.550953      200.852071      530.411247      417.280335      295.814200      416.636045
frame00107.jpg      377.827453      135.294421      603.956465      205.786339      530.498476      422.200497      298.269675      419.330296
frame00108.jpg      376.313741      133.222023      605.534916      206.713655      529.737206      426.563502      300.936756      423.863876
frame00109.jpg      372.751528      128.230293      609.158481      203.626791      529.180340      429.952970      305.005578      427.032742
frame00110.jpg      368.658640      132.219232      606.650926      204.675336      530.021097      432.600755      309.301310      428.563109
frame00111.jpg      370.282548      144.433387      603.120045      207.420506      531.569877      434.096201      309.521015      430.169907
frame00112.jpg      370.964773      154.516007      594.266015      216.913760      533.485231      433.333861      303.021530      432.821409
frame00113.jpg      366.988443      154.164326      591.119981      214.713660      534.825962      432.074342      301.214567      434.647683
frame00114.jpg      361.860971      153.304586      587.984333      210.761177      536.452357      430.506704      301.583023      434.809767
frame00115.jpg      356.908255      152.724536      585.487724      205.792908      538.915384      428.184196      302.551247      434.919794
frame00116.jpg      351.833999      150.673319      583.571951      200.230702      542.299280      425.462528      303.582739      433.845450
frame00117.jpg      346.977145      148.155061      583.021884      195.164735      546.452519      423.568491      303.705765      432.486114
frame00118.jpg      343.035602      146.220278      584.338106      189.604319      551.454621      422.997819      304.709051      431.367253
frame00119.jpg      337.974641      144.871155      584.147336      186.171242      558.214356      420.778039      303.670273      431.729733
frame00120.jpg      331.665561      144.093165      586.899327      179.364352      564.769232      420.187552      303.615049      432.391383
frame00121.jpg      326.945496      144.629319      589.003856      175.165018      571.164925      420.463998      303.514895      434.090953
frame00122.jpg      322.705495      145.105981      591.554781      170.969800      577.761203      420.845606      303.268870      435.365290
frame00123.jpg      319.451170      146.779818      594.086312      168.839536      584.055191      423.501912      303.625798      438.493238
frame00124.jpg      317.598333      148.296858      597.265556      166.758102      590.390430      425.053031      304.247939      439.201377
frame00125.jpg      316.567383      148.252801      600.699366      164.408732      596.766098      427.411139      305.532194      439.696984
frame00126.jpg      317.587603      149.709972      604.780622      163.970477      603.066218      430.544652      307.477326      440.803640
frame00127.jpg      319.994153      150.439749      609.738514      164.049461      608.954861      433.534603      310.030778      441.144730
frame00128.jpg      323.371843      150.710920      614.969312      164.553704      614.557118      436.681141      312.874045      440.874859
frame00129.jpg      326.900403      151.396318      620.232615      165.957486      619.876744      441.023767      315.380362      440.928316
frame00130.jpg      329.699700      151.907438      625.023733      166.985259      624.846662      444.106826      317.028629      440.603385
frame00131.jpg      331.372844      153.719189      628.953164      167.083886      629.470495      448.392263      318.609072      442.228905
frame00132.jpg      332.521328      156.223697      631.799368      168.767992      633.230079      452.388147      319.350861      443.767317
frame00133.jpg      334.008317      157.450124      635.269891      168.338265      638.039764      454.104774      321.179752      444.221459
frame00134.jpg      335.156687      158.726397      638.623181      166.769541      641.517888      456.634320      322.139817      445.550137
frame00135.jpg      334.293131      160.675147      639.898643      166.804643      642.940287      459.795740      321.272491      446.889874
frame00136.jpg      333.445971      161.851932      639.952331      166.559044      643.566247      462.191026      319.954726      447.926358
frame00137.jpg      331.898141      162.746623      639.512258      165.753840      643.527337      463.595176      318.234917      448.174257
frame00138.jpg      330.112329      164.214037      638.030610      164.459306      643.689669      463.605867      316.998641      449.137779
frame00139.jpg      328.453585      165.367691      636.362359      162.002300      643.979021      462.581677      316.501356      450.038931
frame00140.jpg      326.763090      167.150586      634.891089      159.388967      644.373639      461.874284      316.488440      450.856974
frame00141.jpg      326.171464      168.320995      633.372491      156.891827      644.030147      461.712689      315.883418      451.465583
frame00142.jpg      324.235309      169.890668      630.659555      155.462189      641.976546      462.457596      313.860292      452.794815
frame00143.jpg      321.470027      172.090836      627.122138      154.190125      639.684479      463.053214      311.583326      453.975424
frame00144.jpg      318.775228      173.935278      623.616306      152.492742      637.381211      464.149431      309.306719      455.665320
frame00145.jpg      315.726051      175.698724      619.750299      151.416358      633.988981      465.921589      306.322773      457.203597
frame00146.jpg      312.384552      177.523771      615.630297      150.641162      630.792139      467.026017      303.214492      458.228462
frame00147.jpg      309.963271      177.452323      612.362558      147.587858      628.583458      465.298791      301.360034      456.684711
frame00148.jpg      308.594900      175.284925      609.896078      142.067694      626.751310      462.846535      300.159446      454.313674
frame00149.jpg      307.048029      173.825375      607.472804      137.164809      624.945003      460.472391      299.133757      452.840548
frame00150.jpg      306.049395      172.085739      606.413380      132.181826      631.642963      467.855408      298.048083      450.686129
frame00151.jpg      303.743724      169.243801      608.136021      130.948092      635.535753      471.332318      296.497528      447.568514
frame00152.jpg      302.873582      167.891527      607.873336      130.171732      636.439066      473.761640      295.509462      446.444164
frame00153.jpg      301.142926      166.774312      608.980039      129.878523      637.326997      475.468900      294.514895      445.746347
frame00154.jpg      300.361425      167.371532      608.606504      129.397871      640.448531      479.231097      293.265523      446.091125
frame00155.jpg      300.560616      167.183730      608.973740      129.409868      640.866373      480.694205      292.834729      446.302235
frame00156.jpg      300.864520      166.909445      609.169928      129.510999      640.626792      481.113982      292.482961      446.420384
frame00157.jpg      300.873111      166.866458      609.145096      129.526843      640.633127      481.189334      292.508041      446.439465
frame00158.jpg      300.882558      166.865236      609.156678      129.509708      640.662471      481.216644      292.523020      446.442554
frame00159.jpg      300.897125      166.859192      609.153665      129.502781      640.684663      481.267865      292.533440      446.456444
frame00160.jpg      301.356076      166.210000      608.948146      129.231625      640.648537      482.941886      293.087416      446.874548
frame00161.jpg      302.218368      165.819919      609.424284      128.598406      641.179366      484.542480      293.624422      446.975228
frame00162.jpg      302.224596      165.825679      609.436454      128.597615      641.202514      484.562924      293.626584      446.972498
frame00163.jpg      302.413157      165.030903      608.337756      129.769852      644.203745      486.745432      293.647329      448.791686
frame00164.jpg      302.415798      165.029756      608.332101      129.767447      644.231088      486.772060      293.656264      448.802892
frame00165.jpg      302.423576      165.034593      608.327260      129.775264      644.283474      486.823855      293.662065      448.814877
frame00166.jpg      302.291464      164.589142      607.645821      130.168614      645.451847      488.187577      293.731302      450.013581
frame00167.jpg      301.981018      164.159426      607.261714      130.484138      646.215968      489.149115      294.112965      450.928250
frame00168.jpg      301.988570      164.162662      607.261381      130.485698      646.239681      489.179143      294.118367      450.939299
frame00169.jpg      302.005612      164.155462      607.279578      130.476722      646.272850      489.224925      294.165082      450.964190
frame00170.jpg      302.011396      164.149746      607.283214      130.483369      646.290900      489.253144      294.190866      450.994369
frame00171.jpg      302.014624      164.154039      607.275874      130.491653      646.317617      489.275853      294.194877      451.001366
frame00172.jpg      302.030104      164.156830      607.250042      130.521391      646.351922      489.298665      294.207453      451.009858
frame00173.jpg      302.038209      164.158741      607.249929      130.519337      646.373084      489.325425      294.214456      451.016473
frame00174.jpg      302.047450      164.159259      607.248907      130.517994      646.388926      489.349336      294.223433      451.024240
frame00175.jpg      302.056255      164.161632      607.239404      130.523852      646.412738      489.380136      294.228178      451.037170
frame00176.jpg      302.056112      164.187925      607.225125      130.557474      646.496507      489.403727      294.245006      451.043537
frame00177.jpg      302.081530      164.196136      607.230751      130.564297      646.512019      489.394254      294.273742      451.018420
frame00178.jpg      302.847612      163.284584      607.384356      132.440612      646.843471      490.193424      293.781950      451.628310
frame00179.jpg      303.477617      163.276528      608.016834      132.759063      646.658483      490.150344      293.579895      451.584714
frame00180.jpg      303.482148      163.278746      608.018801      132.766569      646.676306      490.167106      293.583169      451.579962
frame00181.jpg      303.500701      163.203578      608.081491      132.790680      646.772003      490.170954      293.729381      451.525813
frame00182.jpg      303.516195      163.185642      608.099534      132.802980      646.762111      490.210167      293.740060      451.527933
frame00183.jpg      303.543141      163.178507      608.090282      132.798168      646.780438      490.288575      293.753013      451.528463
frame00184.jpg      305.412966      161.617243      612.334900      131.553978      649.598910      492.044322      298.496302      450.592791
frame00185.jpg      305.568862      161.406797      612.298716      131.427889      650.007395      492.606402      298.720030      450.721649
frame00186.jpg      305.693818      160.707723      613.323062      131.479816      650.892806      492.831525      298.910945      451.214418
frame00187.jpg      305.682050      160.582640      613.425719      131.443031      650.981079      492.800839      298.963639      451.212666
frame00188.jpg      305.675548      160.567405      613.493201      131.334655      651.074200      492.864727      299.040355      451.196583
frame00189.jpg      305.475687      160.308053      614.096740      130.591445      651.279073      493.092106      299.328799      450.988941
frame00190.jpg      305.481165      160.309071      614.113474      130.580706      651.289613      493.097394      299.340312      450.977413
frame00191.jpg      305.489956      160.310982      614.127238      130.568598      651.305442      493.111529      299.353431      450.972137
frame00192.jpg      305.303072      159.244723      615.784545      128.065856      651.129796      493.466434      301.198122      450.482220
frame00193.jpg      305.374090      158.471764      617.722801      126.625731      649.862373      493.031086      302.932268      449.783602
frame00194.jpg      305.519851      158.503544      617.914197      126.529697      649.877084      493.071843      303.208080      449.629040
frame00195.jpg      305.528789      158.493090      617.933775      126.519722      649.860213      493.075295      303.236589      449.616905
frame00196.jpg      305.535442      158.461193      617.928762      126.523035      649.811626      493.081474      303.251219      449.619096
frame00197.jpg      305.540146      158.455382      617.940680      126.508642      649.814646      493.088837      303.255747      449.620004
frame00198.jpg      305.697369      158.398161      618.148775      126.371117      649.961039      493.183377      303.211070      449.712844
frame00199.jpg      305.701907      158.375755      618.143815      126.342871      649.994599      493.231625      303.222989      449.742406
frame00200.jpg      309.580075      156.188905      615.380635      123.676608      653.696364      494.876313      302.160639      453.851820
frame00201.jpg      309.584023      156.189643      615.386658      123.673838      653.718628      494.891197      302.162601      453.852243
frame00202.jpg      310.310369      155.659516      616.275062      120.184390      655.375684      497.369593      301.481474      456.153471
frame00203.jpg      307.903631      153.074187      613.063111      115.307930      657.660428      501.113906      303.518323      459.633789
frame00204.jpg      309.966557      150.897811      617.342839      108.296472      657.511149      503.357267      303.900518      460.037780
frame00205.jpg      317.691497      155.195938      622.236333      105.281709      660.482137      504.905584      303.614953      458.268666
frame00206.jpg      319.105162      149.904450      625.935860      104.142049      658.057062      503.787018      305.247438      460.227984
frame00207.jpg      319.145778      149.915994      625.961545      104.146601      658.086334      503.815992      305.256536      460.230075
frame00208.jpg      319.465192      149.866924      626.108091      104.003221      658.352259      504.274227      305.234030      460.095437
frame00209.jpg      319.614319      149.134067      627.252954      104.047452      658.290726      504.813719      305.062877      460.345144
frame00210.jpg      319.598654      149.100967      627.270718      104.041358      658.357687      504.792572      305.085043      460.321468
frame00211.jpg      320.002645      148.296045      628.578926      104.914961      658.112741      503.399540      305.160442      460.124016
frame00212.jpg      321.021988      149.562675      628.983044      107.349907      659.086817      502.752734      306.029636      458.697144
frame00213.jpg      321.022547      149.568955      628.977049      107.358889      659.091180      502.745232      306.037648      458.691951
frame00214.jpg      321.547641      149.971925      628.669378      108.987506      657.982749      500.270254      306.324893      457.827507
frame00215.jpg      321.593964      149.981701      628.669889      108.992430      657.933876      500.261022      306.342325      457.818224
frame00216.jpg      321.620152      150.007566      628.736026      108.992482      657.950655      500.244527      306.342900      457.814485
frame00217.jpg      321.625747      150.005367      628.752096      108.983576      657.948670      500.245950      306.343612      457.809604
frame00218.jpg      321.684225      149.989158      628.946998      108.915730      657.941393      500.162501      306.289216      457.771019
frame00219.jpg      321.553591      149.447633      629.531165      108.573722      657.996355      499.901635      306.484213      457.577377
frame00220.jpg      321.549781      149.289598      629.749677      108.547090      657.921254      499.774233      306.524935      457.495719
frame00221.jpg      322.443798      148.068044      631.993175      110.831751      656.911877      497.654857      305.491741      457.260617
frame00222.jpg      322.934734      146.980842      633.345234      110.793870      656.504476      496.574632      305.658403      456.982226
frame00223.jpg      322.888266      146.934142      633.415789      110.791504      656.588013      496.430526      305.665432      456.955906
frame00224.jpg      322.671295      146.958670      633.440562      111.118630      657.373846      496.175696      306.157711      456.231420
frame00225.jpg      322.669732      146.955355      633.443762      111.113945      657.376236      496.165165      306.169175      456.216676
frame00226.jpg      322.675089      146.954441      633.458852      111.116586      657.390858      496.176057      306.169161      456.207021
frame00227.jpg      322.680496      146.948720      633.463228      111.117136      657.404641      496.205361      306.171546      456.204635
frame00228.jpg      322.687572      146.943769      633.468547      111.117855      657.410250      496.232052      306.173750      456.199765
frame00229.jpg      322.841150      146.807772      633.592034      111.134903      657.341648      496.307455      306.176674      456.189296
frame00230.jpg      324.963598      144.336847      635.661521      109.284079      658.753163      499.540754      306.709090      456.584214
frame00231.jpg      325.098873      144.219107      635.756288      109.164461      658.787344      499.691811      306.797244      456.568417
frame00232.jpg      325.109951      144.214826      635.764926      109.150609      658.805902      499.718966      306.809478      456.564996
frame00233.jpg      327.065725      143.428289      636.738999      108.877988      658.603130      500.284484      307.002322      455.919367
frame00234.jpg      327.139778      143.190185      636.887926      108.783479      658.495666      500.298514      307.008957      456.028866
frame00235.jpg      327.344610      142.281543      636.661983      108.853605      658.342132      500.234083      306.914288      457.248501
frame00236.jpg      328.235885      141.737238      637.641550      108.529117      658.067123      500.718216      306.836595      457.988843
frame00237.jpg      328.260423      141.719957      637.638585      108.544483      658.088834      500.773877      306.831931      457.990707
frame00238.jpg      328.265416      141.718989      637.641412      108.544551      658.107162      500.796781      306.834321      457.994814
frame00239.jpg      328.588250      141.017998      637.000236      109.608956      658.823531      501.349701      306.791098      458.729758
frame00240.jpg      328.580409      141.011167      636.983364      109.649070      658.832307      501.345404      306.782896      458.756364
frame00241.jpg      329.818049      140.640301      636.981260      110.953904      659.179749      500.404416      307.009432      459.337665
frame00242.jpg      329.830533      140.602520      636.995984      110.980224      659.167404      500.380542      307.083666      459.325996
frame00243.jpg      329.851597      140.619288      636.979639      111.028411      659.194978      500.401753      307.126094      459.290461
frame00244.jpg      330.725290      141.338519      639.480894      114.293059      659.587382      499.010010      307.032657      458.257670
frame00245.jpg      333.532773      142.275603      640.990130      117.435070      657.200144      498.802612      308.795183      457.435499
frame00246.jpg      333.593371      142.283488      641.016301      117.621127      657.194892      498.860480      308.855399      457.396515
frame00247.jpg      331.870983      141.381210      640.431669      121.236263      657.158422      498.722476      309.725416      455.954032
frame00248.jpg      331.580343      141.055964      639.951482      121.659619      657.855012      499.059243      310.012463      455.901768
frame00249.jpg      331.577897      141.037086      639.968080      121.668411      657.900241      499.089042      310.028410      455.883052
frame00250.jpg      331.530227      140.857036      639.878797      121.886773      658.117304      499.293969      309.976073      456.032367
frame00251.jpg      331.457916      139.963080      639.499170      122.070731      658.934913      500.179444      309.706047      456.316586
frame00252.jpg      330.219019      136.584026      638.744340      121.734389      659.821754      501.194021      309.158460      457.750481
frame00253.jpg      330.312118      136.391821      638.718836      121.915031      660.068262      501.252377      309.137734      457.693184
frame00254.jpg      330.318575      136.386072      638.723429      121.908110      660.093025      501.269736      309.151857      457.689075
frame00255.jpg      330.368716      134.164725      639.149104      121.009456      659.953746      501.111010      309.766174      457.909803
frame00256.jpg      330.374173      134.163990      639.159026      120.997455      659.967130      501.121226      309.778153      457.908131
frame00257.jpg      330.394528      134.128601      639.188031      120.980089      660.010856      501.183118      309.787598      457.944473
frame00258.jpg      330.398074      134.119040      639.189204      120.973928      660.018516      501.200885      309.788583      457.952145
frame00259.jpg      330.397491      134.052640      639.213003      120.945469      660.048458      501.240209      309.809416      457.955991
frame00260.jpg      330.416865      134.042079      639.203087      120.936047      660.081083      501.281003      309.812344      457.997446
frame00261.jpg      330.414038      133.978231      639.192174      120.931527      660.116392      501.312410      309.824011      457.959435
frame00262.jpg      330.412088      133.968548      639.186679      120.927700      660.127846      501.321111      309.829206      457.958499
frame00263.jpg      330.407620      133.960383      639.176735      120.928654      660.134967      501.322822      309.829678      457.963434
frame00264.jpg      330.393694      133.888020      639.152661      120.916408      660.164201      501.348655      309.818351      457.978016
frame00265.jpg      330.461596      132.515241      638.649945      120.986478      660.162737      501.740432      309.655285      458.370731
frame00266.jpg      330.522976      132.503369      638.636445      120.997241      660.185945      501.777501      309.684783      458.344150
frame00267.jpg      333.012098      133.477903      637.895429      122.071259      661.235577      502.863289      309.476600      457.672924
frame00268.jpg      333.023060      133.483760      637.892923      122.071011      661.253473      502.879929      309.483813      457.675613
frame00269.jpg      333.059989      133.452544      637.886146      122.055699      661.289994      502.926680      309.530890      457.661656
frame00270.jpg      333.104011      133.433721      637.880537      122.038714      661.313885      502.966921      309.590165      457.635306
frame00271.jpg      334.356661      133.546570      637.427307      122.109608      661.380933      503.496924      310.400642      457.817879
frame00272.jpg      334.410370      133.527888      637.424344      122.098265      661.401014      503.553751      310.448625      457.810708
frame00273.jpg      334.450221      133.483570      637.435199      122.084666      661.410484      503.589761      310.467631      457.797580
frame00274.jpg      334.446487      133.448770      637.445635      122.071650      661.406942      503.595102      310.495939      457.778892
frame00275.jpg      334.450115      133.444861      637.454248      122.067595      661.410122      503.598593      310.507349      457.759934
frame00276.jpg      334.495111      133.422085      637.463195      122.067455      661.421879      503.648493      310.516976      457.716609
frame00277.jpg      334.555607      133.409185      637.447586      122.090902      661.438981      503.698076      310.498185      457.746403
frame00278.jpg      334.576155      133.369002      637.469640      122.057826      661.435088      503.730389      310.543934      457.745179
frame00279.jpg      334.624790      133.377866      637.485958      122.055694      661.457279      503.775080      310.577422      457.698624
frame00280.jpg      334.664953      133.361544      637.500743      122.040500      661.465594      503.816415      310.624130      457.656408
frame00281.jpg      334.686132      133.332587      637.510925      122.025369      661.481516      503.844255      310.657313      457.609932
frame00282.jpg      334.730136      133.368953      637.528689      122.025407      661.522858      503.870822      310.683682      457.591640
frame00283.jpg      335.618805      133.249273      637.587040      122.423542      661.855469      504.323460      310.005804      458.156521
frame00284.jpg      335.769083      133.272806      637.603956      122.446355      661.892321      504.404894      310.011395      458.238853
frame00285.jpg      335.800654      133.196557      637.631407      122.435522      661.877175      504.428338      310.046557      458.244750
frame00286.jpg      340.447858      133.562193      637.697219      122.964061      662.380427      506.109956      310.682885      459.741979
frame00287.jpg      342.984581      134.576387      637.488316      123.283350      662.929589      507.194420      311.011978      459.955312
frame00288.jpg      343.012629      134.593459      637.496688      123.274264      662.953596      507.211533      311.046393      459.938834
frame00289.jpg      343.024485      134.587131      637.521130      123.260479      662.977056      507.223168      311.109539      459.874045
frame00290.jpg      343.046878      134.572218      637.547452      123.239934      662.990070      507.252200      311.146495      459.828145
frame00291.jpg      343.075386      134.586154      637.574885      123.248382      663.036541      507.286835      311.137412      459.762913
frame00292.jpg      343.203577      134.552266      637.714055      123.195462      663.182093      507.455730      311.487923      459.055669
frame00293.jpg      343.187523      134.517066      637.710042      123.188547      663.213500      507.474955      311.557405      459.009317
frame00294.jpg      343.210121      134.426060      637.587356      123.270340      663.309287      507.559048      311.464735      459.240104
frame00295.jpg      343.207491      133.107759      636.406015      123.034759      663.304026      508.069937      312.279257      462.508324
frame00296.jpg      343.218289      131.766872      635.687279      122.669357      663.241196      508.627452      313.093107      463.776746
frame00297.jpg      343.181439      131.749127      635.675740      122.637479      663.236936      508.634553      313.165145      463.803977
frame00298.jpg      343.132192      131.686647      635.666569      122.544927      663.189621      508.645041      313.436881      463.821644
frame00299.jpg      343.073024      131.667982      635.679839      122.421654      663.168528      508.657890      313.830451      463.759177
frame00300.jpg      343.077487      131.611004      635.665840      122.212720      663.120164      508.739841      314.513533      463.568658
frame00301.jpg      343.127988      131.338269      635.605481      122.075082      663.066214      508.883454      315.020416      463.423664
frame00302.jpg      343.022299      130.662715      635.483199      121.674254      663.142889      509.204205      316.466891      463.106344
frame00303.jpg      343.005327      130.279420      635.403789      121.168412      663.371607      509.558639      318.281010      462.127995
frame00304.jpg      343.585211      129.897503      635.417741      120.500617      663.405212      510.117539      320.631235      460.831421
frame00305.jpg      344.023599      129.391368      635.281681      120.134597      664.477806      511.473498      322.406366      458.370538
frame00306.jpg      344.024934      129.220448      635.305610      119.988027      664.596145      511.617598      322.823869      458.075753
frame00307.jpg      344.033998      129.184045      635.307158      119.965282      664.599226      511.634531      322.890081      458.061439
frame00308.jpg      344.054705      129.184710      635.319671      119.946069      664.614996      511.657727      322.947690      458.025756
frame00309.jpg      344.076186      129.188643      635.333611      119.932903      664.637833      511.682709      323.001479      457.969858
frame00310.jpg      345.501682      130.264581      635.434316      119.709932      665.312047      512.755267      324.021315      457.393415
frame00311.jpg      347.933112      134.151334      635.671087      118.545714      667.731275      515.760252      326.980691      455.402681
frame00312.jpg      347.961048      134.170408      635.683911      118.527749      667.756540      515.792164      327.033501      455.368609
frame00313.jpg      349.343754      134.944998      635.857156      117.711770      668.107447      516.863814      330.208120      453.011521
frame00314.jpg      349.361925      134.946077      635.868911      117.689985      668.122908      516.883600      330.266479      452.968900
frame00315.jpg      349.363250      134.941049      635.879502      117.667886      668.133088      516.891813      330.317522      452.930464
frame00316.jpg      349.401240      134.989605      635.883215      117.644685      668.147205      516.914463      330.371259      452.909961
frame00317.jpg      349.413439      135.003168      635.889689      117.629246      668.157473      516.924927      330.408173      452.897513
frame00318.jpg      349.433461      135.018642      635.896604      117.615662      668.169857      516.942015      330.441144      452.889645
frame00319.jpg      349.466691      135.065694      635.895906      117.610269      668.195987      516.976357      330.479756      452.878378
frame00320.jpg      349.525588      135.081174      635.885639      117.622586      668.224607      517.028473      330.484628      452.888597
frame00321.jpg      349.537482      135.073818      635.875097      117.625466      668.245745      517.069958      330.471013      452.912772
frame00322.jpg      349.564005      135.045420      635.852591      117.639368      668.275759      517.125752      330.448110      452.950842
frame00323.jpg      349.594236      135.055725      635.833980      117.652042      668.319634      517.180878      330.433319      452.988297
frame00324.jpg      349.645030      135.033050      635.821540      117.645660      668.329770      517.234360      330.463067      453.005063
frame00325.jpg      349.677978      135.005389      635.823494      117.618566      668.331665      517.290842      330.514460      452.977960
frame00326.jpg      350.057242      133.495544      635.529814      117.499416      668.222214      518.228615      331.118186      452.376830
frame00327.jpg      350.058468      133.451443      635.534535      117.490557      668.202149      518.241301      331.125163      452.342622
frame00328.jpg      350.783782      132.307546      635.572692      117.457941      667.612438      518.856063      331.401731      451.549133
frame00329.jpg      351.368789      132.236356      635.604489      117.487241      667.419053      519.063116      331.626959      451.242498
frame00330.jpg      351.401876      132.216433      635.638918      117.469648      667.390898      519.091895      331.640612      451.176679
frame00331.jpg      351.106095      130.680175      635.519487      117.953130      668.065257      520.214102      330.157501      449.508814
frame00332.jpg      351.035870      130.713321      635.639934      117.823905      668.038513      520.171438      330.431928      449.285447
frame00333.jpg      351.081704      130.723826      635.672702      117.802720      668.033281      520.181822      330.474368      449.297081
frame00334.jpg      351.036682      130.727422      635.692676      117.779087      668.057427      520.212303      330.491029      449.270902
frame00335.jpg      351.061746      130.772374      635.719159      117.767805      668.067165      520.240709      330.531838      449.265747
frame00336.jpg      351.103541      130.785240      635.740379      117.776904      668.073163      520.260336      330.542450      449.276045
frame00337.jpg      351.148068      130.778410      635.764942      117.773015      668.072406      520.288204      330.564062      449.277854
frame00338.jpg      351.187765      130.764161      635.784400      117.766305      668.074314      520.324091      330.580479      449.281314
frame00339.jpg      351.518986      130.583137      635.854437      117.829851      667.974194      520.445925      330.635866      449.338983
frame00340.jpg      354.358686      130.862310      636.086802      118.917190      667.720358      521.229054      330.582213      450.340012
frame00341.jpg      354.356004      130.882839      636.089716      118.894555      667.739524      521.289037      330.609678      450.310510
frame00342.jpg      357.386700      131.529634      637.200503      119.215728      666.260844      521.914072      330.560347      452.374207
frame00343.jpg      357.458942      130.090777      637.853336      118.175212      664.811932      523.393451      331.616982      450.713914
frame00344.jpg      357.280115      129.696128      637.694163      118.123227      664.913452      523.923943      331.555456      450.176973
frame00345.jpg      357.469761      129.687736      637.691119      117.928422      664.910429      524.364726      332.074693      449.683137
frame00346.jpg      357.480814      129.635506      637.676394      117.944877      664.909345      524.418389      332.038784      449.705385
frame00347.jpg      357.483496      129.620253      637.688559      117.929779      664.908727      524.436009      332.071335      449.674065
frame00348.jpg      357.497875      129.563456      637.700225      117.924232      664.899152      524.479155      332.058784      449.702040
frame00349.jpg      357.760382      129.645001      637.787505      117.887354      664.948971      524.753660      332.091126      449.786297
frame00350.jpg      357.806387      129.656879      637.800670      117.867387      664.962615      524.823168      332.116506      449.789696
frame00351.jpg      357.821178      129.633224      637.809960      117.854183      664.973919      524.881677      332.114568      449.801521
frame00352.jpg      358.568632      130.302313      638.055423      117.505945      665.615824      526.656479      332.419134      449.054771
frame00353.jpg      358.707996      130.301715      638.080548      117.337376      665.570326      527.057002      332.630120      448.959995
frame00354.jpg      358.718490      130.270703      638.081123      117.299663      665.538851      527.083091      332.687032      448.923501
frame00355.jpg      358.732111      130.255732      638.090086      117.270366      665.528702      527.126060      332.736075      448.883915
frame00356.jpg      358.863290      130.098310      638.019636      116.906281      665.846320      528.174527      333.484667      448.478449
frame00357.jpg      358.869573      130.073694      638.024818      116.876871      665.838154      528.223092      333.532487      448.450715
frame00358.jpg      358.886882      130.067198      638.032788      116.846636      665.813570      528.244206      333.592938      448.427117
frame00359.jpg      358.888003      130.053978      638.031739      116.828791      665.840785      528.279646      333.618532      448.447067
frame00360.jpg      358.904090      130.048139      638.035968      116.812129      665.865402      528.344348      333.633569      448.481950
frame00361.jpg      358.908407      130.049923      638.036036      116.810204      665.878129      528.367124      333.634919      448.488370
frame00362.jpg      360.425721      128.903034      637.546636      116.915580      666.629871      531.691847      333.007225      451.291724
frame00363.jpg      360.431870      128.900809      637.541451      116.914165      666.641674      531.726431      333.008082      451.306403
frame00364.jpg      360.437490      128.851290      637.498489      116.928988      666.642330      531.792009      332.996078      451.326545
frame00365.jpg      360.472135      128.803397      637.473105      116.949961      666.609708      531.848021      333.001111      451.306290
frame00366.jpg      360.476662      128.801069      637.467457      116.954403      666.622445      531.878361      332.999495      451.313369
frame00367.jpg      360.729493      128.273814      637.130370      117.021839      666.351358      532.183463      333.268594      451.594967
frame00368.jpg      360.738285      128.270146      637.125708      117.021155      666.376457      532.231654      333.279722      451.596226
frame00369.jpg      360.923739      128.102638      637.041495      117.037330      666.527977      532.681699      333.367000      451.468117
frame00370.jpg      362.675404      123.897712      635.629902      117.247087      664.613002      536.452520      333.975724      451.622076
frame00371.jpg      362.671136      123.864010      635.605713      117.247436      664.642255      536.467324      334.013047      451.623918
frame00372.jpg      362.702442      123.699626      635.572524      117.246533      664.672551      536.557602      334.139841      451.719321
frame00373.jpg      362.706637      123.706111      635.581128      117.238128      664.695497      536.571279      334.157084      451.714129
frame00374.jpg      363.287836      121.277303      636.667754      117.740563      666.841147      536.944611      334.931803      451.315826
frame00375.jpg      363.822600      121.247819      636.917665      117.909386      667.306259      537.173327      334.977687      451.683918
frame00376.jpg      364.504885      120.184032      637.780900      117.104257      667.839450      538.212808      336.734398      451.283132
frame00377.jpg      364.510701      120.182774      637.788061      117.100088      667.852298      538.231672      336.739938      451.278897
frame00378.jpg      364.513811      120.174652      637.796687      117.090638      667.859042      538.235629      336.748936      451.268342
frame00379.jpg      364.622818      120.045360      637.865193      117.089847      667.981608      538.377118      336.811717      451.124603
frame00380.jpg      364.730124      119.402392      638.051276      117.013636      668.399272      538.700814      337.192929      450.746364
frame00381.jpg      364.497616      116.920253      638.515440      116.614948      669.678384      539.670225      337.894020      450.729729
frame00382.jpg      365.169749      114.683172      639.442256      116.592396      669.819060      541.213007      337.649952      450.216592
frame00383.jpg      365.675376      112.991343      639.138265      116.848383      669.653052      542.267649      338.042442      450.331513
frame00384.jpg      365.707413      112.945710      639.112754      116.853805      669.649572      542.333199      338.080200      450.312950
frame00385.jpg      365.721929      112.940210      639.114307      116.850512      669.668483      542.401650      338.078280      450.326391
frame00386.jpg      365.731102      112.931312      639.117846      116.847541      669.667609      542.428653      338.082466      450.322403
frame00387.jpg      365.737430      112.922837      639.122040      116.845262      669.667083      542.441430      338.086958      450.313669
frame00388.jpg      365.778897      112.906522      639.146273      116.826286      669.663200      542.479513      338.107115      450.311794
frame00389.jpg      365.788029      112.908089      639.152432      116.821165      669.674809      542.504978      338.107236      450.315037
frame00390.jpg      365.823080      112.882327      639.185720      116.799575      669.667418      542.551454      338.101154      450.314178
frame00391.jpg      365.838182      112.856809      639.188623      116.778627      669.691235      542.561808      338.120797      450.322970
frame00392.jpg      366.538935      109.337856      638.236428      116.704726      669.619964      543.551135      338.704443      455.283872
frame00393.jpg      366.995012      107.308681      637.887229      116.362107      670.719057      544.870882      340.150898      454.558633
frame00394.jpg      367.105733      107.182956      637.879229      116.355830      670.889960      545.097956      340.372475      454.222413
frame00395.jpg      367.101861      107.137555      637.867070      116.328347      670.912140      545.131311      340.400201      454.276828
frame00396.jpg      367.098721      106.744049      637.883421      116.167325      670.840834      545.278020      340.415024      454.511597
frame00397.jpg      367.344688      105.933814      637.707452      116.002857      670.547026      545.742069      340.394679      455.031621
frame00398.jpg      367.362505      105.890155      637.712775      115.982140      670.537222      545.776922      340.399890      455.038033
frame00399.jpg      367.368843      105.886392      637.712834      115.979150      670.541301      545.804302      340.400549      455.043306
frame00400.jpg      367.376547      105.883754      637.710466      115.977561      670.554905      545.839168      340.403847      455.050378
frame00401.jpg      369.875713      104.304047      637.389528      116.064466      671.743954      549.994729      340.162031      457.240685
frame00402.jpg      369.967688      104.159078      637.385886      116.093777      671.711096      550.113665      340.080063      457.338695
frame00403.jpg      369.970634      104.160063      637.381461      116.094056      671.729757      550.140622      340.083882      457.346403
frame00404.jpg      369.981836      104.160513      637.380393      116.092499      671.744697      550.177890      340.091047      457.352233
frame00405.jpg      369.989886      104.166229      637.378701      116.094944      671.762011      550.210747      340.092108      457.359636
frame00406.jpg      372.451804      104.111522      637.166908      117.567810      673.177651      554.077549      340.793906      458.257901
frame00407.jpg      375.061754      104.892506      637.056760      117.826883      675.020122      559.247971      341.415894      458.056679
frame00408.jpg      375.070643      104.890614      637.063766      117.819137      675.026701      559.268968      341.427129      458.047442
frame00409.jpg      376.535276      105.255549      637.686608      117.205457      674.884733      561.353222      342.217369      458.160374
frame00410.jpg      377.451737      102.516147      638.304275      115.404082      672.450893      560.651769      344.085211      460.941647
frame00411.jpg      377.519951      101.231102      637.890180      115.795554      673.037350      561.399631      343.882823      461.923822
frame00412.jpg      377.899543       99.417264      636.765125      116.051661      673.015492      562.613312      344.414699      462.815487
frame00413.jpg      378.849801      100.705779      635.784751      116.300190      674.097095      564.179406      346.205041      463.406902
frame00414.jpg      378.832228       99.048654      634.000457      116.502313      673.999388      564.292112      348.051773      463.709294
frame00415.jpg      378.811514       97.651462      632.777278      116.781012      674.466649      565.575553      349.489437      464.059545
frame00416.jpg      378.890748       97.811962      632.241841      117.200361      675.144428      566.548936      349.654931      463.596948
frame00417.jpg      381.094747      100.018679      630.220415      119.289002      677.610038      570.513207      350.601788      464.358057
frame00418.jpg      381.202727       99.951295      630.217280      119.219987      677.693537      570.894618      350.784255      464.183414
frame00419.jpg      381.537886       99.955717      629.770814      119.011975      678.268420      572.342578      351.636455      464.028468
frame00420.jpg      382.446437       97.435732      628.811275      117.505890      684.164298      581.034263      355.393378      462.608654
frame00421.jpg      382.698636       97.237420      628.905502      117.443648      684.106148      581.476410      355.888899      462.405630
frame00422.jpg      383.816910       96.457359      630.529520      116.178131      684.368783      583.621528      356.821466      461.387886
frame00423.jpg      384.381807       94.516639      631.612357      115.173017      683.571848      582.936143      356.617279      461.960480
frame00424.jpg      385.517193       91.634438      632.067389      115.644484      681.442238      582.361695      356.891290      463.398486
frame00425.jpg      385.525268       91.627789      632.072521      115.631693      681.440520      582.388406      356.898288      463.404285
frame00426.jpg      385.959781       90.900139      632.285976      115.333915      681.154922      583.298859      357.259564      463.831928
frame00427.jpg      387.067845       88.666344      633.128958      114.619675      679.311931      583.666798      360.076505      462.116361
frame00428.jpg      387.268919       88.441846      633.393355      114.424020      679.318158      583.888978      360.519438      461.847569
frame00429.jpg      387.450373       88.430287      633.406120      114.415143      679.550522      584.375777      360.684410      461.647338
frame00430.jpg      387.459119       88.425832      633.405270      114.412939      679.558039      584.419290      360.693564      461.647511
frame00431.jpg      387.465947       88.429932      633.402562      114.410720      679.585411      584.475988      360.705455      461.659729
frame00432.jpg      387.478503       88.434148      633.400255      114.408918      679.622069      584.563237      360.710301      461.675931
frame00433.jpg      387.491466       88.429751      633.393420      114.409753      679.648500      584.654834      360.709632      461.699845
frame00434.jpg      387.492991       88.429316      633.392619      114.409247      679.653435      584.667441      360.709628      461.703814
frame00435.jpg      387.494405       88.429365      633.391944      114.408587      679.658256      584.678441      360.709799      461.707482
frame00436.jpg      387.504959       88.428494      633.387116      114.407084      679.690087      584.755557      360.712066      461.729214
frame00437.jpg      387.506645       88.429128      633.385771      114.407587      679.697999      584.771276      360.711833      461.734158
frame00438.jpg      387.508473       88.429034      633.384652      114.408047      679.702847      584.784624      360.711003      461.738590
frame00439.jpg      388.423523       87.721527      632.789909      115.164838      680.033943      586.695966      360.117014      463.094182
frame00440.jpg      388.627258       87.614181      632.637528      115.351272      680.263942      587.305321      359.893833      463.570139
frame00441.jpg      389.271922       86.881915      632.265473      115.697494      680.621044      589.413272      359.482164      465.520492
frame00442.jpg      389.645614       85.152203      632.057577      117.097105      683.327602      594.894456      360.531059      466.251049
frame00443.jpg      389.654231       85.155598      632.050206      117.102866      683.369415      594.980623      360.535083      466.272119
frame00444.jpg      389.866839       85.029169      631.833929      117.286653      683.745796      595.860213      360.379285      466.565903
frame00445.jpg      390.346545       84.787692      631.288197      117.983460      684.545554      597.774437      359.827808      467.736114
frame00446.jpg      390.455510       84.728852      631.280568      118.022763      684.648249      598.101000      359.900145      467.637970
frame00447.jpg      391.801787       84.421936      630.948092      118.256574      686.678636      603.118746      360.983819      466.280257
frame00448.jpg      392.817753       84.112009      630.619229      118.232618      687.594796      605.679242      361.259157      466.150787
frame00449.jpg      392.828473       84.100721      630.622390      118.226894      687.589810      605.716475      361.262021      466.142766
frame00450.jpg      393.231386       83.241019      630.548353      118.438830      687.523018      606.704369      361.039581      466.858653
frame00451.jpg      393.474203       81.338234      630.143848      118.687883      687.521360      608.518971      360.933673      468.479901
frame00452.jpg      393.475991       81.337458      630.143506      118.687450      687.526547      608.535366      360.933799      468.484216
frame00453.jpg      393.515053       80.906479      630.105220      118.732097      687.510108      608.807015      360.874655      468.817553
frame00454.jpg      393.516172       80.905532      630.104229      118.732153      687.513167      608.818004      360.874181      468.822123
frame00455.jpg      393.642487       78.723182      630.145721      119.067091      686.815528      609.069456      360.218880      472.060238
frame00456.jpg      393.651499       78.726139      630.148507      119.069573      686.825594      609.111415      360.221369      472.066749
frame00457.jpg      394.713742       78.061543      629.851472      118.858129      686.976808      612.478197      361.872833      472.832880
frame00458.jpg      394.803091       77.611298      630.192280      118.627953      686.773292      612.624510      362.644109      473.394794
frame00459.jpg      394.986206       77.439608      630.396116      118.449983      686.545432      612.698893      363.303700      473.037720
frame00460.jpg      395.009190       77.251582      630.571109      118.434539      686.564128      612.968165      363.447414      472.678389
frame00461.jpg      395.011263       77.251226      630.578204      118.433940      686.552956      612.950589      363.453262      472.669888
frame00462.jpg      395.010650       77.246823      630.585012      118.431762      686.547499      612.931650      363.467754      472.657050
frame00463.jpg      394.262433       75.525765      631.638255      117.084607      683.897534      608.464819      369.000002      471.934698
frame00464.jpg      394.174140       74.754145      632.939902      117.172785      683.062054      607.119794      371.137894      469.888880
frame00465.jpg      393.473064       71.865698      633.030201      117.424853      680.211592      604.879637      372.728538      470.684159
frame00466.jpg      393.362939       71.623772      633.031169      117.462803      679.933158      604.669360      372.826486      470.822320
frame00467.jpg      393.436931       71.530865      633.088116      117.775035      679.943363      605.390784      372.806770      470.768594
frame00468.jpg      394.085221       70.908188      633.435072      117.919101      680.332110      606.949056      373.818789      470.073896
frame00469.jpg      394.182466       69.793743      633.404118      117.238611      680.225447      609.139423      374.899203      471.188473
frame00470.jpg      394.250379       68.911406      633.312656      117.281868      679.858321      609.780904      375.161842      471.586417
frame00471.jpg      394.419196       68.806750      633.246034      117.400217      679.872139      610.072675      375.314348      471.480047
frame00472.jpg      394.441682       68.796386      633.238727      117.388525      679.880568      610.100894      375.384055      471.421656
frame00473.jpg      394.666413       68.319754      633.210748      117.221441      679.688055      610.379169      375.582835      471.385888
frame00474.jpg      394.692066       68.163344      633.196794      117.141694      679.659079      610.326872      375.597174      471.578236
frame00475.jpg      394.702022       68.127960      633.198498      117.097223      679.644204      610.310876      375.649413      471.530659
frame00476.jpg      394.649166       67.475989      633.647534      116.897658      680.513570      613.576126      376.193033      470.792119
frame00477.jpg      394.651516       67.475104      633.656072      116.902888      680.521337      613.598729      376.196749      470.780216
frame00478.jpg      394.654103       67.474986      633.650851      116.901182      680.541413      613.644435      376.204193      470.786702
frame00479.jpg      394.679375       67.468596      633.659865      116.937498      680.530678      613.686226      376.244286      470.744112
frame00480.jpg      394.309304       66.046220      634.181797      117.158244      679.933930      613.699094      376.602995      470.645129
frame00481.jpg      394.334571       65.974962      634.279384      117.106793      680.010982      613.890872      376.745031      470.656813
frame00482.jpg      394.335832       65.969301      634.279649      117.112706      680.020115      613.922453      376.746726      470.656522
frame00483.jpg      394.349019       65.093065      634.682906      117.670057      679.688090      613.853213      376.807192      470.500511
frame00484.jpg      394.411948       65.015416      634.841652      117.656952      680.396258      614.800779      376.771661      470.540278
frame00485.jpg      395.026557       64.583152      635.817053      118.056919      681.274959      615.468728      376.349774      470.926906
frame00486.jpg      395.186434       64.483761      635.795622      118.204325      681.528892      615.722376      376.132371      471.241733
frame00487.jpg      395.187489       64.484890      635.795648      118.204434      681.535600      615.734462      376.133134      471.244199
frame00488.jpg      395.327550       64.298884      635.961456      118.620825      681.929025      616.369512      376.014729      471.291018
frame00489.jpg      395.420595       63.412640      636.129113      119.473451      682.874223      617.623189      376.062241      471.404995
frame00490.jpg      395.423821       63.409021      636.131499      119.480241      682.880293      617.645394      376.061306      471.400588
frame00491.jpg      395.431350       63.389385      636.119043      119.481077      682.899382      617.719820      376.062856      471.420147
frame00492.jpg      395.058125       62.499355      635.918025      119.370749      683.000299      618.379763      376.034600      471.629647
frame00493.jpg      395.068922       62.467411      635.909943      119.371529      682.992157      618.433547      376.046570      471.659439
frame00494.jpg      395.122390       62.481679      635.906156      119.400413      682.992255      618.502330      376.042140      471.679742
frame00495.jpg      395.828148       61.445581      635.905067      119.497719      682.339425      618.920022      377.238739      471.777839
frame00496.jpg      395.849796       61.429327      635.900589      119.536632      682.331265      618.945846      377.209497      471.840313
frame00497.jpg      395.876403       61.431158      635.878346      119.561245      682.331492      618.999548      377.215596      471.890443
frame00498.jpg      395.925752       61.422070      635.873559      119.573952      682.327931      619.061520      377.237446      471.854323
frame00499.jpg      395.953404       61.416601      635.861122      119.555260      682.322972      619.082630      377.255857      471.898934
frame00500.jpg      395.981928       61.343146      635.853841      119.576831      682.294220      619.071731      377.231010      471.929072
frame00501.jpg      395.987415       61.323157      635.838513      119.625555      682.294529      619.099831      377.209487      471.932132
frame00502.jpg      395.989514       61.311266      635.831957      119.661744      682.300051      619.128760      377.190060      471.957717
frame00503.jpg      396.412703       61.059852      635.811832      120.731992      682.192186      619.590046      376.264097      472.291799
frame00504.jpg      396.423770       61.039635      635.808082      120.753704      682.209385      619.641827      376.252588      472.286251
frame00505.jpg      396.444656       61.024315      635.807254      120.777550      682.246251      619.709028      376.255561      472.281539
frame00506.jpg      398.053002       61.180608      635.609302      122.169790      683.067151      621.986126      375.705834      473.848822
frame00507.jpg      399.597373       59.612799      635.367003      124.156280      683.847343      624.344335      374.710385      476.959567
frame00508.jpg      399.601119       59.617488      635.367236      124.156542      683.865556      624.376817      374.713808      476.970069
frame00509.jpg      400.034871       59.079857      635.393000      125.125852      684.329906      624.756141      374.603775      477.642734
frame00510.jpg      400.042728       59.093373      635.392483      125.157926      684.377927      624.824424      374.599119      477.631767
frame00511.jpg      400.045231       59.101744      635.389362      125.172054      684.409972      624.848232      374.632244      477.578810
frame00512.jpg      400.218003       59.320471      635.343087      125.341246      684.638790      625.022831      374.639876      477.524856
frame00513.jpg      400.214160       59.297427      635.305580      125.345038      684.686804      625.067849      374.647087      477.572197
frame00514.jpg      400.270655       59.116023      635.133260      125.558242      684.873915      625.469242      374.433174      477.914760
frame00515.jpg      401.324496       59.298978      635.101339      126.016028      684.984796      626.947137      373.599743      478.781733
frame00516.jpg      402.755022       58.800471      635.327426      126.833543      684.511836      629.410163      372.818555      479.119955
frame00517.jpg      402.760604       58.804760      635.324697      126.836397      684.525024      629.452326      372.815659      479.131953
frame00518.jpg      402.764291       58.807081      635.322228      126.838161      684.538064      629.490160      372.813737      479.141066
frame00519.jpg      403.637627       57.860946      634.877618      127.108465      684.725752      633.637975      372.197455      480.044049
frame00520.jpg      403.770364       56.014363      634.617530      126.933169      683.916950      635.053004      372.618747      481.163506
frame00521.jpg      403.773471       56.013175      634.616502      126.931615      683.923151      635.078035      372.621257      481.168302
frame00522.jpg      403.776748       56.012855      634.615711      126.930185      683.929129      635.102953      372.621430      481.174437
frame00523.jpg      404.825960       56.577660      634.415908      126.725752      684.435443      637.334194      372.395775      481.168080
frame00524.jpg      404.862084       56.606782      634.404528      126.742041      684.447429      637.402749      372.389957      481.146943
frame00525.jpg      404.883183       56.594147      634.396600      126.783114      684.383073      637.346817      372.429127      481.043644
frame00526.jpg      404.888758       56.584180      634.394405      126.798508      684.368623      637.363421      372.444765      481.005873
frame00527.jpg      404.896624       56.569685      634.407192      126.817530      684.360162      637.410577      372.471278      480.936183
frame00528.jpg      404.902660       56.571929      634.410827      126.829746      684.353765      637.435819      372.478566      480.899652
frame00529.jpg      404.901795       56.543471      634.417656      126.838549      684.341729      637.470373      372.512800      480.841136
frame00530.jpg      405.005118       56.642052      634.424520      126.922766      684.322456      637.525177      372.539032      480.743329
frame00531.jpg      405.024748       56.673620      634.427997      126.940910      684.322514      637.542385      372.541188      480.729255
frame00532.jpg      405.197059       57.002780      634.407381      127.051584      684.326472      637.638555      372.613087      480.610617
frame00533.jpg      405.215263       57.005322      634.411717      127.077879      684.308876      637.646520      372.621125      480.589271
frame00534.jpg      405.206720       57.051475      634.419320      127.094954      684.307947      637.652104      372.650203      480.533863
frame00535.jpg      405.183785       57.056101      634.421863      127.107524      684.294647      637.634082      372.674009      480.510749
frame00536.jpg      405.199125       57.067568      634.421471      127.125380      684.269189      637.638943      372.692585      480.506739
frame00537.jpg      405.251278       57.115685      634.410163      127.142886      684.239156      637.666938      372.737328      480.487827
frame00538.jpg      405.289620       57.148546      634.394709      127.161750      684.204264      637.683726      372.790357      480.459815
frame00539.jpg      405.269831       57.032069      634.395695      127.197581      684.115836      637.701738      372.882931      480.401639
frame00540.jpg      405.246512       56.969749      634.372748      127.220053      684.061251      637.704341      372.911897      480.389081
frame00541.jpg      405.245371       56.951630      634.353102      127.235029      684.039460      637.699434      372.923160      480.398330
frame00542.jpg      405.285001       57.008980      634.367768      127.236691      684.063337      637.720215      372.906181      480.434618
frame00543.jpg      405.325943       57.018304      634.389716      127.251024      684.063913      637.732266      372.899818      480.470762
frame00544.jpg      405.330879       56.967563      634.409174      127.261936      684.051535      637.757290      372.923069      480.495651
frame00545.jpg      405.322135       56.943764      634.417000      127.286657      684.037629      637.767305      372.923773      480.532506
frame00546.jpg      405.326009       56.906330      634.420290      127.302833      684.043686      637.817057      372.921314      480.528474
frame00547.jpg      404.978173       55.401917      634.559986      127.283066      683.712384      638.160391      373.611450      480.657793
frame00548.jpg      404.974611       55.391907      634.556324      127.272090      683.710189      638.149506      373.642650      480.604980
frame00549.jpg      405.921463       57.053936      634.581771      127.360704      684.495923      638.976816      374.144895      478.155453
frame00550.jpg      405.927009       57.040455      634.586910      127.350000      684.476173      638.949440      374.185949      478.148123
frame00551.jpg      405.936345       57.028249      634.594315      127.351777      684.473087      638.985266      374.229744      478.076197
frame00552.jpg      405.932530       56.978365      634.610244      127.356700      684.472312      638.995444      374.267025      478.012987
frame00553.jpg      405.935053       56.953434      634.614156      127.363713      684.487564      639.039301      374.281939      477.994504
frame00554.jpg      405.945944       56.953130      634.624144      127.364288      684.486065      639.013636      374.320069      477.957833
frame00555.jpg      405.983620       57.021508      634.624364      127.372053      684.496853      638.970805      374.350868      477.960161
frame00556.jpg      406.023454       57.096120      634.630729      127.372352      684.519617      638.963786      374.365791      477.982276
frame00557.jpg      406.032723       57.087560      634.637103      127.356437      684.512268      638.950898      374.392468      478.032562
frame00558.jpg      406.855284       57.471484      635.308332      126.641942      685.772424      643.345025      375.754336      477.793907
frame00559.jpg      406.879687       57.448876      635.312798      126.648574      685.772794      643.385987      375.766719      477.825512
frame00560.jpg      406.901309       57.441168      635.316850      126.663465      685.759186      643.369615      375.756055      477.878482
frame00561.jpg      406.924136       57.457646      635.322324      126.670589      685.744886      643.352506      375.770616      477.890314
frame00562.jpg      406.961264       57.490123      635.326599      126.680987      685.728587      643.327598      375.783872      477.908719
frame00563.jpg      406.976801       57.481646      635.335385      126.687035      685.703527      643.283678      375.783293      477.913669
frame00564.jpg      407.006484       57.479672      635.341060      126.686683      685.670727      643.254366      375.798709      477.911301
frame00565.jpg      407.022573       57.456079      635.345435      126.692254      685.652567      643.246706      375.806844      477.916298
frame00566.jpg      407.588564       58.608549      635.373359      126.794814      686.038089      644.033993      375.960251      477.697165
frame00567.jpg      407.808294       58.778543      635.445960      126.809438      686.237479      644.590717      376.039575      477.598936
frame00568.jpg      407.655855       57.666559      635.528246      126.720939      685.733090      644.343307      376.207363      477.645126
frame00569.jpg      407.678160       57.618252      635.526082      126.729614      685.674751      644.306001      376.218397      477.648047
frame00570.jpg      407.680635       57.569809      635.533146      126.724541      685.640862      644.299386      376.239924      477.626283
frame00571.jpg      407.675458       57.509063      635.543089      126.711492      685.631309      644.328278      376.267557      477.615172
frame00572.jpg      407.694686       57.525430      635.550749      126.711748      685.657173      644.410052      376.283084      477.592738
frame00573.jpg      407.699172       57.498502      635.550833      126.710755      685.671252      644.476498      376.294556      477.567049
frame00574.jpg      407.695900       57.434638      635.556537      126.697480      685.670720      644.530783      376.320387      477.532072
frame00575.jpg      407.705854       57.426454      635.556838      126.692884      685.673545      644.553824      376.334454      477.517627
frame00576.jpg      407.731699       57.465495      635.560438      126.694586      685.694019      644.601804      376.344958      477.471165
frame00577.jpg      407.772885       57.528301      635.562082      126.701486      685.716878      644.654829      376.344338      477.460543
frame00578.jpg      407.824563       57.587029      635.564224      126.714719      685.733178      644.698107      376.342481      477.484099
frame00579.jpg      407.864334       57.643597      635.569244      126.727338      685.753849      644.751453      376.341218      477.475619
frame00580.jpg      407.885100       57.651708      635.572800      126.726294      685.760205      644.790315      376.345824      477.477882
frame00581.jpg      407.905317       57.665662      635.580526      126.727430      685.759055      644.824893      376.351759      477.486417
frame00582.jpg      407.902570       57.628111      635.585630      126.722587      685.735741      644.842779      376.355979      477.496572
