frame ulx uly urx ury lrx lry llx lly
frame00001.jpg      291.000000      150.029999      564.059998      149.940002      564.059998      444.059998      291.029999      443.950012
frame00002.jpg      292.047175      149.565241      564.192226      150.050478      565.395980      444.497198      292.010068      444.042078
frame00003.jpg      293.328356      149.188869      566.128948      149.398529      565.876444      444.513348      292.432965      442.752000
frame00004.jpg      292.566645      148.236781      565.006560      148.488979      564.683549      443.624514      291.017029      442.827643
frame00005.jpg      290.999077      147.841996      563.459698      149.237517      563.450001      443.572065      289.650853      443.971569
frame00006.jpg      290.449615      147.828821      562.471638      149.780869      563.309315      443.663520      289.385774      444.349194
frame00007.jpg      291.061196      149.405895      563.066983      149.467408      564.389792      444.119348      291.044043      443.806610
frame00008.jpg      292.159451      149.713630      564.754883      149.484635      565.224637      444.520195      291.892938      444.324401
frame00009.jpg      292.455017      149.858610      564.355325      151.162248      564.091145      446.064864      290.625942      445.267545
frame00010.jpg      290.995060      151.230000      563.421582      151.291347      563.986092      446.215442      290.379626      445.960942
frame00011.jpg      291.318869      151.316297      563.719802      150.943487      564.456282      445.793518      291.044391      445.069755
frame00012.jpg      291.341125      151.194516      563.906083      150.629433      564.395626      445.662097      291.117965      445.007649
frame00013.jpg      291.141877      150.959199      563.762832      150.715458      564.130213      445.456444      290.894071      444.998944
frame00014.jpg      291.867304      149.980853      563.806624      150.029269      564.989546      444.911177      291.478002      444.132332
frame00015.jpg      292.647351      149.803212      565.025719      150.486687      565.443056      445.826502      291.621528      444.784508
frame00016.jpg      292.983987      150.985083      565.733984      150.394390      565.638977      446.807537      291.488033      443.927397
frame00017.jpg      292.640428      150.549369      565.223330      150.480811      565.177311      446.783099      291.062258      444.403732
frame00018.jpg      292.824778      151.895867      565.379309      151.545685      565.676241      449.179744      291.637217      445.490701
frame00019.jpg      295.808545      151.548798      567.474383      152.094807      567.948233      449.506973      294.328055      443.395660
frame00020.jpg      298.919099      150.807858      570.950452      151.138930      569.853770      449.344939      296.310380      441.684604
frame00021.jpg      299.708422      150.338608      572.110871      151.063082      569.718884      449.109219      296.563017      440.986346
frame00022.jpg      299.979355      151.233579      571.660388      151.143201      569.524348      449.143006      296.477396      441.110895
frame00023.jpg      299.965158      151.101390      571.016422      152.073327      568.719635      450.295363      295.784109      441.343141
frame00024.jpg      299.820355      151.681468      570.224607      152.321890      568.796438      450.180653      295.390058      441.230895
frame00025.jpg      299.829231      151.684368      570.233774      152.312375      568.805563      450.190708      295.399324      441.230013
frame00026.jpg      300.559027      150.472636      572.394933      152.726004      569.000293      452.581693      295.324598      440.151346
frame00027.jpg      301.378200      148.837552      574.085463      153.253904      568.473234      454.228094      294.200361      438.320207
frame00028.jpg      302.019210      146.070088      575.959658      151.830667      568.694576      453.918646      294.170493      435.087562
frame00029.jpg      302.902748      142.638736      578.078198      149.929889      568.802746      453.978179      293.845912      432.264850
frame00030.jpg      302.288169      140.160324      578.348082      147.955441      568.437966      452.875160      293.318177      430.930596
frame00031.jpg      301.723681      138.037637      578.484542      146.068323      568.179585      452.482753      292.578364      429.540620
frame00032.jpg      302.038608      135.926993      579.681076      144.956143      567.831512      453.666168      292.000456      427.436814
frame00033.jpg      302.614945      134.071846      581.194103      145.173672      567.486317      455.333597      291.357734      426.078889
frame00034.jpg      302.767457      132.207975      582.023041      145.041049      567.031526      455.436580      290.824475      424.174713
frame00035.jpg      302.548862      130.246190      582.969164      143.707813      566.805084      454.352259      291.139390      422.742301
frame00036.jpg      304.193297      126.795562      584.436937      143.108679      567.092300      454.699387      290.883896      419.429101
frame00037.jpg      304.756555      125.222724      585.479103      141.366956      566.730444      454.474257      290.438127      418.024574
frame00038.jpg      303.435813      123.881220      584.236890      137.935627      565.935587      453.255064      289.639841      417.258102
frame00039.jpg      302.335090      122.373672      583.677298      135.532041      566.557462      452.448033      290.443001      416.355703
frame00040.jpg      304.757242      122.298173      585.005186      132.685857      568.997508      452.822911      292.920218      415.358507
frame00041.jpg      307.055969      122.428571      587.102641      130.997197      571.215019      453.341864      295.264496      415.116053
frame00042.jpg      308.530486      123.204879      589.347567      130.037195      572.352642      454.462267      297.134541      415.434481
frame00043.jpg      309.689674      124.016953      589.901347      130.706918      572.300834      455.286367      297.508932      416.224164
frame00044.jpg      309.897991      125.100440      588.171177      130.614294      572.004645      454.998427      297.616417      417.498496
frame00045.jpg      310.598783      128.336994      586.959029      131.535492      572.769713      458.183205      298.124690      419.929510
frame00046.jpg      309.906320      131.666173      586.726189      132.884466      571.989664      459.953532      298.524971      422.802192
frame00047.jpg      309.736553      133.820629      584.431688      134.001555      571.954118      459.914239      298.565944      424.695037
frame00048.jpg      309.897214      136.121288      584.069581      132.212753      573.006502      459.405348      300.245883      424.679843
frame00049.jpg      310.334714      136.328871      584.667283      131.125986      573.355093      458.121686      301.353899      424.701569
frame00050.jpg      310.690751      136.242552      584.706563      128.972220      573.685588      456.405748      302.408147      423.436466
frame00051.jpg      310.904524      135.100533      584.042727      125.319997      573.960291      453.006462      303.512963      422.379616
frame00052.jpg      310.803239      135.044822      581.791530      121.303393      573.879112      450.983320      304.245740      422.669852
frame00053.jpg      310.833737      135.441448      579.804773      118.253985      574.016512      448.787914      305.445036      422.697671
frame00054.jpg      310.841354      135.711953      578.558275      116.439613      573.243742      446.666162      306.328948      422.851316
frame00055.jpg      311.064064      136.470299      575.594393      114.393255      571.564544      443.696884      306.296146      423.804395
frame00056.jpg      310.094528      135.934825      570.638287      114.316654      567.506801      441.625107      304.882729      425.636331
frame00057.jpg      309.075167      131.870419      565.644606      119.313658      563.394987      439.328694      301.972636      427.612839
frame00058.jpg      309.561118      130.713764      563.382893      121.820964      561.827215      438.185739      301.311187      427.947460
frame00059.jpg      310.292108      132.031692      561.423669      122.454293      560.301597      437.140438      301.963524      428.645652
frame00060.jpg      310.810370      130.921258      557.820907      122.359932      556.407468      435.205570      302.398654      430.595520
frame00061.jpg      310.743347      128.987666      555.149012      122.640767      552.333490      433.214843      302.528204      431.129195
frame00062.jpg      311.011995      127.231741      552.368386      124.235543      549.611896      432.840350      301.773058      432.460400
frame00063.jpg      310.930365      126.006782      550.641503      125.431485      547.784030      429.901598      301.299576      432.947184
frame00064.jpg      311.405627      125.310267      549.787892      125.936670      546.501096      428.139357      301.213450      433.713116
frame00065.jpg      312.933950      123.483132      547.721145      127.715342      544.045607      426.375750      300.187569      434.968607
frame00066.jpg      313.737874      123.096322      545.586449      129.610567      542.506452      423.676531      299.275268      436.386166
frame00067.jpg      314.280520      122.487473      544.436650      130.027998      541.595051      419.965010      299.897560      436.538673
frame00068.jpg      315.355136      121.897793      543.722703      129.668695      540.200098      419.051175      300.582231      437.763361
frame00069.jpg      316.069054      120.693578      542.512968      129.591826      538.905168      418.639800      301.370331      438.349076
frame00070.jpg      315.476392      120.899441      543.587618      126.526188      537.450815      416.066244      303.695321      437.561674
frame00071.jpg      316.563593      120.942785      542.819497      125.900864      536.454462      415.051103      303.435383      439.664591
frame00072.jpg      318.146894      122.212681      541.208320      126.723880      535.606624      412.937710      301.990484      442.355784
frame00073.jpg      314.718950      131.120895      541.497462      122.216485      536.548836      403.076426      304.229243      444.205851
frame00074.jpg      316.017730      136.938215      541.235287      121.591186      537.748932      399.174282      304.548151      445.649687
frame00075.jpg      317.608261      138.979870      540.486320      121.754622      536.894281      396.901798      305.020791      446.763904
frame00076.jpg      319.136553      139.671822      538.972421      123.313693      536.504904      396.935995      304.170816      448.295681
frame00077.jpg      321.623199      137.074633      535.184085      127.521892      535.404669      397.847739      300.925211      451.878461
frame00078.jpg      322.567831      136.126972      533.591928      129.312809      535.451493      398.699288      299.909404      453.167381
frame00079.jpg      324.859745      136.071464      531.871548      130.113642      535.331667      399.675914      298.807716      454.462979
frame00080.jpg      326.066894      138.103151      531.266918      130.542501      535.616490      399.049086      297.865344      456.053493
frame00081.jpg      328.082582      139.497746      530.029929      131.536753      536.213562      398.857703      296.879462      458.280381
frame00082.jpg      331.132618      141.820509      527.185238      132.087376      537.661074      398.835433      296.223217      465.298515
frame00083.jpg      336.617576      142.398911      522.128310      136.265894      537.584782      397.896908      290.667230      481.724832
frame00084.jpg      338.679019      146.300049      520.764243      131.506860      539.058361      395.686618      289.545596      493.360449
frame00085.jpg      339.866541      151.784623      520.783594      126.566890      540.054216      391.902278      290.171584      497.860519
frame00086.jpg      342.951163      155.550754      523.969702      120.388718      542.497916      391.821104      289.215949      493.597387
frame00087.jpg      343.566861      156.723990      524.706970      119.222672      544.892158      391.658341      288.398994      491.184666
frame00088.jpg      340.527128      154.869286      519.179281      123.682151      546.273129      381.172419      286.016536      499.429899
frame00089.jpg      339.199694      153.326375      517.546213      125.081166      546.561257      379.332913      282.020443      502.301791
frame00090.jpg      337.954755      152.960714      516.698424      125.318872      546.712035      378.405203      280.093657      503.639291
frame00091.jpg      337.460679      151.632174      516.303638      126.288818      546.537204      377.936847      278.182476      504.928441
frame00092.jpg      337.254807      151.519817      516.507842      126.355045      546.691663      377.340717      277.096702      505.384265
frame00093.jpg      336.701700      151.280489      516.743647      126.437618      546.735955      376.419611      275.638083      506.710441
frame00094.jpg      336.678577      151.283402      516.737401      126.441241      546.724063      376.392066      275.541719      506.839435
frame00095.jpg      336.529657      151.423888      516.800262      126.373504      546.790473      376.168760      275.198312      507.285500
frame00096.jpg      335.407122      158.033869      517.273954      123.591687      553.467143      375.501346      274.136873      506.812168
frame00097.jpg      335.405676      158.037473      517.276063      123.590027      553.472476      375.499156      274.127829      506.824922
frame00098.jpg      335.411145      158.042843      517.278367      123.584783      553.482088      375.501611      274.138544      506.823292
frame00099.jpg      338.126691      158.322932      516.093039      122.183366      557.813086      379.350953      277.340073      505.077819
frame00100.jpg      338.129241      158.323965      516.090958      122.181465      557.848324      379.377392      277.311141      505.143199
frame00101.jpg      338.138742      158.333338      516.094692      122.177163      557.906320      379.413019      277.311836      505.180469
frame00102.jpg      338.155855      158.374831      516.100912      122.167573      557.970346      379.439048      277.357838      505.200729
frame00103.jpg      337.648112      161.067612      516.828842      120.387106      562.324813      381.458920      283.103708      503.263203
frame00104.jpg      339.031469      160.902780      516.965849      120.908022      565.861939      385.139749      285.151140      496.373737
frame00105.jpg      339.036473      160.908557      516.962189      120.910131      565.904726      385.167320      285.187366      496.349517
frame00106.jpg      339.552152      158.341817      516.154932      122.378047      567.402272      387.579895      284.664199      496.561064
frame00107.jpg      339.556240      158.356769      516.164087      122.381649      567.455790      387.607118      284.659344      496.572916
frame00108.jpg      339.457746      158.765025      516.649353      122.066798      569.269820      387.789104      284.623919      496.101208
frame00109.jpg      338.300323      159.871382      517.277904      120.996769      572.851511      387.466751      285.724430      495.819451
frame00110.jpg      337.890789      160.357326      517.765282      120.565304      575.776899      388.247621      285.723259      496.395471
frame00111.jpg      338.062688      160.574928      518.152484      120.288745      577.731923      389.831283      285.638081      496.245134
frame00112.jpg      337.792657      161.319046      518.857747      118.943970      581.451471      393.018312      286.368055      495.052514
frame00113.jpg      337.647000      161.509722      519.069022      118.515380      582.564103      394.167976      286.737231      494.686241
frame00114.jpg      337.652778      161.498767      519.080625      118.508017      582.615357      394.228795      286.771869      494.651851
frame00115.jpg      337.684437      161.417531      519.192090      118.412737      583.084977      394.730097      287.005181      494.443631
frame00116.jpg      338.190714      160.726525      519.342757      118.506804      586.583633      397.961574      287.290362      493.839793
frame00117.jpg      339.231711      158.985956      519.120699      118.992278      590.431976      401.211224      286.909003      495.113957
frame00118.jpg      339.950151      157.035629      519.240275      119.785997      594.034289      404.991849      286.634449      495.892560
frame00119.jpg      340.706784      153.676827      519.773438      120.316807      598.759814      411.068662      286.835892      497.674333
frame00120.jpg      340.990678      151.154330      520.209108      121.420642      600.147479      412.248731      286.339202      499.613694
frame00121.jpg      343.312687      146.727126      518.252633      122.610592      600.000489      401.692473      277.136459      514.049022
frame00122.jpg      343.152036      146.573238      518.231414      122.574478      597.648851      398.962570      276.633657      515.573617
frame00123.jpg      342.465221      147.024979      517.921977      122.242384      593.875825      393.832237      275.620578      519.547740
frame00124.jpg      347.961021      144.431066      514.913406      122.463898      593.246328      398.520452      267.539744      536.856338
frame00125.jpg      349.906602      138.418748      514.497950      117.186161      591.771579      406.165707      268.291695      543.181864
frame00126.jpg      349.932978      137.293097      514.944893      115.252576      587.317351      403.046548      269.264542      543.909744
frame00127.jpg      348.349162      137.740889      515.921735      112.650394      581.607304      399.024779      271.688267      543.968490
frame00128.jpg      347.498133      137.642582      516.499474      111.451208      578.849937      396.953408      273.314172      543.261595
frame00129.jpg      347.442469      137.861521      515.366478      104.455806      575.471250      412.158494      283.762314      541.704738
frame00130.jpg      347.617771      134.541903      511.856335      100.541638      571.545429      417.092351      284.360511      550.510421
frame00131.jpg      350.234510      131.094185      511.595781       94.320700      569.297699      431.831569      281.466525      552.675987
frame00132.jpg      350.702676      129.881729      509.484791       86.673341      565.575259      431.948015      281.345361      560.053770
frame00133.jpg      350.092583      131.688562      507.685032       82.158829      561.393364      426.707369      282.916416      561.241977
frame00134.jpg      350.823065      130.543008      506.740621       80.212111      558.386540      428.365630      283.646073      566.657616
frame00135.jpg      350.141429      131.539213      507.125934       78.250772      556.969590      427.313982      285.250154      565.727375
frame00136.jpg      349.248565      132.327343      507.652452       76.232324      553.506001      421.166027      285.919321      567.410908
frame00137.jpg      347.398507      134.890086      508.105198       72.628731      548.556014      411.179534      287.269205      570.223882
frame00138.jpg      345.538450      135.031952      508.470494       63.886869      544.532085      412.657662      294.144907      567.073808
frame00139.jpg      344.559126      136.071044      508.601832       61.143291      540.399658      405.498508      295.715213      567.215141
frame00140.jpg      343.947732      135.743366      508.976007       57.445546      535.409231      399.049270      296.671408      568.913548
frame00141.jpg      343.640411      135.587407      509.031659       55.092469      532.431384      397.673902      297.329827      568.932882
frame00142.jpg      343.494504      135.538561      508.836545       52.497126      529.668710      395.999224      297.910111      569.146033
frame00143.jpg      342.206024      140.353810      507.998503       46.936851      527.586510      394.553514      299.343960      565.631262
frame00144.jpg      342.245925      140.235486      507.687014       45.570633      526.053977      392.576545      299.249495      565.963090
frame00145.jpg      342.688872      139.478033      507.548428       44.541619      524.950087      392.497614      299.003766      565.140910
frame00146.jpg      342.616804      139.193294      507.683524       42.655892      522.828223      389.499833      299.169086      564.214735
frame00147.jpg      342.509591      138.555814      508.333235       40.383800      520.375429      386.213369      299.591922      562.747074
frame00148.jpg      342.248831      138.292254      508.930097       38.724040      518.875708      384.147432      300.007124      561.914815
frame00149.jpg      341.977990      138.043608      509.592794       36.615232      517.811851      383.037941      300.459288      561.045410
frame00150.jpg      343.956689      136.195957      510.368108       32.057662      518.619144      398.104408      300.157436      554.335723
frame00151.jpg      344.724447      133.910284      510.748433       29.750094      518.950467      403.636639      299.816024      556.371458
frame00152.jpg      344.722140      133.896272      510.773691       29.631179      518.839938      403.444840      299.788699      556.426321
frame00153.jpg      343.910609      135.636019      510.668035       28.483652      518.641355      397.191558      299.726588      558.072451
frame00154.jpg      343.906121      135.630394      510.672119       28.449613      518.636090      397.155972      299.725735      558.080581
frame00155.jpg      343.330392      136.095966      510.727293       28.439004      517.841776      393.347014      299.817613      559.053296
frame00156.jpg      342.708013      137.066582      510.872989       27.752109      517.699532      390.462910      300.056945      559.510752
frame00157.jpg      342.701846      137.078607      510.888434       27.714275      517.712398      390.424626      300.064512      559.490575
frame00158.jpg      342.582850      137.318722      510.880340       27.316145      517.778165      389.897831      300.119809      559.678545
frame00159.jpg      342.576056      137.332518      510.882000       27.299874      517.787061      389.875937      300.124029      559.678553
frame00160.jpg      342.001864      140.120155      510.935611       25.086540      519.871821      390.482964      300.468161      558.393056
frame00161.jpg      341.921497      140.797603      510.865267       24.244047      520.162301      390.209628      300.403280      558.744511
frame00162.jpg      341.968100      141.823019      510.762207       23.298559      521.326798      391.107216      300.286383      558.632924
frame00163.jpg      342.300373      142.909333      511.297358       20.856439      523.611278      397.414989      300.244604      555.722282
frame00164.jpg      342.255340      143.081535      511.349974       20.799480      523.859015      398.185600      300.293199      555.436656
frame00165.jpg      342.260856      143.416925      510.264760       22.987009      526.640109      400.963134      300.199767      555.334644
frame00166.jpg      342.402370      143.948417      508.983272       24.134201      529.255418      401.199323      299.853589      556.950848
frame00167.jpg      345.227931      147.661356      503.972784       24.962284      538.300101      397.160820      296.883408      566.217955
frame00168.jpg      345.338082      152.315856      498.412164       23.288870      541.125193      381.913019      294.716542      579.324692
frame00169.jpg      345.372217      152.206725      497.942303       23.930118      542.783999      382.388895      294.811034      579.229377
frame00170.jpg      345.223038      153.647973      498.023675       23.032117      545.412434      387.003121      295.419481      577.258726
frame00171.jpg      345.294260      153.625475      498.000273       23.035537      545.913289      387.797160      295.397375      577.106978
frame00172.jpg      345.292876      153.638480      498.003336       23.026522      545.952380      387.795085      295.403667      577.108436
frame00173.jpg      345.195107      154.163885      497.353026       23.738941      547.970844      385.246859      295.303869      578.671831
frame00174.jpg      345.818592      153.693706      497.029237       24.199481      552.339615      392.465336      295.288457      576.412365
frame00175.jpg      346.097427      153.158378      497.079564       24.287817      554.442492      398.194926      295.488942      575.305638
frame00176.jpg      346.083521      153.037981      497.106559       24.337157      554.830415      399.083039      295.542073      575.040272
frame00177.jpg      346.936933      151.805618      497.429269       23.817981      556.649049      407.506963      296.147559      572.115245
frame00178.jpg      347.563151      150.441790      497.507884       23.870351      558.074035      412.291258      296.178142      570.414223
frame00179.jpg      347.563701      150.439367      497.508152       23.870314      558.078443      412.299924      296.180714      570.407651
frame00180.jpg      347.948022      149.448175      497.702775       23.931633      558.945904      416.597579      296.267621      568.586656
frame00181.jpg      347.949616      149.436950      497.704717       23.936780      558.971408      416.654436      296.274063      568.563356
frame00182.jpg      347.936682      149.320260      497.669876       23.886020      559.454205      416.899757      296.408267      568.114587
frame00183.jpg      347.938701      149.304163      497.673193       23.881891      559.477193      416.944455      296.419602      568.077106
frame00184.jpg      347.942962      149.290501      497.675704       23.882012      559.492147      416.991672      296.426656      568.050346
frame00185.jpg      347.945352      149.281264      497.678739       23.876563      559.501274      416.993476      296.431894      568.025107
frame00186.jpg      347.947240      149.279305      497.680151       23.874866      559.523382      416.997154      296.438419      568.004486
frame00187.jpg      348.147732      148.826011      497.711058       23.995625      559.669526      418.388506      296.437726      567.369812
frame00188.jpg      348.149103      148.821394      497.711978       23.995261      559.665335      418.395332      296.437857      567.364859
frame00189.jpg      348.228359      148.629728      497.748067       23.973861      559.625889      418.823797      296.466533      567.176133
frame00190.jpg      348.274265      148.544455      497.765451       23.902313      559.735876      419.033632      296.498107      567.171255
frame00191.jpg      348.989196      147.752416      497.503375       23.894412      561.475825      421.319810      296.073228      570.209190
frame00192.jpg      349.003791      147.734302      497.509940       23.873882      561.483709      421.370734      296.085539      570.196887
frame00193.jpg      349.020797      147.708835      497.515226       23.853083      561.489267      421.432160      296.108238      570.161195
frame00194.jpg      349.030712      147.689253      497.516737       23.833269      561.476732      421.456506      296.123388      570.148409
frame00195.jpg      349.037263      147.675542      497.517089       23.816268      561.466148      421.478557      296.135835      570.148611
frame00196.jpg      349.041466      147.661499      497.517616       23.790269      561.454840      421.486348      296.147351      570.158700
frame00197.jpg      349.133999      147.299660      497.558254       23.621408      561.468543      422.347543      296.175602      570.228959
frame00198.jpg      349.133809      147.271108      497.562041       23.609013      561.467957      422.387865      296.183269      570.199558
frame00199.jpg      349.133164      147.244668      497.566904       23.601291      561.473133      422.437837      296.191351      570.167212
frame00200.jpg      349.142987      147.213012      497.572561       23.580867      561.479378      422.476246      296.205384      570.116751
frame00201.jpg      349.145613      147.196970      497.575123       23.566397      561.479434      422.484630      296.205904      570.106814
frame00202.jpg      349.323124      147.706022      498.722081       20.135545      561.465194      423.654729      296.096964      570.467374
frame00203.jpg      348.826463      144.792201      493.247549       23.629775      579.165311      458.499520      297.272449      575.179645
frame00204.jpg      348.851213      144.797841      490.877770       26.804563      585.476718      466.671911      297.298826      576.086991
frame00205.jpg      348.865720      145.086547      490.654548       26.831689      586.974437      468.213781      297.313608      575.791775
frame00206.jpg      349.130864      146.288403      488.774677       27.970013      596.066502      475.611943      297.140443      574.656555
frame00207.jpg      349.546028      146.457750      487.060538       30.011125      604.021354      482.972514      296.930730      573.219209
frame00208.jpg      349.930033      146.573381      485.902391       31.559476      611.795043      491.671917      296.594582      572.060386
frame00209.jpg      350.679815      146.918138      484.552878       33.217268      628.981673      514.296986      295.913391      568.638800
frame00210.jpg      351.178908      147.659150      482.405779       34.985272      647.132987      541.280291      294.490099      573.397232
frame00211.jpg      351.221634      147.655464      482.109188       35.259157      649.454868      545.209177      294.187646      575.390682
frame00212.jpg      351.221987      147.660092      482.100039       35.270969      649.515848      545.315581      294.173763      575.475790
frame00213.jpg      351.286789      147.611318      481.051341       35.902049      656.016138      552.900953      292.629239      586.512077
frame00214.jpg      351.286775      147.612707      481.050076       35.902348      656.031747      552.917836      292.627422      586.529609
frame00215.jpg      351.267590      147.625846      480.829012       36.036257      657.285398      553.545670      292.285445      589.272438
frame00216.jpg      351.267604      147.626981      480.827690       36.036889      657.301052      553.563561      292.283593      589.288706
frame00217.jpg      351.267472      147.628615      480.826215       36.038249      657.321346      553.586836      292.281426      589.307249
frame00218.jpg      351.267361      147.630225      480.824813       36.040636      657.343303      553.614243      292.279368      589.324115
frame00219.jpg      351.267013      147.631219      480.821522       36.045597      657.361899      553.643813      292.276865      589.345189
frame00220.jpg      351.381755      147.111801      479.518732       37.764074      663.369071      561.303330      291.106082      598.238470
frame00221.jpg      351.381993      147.112728      479.517882       37.765268      663.390634      561.335180      291.103061      598.258227
frame00222.jpg      351.385501      147.122765      479.508822       37.774575      663.659375      561.733371      291.067439      598.503756
frame00223.jpg      351.373729      147.149005      479.352596       37.806428      666.141266      565.500319      290.756421      601.373029
frame00224.jpg      352.323129      146.527134      478.611009       36.743184      688.122750      612.594126      291.001141      613.185302
frame00225.jpg      352.285596      146.684912      478.411404       36.823756      691.861475      617.233073      290.511189      616.825389
frame00226.jpg      352.285418      146.686476      478.410621       36.823611      691.883402      617.251708      290.512323      616.833944
frame00227.jpg      352.283686      146.687767      478.409278       36.823978      691.904390      617.263365      290.512700      616.842748
frame00228.jpg      352.282788      146.688307      478.407771       36.824796      691.929031      617.285780      290.513336      616.851300
frame00229.jpg      352.281936      146.688957      478.406572       36.823740      691.948075      617.296269      290.513847      616.860634
frame00230.jpg      352.036082      146.935178      478.102990       36.981778      692.669248      614.567206      290.338909      619.669164
frame00231.jpg      352.034748      146.935393      478.101453       36.980926      692.683225      614.568873      290.340208      619.674637
frame00232.jpg      351.870474      147.256520      477.696820       37.091320      693.616185      611.036181      289.999335      624.189384
frame00233.jpg      351.869981      147.259920      477.694715       37.089957      693.637284      611.040373      289.999775      624.212256
frame00234.jpg      351.869279      147.261487      477.692498       37.087971      693.655594      611.042663      290.000062      624.231460
frame00235.jpg      351.728240      146.969497      475.499200       39.668990      694.605039      591.843416      287.189285      645.857128
frame00236.jpg      351.605200      147.127895      475.024155       40.155068      693.375616      584.853863      286.491297      652.762007
frame00237.jpg      351.604642      147.129210      475.022155       40.155100      693.397316      584.868703      286.490007      652.787988
frame00238.jpg      351.552635      147.161002      474.844343       40.219825      694.407562      585.245048      286.440366      654.235034
frame00239.jpg      351.552215      147.162826      474.841973       40.219996      694.433595      585.267558      286.437371      654.270441
frame00240.jpg      351.549748      147.178105      474.826351       40.212452      694.661554      585.487585      286.402820      654.625339
frame00241.jpg      351.547813      147.187359      474.828944       40.181333      694.833281      585.597954      286.401684      654.797151
frame00242.jpg      351.167193      147.243181      474.785426       40.384635      693.614947      581.754669      286.445247      660.736034
frame00243.jpg      351.166687      147.243782      474.782391       40.385651      693.617623      581.759604      286.443144      660.764757
frame00244.jpg      351.161075      147.253215      474.749449       40.384756      693.686389      581.803641      286.420056      661.103681
frame00245.jpg      351.140642      147.260198      474.630360       40.418109      694.007441      582.094233      286.366531      662.069578
frame00246.jpg      351.127824      147.253919      474.572724       40.452035      694.189253      582.294859      286.352669      662.423853
frame00247.jpg      351.127538      147.253526      474.570453       40.452509      694.190976      582.302076      286.350727      662.446464
frame00248.jpg      351.127252      147.252586      474.568127       40.452945      694.193872      582.311277      286.349219      662.467192
frame00249.jpg      351.126731      147.252200      474.565777       40.455220      694.202742      582.325489      286.346788      662.487831
frame00250.jpg      351.127314      147.254061      474.564028       40.454444      694.200136      582.320491      286.343094      662.519153
frame00251.jpg      351.127660      147.255701      474.562564       40.455469      694.202317      582.326065      286.340445      662.542741
frame00252.jpg      351.140327      147.304180      474.544274       40.481095      694.453792      582.782267      286.247256      663.226270
frame00253.jpg      351.140824      147.305820      474.544350       40.481946      694.466611      582.802222      286.244790      663.244306
frame00254.jpg      351.137027      147.308454      474.543738       40.492260      694.558613      582.944270      286.234975      663.320427
frame00255.jpg      351.142006      147.310920      474.540291       40.494775      694.667460      583.110814      286.240017      663.401190
frame00256.jpg      351.141526      147.303746      474.538719       40.489879      694.702362      583.179055      286.242139      663.435850
frame00257.jpg      351.079975      147.167307      474.577519       40.546536      694.907057      583.904008      286.221387      663.184241
frame00258.jpg      351.117762      146.968127      474.686550       39.121147      695.914214      595.906048      289.578976      668.274217
frame00259.jpg      351.469220      148.787711      473.466273       34.593204      714.351757      644.251598      296.310051      668.028583
frame00260.jpg      351.401622      149.093332      473.029442       33.990377      715.943891      643.666821      296.610831      670.804780
frame00261.jpg      351.401019      149.094973      473.027478       33.986659      715.937497      643.640580      296.610060      670.826355
frame00262.jpg      351.400412      149.096031      473.025707       33.982272      715.928084      643.610973      296.609611      670.844691
frame00263.jpg      351.399734      149.096733      473.023951       33.978774      715.925814      643.595094      296.609593      670.861986
frame00264.jpg      351.399087      149.097255      473.022204       33.975078      715.919710      643.573607      296.609946      670.877101
frame00265.jpg      351.392077      149.110608      473.007844       33.943471      715.961676      643.470432      296.614964      671.031327
frame00266.jpg      351.391360      149.112356      473.006023       33.940900      715.962206      643.451361      296.615103      671.046706
frame00267.jpg      351.390739      149.114523      473.004045       33.937754      715.969560      643.435911      296.615067      671.064892
frame00268.jpg      351.390577      149.114024      473.002574       33.935836      715.972327      643.432204      296.615379      671.074284
frame00269.jpg      351.387425      149.111199      473.001361       33.899124      716.040042      643.412697      296.630986      671.102594
frame00270.jpg      351.297867      149.347382      473.040609       33.442159      716.957333      643.422308      296.734493      671.502120
frame00271.jpg      351.296585      149.346918      473.042425       33.405646      716.979023      643.352732      296.743612      671.527105
frame00272.jpg      350.683790      150.387943      473.229956       30.292383      718.417654      641.068718      297.467124      674.714289
frame00273.jpg      350.679024      150.381128      473.229909       30.257850      718.495531      641.074981      297.481885      674.712641
frame00274.jpg      350.662938      150.368830      473.234531       30.119387      718.933808      641.207986      297.541810      674.752266
frame00275.jpg      347.835262      149.243335      472.453635       24.189843      756.931103      693.611229      301.443933      696.879964
frame00276.jpg      347.751111      148.336513      472.440361       23.019287      757.703705      702.563732      302.072204      695.472669
frame00277.jpg      347.750929      148.332810      472.439746       23.019304      757.688408      702.559289      302.072907      695.463373
frame00278.jpg      347.822123      148.264025      472.397818       23.163190      758.842048      706.156351      302.085294      694.090297
frame00279.jpg      347.616683      148.360728      472.306241       23.000603      761.018272      715.458034      302.561087      694.820977
frame00280.jpg      347.616533      148.358960      472.305032       23.001092      761.008350      715.450738      302.562071      694.815748
frame00281.jpg      347.616896      148.352557      472.294630       23.017954      760.993215      715.469043      302.568988      694.804086
frame00282.jpg      347.835133      147.522888      471.866550       23.279287      764.793442      721.651276      302.817896      693.746768
frame00283.jpg      348.162002      146.240501      471.141260       23.819978      775.679975      736.910206      303.257211      691.664018
frame00284.jpg      348.162218      146.240772      471.141124       23.820451      775.697978      736.932422      303.258787      691.661768
frame00285.jpg      348.162452      146.241568      471.141179       23.819856      775.714092      736.947477      303.260009      691.661812
frame00286.jpg      347.568299      149.507310      473.895863       14.738313      813.280052      804.943957      306.374199      684.514185
frame00287.jpg      346.791167      150.463922      473.911872       11.540989      826.468133      804.168921      306.918205      684.721260
frame00288.jpg      346.791388      150.463375      473.912528       11.537830      826.485849      804.179082      306.919983      684.715352
frame00289.jpg      346.767507      150.802068      473.502802       10.781881      836.268634      806.965761      307.913232      684.702966
frame00290.jpg      346.636521      151.432435      473.308287       10.686869      836.846861      802.296769      308.163749      686.294789
frame00291.jpg      346.428556      152.051495      472.724037       11.019304      834.064966      786.722536      308.153000      688.110211
frame00292.jpg      346.428443      152.051033      472.724601       11.018425      834.071964      786.726388      308.154533      688.101356
frame00293.jpg      346.315341      152.321639      472.624571       11.071132      831.928013      781.870282      308.441533      687.705156
frame00294.jpg      346.312674      152.326062      472.620375       11.067138      831.985033      781.843687      308.453903      687.681791
frame00295.jpg      346.248441      152.521269      472.489172       11.173730      830.834986      778.882717      308.542017      687.789430
frame00296.jpg      346.551358      151.353472      472.312581       10.896222      850.198961      810.331762      308.780929      684.391261
frame00297.jpg      346.536989      151.323706      472.291923       10.861980      851.730933      812.264937      308.882582      684.209166
frame00298.jpg      346.536740      151.322539      472.291586       10.860452      851.739225      812.277943      308.884226      684.205595
frame00299.jpg      346.536713      151.320856      472.291741       10.857883      851.725041      812.265200      308.885051      684.201565
frame00300.jpg      346.536088      151.298097      472.292612       10.839864      851.695602      812.328236      308.896569      684.147611
frame00301.jpg      346.535055      151.275125      472.290280       10.824607      851.693880      812.431505      308.911235      684.101160
frame00302.jpg      346.535614      151.258771      472.287091       10.820462      851.654103      812.495918      308.920833      684.078525
frame00303.jpg      346.535512      151.257502      472.286465       10.820203      851.661701      812.511036      308.922562      684.075480
frame00304.jpg      346.535345      151.256498      472.285888       10.820028      851.670036      812.523990      308.924432      684.071253
frame00305.jpg      346.535205      151.256699      472.285364       10.820873      851.697614      812.557886      308.925500      684.071952
frame00306.jpg      346.532919      151.248396      472.278374       10.851160      852.757969      814.000097      308.956126      684.056087
frame00307.jpg      346.553059      151.169864      472.271551       10.813251      857.821508      822.463105      309.061802      683.564583
frame00308.jpg      346.553301      151.168760      472.271674       10.812986      857.843928      822.501738      309.063006      683.562200
frame00309.jpg      346.553516      151.167341      472.271710       10.813100      857.859773      822.536279      309.063790      683.560463
frame00310.jpg      346.553588      151.166036      472.271649       10.814085      857.885220      822.584230      309.064355      683.559501
frame00311.jpg      346.553815      151.165549      472.272089       10.814584      857.912506      822.629456      309.064873      683.558620
frame00312.jpg      346.553941      151.164515      472.272354       10.815704      857.941465      822.676564      309.066072      683.552799
frame00313.jpg      346.554142      151.163586      472.272609       10.815720      857.977553      822.727042      309.067873      683.547074
frame00314.jpg      346.587597      151.077093      472.326835       10.628773      860.716523      826.428411      309.199455      683.180371
frame00315.jpg      346.773704      150.322682      472.539858        7.804827      871.357705      844.684878      310.184070      681.388793
frame00316.jpg      346.777262      150.205399      472.456691        8.170380      872.842048      848.796215      310.218403      681.365378
frame00317.jpg      346.777146      150.200806      472.444750        8.183384      872.889529      848.976822      310.214134      681.428744
frame00318.jpg      346.777075      150.200028      472.443997        8.185067      872.903716      849.006519      310.214449      681.429546
frame00319.jpg      346.777092      150.199399      472.443571        8.185664      872.915006      849.029398      310.214354      681.431694
frame00320.jpg      346.777187      150.198791      472.443485        8.185800      872.924403      849.050067      310.213777      681.434364
frame00321.jpg      346.777329      150.197849      472.443762        8.186256      872.934364      849.075502      310.213232      681.433959
frame00322.jpg      346.846177      150.031372      472.444273        8.207233      875.472904      854.708790      310.045582      681.524703
frame00323.jpg      346.846909      150.016274      472.446335        8.192232      875.407462      854.669947      310.052206      681.466838
frame00324.jpg      346.847042      150.014984      472.446747        8.192003      875.406726      854.681754      310.050917      681.467672
frame00325.jpg      346.847196      150.014598      472.447183        8.192506      875.407124      854.693626      310.048486      681.473290
frame00326.jpg      346.848738      150.015617      472.446579        8.197185      875.407119      854.729801      310.038052      681.505533
frame00327.jpg      346.848125      150.007057      472.443523        8.190849      875.375194      854.697304      310.051548      681.453258
frame00328.jpg      346.628427      151.175265      472.031832        7.391148      886.074434      865.117500      311.666696      675.184933
frame00329.jpg      345.786857      153.711696      472.210613        4.899333      878.860784      851.677022      313.504519      673.408904
frame00330.jpg      345.154546      156.897999      472.685949       -4.300281      884.410191      855.949757      315.374192      667.614285
frame00331.jpg      345.154137      156.895823      472.684181       -4.291422      884.446729      856.030328      315.375272      667.607693
frame00332.jpg      345.153985      156.893436      472.684210       -4.285542      884.489758      856.117553      315.376489      667.596714
frame00333.jpg      345.151013      156.873145      472.673093       -4.243365      884.834598      856.782881      315.390672      667.541993
frame00334.jpg      345.143864      156.845149      472.539173       -4.118406      886.051211      859.000395      315.397147      668.057699
frame00335.jpg      345.143793      156.845353      472.537667       -4.114670      886.066622      859.033466      315.396257      668.067677
frame00336.jpg      345.143775      156.844636      472.536344       -4.112235      886.072252      859.057009      315.395621      668.073620
frame00337.jpg      345.143758      156.843437      472.535133       -4.110240      886.074439      859.070733      315.396192      668.071958
frame00338.jpg      345.143490      156.842663      472.533564       -4.107825      886.086261      859.090809      315.397222      668.070397
frame00339.jpg      345.143510      156.842260      472.532130       -4.107205      886.094468      859.104018      315.397534      668.075222
frame00340.jpg      345.150606      156.837867      472.442017       -4.087492      886.521940      859.806358      315.353540      668.632926
frame00341.jpg      345.169385      156.849155      472.245103       -4.089414      887.858104      862.407171      315.085292      670.834356
frame00342.jpg      345.167707      156.843478      472.230903       -4.086961      887.865874      862.442934      315.089435      670.877288
frame00343.jpg      345.167601      156.843013      472.229965       -4.086235      887.875061      862.460726      315.090163      670.880599
frame00344.jpg      345.167521      156.843009      472.228605       -4.085386      887.879419      862.471448      315.090119      670.888693
frame00345.jpg      345.167393      156.843196      472.225964       -4.084208      887.858404      862.443950      315.089166      670.901908
frame00346.jpg      345.166191      156.829719      472.104571       -3.918980      887.686727      862.870055      315.034304      671.574469
frame00347.jpg      345.166247      156.828935      472.103210       -3.914811      887.692988      862.902812      315.032695      671.584364
frame00348.jpg      345.166145      156.828714      472.101162       -3.911109      887.685839      862.906476      315.031335      671.595159
frame00349.jpg      345.165452      156.825113      472.087493       -3.886271      887.644606      862.930166      315.028603      671.649139
frame00350.jpg      345.165317      156.824347      472.085542       -3.884103      887.632246      862.920418      315.029258      671.651934
frame00351.jpg      345.143225      156.579002      471.714199       -3.248584      882.907803      855.071351      315.208839      673.142636
frame00352.jpg      345.142324      156.251604      471.424201       -2.965727      882.543720      855.943661      315.693989      672.094461
frame00353.jpg      344.851013      155.228534      470.898608       -5.407077      874.043511      845.142395      318.179577      672.927181
frame00354.jpg      344.868584      155.262843      470.961239       -5.785957      877.468936      850.737754      318.310260      671.994443
frame00355.jpg      344.637863      155.747610      469.829383       -7.090787      889.197136      856.115079      320.239128      676.295699
frame00356.jpg      344.695505      155.684681      468.679318       -6.621890      905.350991      865.823313      321.548142      678.058297
frame00357.jpg      344.409899      157.314694      467.317139       -7.744977      926.505937      881.541894      323.064876      680.242432
frame00358.jpg      344.405100      157.404424      467.188644       -7.663495      928.465628      883.513799      322.995204      681.451068
frame00359.jpg      344.315144      158.083531      465.996994       -7.110113      941.602355      893.138491      322.648868      690.216200
frame00360.jpg      344.293351      158.308148      465.536762       -6.884402      945.778999      894.935680      322.603266      692.851644
frame00361.jpg      344.250905      158.477854      465.341125       -6.791628      947.171742      894.853654      322.650927      693.898584
frame00362.jpg      344.250020      158.479079      465.338170       -6.790845      947.195909      894.856603      322.652298      693.909072
frame00363.jpg      344.187311      158.692195      464.905169       -6.658351      952.764287      899.271415      322.701520      696.023939
frame00364.jpg      344.186307      158.690906      464.902316       -6.659675      952.785935      899.283751      322.704099      696.029226
frame00365.jpg      344.185323      158.689316      464.899529       -6.660979      952.807857      899.296247      322.707159      696.030721
frame00366.jpg      344.126977      158.710891      464.621076       -6.628695      957.604797      904.082499      322.875377      696.846492
frame00367.jpg      344.126332      158.710300      464.619103       -6.629685      957.632431      904.102876      322.878189      696.847554
frame00368.jpg      344.125712      158.709427      464.617237       -6.630973      957.659063      904.121030      322.881446      696.845116
frame00369.jpg      344.125182      158.710329      464.615341       -6.632997      957.678094      904.121875      322.884051      696.851168
frame00370.jpg      344.125269      158.711518      464.613738       -6.635202      957.706473      904.138314      322.886003      696.862117
frame00371.jpg      344.124536      158.711855      464.612507       -6.636342      957.739729      904.158174      322.886353      696.868013
frame00372.jpg      344.123316      158.711088      464.610655       -6.637389      957.778173      904.175773      322.888892      696.861562
frame00373.jpg      344.079883      158.775836      464.234501       -6.534260      962.895784      906.823483      322.992713      697.350682
frame00374.jpg      344.078461      158.773841      464.232107       -6.536931      962.910038      906.813196      322.995914      697.342010
frame00375.jpg      344.067120      158.757098      464.208205       -6.558019      963.121011      906.776900      323.028190      697.258439
frame00376.jpg      344.024462      158.803819      463.760142       -6.314250      967.078175      906.275768      323.036832      697.596687
frame00377.jpg      344.024640      158.803621      463.757175       -6.318625      967.090986      906.266678      323.040752      697.605071
frame00378.jpg      344.024489      158.802841      463.754367       -6.322291      967.106154      906.264692      323.044094      697.611011
frame00379.jpg      344.023533      158.802104      463.751861       -6.324849      967.111334      906.255343      323.045249      697.619641
frame00380.jpg      344.022642      158.800200      463.749455       -6.326680      967.118948      906.259589      323.046941      697.622396
frame00381.jpg      344.022171      158.799186      463.747278       -6.329730      967.117978      906.247739      323.048343      697.629735
frame00382.jpg      344.021881      158.798464      463.745649       -6.333957      967.131727      906.243053      323.050888      697.631806
frame00383.jpg      344.021846      158.799210      463.744893       -6.336959      967.179031      906.280956      323.051928      697.641127
frame00384.jpg      344.021714      158.801150      463.743849       -6.339634      967.226474      906.316770      323.052029      697.660466
frame00385.jpg      344.020715      158.801912      463.742545       -6.340918      967.267556      906.349125      323.052423      697.671780
frame00386.jpg      343.730003      158.971602      463.608034       -7.716600      990.513953      941.780265      323.973809      694.318022
frame00387.jpg      343.799811      158.605072      463.552359       -7.913859     1003.507925      960.380296      324.090372      693.064061
frame00388.jpg      343.799817      158.603611      463.552601       -7.915668     1003.552004      960.435556      324.091984      693.057828
frame00389.jpg      343.799817      158.602842      463.552692       -7.917347     1003.598038      960.490967      324.092216      693.061313
frame00390.jpg      343.799694      158.602767      463.552165       -7.918659     1003.642237      960.538493      324.092036      693.071589
frame00391.jpg      343.799327      158.602001      463.550854       -7.920203     1003.680849      960.574145      324.093803      693.075076
frame00392.jpg      343.874408      157.378887      462.540681       -7.581160     1033.959094      999.884637      324.340650      698.271973
frame00393.jpg      343.873610      157.343510      462.537240       -7.598721     1034.758718     1001.014728      324.365562      698.223898
frame00394.jpg      343.873596      157.343151      462.537215       -7.598815     1034.769366     1001.029580      324.365787      698.223435
frame00395.jpg      343.873518      157.342605      462.537159       -7.598863     1034.779002     1001.044086      324.365980      698.222325
frame00396.jpg      343.873504      157.342081      462.537024       -7.599093     1034.787479     1001.056669      324.366321      698.221520
frame00397.jpg      344.072782      155.618064      461.773109       -8.907857     1073.359621     1070.619622      324.654702      695.968086
frame00398.jpg      344.071977      155.614709      461.770386       -8.911026     1073.317614     1070.584573      324.655893      695.970744
frame00399.jpg      344.047527      155.504051      461.642882       -8.950506     1072.392239     1069.693689      324.739407      696.096881
frame00400.jpg      344.057783      155.408439      460.973306       -8.890465     1080.760913     1080.206468      324.982765      695.940446
frame00401.jpg      344.051005      155.347404      460.790270       -8.880960     1087.781796     1089.875922      325.177169      695.289079
frame00402.jpg      344.050503      155.345913      460.788339       -8.882182     1087.823422     1089.919805      325.179706      695.287526
frame00403.jpg      344.049909      155.344498      460.786869       -8.882566     1087.883991     1089.995124      325.182373      695.283345
frame00404.jpg      344.049450      155.343520      460.785526       -8.882602     1087.936006     1090.059850      325.184577      695.280638
frame00405.jpg      344.048905      155.342260      460.783954       -8.883703     1087.952696     1090.071901      325.187656      695.272331
frame00406.jpg      344.048207      155.342403      460.781301       -8.886268     1087.915959     1089.988709      325.190797      695.268683
frame00407.jpg      344.048151      155.342344      460.781120       -8.887015     1087.906394     1089.972078      325.191081      695.268202
frame00408.jpg      344.026612      155.455783      460.675928       -9.070183     1085.365831     1084.141370      325.250072      695.614081
frame00409.jpg      344.021612      155.513713      460.611846       -9.084502     1084.456115     1081.945920      325.239783      695.982344
frame00410.jpg      344.021564      155.513616      460.610880       -9.085107     1084.451391     1081.932809      325.240275      695.984951
frame00411.jpg      344.021519      155.513205      460.610393       -9.087234     1084.446040     1081.917731      325.240898      695.986013
frame00412.jpg      344.010073      155.568957      460.366363       -9.305046     1090.698904     1088.996205      325.338122      695.696709
frame00413.jpg      344.008304      155.570181      460.358994       -9.308500     1090.667643     1088.906886      325.342951      695.720157
frame00414.jpg      344.007556      155.570821      460.357258       -9.308901     1090.671216     1088.890524      325.344673      695.722886
frame00415.jpg      344.007016      155.570026      460.356102       -9.311484     1090.663680     1088.866810      325.346953      695.721194
frame00416.jpg      344.006627      155.568700      460.355519       -9.314287     1090.690408     1088.897820      325.349564      695.717390
frame00417.jpg      344.006266      155.568541      460.354607       -9.316094     1090.716365     1088.920259      325.351706      695.717929
frame00418.jpg      344.005432      155.568654      460.350606       -9.311213     1090.737637     1088.946301      325.353515      695.728679
frame00419.jpg      343.987296      155.571758      460.258846       -9.208534     1090.863930     1089.007793      325.393658      695.956523
frame00420.jpg      343.986418      155.572008      460.254661       -9.204673     1090.862662     1088.998915      325.395042      695.969059
frame00421.jpg      343.959340      155.648055      460.062295       -9.173724     1089.365652     1085.783840      325.413895      696.904690
frame00422.jpg      343.933181      155.937097      459.491972       -8.743234     1088.007838     1079.180543      325.380734      698.839096
frame00423.jpg      343.932140      155.937491      459.488072       -8.740594     1087.996605     1079.146903      325.382261      698.847654
frame00424.jpg      343.931521      155.937494      459.485956       -8.741014     1087.968725     1079.093576      325.383421      698.851649
frame00425.jpg      343.915475      155.933952      459.421660       -8.778414     1086.757889     1077.043922      325.404649      699.068713
frame00426.jpg      343.893834      156.050796      459.023251       -8.653922     1083.854512     1069.374681      325.418283      700.455685
frame00427.jpg      343.893292      156.049996      459.020075       -8.655484     1083.821775     1069.317587      325.419606      700.465338
frame00428.jpg      343.863329      156.067783      458.640046       -8.766416     1085.214212     1068.698867      325.531525      702.137102
frame00429.jpg      343.862972      156.067362      458.637502       -8.770154     1085.205188     1068.667211      325.533134      702.147647
frame00430.jpg      343.855940      156.064638      458.603664       -8.796279     1085.073036     1068.259341      325.550784      702.258156
frame00431.jpg      343.638713      157.192866      457.657225      -10.273663     1105.128814     1092.583754      326.142555      702.482003
frame00432.jpg      343.636962      157.194071      457.651753      -10.288558     1104.748005     1092.035938      326.145447      702.502503
frame00433.jpg      343.636593      157.196135      457.650899      -10.292827     1104.722035     1091.960107      326.146466      702.508408
frame00434.jpg      343.636545      157.196246      457.650773      -10.293248     1104.716426     1091.949188      326.146584      702.508687
frame00435.jpg      343.720164      157.127319      457.303499      -11.039491     1089.782324     1070.229859      326.479065      702.215968
frame00436.jpg      343.723458      157.070269      457.289067      -11.200192     1089.488987     1069.739329      326.552280      702.137974
frame00437.jpg      343.688469      157.169281      456.979871      -11.689581     1090.052231     1066.940353      326.866291      703.464017
frame00438.jpg      343.907104      156.318361      456.493503      -12.052176     1103.698464     1085.853419      326.875819      705.070007
frame00439.jpg      343.907531      156.314912      456.492625      -12.054770     1103.740210     1085.921098      326.877778      705.066238
frame00440.jpg      343.907501      156.314631      456.492391      -12.054776     1103.749309     1085.932753      326.878174      705.065738
frame00441.jpg      344.084436      155.203631      455.724199      -11.104121     1144.569936     1143.018811      327.218182      704.074707
frame00442.jpg      344.084402      155.203433      455.723905      -11.103982     1144.577739     1143.028221      327.218565      704.074603
frame00443.jpg      344.083738      155.200447      455.720736      -11.103702     1144.593369     1143.045292      327.221276      704.073005
frame00444.jpg      344.083331      155.197284      455.717846      -11.105605     1144.584889     1143.021177      327.223615      704.070717
frame00445.jpg      344.083037      155.195364      455.714788      -11.108079     1144.574521     1142.983799      327.225744      704.078094
frame00446.jpg      344.587287      155.145399      450.672713       -7.118646     1310.990628     1334.239981      327.687695      740.105843
frame00447.jpg      344.587312      155.145341      450.672513       -7.118655     1311.006445     1334.258853      327.687988      740.106849
frame00448.jpg      344.587300      155.145274      450.672391       -7.118848     1311.024001     1334.278432      327.688329      740.106820
frame00449.jpg      344.733961      154.749222      446.900253       -6.137794     1503.647549     1539.798018      328.854938      751.659980
frame00450.jpg      344.719963      154.639234      445.773629       -5.224951     1567.315077     1601.195345      329.258776      756.948251
frame00451.jpg      344.759467      154.428102      445.348877       -4.742979     1611.060612     1644.657401      329.256300      758.817886
frame00452.jpg      344.759403      154.427976      445.348663       -4.743168     1611.093675     1644.690734      329.256734      758.817770
frame00453.jpg      344.758333      154.420614      445.341061       -4.760971     1612.788278     1646.439326      329.276745      758.811248
frame00454.jpg      344.758312      154.420401      445.340975       -4.761382     1612.817356     1646.469152      329.277074      758.810582
frame00455.jpg      344.758303      154.420133      445.340945       -4.761898     1612.845969     1646.498242      329.277471      758.808580
frame00456.jpg      345.722250      150.231345      444.930320       -9.113288     1983.649335     2170.906341      329.606559      742.383624
frame00457.jpg      345.722282      150.231106      444.930250       -9.113663     1983.608621     2170.858368      329.606649      742.383307
frame00458.jpg      345.722309      150.230767      444.930249       -9.113956     1983.593940     2170.843427      329.606843      742.381624
frame00459.jpg      345.722354      150.230414      444.930271       -9.113993     1983.630574     2170.894109      329.607106      742.379350
frame00460.jpg      345.722410      150.230105      444.930205       -9.113999     1983.645232     2170.916018      329.607349      742.377730
frame00461.jpg      345.722409      150.229970      444.930091       -9.113855     1983.663084     2170.937275      329.607554      742.376758
frame00462.jpg      345.918582      149.480023      443.377310       -6.120943     1998.425929     2162.122393      329.194839      746.751904
frame00463.jpg      346.016767      149.423871      442.907079       -5.085748     2109.658755     2275.427416      329.008581      746.722415
frame00464.jpg      346.002480      149.494462      442.857551       -5.004276     2140.286585     2308.001959      329.056034      746.724624
frame00465.jpg      346.025254      149.595185      442.629195       -4.613248     2243.412959     2421.168395      329.049298      746.172113
frame00466.jpg      346.020809      149.612048      442.621414       -4.592314     2250.541090     2429.117835      329.046620      746.263684
frame00467.jpg      346.002106      149.942997      442.301565       -4.290416     2338.840791     2527.589596      328.931896      747.395334
frame00468.jpg      345.999656      149.942355      442.287940       -4.272666     2337.088343     2525.505912      328.929775      747.443387
frame00469.jpg      346.165592      149.933412      440.750069       -2.907525     2562.411203     2822.827791      328.912445      740.090003
frame00470.jpg      346.165517      149.933245      440.749896       -2.907342     2562.361467     2822.770818      328.912383      740.089902
frame00471.jpg      346.101244      149.403900      439.382120       -1.581849     2809.749205     3148.338013      328.009314      743.478762
frame00472.jpg      346.046930      149.019049      438.614841       -0.787688     2868.805448     3224.906820      327.498029      746.124307
frame00473.jpg      346.011758      148.715727      438.319253       -0.573790     3049.459601     3454.887922      327.411108      746.329616
frame00474.jpg      346.011655      148.715542      438.319078       -0.573637     3049.440236     3454.865487      327.411147      746.329228
frame00475.jpg      346.011564      148.715363      438.318871       -0.573437     3049.417002     3454.839719      327.411194      746.329278
frame00476.jpg      346.011555      148.715345      438.318849       -0.573424     3049.410203     3454.831504      327.411200      746.329290
frame00477.jpg      346.011485      148.715170      438.318636       -0.573313     3049.352536     3454.763656      327.411261      746.329572
frame00478.jpg      345.999751      148.467646      435.929296        0.802840     3430.641542     3941.708665      327.557667      754.858604
frame00479.jpg      346.063086      148.926585      434.414257        1.322655     3899.269900     4543.503832      327.832877      759.412694
frame00480.jpg      346.061236      149.073161      434.155183        1.399665     3974.927258     4637.627349      327.895885      760.891085
frame00481.jpg      346.109962      149.450240      433.352954        1.576916     4147.611894     4864.585147      327.943824      767.576236
frame00482.jpg      346.118661      149.452209      433.235596        1.659031     4135.521356     4850.024750      327.979342      768.538636
frame00483.jpg      346.118701      149.452162      433.235427        1.658994     4135.494275     4849.989170      327.979501      768.539919
frame00484.jpg      346.276183      149.129038      432.846815        2.074319     4439.710161     5229.924358      327.998304      768.324543
frame00485.jpg      346.276187      149.129037      432.846798        2.074314     4439.702706     5229.914789      327.998324      768.324672
frame00486.jpg      346.276189      149.129033      432.846783        2.074314     4439.696064     5229.906442      327.998336      768.324738
frame00487.jpg      346.276175      149.129038      432.846623        2.074357     4439.655139     5229.848515      327.998498      768.325174
frame00488.jpg      346.276175      149.129034      432.846610        2.074352     4439.642303     5229.831772      327.998518      768.325157
frame00489.jpg      346.276173      149.129027      432.846600        2.074349     4439.629835     5229.815467      327.998538      768.325048
frame00490.jpg      346.270124      149.119162      432.830303        2.074796     4416.348831     5199.484429      328.025309      768.130888
frame00491.jpg      346.270122      149.119155      432.830294        2.074789     4416.338115     5199.470310      328.025328      768.130783
frame00492.jpg      346.528608      150.462734      431.131566        2.048017     5516.030232     6587.148357      329.079192      752.759338
frame00493.jpg      346.231329      153.055154      430.611165       -0.004092     4994.596212     5968.051219      330.293456      747.154013
frame00494.jpg      346.229130      153.179947      430.536276       -0.061853     4975.741778     5943.735508      330.378274      746.397694
frame00495.jpg      346.115682      153.919389      430.055507       -0.201190     4679.767280     5538.623811      330.792761      742.802392
frame00496.jpg      346.119155      154.045419      429.840720       -0.097119     4364.250863     5139.849549      330.901303      742.444864
frame00497.jpg      346.141194      154.106582      429.642279        0.033566     4237.002738     4978.102247      330.983920      742.758310
frame00498.jpg      346.298134      153.611203      429.058962        0.639587     4599.648173     5487.214093      331.320659      737.454121
frame00499.jpg      346.290169      153.605041      429.047656        0.650548     4566.929981     5445.937952      331.319526      737.416316
frame00500.jpg      346.051911      153.567873      428.625349        1.560212     4449.081599     5281.201122      331.327267      737.248305
