frame ulx uly urx ury lrx lry llx lly
frame00001.jpg      286.000000      180.000000      544.000000      180.000000      544.000000      390.000000      286.000000      390.000000
frame00002.jpg      287.025053      179.071959      544.425116      179.837534      544.646643      389.096896      287.070072      388.984777
frame00003.jpg      288.070658      178.222205      545.042620      179.334583      544.918777      388.676168      287.513204      387.839746
frame00004.jpg      288.670926      177.530496      545.762536      178.735412      545.371084      388.088012      288.115886      387.038418
frame00005.jpg      288.621926      176.811641      545.839775      178.263267      544.757332      387.523649      287.554078      386.266893
frame00006.jpg      284.575890      176.028029      541.777277      177.774452      540.190925      386.872359      283.295501      385.529344
frame00007.jpg      282.607531      175.170344      539.519764      177.907460      538.264345      386.600533      281.421535      384.617422
frame00008.jpg      282.592315      175.002560      538.962279      177.531818      537.986450      386.363328      281.545314      384.245697
frame00009.jpg      282.504028      174.925946      539.026003      177.488141      537.827139      386.045359      281.623404      383.956958
frame00010.jpg      282.556417      174.786274      539.068875      177.517141      537.607030      385.889934      281.705244      383.634657
frame00011.jpg      283.042479      174.782479      538.624036      178.191799      537.127355      386.159567      281.585300      383.223167
frame00012.jpg      283.142192      175.518501      538.087629      178.939672      536.827865      386.725928      281.577884      383.846086
frame00013.jpg      283.251248      176.394071      538.018182      179.646012      536.455099      386.957276      281.874966      383.994455
frame00014.jpg      283.287991      176.785257      537.593018      180.177776      536.177435      387.309793      281.860432      384.474372
frame00015.jpg      283.167628      177.800581      537.269111      181.454442      535.341098      388.473972      281.523248      385.041978
frame00016.jpg      283.002208      178.838073      536.677943      183.234536      534.419473      390.000890      281.028376      385.628995
frame00017.jpg      283.161747      179.082737      536.378432      184.509522      533.478153      391.058745      280.608320      385.278559
frame00018.jpg      283.115751      178.463908      536.116838      185.420149      532.259010      390.711774      280.248971      383.677398
frame00019.jpg      283.283944      176.077301      535.599475      183.936028      531.564606      388.580788      280.110382      380.868527
frame00020.jpg      283.948761      174.035893      535.604734      182.326820      531.703607      386.360930      281.186065      378.157625
frame00021.jpg      287.784522      171.752929      538.553107      180.218143      534.943385      383.663106      285.727316      374.940993
frame00022.jpg      292.369179      168.359109      540.054245      182.184705      533.716349      380.904197      290.503743      371.758519
frame00023.jpg      296.228877      165.795630      539.652603      182.367514      533.766391      375.026337      295.320203      369.527005
frame00024.jpg      300.111510      163.185073      541.402914      182.114131      534.409378      371.049320      299.862340      366.840647
frame00025.jpg      304.137806      161.798793      544.260918      180.165047      537.021144      367.343991      304.662444      365.175590
frame00026.jpg      307.055566      163.537059      545.151166      180.697476      536.355204      366.771803      306.841120      367.415256
frame00027.jpg      306.847011      169.249183      545.541212      182.656102      538.897007      370.866210      306.634071      370.900210
frame00028.jpg      304.579570      173.072993      545.605098      180.998120      539.420681      371.886115      305.667223      372.472613
frame00029.jpg      304.498314      176.128801      543.608440      185.092097      538.158663      376.102343      303.907929      374.901055
frame00030.jpg      304.836418      180.074272      542.540798      189.397545      537.549415      378.889285      304.252157      377.578395
frame00031.jpg      305.754276      181.392961      542.440681      189.903519      537.850937      379.110958      304.614634      377.402906
frame00032.jpg      306.167129      183.661120      544.077532      189.128276      540.665632      382.411765      304.178617      377.906514
frame00033.jpg      305.384896      187.401866      541.285205      194.185308      537.457463      386.058058      302.697285      380.864397
frame00034.jpg      304.526298      191.747327      538.549404      199.011895      534.810819      388.865680      301.753005      384.028645
frame00035.jpg      304.379166      195.043244      536.508963      201.614546      533.720648      389.081541      302.261715      385.728308
frame00036.jpg      305.667248      196.757936      536.073117      201.473602      534.120624      387.411195      304.595346      385.933268
frame00037.jpg      307.702459      197.290655      536.166443      199.654268      535.531957      383.576212      308.034051      385.146481
frame00038.jpg      310.062158      197.127771      536.694903      197.746489      537.127557      380.025787      311.437694      383.944453
frame00039.jpg      313.315234      197.178468      537.995928      196.902175      538.927138      377.562397      315.310325      382.674089
frame00040.jpg      316.651649      196.824750      539.337708      195.952899      540.304577      374.796222      318.773920      380.800493
frame00041.jpg      319.073178      195.406809      539.637003      194.249023      540.769697      371.424775      321.499548      377.796464
frame00042.jpg      323.677413      193.940374      542.058284      192.885544      543.765145      368.233051      326.738500      374.999971
frame00043.jpg      328.908424      191.643048      543.767902      194.450495      542.437967      365.916203      332.140773      372.094597
frame00044.jpg      334.136583      189.475965      543.347135      196.617371      543.044391      360.770321      338.378120      369.868864
frame00045.jpg      339.577831      186.501767      545.288137      199.354793      542.104311      357.222525      344.643741      367.342072
frame00046.jpg      343.779466      184.887791      547.748882      200.054667      542.921830      354.548960      348.521455      364.986533
frame00047.jpg      347.234985      183.909957      547.978841      200.727227      542.972370      354.321871      349.671364      362.833128
frame00048.jpg      348.639168      184.797437      550.384354      195.895193      546.498171      352.054999      350.759584      360.179193
frame00049.jpg      350.840557      184.111488      550.474106      196.309242      546.693558      351.939059      352.009534      358.169515
frame00050.jpg      352.342955      186.710289      550.978736      196.564480      546.500654      351.872809      353.662927      359.553801
frame00051.jpg      352.525094      191.078537      549.934365      198.991455      546.277718      354.780775      353.002463      361.295215
frame00052.jpg      352.285989      195.391261      550.996438      199.809184      549.168480      360.835775      350.893530      362.237830
frame00053.jpg      350.947064      198.009691      547.991053      203.143063      545.862348      362.843672      349.259173      363.180299
frame00054.jpg      350.187580      200.711910      545.248649      206.869060      542.701600      364.913244      347.904270      364.224533
frame00055.jpg      349.044598      201.789223      542.388307      208.971919      539.578892      365.291997      346.209608      363.401167
frame00056.jpg      347.319408      201.172307      538.936530      209.594622      535.551203      364.241844      343.971609      361.326215
frame00057.jpg      344.960478      200.872207      534.827448      209.695541      531.126051      363.013773      341.416214      359.670856
frame00058.jpg      342.383481      201.250935      530.540433      209.951834      526.975833      361.918179      338.857849      358.734670
frame00059.jpg      339.819979      201.980811      526.298832      210.305040      522.896598      360.933009      336.461153      358.021045
frame00060.jpg      338.160010      202.815791      523.123382      210.696291      520.200096      360.139656      335.015639      357.362212
frame00061.jpg      336.818244      203.242111      520.339954      211.082361      517.475078      359.391081      333.691515      356.363058
frame00062.jpg      335.134915      203.446148      516.997861      211.862170      513.643945      358.825532      331.620691      355.279924
frame00063.jpg      333.320697      203.671055      513.657435      212.281289      510.309206      357.884175      329.781244      354.074368
frame00064.jpg      332.283338      203.898572      511.083098      212.460167      508.011186      356.904986      328.850740      352.911654
frame00065.jpg      331.275345      203.899106      508.484696      211.817318      505.525738      355.084566      328.126574      351.431939
frame00066.jpg      331.149742      203.993575      506.686478      210.926080      504.231715      352.597238      328.763385      350.080963
frame00067.jpg      331.485119      203.761353      505.518241      209.658262      503.537972      350.091718      329.533032      348.384502
frame00068.jpg      332.172984      203.279253      504.724352      208.997446      502.616595      348.336085      330.152915      346.503498
frame00069.jpg      331.918526      202.208906      502.892547      208.726969      500.616361      346.854242      329.346941      344.111552
frame00070.jpg      330.550122      199.363631      500.539069      206.474644      497.719912      343.413259      328.111403      339.224247
frame00071.jpg      329.146079      193.122729      497.022051      204.303518      494.221209      339.540191      326.746917      332.242992
frame00072.jpg      332.153885      186.412821      497.474744      201.678101      493.187041      339.417896      326.813899      324.627632
frame00073.jpg      337.954655      185.793000      500.971908      203.923008      491.767162      334.273097      329.751366      319.355218
frame00074.jpg      343.225359      185.055154      502.021530      207.032276      490.410040      331.998283      333.315426      317.687258
frame00075.jpg      347.787153      184.572755      503.514033      209.851152      488.958965      329.780601      337.643959      316.299425
frame00076.jpg      350.582917      184.408589      503.324230      213.541717      488.173413      328.117977      340.367827      315.171469
frame00077.jpg      352.631711      184.109818      503.268685      214.608200      487.987069      327.920067      340.814739      313.595933
frame00078.jpg      352.701426      183.419156      502.795844      215.107859      487.899083      327.652155      341.382542      312.741282
frame00079.jpg      353.179027      183.580333      502.730265      215.151159      487.899733      327.700444      341.650488      312.489426
frame00080.jpg      353.375785      183.106352      502.426879      215.455719      487.950224      327.786339      341.922305      311.144922
frame00081.jpg      352.568182      183.108809      502.174734      215.242401      487.975490      327.764105      341.863295      310.589463
frame00082.jpg      352.333597      182.554149      501.848075      214.985265      487.879420      327.883603      341.896710      309.620163
frame00083.jpg      351.183458      181.913022      501.190314      213.786672      487.993560      327.505909      340.507869      308.056434
frame00084.jpg      347.987112      180.063602      500.500372      208.967434      486.395021      325.780528      339.294907      306.518529
frame00085.jpg      346.962079      179.092750      499.943547      207.582823      486.077962      325.213290      338.912075      305.469758
frame00086.jpg      345.547952      178.171248      499.226530      206.074643      486.041586      324.433764      337.976716      304.412299
frame00087.jpg      343.449225      177.937440      499.200205      203.410143      485.997305      324.058358      337.304856      303.644723
frame00088.jpg      340.134746      178.910075      499.531234      197.894402      486.182043      323.486203      336.597992      306.386001
frame00089.jpg      336.437826      181.298953      491.763085      193.956881      486.936404      317.965321      334.021060      313.311351
frame00090.jpg      335.521688      184.791524      492.080116      192.284306      489.403765      319.204656      332.701290      316.286284
frame00091.jpg      334.228011      186.149011      490.931077      192.805514      488.834230      319.761371      331.933836      318.006953
frame00092.jpg      334.235179      188.834656      491.295542      194.437926      489.204172      321.686646      333.116700      321.064419
frame00093.jpg      332.363306      196.722369      490.517103      200.416702      488.700678      319.588502      335.543520      323.055332
frame00094.jpg      333.617158      198.611897      492.590140      201.813175      485.814527      318.710689      339.499260      324.678723
frame00095.jpg      334.252051      196.199812      491.223957      203.269375      486.072955      319.365616      338.149616      324.352127
frame00096.jpg      341.858285      197.983979      487.409241      203.618027      486.854999      320.317194      340.462082      323.287645
frame00097.jpg      338.316559      191.645680      490.142911      206.267426      485.595651      319.574804      337.557871      321.206162
frame00098.jpg      339.132024      191.751867      490.288167      206.604479      485.540716      319.626842      337.726957      320.916989
frame00099.jpg      341.984602      193.089161      490.103628      206.880148      485.563551      319.957235      338.052488      320.231090
frame00100.jpg      344.850780      193.620836      489.199412      206.230597      485.657500      320.751102      339.257840      319.775827
frame00101.jpg      347.220768      193.441185      487.100184      205.326740      485.896825      322.089874      342.075458      319.300838
frame00102.jpg      347.296613      193.303630      486.988981      205.275044      485.873566      322.141198      342.305386      319.291539
frame00103.jpg      347.317738      193.287012      486.998128      205.259900      485.861943      322.143345      342.341255      319.271543
frame00104.jpg      347.571808      193.306472      486.975966      205.315483      485.859592      322.174245      342.420513      319.150860
frame00105.jpg      347.619919      193.259915      486.969939      205.328893      485.819831      322.136063      342.455368      319.120660
frame00106.jpg      347.635162      193.218961      486.970144      205.343705      485.798096      322.089793      342.446276      319.103510
frame00107.jpg      349.198979      195.295099      485.724363      204.677013      486.281557      323.311135      345.238729      316.586055
frame00108.jpg      349.237525      195.275872      485.767424      204.672552      486.254242      323.304939      345.271863      316.568605
frame00109.jpg      349.180716      195.237779      485.770597      204.656193      486.259403      323.300762      345.302977      316.556049
frame00110.jpg      349.185982      195.263480      485.730274      204.647900      486.254701      323.286133      345.337321      316.524696
frame00111.jpg      348.062114      194.960897      485.692950      204.406526      486.207758      322.899333      345.499141      316.337117
frame00112.jpg      348.069254      194.928759      485.708925      204.394871      486.192886      322.902692      345.518916      316.328212
frame00113.jpg      346.045316      194.092809      485.647352      203.669202      486.242434      322.965154      346.799169      315.468959
frame00114.jpg      346.069911      194.070446      485.625223      203.664404      486.254485      322.983469      346.842367      315.448792
frame00115.jpg      346.057391      194.040250      485.611278      203.658472      486.273593      323.005612      346.866793      315.418981
frame00116.jpg      346.073242      194.037535      485.614939      203.646981      486.265673      323.010294      346.889962      315.397060
frame00117.jpg      348.660334      194.369636      486.637907      204.232530      485.864663      322.802966      346.570833      315.735204
frame00118.jpg      343.336661      191.224232      485.949479      201.697165      485.815117      323.231418      347.195733      315.011724
frame00119.jpg      347.299205      197.664916      482.066942      202.620372      486.454314      324.077229      352.257113      312.205478
frame00120.jpg      347.279371      197.667852      482.024864      202.643637      486.468235      324.094695      352.249683      312.191955
frame00121.jpg      344.687995      197.376305      480.586606      201.694962      486.331670      324.497101      354.064785      311.962815
frame00122.jpg      343.255730      197.355379      479.408251      201.008512      486.027023      324.137521      356.500801      310.721937
frame00123.jpg      343.883367      197.397873      479.333027      201.368508      485.823729      323.930331      356.710546      310.866804
frame00124.jpg      347.329163      197.612077      480.938971      203.811424      484.734632      323.366003      355.848677      310.964628
frame00125.jpg      347.360091      197.618464      480.949642      203.837357      484.712743      323.359020      355.824281      310.938405
frame00126.jpg      347.385598      197.649780      480.950486      203.838849      484.665864      323.317918      355.869070      310.902063
frame00127.jpg      348.366095      197.995927      480.972791      204.056157      484.279836      323.090394      355.961303      310.764248
frame00128.jpg      349.970480      198.822000      480.600433      204.517439      483.903444      322.907472      356.042575      310.297108
frame00129.jpg      349.945401      198.782786      480.655480      204.535214      483.865330      322.877958      356.044113      310.267468
frame00130.jpg      351.761941      198.725710      481.073881      205.650328      483.275092      322.408248      355.715038      310.499471
frame00131.jpg      351.224136      198.220259      480.843367      205.481068      483.249592      322.448012      355.898238      310.449849
frame00132.jpg      349.799549      197.075096      480.259924      204.996754      483.282175      322.644932      356.274886      310.266924
frame00133.jpg      348.827226      195.775689      480.062159      204.662015      483.045091      322.685035      356.549347      310.436862
frame00134.jpg      348.874976      195.755044      480.088756      204.683995      483.010349      322.662189      356.566198      310.489636
frame00135.jpg      349.272512      195.633337      480.428140      204.922365      482.909883      322.583092      356.344324      310.533074
frame00136.jpg      349.442877      196.529718      480.311928      205.147177      483.147534      322.696694      356.463684      310.434368
frame00137.jpg      342.611887      192.532525      479.476012      204.010424      482.845710      321.964381      358.460828      308.286285
frame00138.jpg      342.595407      192.508983      479.489432      203.984428      482.832663      321.962527      358.515311      308.228161
frame00139.jpg      342.616777      192.502966      479.534715      203.969484      482.823246      321.956233      358.525385      308.225301
frame00140.jpg      340.244819      191.311291      480.239831      202.512429      482.816585      321.798500      359.025111      307.055725
frame00141.jpg      340.272002      191.319848      480.266540      202.484227      482.805517      321.797405      359.031971      307.059299
frame00142.jpg      341.523255      191.497003      481.109134      202.704074      482.393169      321.676146      358.955225      307.029805
frame00143.jpg      341.515948      191.478581      481.116452      202.711894      482.377284      321.669074      358.963678      307.026091
frame00144.jpg      341.507578      191.467200      481.130246      202.719436      482.358158      321.651731      358.963772      307.021476
frame00145.jpg      341.501031      191.473676      481.145622      202.739242      482.338407      321.635406      358.964052      306.998529
frame00146.jpg      341.500790      191.484661      481.134928      202.769120      482.317576      321.610366      358.955848      306.990355
frame00147.jpg      341.493850      191.481851      481.140660      202.743982      482.282445      321.585564      358.954072      306.981544
frame00148.jpg      341.521243      191.464273      481.119803      202.757887      482.255987      321.563173      358.952659      307.004337
frame00149.jpg      341.510330      191.464929      481.135141      202.802350      482.244563      321.550339      358.940223      306.994776
frame00150.jpg      341.506740      191.446706      481.162990      202.755684      482.223087      321.546472      358.947765      306.995532
frame00151.jpg      341.526533      191.434833      481.125195      202.832286      482.191739      321.527222      358.928984      307.010836
frame00152.jpg      341.928137      191.807057      479.793448      202.352976      482.159846      321.595399      359.042909      307.205637
frame00153.jpg      342.387048      192.198153      478.226710      202.356655      482.335178      321.680346      359.151575      307.535125
frame00154.jpg      342.401761      192.218676      478.174287      202.386501      482.326735      321.682077      359.142785      307.535118
frame00155.jpg      342.423660      192.210382      478.152746      202.437980      482.306805      321.665955      359.143282      307.562900
frame00156.jpg      342.460037      192.203134      478.150995      202.494625      482.279858      321.648376      359.141054      307.591325
frame00157.jpg      342.505225      192.194166      478.163250      202.546758      482.244513      321.625523      359.136159      307.615119
frame00158.jpg      342.544467      192.187438      478.188066      202.585576      482.213476      321.601797      359.135078      307.631711
frame00159.jpg      342.557296      192.174503      478.209276      202.643328      482.190553      321.563884      359.134268      307.639312
frame00160.jpg      342.575599      192.161593      478.224501      202.646886      482.152894      321.525703      359.144804      307.656210
frame00161.jpg      342.577267      192.141377      478.236304      202.673728      482.133493      321.487452      359.144894      307.665916
frame00162.jpg      342.551427      192.124788      478.263886      202.662020      482.096849      321.463170      359.141178      307.658104
frame00163.jpg      342.531427      192.100635      478.327940      202.684719      482.079279      321.427547      359.124936      307.651644
frame00164.jpg      342.511843      192.123225      478.346554      202.713821      482.075389      321.424872      359.135830      307.611105
frame00165.jpg      342.509425      192.131426      478.329429      202.754648      482.060591      321.410842      359.125090      307.601092
frame00166.jpg      342.483270      192.122557      478.339882      202.778501      482.039977      321.397228      359.129905      307.593489
frame00167.jpg      342.441470      192.109007      478.376689      202.781682      481.996475      321.396297      359.150381      307.573508
frame00168.jpg      342.408414      192.097193      478.307517      202.764598      481.983945      321.382697      359.178780      307.585179
frame00169.jpg      342.389189      192.071002      478.303844      202.760785      481.944028      321.354053      359.180832      307.589769
frame00170.jpg      342.367379      191.942472      478.090341      202.933377      481.640637      321.179437      359.187769      307.633236
frame00171.jpg      342.353413      191.930801      478.082931      202.929353      481.615065      321.168189      359.199558      307.630251
frame00172.jpg      342.336424      191.919046      478.049435      202.927326      481.603820      321.183459      359.214381      307.630330
frame00173.jpg      342.334944      191.919471      478.110804      202.891048      481.565810      321.155802      359.193590      307.621147
frame00174.jpg      342.313148      191.902344      478.166476      202.858400      481.558384      321.152929      359.218689      307.607892
frame00175.jpg      342.148120      191.670161      478.493584      202.438091      481.287311      320.907876      359.418931      307.582494
frame00176.jpg      342.144426      191.647345      478.480852      202.401903      481.250649      320.886289      359.445091      307.590628
frame00177.jpg      342.164667      191.674201      478.470776      202.428192      481.218658      320.838411      359.426336      307.555943
frame00178.jpg      342.126208      191.670537      478.483679      202.459346      481.206221      320.843769      359.448709      307.510471
frame00179.jpg      342.124417      191.694211      478.456078      202.454668      481.203824      320.839003      359.459192      307.520004
frame00180.jpg      342.347409      191.570094      478.665914      203.188436      480.763424      320.459380      359.054208      307.514480
frame00181.jpg      343.451290      192.951143      476.020319      206.195023      480.238304      320.214440      359.243214      307.190631
frame00182.jpg      343.440223      192.899402      475.996207      206.225829      480.198742      320.179129      359.235353      307.179534
frame00183.jpg      343.435632      192.883543      476.021845      206.271071      480.179044      320.140353      359.218103      307.171036
frame00184.jpg      343.465219      192.875308      476.031943      206.289946      480.171756      320.136764      359.238953      307.176658
frame00185.jpg      343.509111      192.892367      476.039096      206.292319      480.174740      320.146636      359.253622      307.165942
frame00186.jpg      343.407339      192.642449      475.849419      206.433538      480.356217      320.205113      359.177324      306.769259
frame00187.jpg      337.806152      189.353477      478.121702      205.626259      479.407351      318.916321      362.582575      304.195167
frame00188.jpg      337.798510      189.337364      478.120536      205.617141      479.420137      318.915464      362.648729      304.159267
frame00189.jpg      337.836072      189.355580      478.141031      205.631571      479.423923      318.913634      362.635375      304.144893
frame00190.jpg      340.110680      192.390864      476.780053      204.303147      479.325883      319.506516      363.375515      303.220983
frame00191.jpg      338.092658      189.236913      477.100432      204.790952      478.147611      318.124434      362.836918      304.173628
frame00192.jpg      337.711221      188.811342      476.893649      204.826821      477.982971      317.658489      362.629959      303.985418
frame00193.jpg      337.564135      188.601397      476.842113      204.953048      477.956870      317.600616      362.618981      303.910986
frame00194.jpg      337.528239      188.563869      476.830693      204.953979      477.924827      317.588462      362.626925      303.899796
frame00195.jpg      337.602797      188.588679      476.834705      204.962007      477.871700      317.573018      362.648314      303.898797
frame00196.jpg      337.607311      188.568936      476.805311      204.995142      477.816727      317.547036      362.647701      303.880544
frame00197.jpg      340.517047      187.622605      474.273893      206.291337      474.995645      316.757551      362.216572      303.987143
frame00198.jpg      334.274319      180.441593      473.779235      204.086070      470.361544      314.389654      363.067264      304.056538
frame00199.jpg      326.038134      171.378605      475.197286      204.749625      467.874245      312.962302      362.475533      303.231786
frame00200.jpg      324.023764      169.377885      475.140748      204.604898      467.409368      312.196034      362.309132      303.152602
frame00201.jpg      324.000199      169.361012      475.138980      204.599656      467.399591      312.184505      362.307739      303.152719
frame00202.jpg      323.813168      169.168887      475.142529      204.582996      467.359715      312.192144      362.329637      303.143517
frame00203.jpg      314.596336      156.688711      473.002129      208.067527      465.736101      310.631848      360.387029      302.752050
frame00204.jpg      315.349575      156.716450      472.554733      208.168748      465.618054      310.821125      360.702152      302.673555
frame00205.jpg      316.530625      155.015329      470.511448      208.266415      464.103134      310.710063      362.745195      301.645985
frame00206.jpg      317.391637      155.908931      470.578714      208.041785      464.078160      310.745640      362.998503      301.625627
frame00207.jpg      318.339099      156.943839      470.606984      207.888593      464.072990      310.798061      363.268213      301.651570
frame00208.jpg      319.386543      157.977901      470.653604      207.817938      464.045555      310.855505      363.535755      301.664957
frame00209.jpg      320.858867      158.167478      470.071606      207.789355      463.185375      310.785451      364.926866      301.476881
frame00210.jpg      321.188606      157.821444      469.386594      206.974324      462.695216      310.466724      366.402616      301.308200
frame00211.jpg      320.796410      157.997249      469.395655      207.456021      462.619621      310.298109      366.325721      301.144872
frame00212.jpg      321.300956      158.856683      469.151318      207.913811      462.682909      310.305240      366.018367      301.077991
frame00213.jpg      329.270310      162.428141      468.752963      207.965564      462.778298      311.150947      365.776367      300.992390
frame00214.jpg      324.830618      158.647538      469.003535      208.523726      462.736473      310.954069      365.361547      300.565763
frame00215.jpg      322.704386      156.877793      468.608785      208.834993      462.563614      310.885078      365.588072      300.464298
frame00216.jpg      322.753995      156.910450      468.569499      208.884671      462.548275      310.884474      365.603093      300.458329
frame00217.jpg      322.794096      156.933211      468.570625      208.888233      462.546079      310.888544      365.607987      300.457634
frame00218.jpg      324.402063      158.143944      468.283191      209.157894      462.503136      310.959043      365.664062      300.490952
frame00219.jpg      321.115734      155.394570      468.098085      208.525033      462.317220      310.831087      365.740279      300.488301
frame00220.jpg      314.209423      146.794698      466.350425      211.590822      461.513520      310.407343      363.497111      300.728271
frame00221.jpg      314.183844      146.753734      466.344584      211.598697      461.506919      310.407073      363.493933      300.723508
frame00222.jpg      314.189215      146.784976      466.320040      211.636685      461.505858      310.402646      363.472090      300.726229
frame00223.jpg      308.579323      141.049756      466.468061      212.113614      461.346681      310.006403      362.147839      300.878127
frame00224.jpg      303.922166      136.417389      466.246384      212.576029      461.170023      309.725307      361.229494      301.023998
frame00225.jpg      301.325416      133.609320      466.207476      212.706912      461.058941      309.614462      360.879147      301.051263
frame00226.jpg      297.037746      128.978932      466.106932      213.096023      460.879384      309.477028      360.251635      301.074994
frame00227.jpg      294.793333      126.649949      466.070892      213.414967      460.780245      309.382913      359.911641      301.091075
frame00228.jpg      293.885902      125.666924      466.109613      213.460727      460.760969      309.371599      359.813109      301.094687
frame00229.jpg      288.887650      118.251016      465.958600      213.487495      460.210449      309.394874      360.273449      300.962586
frame00230.jpg      282.965599      110.255822      466.136364      212.995010      459.791946      309.324767      360.143726      301.149724
frame00231.jpg      262.822291       90.996849      465.929521      213.333108      459.868067      308.506995      357.526047      301.878402
frame00232.jpg      238.936994       66.834061      465.500359      212.748436      459.508124      307.312051      354.758150      302.275226
frame00233.jpg      224.080967       50.900552      465.382353      212.745659      459.115761      306.784816      354.105969      302.626719
frame00234.jpg      209.454019       33.524439      465.109527      212.426954      458.681502      306.425329      353.365192      302.761590
frame00235.jpg      191.266103       13.879248      465.069731      212.820111      458.587567      306.301279      351.716993      303.058699
frame00236.jpg      159.154923      -19.578867      465.150791      213.931142      458.490976      305.979940      349.304660      303.383343
frame00237.jpg      135.407007      -45.256204      464.864325      214.613249      458.372611      305.819521      347.486982      303.640159
frame00238.jpg      124.999954      -56.246895      464.795818      214.847313      458.361609      305.785907      346.775334      303.710972
frame00239.jpg      111.405181      -70.371727      464.659897      215.462199      458.405380      305.702755      345.600061      303.795453
frame00240.jpg      103.178739      -78.452605      464.675415      215.577601      458.424065      305.691103      345.184780      303.666729
frame00241.jpg      103.142303      -78.492069      464.674361      215.576918      458.423539      305.691097      345.182827      303.667680
frame00242.jpg      113.451245      -67.937976      464.607204      215.355646      458.396263      305.745774      345.877922      303.600183
frame00243.jpg      113.395595      -67.996347      464.607195      215.355562      458.395932      305.745226      345.876374      303.599265
frame00244.jpg       96.976343      -85.489481      464.518881      215.631769      458.448607      305.746395      344.635245      303.479562
frame00245.jpg       97.983341      -85.116909      464.405690      215.621334      458.450618      305.772723      344.658996      303.416132
frame00246.jpg       94.558018      -90.176130      464.306726      216.046162      458.436533      305.770366      343.797512      302.847173
frame00247.jpg      134.203653      -55.227248      463.257555      217.241204      458.585621      306.098249      341.028970      302.044662
frame00248.jpg      155.085861      -38.601277      462.291886      217.619555      458.581764      306.371908      340.862872      300.562094
frame00249.jpg      158.494779      -34.852380      462.276599      217.573010      458.580896      306.394506      341.101733      300.502067
frame00250.jpg      166.921695      -25.842643      462.254175      217.500801      458.597983      306.469712      341.623507      300.118754
frame00251.jpg      166.908364      -25.862434      462.255264      217.497820      458.597925      306.469697      341.633021      300.113458
frame00252.jpg      166.875585      -25.904676      462.255992      217.503762      458.596715      306.468416      341.617031      300.109495
frame00253.jpg      161.841118      -31.257536      462.234020      217.625739      458.589128      306.423912      341.244933      300.138737
frame00254.jpg      161.262280      -31.779403      462.231402      217.518600      458.579633      306.426089      341.534548      300.083429
frame00255.jpg      155.453068      -31.272049      462.433737      215.807434      458.586185      306.522685      345.455689      299.388385
frame00256.jpg      163.530859      -23.239422      463.149952      215.349123      458.299609      306.447533      346.843184      299.453647
frame00257.jpg      193.859447        4.090189      463.895891      216.694202      458.050869      306.261247      346.083226      300.068290
frame00258.jpg      207.396490       -0.065122      465.990594      219.093328      457.414763      306.320629      331.131929      299.847403
frame00259.jpg      216.614764        6.979121      466.193624      219.741842      457.266231      306.230726      331.059826      300.074131
frame00260.jpg      216.977435        4.012478      466.162658      218.856527      457.323674      306.602722      329.257265      299.067990
frame00261.jpg      220.216614        9.873899      465.838421      218.111937      457.630426      306.969824      327.361169      297.883972
frame00262.jpg      220.251243        9.908288      465.840158      218.117382      457.630919      306.969477      327.360438      297.880964
frame00263.jpg      214.840766        0.477741      465.824287      220.950025      457.477302      306.283251      328.321155      297.810678
frame00264.jpg      221.170494        6.173455      466.008911      221.424283      457.377927      306.183549      328.492110      298.065486
frame00265.jpg      226.818472       10.153200      466.210620      221.983398      457.237688      306.039427      328.661889      298.428126
frame00266.jpg      229.319998       11.332319      466.323310      222.338243      457.154617      305.945336      328.700717      298.648257
frame00267.jpg      230.110664       10.705389      466.412229      222.662305      457.085731      305.849737      328.651530      298.852651
frame00268.jpg      230.759113       10.725848      466.456186      222.811558      457.053428      305.807905      328.677382      298.942866
frame00269.jpg      231.643980       10.908009      466.510431      222.985104      457.016166      305.764136      328.662582      299.024004
frame00270.jpg      232.511476       11.180395      466.563649      223.155346      456.982835      305.721851      328.658982      299.073767
frame00271.jpg      226.665021        0.506571      466.822501      223.911835      456.825278      305.444422      329.297292      298.705477
frame00272.jpg      226.680957        0.503374      466.826152      223.913177      456.824765      305.443601      329.307162      298.698739
frame00273.jpg      226.741608        0.545347      466.831785      223.916144      456.824145      305.442912      329.320990      298.691751
frame00274.jpg      226.752137        0.554437      466.832480      223.916615      456.824082      305.442943      329.322278      298.691067
frame00275.jpg      227.422736        0.772519      466.876133      224.022721      456.797636      305.421792      329.225490      298.725604
frame00276.jpg      224.494570       -5.835484      467.039769      223.838620      456.697719      305.452111      328.429506      298.633199
frame00277.jpg      221.526762       -8.888649      466.971939      223.439538      456.741634      305.553781      328.494199      298.322701
frame00278.jpg      210.786670      -23.344926      466.954596      220.807935      456.768499      306.241007      330.251872      295.306913
frame00279.jpg      210.781870      -17.780915      465.994042      219.845931      457.147695      306.905187      327.072186      293.488382
frame00280.jpg      214.083841       -9.998029      465.047598      218.174356      457.554921      307.575508      325.681220      291.702108
frame00281.jpg      221.214053        2.192132      464.462465      216.100492      457.908398      308.209508      323.889416      290.409574
frame00282.jpg      202.272517      -16.631595      463.985014      216.386330      458.085020      307.998633      322.288947      289.900947
frame00283.jpg      177.703793      -47.528348      463.870944      216.263966      457.940387      307.760820      320.543460      289.636060
frame00284.jpg      177.942855      -47.962705      463.855023      216.313238      457.921978      307.770203      320.207368      289.517180
frame00285.jpg      182.322960      -42.651315      463.866761      215.993167      457.857691      307.724898      320.953639      289.629493
frame00286.jpg      178.867281      -47.052247      463.814577      215.999888      457.844891      307.727034      320.906691      289.385491
frame00287.jpg      178.729043      -47.858925      463.665945      216.177647      457.807723      307.697035      320.459695      289.275164
frame00288.jpg      178.717992      -47.882267      463.663584      216.180094      457.805977      307.696068      320.454668      289.270904
frame00289.jpg      179.381132      -47.137123      463.685753      216.179841      457.796686      307.696086      320.576701      289.205535
frame00290.jpg      184.309527      -41.264057      463.696948      216.119488      457.780124      307.722764      321.378167      288.995008
frame00291.jpg      184.375207      -41.193531      463.699477      216.118326      457.778924      307.722161      321.393036      288.987505
frame00292.jpg      186.807049      -38.035080      463.735806      216.355801      457.573419      307.697323      322.754342      288.281716
frame00293.jpg      186.772295      -38.080075      463.730187      216.357928      457.568737      307.693385      322.751737      288.277813
frame00294.jpg      186.763478      -38.090651      463.729475      216.357711      457.567850      307.692319      322.750889      288.277561
frame00295.jpg      186.737027      -38.127301      463.729853      216.357866      457.564737      307.688855      322.752554      288.267792
frame00296.jpg      221.022006        5.552091      463.362388      217.462074      457.165741      307.857945      326.611013      285.835475
frame00297.jpg      243.715886       34.953297      463.133094      218.801562      457.028829      307.953660      328.446626      284.187847
frame00298.jpg      258.949412       52.464236      462.701205      218.649008      457.038002      307.970516      330.196580      284.584285
frame00299.jpg      272.184641       66.629911      462.617056      218.080559      457.017103      308.241696      332.939309      284.310452
frame00300.jpg      274.001567       69.719226      462.709711      217.996246      457.013216      308.229877      333.448435      284.370660
frame00301.jpg      287.243609       83.684074      462.644631      218.466874      456.785324      308.394767      335.778014      284.065410
frame00302.jpg      292.147994       88.078890      462.910122      217.357811      456.503502      308.542774      337.628380      283.681448
frame00303.jpg      292.577091       85.694570      463.257762      218.552021      456.233896      308.122729      337.290929      284.125166
frame00304.jpg      292.566158       85.677235      463.257236      218.549032      456.232796      308.122054      337.291139      284.124064
frame00305.jpg      292.789426       86.935374      463.805010      218.623558      456.182173      307.978698      338.427164      283.613108
frame00306.jpg      288.619876       77.182373      464.443370      219.993962      455.765070      307.438181      336.730931      283.679265
frame00307.jpg      289.260557       77.697243      464.514069      219.684975      455.760819      307.448162      337.195822      283.628989
frame00308.jpg      297.770313       87.624450      463.137127      218.770556      456.188965      307.777156      347.967463      283.356318
frame00309.jpg      306.004922       91.453414      463.853483      217.877074      455.707925      307.966640      351.328889      282.540176
frame00310.jpg      305.220710       89.968031      464.081617      217.948225      455.643904      307.924216      351.339772      282.438375
frame00311.jpg      303.282904       87.745529      464.089760      218.010659      455.609431      307.868912      351.046036      282.171845
frame00312.jpg      302.028451       79.699435      463.712867      221.041943      455.017954      307.754467      348.173809      280.607863
frame00313.jpg      303.236096       79.932132      464.002578      221.181791      454.880624      307.797074      348.168519      280.491214
frame00314.jpg      303.213571       79.902537      463.998728      221.184129      454.879895      307.797130      348.160969      280.488608
frame00315.jpg      302.501463       75.886272      463.939475      221.692089      454.564064      307.258441      348.217647      278.745694
frame00316.jpg      301.281166       74.408592      463.952252      221.677017      454.532668      307.170907      348.286212      278.508992
frame00317.jpg      301.271184       74.396858      463.952021      221.677238      454.532166      307.169883      348.283800      278.507932
frame00318.jpg      296.023004       67.707578      465.240650      221.830702      454.303847      307.135551      347.103673      277.257929
frame00319.jpg      296.419044       68.128391      465.261078      221.807090      454.300306      307.138700      347.240571      277.259368
frame00320.jpg      291.431006       62.297048      464.960208      220.784753      454.393689      307.213046      349.174670      277.028765
frame00321.jpg      284.990204       53.291221      465.178362      221.081871      454.354052      306.952176      348.662234      276.877372
frame00322.jpg      286.605330       55.137255      465.375218      221.415960      454.278791      306.906993      348.794038      276.637637
frame00323.jpg      285.323446       52.182285      465.624979      222.106236      454.205893      306.731166      347.876471      276.486927
frame00324.jpg      285.333990       52.197978      465.624682      222.106578      454.206125      306.731741      347.876264      276.487195
frame00325.jpg      289.447159       56.430577      465.757225      222.967100      454.116315      306.550063      347.979839      276.746717
frame00326.jpg      291.657586       62.136422      465.927271      221.889931      454.127488      306.702981      349.645983      276.688766
frame00327.jpg      279.393312       47.919694      465.991407      219.031531      454.172215      306.906034      350.496680      275.632443
frame00328.jpg      267.750897       29.792332      465.764038      220.062809      454.190339      306.660389      349.052298      274.801944
frame00329.jpg      267.146202       28.861309      465.763502      220.137125      454.186949      306.651869      348.960778      274.700011
frame00330.jpg      267.152193       28.837100      465.768770      220.132554      454.181544      306.648274      349.002002      274.708248
frame00331.jpg      262.744259       22.143461      466.103500      220.035127      454.023739      306.557393      350.327353      273.286613
frame00332.jpg      262.698802       22.075449      466.105758      220.039623      454.023263      306.555914      350.325368      273.270873
frame00333.jpg      273.159650       36.441055      466.079051      219.273276      453.964618      306.714402      351.987840      272.980207
frame00334.jpg      273.145147       36.422096      466.076489      219.276402      453.964276      306.714056      351.983083      272.979367
frame00335.jpg      273.173308       36.460289      466.074944      219.281861      453.963802      306.716527      351.982018      272.975341
frame00336.jpg      270.688220       33.163293      466.070104      219.574000      453.845010      306.488590      351.669321      272.958291
frame00337.jpg      270.671491       33.136921      466.064472      219.578325      453.842415      306.486918      351.664938      272.957723
frame00338.jpg      270.712413       33.192247      466.061365      219.580372      453.843419      306.485769      351.668486      272.961287
frame00339.jpg      277.716285       43.447289      466.585007      219.756864      453.698008      306.489995      352.811313      272.961031
frame00340.jpg      277.674696       43.378754      466.585286      219.774838      453.694653      306.490535      352.806694      272.958669
frame00341.jpg      277.633527       43.305441      466.585565      219.780275      453.688479      306.484821      352.810732      272.958705
frame00342.jpg      277.638123       43.326071      466.590541      219.778657      453.688455      306.483471      352.802176      272.948463
frame00343.jpg      277.621840       43.304771      466.584884      219.803265      453.687242      306.474164      352.793734      272.940731
frame00344.jpg      277.589486       43.260138      466.591917      219.803663      453.682820      306.473231      352.803797      272.938767
frame00345.jpg      277.572091       43.235802      466.596892      219.809159      453.679868      306.471326      352.801483      272.933992
frame00346.jpg      277.529086       43.182386      466.598491      219.808921      453.679586      306.465504      352.788900      272.928603
frame00347.jpg      286.714792       56.366586      466.362218      219.743940      453.626595      306.430986      353.960246      273.054053
frame00348.jpg      286.745781       56.403037      466.359585      219.741489      453.624107      306.427517      353.958115      273.054476
frame00349.jpg      286.705986       56.343470      466.343374      219.754812      453.628125      306.426109      353.910665      273.051293
frame00350.jpg      287.740735       58.058262      466.290072      219.765409      453.640841      306.450097      353.925611      273.017784
frame00351.jpg      283.654555       51.816154      466.288762      220.665982      453.494988      306.041624      353.314063      272.138834
frame00352.jpg      276.292513       43.488501      467.401452      221.953164      453.578728      305.997531      353.994498      268.930389
frame00353.jpg      276.315266       43.472168      467.407228      221.962733      453.580419      306.000332      353.981330      268.904449
frame00354.jpg      276.378808       43.544076      467.411064      221.970484      453.579972      306.000754      353.972913      268.898221
frame00355.jpg      276.716628       44.101895      467.397592      221.965070      453.585633      306.010156      353.974036      268.891698
frame00356.jpg      270.662623       33.507937      467.758030      222.264665      453.452331      305.814150      352.860702      268.624898
frame00357.jpg      253.815526        8.300176      468.463385      222.903018      453.186498      305.557797      350.160574      267.163435
frame00358.jpg      254.917909       15.786617      467.266526      219.342032      453.586762      306.171145      352.883390      267.030376
frame00359.jpg      238.327865       -2.575116      466.212992      222.274514      453.879423      305.647917      356.561860      268.825589
frame00360.jpg      215.205976      -30.718518      464.913905      223.278993      454.283992      305.742936      358.129656      267.894340
frame00361.jpg      184.617983      -69.007045      462.703660      222.659523      454.733388      305.864798      362.978972      269.417040
frame00362.jpg      172.992403      -85.019711      462.266505      225.287655      454.869647      305.394238      366.258238      271.427297
frame00363.jpg      177.839750      -78.907999      462.651739      226.353578      454.813235      305.145876      366.871024      271.830787
frame00364.jpg      178.890860      -77.591542      462.696301      226.425657      454.805617      305.136922      366.901419      271.804882
frame00365.jpg      185.869072      -71.345988      463.353332      228.392050      454.651133      304.907718      366.355470      270.868909
frame00366.jpg      188.272480      -68.919811      463.493818      228.947059      454.598554      304.835801      366.124302      270.770449
frame00367.jpg      188.332495      -68.856477      463.497444      228.953123      454.597463      304.835459      366.120696      270.767328
frame00368.jpg      205.323354      -49.968922      464.413085      231.326184      453.839582      304.236108      365.101177      270.343199
frame00369.jpg      214.215091      -42.922889      464.743450      234.600067      453.834592      303.917089      364.029273      269.074536
frame00370.jpg      214.212602      -42.928178      464.745145      234.603840      453.835973      303.917454      364.030403      269.069971
frame00371.jpg      214.250198      -42.874934      464.745705      234.606488      453.834959      303.916716      364.030094      269.070037
frame00372.jpg      228.096581      -20.968469      464.032801      234.018022      453.835371      304.121571      364.538974      269.023749
frame00373.jpg      236.646998       -7.307580      464.515385      234.132666      453.703198      303.962931      366.156216      269.481519
frame00374.jpg      236.102185       -8.116450      464.518373      234.185752      453.702141      303.954967      366.074437      269.448143
frame00375.jpg      234.169150      -11.407089      464.380796      234.506123      453.704880      303.935734      365.515621      269.214026
frame00376.jpg      234.135035      -11.439262      464.384963      234.521722      453.703946      303.931825      365.510887      269.216252
frame00377.jpg      240.547685       -1.608913      464.509933      234.158988      453.680151      303.951957      366.654547      269.257516
frame00378.jpg      252.298485       14.158240      465.077342      234.363754      453.510229      303.766389      368.441602      270.162437
frame00379.jpg      252.321784       14.187260      465.078989      234.364702      453.509773      303.765861      368.444454      270.161763
frame00380.jpg      252.311837       14.180961      465.079150      234.363603      453.509762      303.766084      368.443830      270.159753
frame00381.jpg      252.307977       14.178015      465.078956      234.362861      453.509713      303.766187      368.443322      270.159238
frame00382.jpg      252.314080       14.187238      465.079016      234.363059      453.509701      303.766205      368.442928      270.158843
frame00383.jpg      252.312478       14.184794      465.079130      234.363168      453.509672      303.766167      368.442817      270.158690
frame00384.jpg      252.311898       14.183896      465.079095      234.363224      453.509672      303.766162      368.442726      270.158656
frame00385.jpg      252.310998       14.182635      465.079060      234.363206      453.509669      303.766158      368.442658      270.158658
frame00386.jpg      252.313535       14.186269      465.078997      234.363210      453.509688      303.766184      368.442700      270.158625
frame00387.jpg      252.315769       14.189465      465.078961      234.363221      453.509701      303.766205      368.442773      270.158624
frame00388.jpg      252.314690       14.188030      465.078983      234.363272      453.509696      303.766184      368.442711      270.158593
frame00389.jpg      252.315261       14.188820      465.078976      234.363218      453.509696      303.766195      368.442775      270.158602
frame00390.jpg      252.316022       14.189997      465.078960      234.363172      453.509699      303.766202      368.442830      270.158613
frame00391.jpg      252.316417       14.190409      465.078929      234.363194      453.509699      303.766202      368.442799      270.158598
frame00392.jpg      252.316400       14.190353      465.078915      234.363213      453.509695      303.766192      368.442812      270.158591
frame00393.jpg      252.315335       14.188831      465.078935      234.363202      453.509683      303.766175      368.442806      270.158590
frame00394.jpg      252.314976       14.188321      465.078909      234.363201      453.509678      303.766170      368.442781      270.158577
frame00395.jpg      252.314475       14.187508      465.078891      234.363198      453.509668      303.766162      368.442774      270.158557
frame00396.jpg      252.314281       14.187019      465.078864      234.363182      453.509655      303.766152      368.442754      270.158552
frame00397.jpg      252.313180       14.185344      465.078880      234.363156      453.509637      303.766134      368.442769      270.158525
frame00398.jpg      252.311878       14.183411      465.078891      234.363197      453.509625      303.766116      368.442699      270.158499
frame00399.jpg      252.312780       14.184609      465.078899      234.363117      453.509621      303.766129      368.442825      270.158541
frame00400.jpg      252.312610       14.184219      465.078902      234.363164      453.509610      303.766112      368.442794      270.158557
frame00401.jpg      252.311207       14.181953      465.078918      234.363179      453.509595      303.766098      368.442759      270.158535
frame00402.jpg      252.312359       14.183542      465.078898      234.363218      453.509590      303.766098      368.442805      270.158534
frame00403.jpg      252.313660       14.185188      465.078867      234.363205      453.509591      303.766112      368.442839      270.158545
frame00404.jpg      252.314678       14.186565      465.078860      234.363198      453.509593      303.766122      368.442887      270.158533
frame00405.jpg      252.314276       14.185826      465.078865      234.363144      453.509580      303.766119      368.442935      270.158555
frame00406.jpg      252.312759       14.183620      465.078881      234.363130      453.509569      303.766105      368.442922      270.158559
frame00407.jpg      252.312952       14.183821      465.078872      234.363127      453.509569      303.766108      368.442917      270.158560
frame00408.jpg      252.313237       14.184153      465.078874      234.363187      453.509566      303.766102      368.442896      270.158556
frame00409.jpg      252.314222       14.185541      465.078866      234.363215      453.509565      303.766102      368.442943      270.158554
frame00410.jpg      252.320476       14.194299      465.078678      234.363322      453.509622      303.766158      368.442672      270.158507
frame00411.jpg      252.305001       14.175722      465.078139      234.362716      453.509787      303.766193      368.441683      270.158145
frame00412.jpg      252.264991       14.106720      465.079005      234.363627      453.508821      303.765280      368.439945      270.158806
frame00413.jpg      246.550758        6.491850      465.196353      234.131846      453.458263      303.693980      368.862259      270.362813
frame00414.jpg      246.569354        6.526213      465.198299      234.129866      453.457886      303.693260      368.868459      270.365625
frame00415.jpg      249.437788       11.106047      465.223851      234.114981      453.474607      303.683576      369.038340      270.387388
frame00416.jpg      249.461822       11.148211      465.223645      234.116107      453.475302      303.683298      369.038931      270.386846
frame00417.jpg      250.212231       12.353973      465.225974      234.119431      453.481156      303.685285      369.080046      270.386605
frame00418.jpg      254.751106       19.262194      465.064446      234.205276      453.520546      303.730714      369.255817      270.418027
