frame ulx uly urx ury lrx lry llx lly
frame00001.jpg      328.049988      215.039993      543.039978      214.960007      543.000000      441.000000      328.029999      440.959991
frame00002.jpg      330.191236      217.924288      542.116630      215.633375      544.681391      439.193024      328.957162      439.496079
frame00003.jpg      332.790798      219.825209      541.753594      215.338805      545.750722      439.690592      330.069005      439.978557
frame00004.jpg      332.832622      219.844608      541.721427      215.204645      546.105536      439.922462      330.391555      440.112673
frame00005.jpg      331.965611      219.022382      541.872789      214.558402      544.184211      438.830249      329.599139      440.538721
frame00006.jpg      330.711302      218.512138      541.469402      214.808396      542.205446      440.523078      328.533338      442.060694
frame00007.jpg      328.300616      220.262356      540.084400      216.976341      541.495414      441.333098      328.439779      443.924068
frame00008.jpg      328.083158      218.769748      541.834277      215.566284      541.064228      444.260091      329.171758      446.473612
frame00009.jpg      326.987677      218.178060      543.647752      215.039232      538.828295      445.329008      328.548971      447.537764
frame00010.jpg      325.224335      216.608091      543.884557      213.554341      536.350023      447.064513      327.582285      449.271540
frame00011.jpg      323.643233      216.584803      543.752478      213.277879      535.441735      446.304934      327.544512      449.937275
frame00012.jpg      321.828340      216.380686      543.889435      212.547938      534.020981      444.224542      327.554494      449.624513
frame00013.jpg      322.930228      222.196861      538.067527      216.359663      535.433252      443.445082      327.943316      450.090380
frame00014.jpg      322.958793      223.944692      536.441670      217.300928      535.001990      441.796439      328.013560      449.932257
frame00015.jpg      323.663819      230.090487      530.169704      222.297223      534.792456      438.768556      326.333350      448.967932
frame00016.jpg      326.614445      236.280223      525.551943      226.899522      534.194677      435.158711      324.364318      446.173512
frame00017.jpg      325.483647      237.520659      519.837086      226.805230      534.714789      433.612450      323.386476      445.187522
frame00018.jpg      325.220751      237.394047      519.323597      226.468781      533.534479      434.569949      322.412220      446.342687
frame00019.jpg      325.219862      237.392890      519.330991      226.466521      533.534594      434.568759      322.424704      446.321977
frame00020.jpg      324.429755      237.176249      519.139130      226.616727      534.310337      433.316186      323.728981      445.048433
frame00021.jpg      324.145926      236.914421      519.500482      226.313076      534.348262      432.869332      324.212423      445.867264
frame00022.jpg      324.324415      237.172529      519.354742      226.358570      534.021136      432.302547      323.902154      445.678857
frame00023.jpg      325.350236      237.854750      518.906235      225.726481      535.508086      432.179775      325.242627      445.483267
frame00024.jpg      325.509350      237.827248      519.798345      225.483205      535.836377      431.447009      325.821664      445.682512
frame00025.jpg      325.490199      237.831173      519.851238      225.387317      535.986078      431.377493      326.176808      445.408453
frame00026.jpg      327.085499      238.778177      519.148420      225.695887      537.136629      429.279365      326.873643      444.492726
frame00027.jpg      327.300616      239.505118      518.502299      225.796834      536.419275      427.031661      326.228556      443.906356
frame00028.jpg      327.760007      240.220133      517.238843      225.221465      535.305057      426.808573      324.979345      444.107889
frame00029.jpg      323.251623      237.032296      516.856952      222.380126      533.254574      426.613605      324.592191      444.573719
frame00030.jpg      324.333120      238.571004      515.468559      223.202183      532.692596      424.263302      323.941773      443.314792
frame00031.jpg      323.568614      238.004070      513.768140      222.879743      532.401084      423.447196      323.703685      442.645634
frame00032.jpg      322.038997      237.172994      512.375735      221.493185      532.317468      421.206245      324.109239      441.380434
frame00033.jpg      321.923859      237.119434      511.722033      220.631330      532.091589      419.771633      324.286182      441.236019
frame00034.jpg      321.759162      237.198369      511.292811      220.104945      532.783225      418.979347      324.898454      441.184337
frame00035.jpg      322.712417      236.942367      512.225332      218.981065      534.339583      418.728288      326.807811      441.454436
frame00036.jpg      323.594779      237.008644      512.928120      218.699748      535.762206      418.217059      328.125607      441.179708
frame00037.jpg      324.673122      236.715280      514.017323      218.370802      536.596136      417.960631      329.076922      441.089718
frame00038.jpg      325.626601      236.049933      515.840724      217.352039      536.475823      417.504619      329.995420      440.763920
frame00039.jpg      325.401983      235.010053      516.706221      215.958681      535.943633      417.117503      330.203459      440.804997
frame00040.jpg      326.642134      236.801598      514.593432      217.713769      535.632781      414.009084      329.455277      439.771554
frame00041.jpg      326.454082      237.746201      513.610994      217.336048      534.488624      412.027592      328.506591      439.279037
frame00042.jpg      323.448225      235.673243      511.104546      214.121051      533.890002      410.943145      327.428587      438.355798
frame00043.jpg      321.534833      235.563378      509.919736      213.093945      531.825483      409.458395      326.110147      438.903481
frame00044.jpg      320.979421      236.227712      509.488703      212.509085      530.817794      408.336242      324.964374      438.983063
frame00045.jpg      320.152062      237.499864      506.680457      213.556851      531.290379      405.041185      325.705188      438.109681
frame00046.jpg      319.488369      238.799028      504.388940      214.145342      531.854040      402.669629      325.524776      437.983719
frame00047.jpg      320.112166      240.390940      502.006554      213.640539      534.065735      401.537494      326.590391      436.945838
frame00048.jpg      320.360240      240.954285      500.726668      214.534548      535.081787      398.883742      327.272482      435.334302
frame00049.jpg      320.531009      241.322795      500.115661      214.079989      535.677758      397.349652      327.659949      435.107570
frame00050.jpg      321.099370      241.696286      499.745813      213.800027      534.963359      396.589569      326.892211      435.180685
frame00051.jpg      320.342081      241.894943      499.247933      213.322676      534.791168      395.319987      326.802741      434.827350
frame00052.jpg      318.352766      239.125877      499.226261      208.626695      534.255953      394.275036      326.997988      434.826831
frame00053.jpg      317.311073      239.610340      497.874915      208.360253      534.046102      391.774111      327.120288      434.410189
frame00054.jpg      316.819127      239.808105      497.708194      207.155745      533.445400      390.972604      326.857140      435.827271
frame00055.jpg      315.756417      241.267423      495.089620      206.896663      534.495994      388.269869      327.123092      435.094626
frame00056.jpg      315.881906      242.237312      493.565504      205.411109      535.962981      385.380697      328.000125      434.419878
frame00057.jpg      315.066095      242.751030      492.562741      204.372892      536.218614      382.724636      328.520294      434.297567
frame00058.jpg      314.599823      242.818322      492.054250      203.322904      535.535674      381.228100      327.948359      434.249792
frame00059.jpg      313.048957      242.311617      489.983032      201.255512      535.445246      378.556703      327.687689      433.452280
frame00060.jpg      313.654692      243.024566      489.014513      202.264521      536.025191      376.845902      327.771788      432.563484
frame00061.jpg      312.744244      243.722958      487.715978      201.072868      535.317987      375.543849      327.311490      433.637750
frame00062.jpg      310.832676      244.247947      486.303753      199.496433      534.875629      373.606142      327.618480      433.527273
frame00063.jpg      310.149231      244.087797      486.731628      197.975888      534.286940      373.106031      327.986377      434.767992
frame00064.jpg      309.678932      244.677480      486.576611      197.337947      534.549897      371.576378      328.020253      434.599436
frame00065.jpg      310.055439      245.874796      485.264911      197.604042      535.194229      369.248247      327.597429      434.077714
frame00066.jpg      309.707692      246.384357      484.525661      197.474165      536.018554      367.747051      328.171261      434.037462
frame00067.jpg      310.079905      247.083764      483.630793      197.566791      537.447309      365.508833      329.362289      432.715761
frame00068.jpg      309.170134      240.140405      488.320229      186.145866      536.034658      362.809667      330.880543      431.211183
frame00069.jpg      308.779671      240.411917      488.068643      186.073217      536.004580      360.797366      331.211365      430.932896
frame00070.jpg      304.619047      229.336018      495.119918      168.749820      532.274190      359.481995      332.232343      429.760423
frame00071.jpg      306.397952      231.359343      492.618758      171.269592      532.649351      355.748253      331.944236      427.659716
frame00072.jpg      306.927086      231.870698      490.544400      171.681581      533.569077      353.079558      332.212959      426.218089
frame00073.jpg      307.693424      232.982416      489.075468      173.168455      533.883252      350.044792      331.810779      424.711112
frame00074.jpg      302.412270      221.889469      493.866815      157.774492      531.009577      349.184935      332.368431      422.949829
frame00075.jpg      302.872136      222.754098      493.123347      158.313929      530.754250      347.244842      331.412729      423.004264
frame00076.jpg      303.666451      223.354841      492.685335      157.923030      529.802834      346.877065      330.190620      422.966787
frame00077.jpg      302.969102      223.950298      490.555628      158.319251      529.209870      345.054173      329.498233      421.865723
frame00078.jpg      299.294843      218.632869      491.713317      152.751807      527.986588      345.606124      329.640449      421.609723
frame00079.jpg      296.987454      216.464714      493.031078      151.665081      525.521859      347.204062      329.123212      422.172541
frame00080.jpg      296.506219      214.265424      494.294682      151.309838      524.135796      350.022576      328.952046      422.081344
frame00081.jpg      295.871361      210.979598      497.403226      150.156113      522.055937      351.866475      329.808001      421.683258
frame00082.jpg      297.619295      208.451941      500.448978      150.052926      520.221864      353.252368      330.277421      421.373050
frame00083.jpg      296.163285      207.544354      501.545531      150.099050      518.136456      354.709307      330.156197      421.956982
frame00084.jpg      298.761628      209.709142      498.959931      153.838517      516.997851      353.926969      328.962537      420.902147
frame00085.jpg      298.468181      209.161345      497.614393      153.286383      515.140654      352.140322      328.459529      418.848889
frame00086.jpg      300.932758      209.114778      496.227066      154.709512      512.666938      349.947223      327.596442      416.367912
frame00087.jpg      305.006585      208.343130      496.361012      155.476270      510.372244      348.624372      326.257692      413.613464
frame00088.jpg      310.036705      209.535270      496.080682      156.568433      509.846804      347.326927      326.232646      410.508711
frame00089.jpg      313.760004      210.906785      494.328650      160.025440      509.718713      346.329518      325.766996      408.446833
frame00090.jpg      318.571926      212.375555      494.077012      161.184584      508.965764      345.455597      325.355758      406.087925
frame00091.jpg      321.253818      212.604224      494.467426      161.797873      507.933374      343.985317      325.305446      403.257854
frame00092.jpg      321.583526      212.413446      495.302824      161.371057      507.319679      342.273893      325.654417      401.618198
frame00093.jpg      323.108132      212.410035      496.089038      161.316862      506.476785      341.880743      325.315915      399.837538
frame00094.jpg      327.181130      213.782921      494.946129      163.765764      506.100416      341.594654      323.318370      398.580475
frame00095.jpg      328.521770      214.374435      494.059588      165.270101      505.684097      340.985317      322.937531      397.297663
frame00096.jpg      328.937718      213.722705      493.020950      167.504173      507.736733      342.277854      322.980441      397.354731
frame00097.jpg      328.737743      212.030187      492.385648      169.841008      510.455117      344.176534      323.711897      397.117935
frame00098.jpg      325.216035      208.458596      494.185314      171.223443      512.336122      346.244621      324.033748      396.998603
frame00099.jpg      327.630233      203.447518      499.049512      169.635533      511.794620      347.530154      326.922206      396.719703
frame00100.jpg      326.860676      198.899599      502.583257      167.821517      512.793548      349.084278      329.255217      396.199050
frame00101.jpg      326.458977      195.196056      504.742237      167.276021      514.046966      352.932478      330.463038      397.072217
frame00102.jpg      327.805959      190.590007      508.466597      168.729188      512.749864      355.259047      330.970144      396.270900
frame00103.jpg      328.394411      187.488105      511.263628      167.844815      513.459845      358.143972      332.683029      396.000660
frame00104.jpg      329.381517      181.387170      517.221502      167.354162      511.694131      360.821051      333.750557      396.413495
frame00105.jpg      335.326887      182.023983      518.969683      171.176356      512.839743      365.922129      334.977306      397.524854
frame00106.jpg      333.778138      176.849825      523.625418      170.849313      512.790282      370.807001      336.887914      398.665460
frame00107.jpg      336.606127      175.094354      526.982109      175.002721      514.075539      376.031245      338.442748      398.490783
frame00108.jpg      341.866700      175.954067      530.211937      179.985258      515.761293      381.106774      339.954894      399.637684
frame00109.jpg      345.959442      176.713009      533.460362      185.372581      517.173569      386.447015      341.414098      400.379539
frame00110.jpg      351.085981      177.594754      538.108985      190.697599      518.329911      392.625191      343.197191      401.992018
frame00111.jpg      354.693673      175.884899      543.023786      194.465378      518.787288      397.007731      344.986869      402.387145
frame00112.jpg      358.760144      173.123196      547.953539      198.451686      518.740597      401.284934      346.326506      402.684682
frame00113.jpg      363.972208      170.742147      554.612460      201.549771      517.230717      406.291535      347.297493      403.717087
frame00114.jpg      372.461456      175.342679      560.480557      208.795441      516.366167      411.333478      347.668767      404.661450
frame00115.jpg      378.720154      176.847954      563.631818      219.473857      515.430149      415.572525      349.309397      405.852012
frame00116.jpg      385.137140      192.885368      555.477237      238.875408      517.250712      421.911683      350.607976      408.243422
frame00117.jpg      392.636180      203.660992      555.359078      249.447088      517.512639      427.418352      352.841771      411.435228
frame00118.jpg      393.651247      205.533831      555.309587      248.816358      517.547645      428.693811      353.604880      411.505323
frame00119.jpg      394.750543      211.883486      550.057294      255.808997      518.425671      430.053192      353.451456      411.490282
frame00120.jpg      388.327395      209.339267      548.987310      263.774589      518.930139      429.304466      351.995729      410.641236
frame00121.jpg      387.393333      208.912116      548.439278      266.223491      518.747589      429.939498      351.850248      410.469346
frame00122.jpg      385.147767      207.604826      546.267029      269.873594      518.991619      431.207690      351.947890      410.839921
frame00123.jpg      385.040570      208.312934      545.640327      271.266960      519.240277      432.107312      351.771265      410.658975
frame00124.jpg      384.057078      209.979290      544.836694      273.837916      519.005753      431.190727      351.532228      409.879579
frame00125.jpg      383.776378      211.180163      543.846135      276.076326      519.731609      432.126615      351.280995      409.681380
frame00126.jpg      383.668350      211.878907      543.698801      276.248704      520.345171      433.181592      351.559285      409.516031
frame00127.jpg      379.231096      211.271883      543.200003      278.136502      522.576857      435.529577      352.375666      408.817532
frame00128.jpg      375.560199      210.405627      542.995144      279.502371      524.063806      437.161737      352.840180      408.114964
frame00129.jpg      375.577839      210.460511      542.995441      279.536075      524.094780      437.218484      352.832222      408.119815
frame00130.jpg      374.537971      210.432620      543.266074      280.072650      524.588876      437.146393      352.865869      407.845006
frame00131.jpg      374.548903      210.488432      543.273518      280.084769      524.645137      437.189152      352.869654      407.855283
frame00132.jpg      375.255106      212.019740      543.510612      280.763797      524.730837      436.931802      352.669743      407.632632
frame00133.jpg      375.311645      212.004439      543.675774      280.721614      524.781716      437.044180      352.803521      407.605083
frame00134.jpg      376.084092      210.923735      545.262428      281.632809      526.249801      439.628198      352.857539      408.404330
frame00135.jpg      376.097291      210.919626      545.265710      281.631987      526.269552      439.671786      352.904977      408.406923
frame00136.jpg      376.130627      210.842544      545.342222      281.662256      526.579266      440.169240      353.071564      408.471867
frame00137.jpg      364.380779      197.327364      548.585711      283.100783      526.985716      435.158707      354.911434      408.104313
frame00138.jpg      354.446841      186.612250      549.501170      279.456217      525.862214      431.674740      358.261062      407.974453
frame00139.jpg      354.442301      186.595823      549.509643      279.426877      525.873388      431.680272      358.303749      407.976361
frame00140.jpg      354.435308      186.576859      549.519388      279.408729      525.874503      431.675418      358.334550      407.965533
frame00141.jpg      352.776406      182.608732      552.694198      276.840332      525.166605      429.754975      359.943020      407.769347
frame00142.jpg      352.775309      182.600068      552.704071      276.822163      525.168402      429.746435      359.969801      407.767878
frame00143.jpg      352.989432      182.460180      553.563113      275.770097      525.026969      429.454348      360.314257      407.957803
frame00144.jpg      351.732479      182.074994      554.053594      274.321901      525.542485      429.699196      361.208745      407.871517
frame00145.jpg      351.683419      182.058362      554.102068      274.222649      525.538314      429.617619      361.257882      407.854805
frame00146.jpg      353.041745      184.150288      553.904573      274.098851      525.831018      429.485608      361.119310      407.987082
frame00147.jpg      353.154712      184.971925      552.947821      273.942871      525.958170      429.237852      361.072620      408.363461
frame00148.jpg      354.424132      190.543914      548.604302      275.778028      530.013389      428.971303      363.089629      409.171344
frame00149.jpg      359.972177      200.684215      550.869433      274.894689      535.952684      431.619620      361.684748      409.875504
frame00150.jpg      362.737590      203.064887      551.652424      275.682422      537.234803      431.091206      360.962809      410.540980
frame00151.jpg      365.934027      204.181333      551.128009      276.303109      536.769201      430.805303      361.571903      410.662330
frame00152.jpg      365.921918      203.976479      551.104993      276.278816      536.700547      430.770527      361.695408      410.580684
frame00153.jpg      365.477544      202.720376      551.171480      276.475665      536.440040      430.588105      361.818619      410.415530
frame00154.jpg      362.388003      195.980577      551.826101      277.931756      535.324887      429.646085      361.842528      409.818415
frame00155.jpg      362.388195      195.966518      551.832194      277.933497      535.324249      429.645206      361.854467      409.804033
frame00156.jpg      361.176246      190.383837      553.345228      280.409740      533.681198      428.000417      361.359111      409.459318
frame00157.jpg      356.915314      187.949320      553.701379      289.711616      532.050904      423.926373      360.244677      407.964544
frame00158.jpg      356.946432      188.005295      553.708113      289.713294      532.078572      423.932827      360.249629      407.982722
frame00159.jpg      398.291850      233.629471      549.221384      299.855787      532.079127      425.035335      351.211524      409.235071
frame00160.jpg      401.772862      239.202536      549.511596      301.118483      532.854327      425.351262      351.575257      408.566793
frame00161.jpg      405.399434      244.509645      548.996510      302.703420      532.950371      424.806794      351.680167      408.034030
frame00162.jpg      409.493151      253.754579      548.531042      303.921271      534.036783      423.608576      350.853938      407.537545
frame00163.jpg      411.375144      259.968111      548.316766      304.400697      535.116373      421.482015      350.425897      407.355770
frame00164.jpg      412.261374      262.909717      546.598451      304.212275      535.911836      420.038827      349.226703      408.130305
frame00165.jpg      412.332272      265.437137      542.873951      305.130420      536.761857      417.802221      346.984209      409.775906
frame00166.jpg      413.863512      266.484933      541.220289      304.353371      536.959199      415.116913      344.057627      413.684823
frame00167.jpg      410.825136      265.241499      538.292701      303.874638      538.103751      415.599135      342.193091      415.218791
frame00168.jpg      409.447396      264.460023      536.741668      303.616971      539.579347      417.724357      341.190794      416.940969
frame00169.jpg      402.060002      263.591111      535.599752      301.677565      542.196836      419.633898      344.192525      417.058225
frame00170.jpg      402.056929      263.610439      535.603216      301.675672      542.214479      419.631437      344.248789      417.049080
frame00171.jpg      401.993308      264.283112      535.561046      301.661017      542.530613      419.729808      344.942988      416.848650
frame00172.jpg      401.985672      264.330141      535.563569      301.674104      542.551899      419.724255      344.944001      416.861873
frame00173.jpg      401.969802      264.394803      535.565164      301.697664      542.566117      419.680531      344.940443      416.860416
frame00174.jpg      401.968661      264.403620      535.565638      301.700402      542.570454      419.679452      344.943666      416.860351
frame00175.jpg      405.674868      267.938925      536.158621      303.909088      543.223084      419.477911      343.460039      417.012267
frame00176.jpg      409.492077      269.804163      536.884482      305.483080      543.178633      418.236251      341.643449      418.205980
frame00177.jpg      414.892060      274.108469      535.197940      306.154603      543.752572      417.435335      338.675779      420.167270
frame00178.jpg      418.287396      277.650240      535.067693      305.579041      545.719710      416.215406      336.374026      420.812962
frame00179.jpg      418.283954      277.658480      535.071405      305.581335      545.754129      416.216153      336.409843      420.790841
frame00180.jpg      418.369400      278.064831      535.071468      305.592573      546.369251      416.405270      336.035746      420.926199
frame00181.jpg      418.362480      278.090079      535.070890      305.600891      546.414840      416.410109      336.014975      420.940350
frame00182.jpg      418.489814      278.783022      534.768802      305.738249      547.194334      416.560718      335.560240      421.168305
frame00183.jpg      421.818719      282.662224      534.932471      308.143660      550.178881      417.827288      330.275500      421.417793
frame00184.jpg      421.726829      282.834258      535.451571      308.309260      550.080102      416.636179      330.277512      420.984590
frame00185.jpg      422.899322      283.682995      536.689053      307.927761      547.740911      413.541728      329.843709      419.734754
frame00186.jpg      423.074804      283.448709      537.066353      308.057221      546.764693      412.273909      329.390183      419.508547
frame00187.jpg      423.077693      283.443168      537.067451      308.061462      546.770355      412.280978      329.381579      419.505619
frame00188.jpg      423.108637      283.434649      537.060462      308.101128      546.813793      412.391482      329.075738      419.618868
frame00189.jpg      423.310719      285.829560      534.157147      310.759611      546.179107      411.829961      326.257879      419.753067
frame00190.jpg      424.544690      287.555389      534.234328      311.964912      547.333532      412.227051      324.231371      419.722892
frame00191.jpg      426.588378      289.702446      534.448173      313.326000      547.394654      411.727665      320.806807      420.286802
frame00192.jpg      428.791755      292.383721      534.218654      316.194383      547.438538      412.516817      315.499150      420.552608
frame00193.jpg      428.791812      292.384472      534.218621      316.195211      547.437446      412.517153      315.483728      420.557594
frame00194.jpg      426.092437      294.077273      529.487576      319.226955      547.226989      408.443221      309.130568      421.007346
frame00195.jpg      427.236879      294.490971      530.133131      320.031428      545.952083      406.679271      305.901615      421.516750
frame00196.jpg      428.845097      296.920506      529.780630      321.015125      547.934654      406.824992      302.822478      422.747733
frame00197.jpg      428.591047      299.848905      526.983815      321.678872      550.707370      406.349107      300.695444      424.378496
frame00198.jpg      428.582407      299.850487      526.980090      321.679345      550.703873      406.339062      300.758890      424.355271
frame00199.jpg      429.149504      300.652207      526.969330      321.857334      551.090438      406.527877      301.399756      423.801045
frame00200.jpg      429.059165      300.867266      527.013855      321.947863      551.231836      406.459375      302.046506      423.419409
frame00201.jpg      430.251597      303.616768      528.260001      323.267517      551.120547      405.178426      302.339170      421.578878
frame00202.jpg      430.244581      303.630709      528.257220      323.272184      551.141604      405.177450      302.314989      421.610101
frame00203.jpg      433.189981      305.395068      527.896556      323.599729      552.903775      406.742505      301.279953      422.362843
frame00204.jpg      433.194193      305.397712      527.891786      323.597080      552.920501      406.754422      301.370901      422.366883
frame00205.jpg      433.785434      305.643651      527.808486      323.691294      552.977241      406.964295      300.991976      422.614518
frame00206.jpg      433.735238      305.710438      527.542823      323.740083      553.051732      406.921027      303.242232      422.118939
frame00207.jpg      433.875409      305.799891      527.540928      323.810935      553.056522      406.881175      304.571359      421.588195
frame00208.jpg      435.413148      306.296146      527.201777      324.016412      553.519722      407.658243      302.912333      422.957210
frame00209.jpg      434.984236      306.059273      527.090436      324.031799      553.435002      407.376974      303.016850      423.322483
frame00210.jpg      434.984037      306.059010      527.089627      324.031296      553.437287      407.377592      303.030538      423.321773
frame00211.jpg      434.983366      306.058718      527.089157      324.030667      553.438940      407.377417      303.051378      423.317680
frame00212.jpg      434.199530      305.787683      527.004086      323.933077      553.342052      407.027639      303.653374      423.402792
frame00213.jpg      431.836359      304.864694      526.725697      323.548083      553.006889      406.043522      306.640585      423.836068
frame00214.jpg      431.835676      304.864825      526.722479      323.544303      553.017553      406.047502      306.706595      423.840783
frame00215.jpg      431.835485      304.864797      526.722706      323.543924      553.018431      406.047196      306.727031      423.833794
frame00216.jpg      431.452064      304.806788      526.730913      323.441726      552.948473      405.872501      308.467852      423.296578
frame00217.jpg      431.421548      304.617935      526.868552      323.788189      552.350145      405.104087      306.839086      423.904686
frame00218.jpg      431.416830      304.657765      526.897378      323.852058      552.329169      405.013497      306.439877      423.995898
frame00219.jpg      431.416734      304.659318      526.896269      323.854021      552.330255      405.015338      306.372530      424.023984
frame00220.jpg      431.548165      304.717742      526.904118      324.014092      552.190502      404.872157      304.860775      424.464057
frame00221.jpg      430.220814      304.469444      525.550266      324.688938      552.601319      404.417335      303.423583      425.048060
frame00222.jpg      430.094976      304.419691      525.535325      324.837039      552.520801      404.271058      302.616594      425.102067
frame00223.jpg      430.426462      304.582572      526.011427      324.924278      552.592279      404.398245      301.633215      425.169944
frame00224.jpg      430.767474      304.770590      526.106815      324.916863      552.718400      404.585648      301.836480      424.966502
frame00225.jpg      432.357509      305.603148      526.524916      325.023489      553.376435      405.402927      302.995906      423.536767
frame00226.jpg      432.828713      305.864830      526.519580      324.949523      553.681510      405.826894      304.321410      423.224541
frame00227.jpg      432.828365      305.868037      526.523309      324.952404      553.686586      405.828012      304.339956      423.196992
frame00228.jpg      433.080464      306.100631      526.583204      325.035893      553.782428      405.937163      305.511305      422.287237
frame00229.jpg      433.079913      306.100784      526.584764      325.036007      553.783300      405.935368      305.554347      422.266035
frame00230.jpg      432.735283      306.164839      526.217337      325.063527      554.157813      406.063808      307.948140      421.249599
frame00231.jpg      432.293973      306.133444      526.056679      325.038219      554.325481      405.995436      309.717394      420.572329
frame00232.jpg      431.687789      306.162503      525.821964      325.022654      554.713836      406.034026      312.322462      419.340424
frame00233.jpg      431.678621      306.164696      525.821426      325.024012      554.724469      406.031184      312.367248      419.321270
frame00234.jpg      431.674367      306.168394      525.824611      325.025824      554.727215      406.024327      312.393792      419.305335
frame00235.jpg      431.673466      306.168397      525.825873      325.025834      554.727696      406.022073      312.432086      419.286382
frame00236.jpg      431.736347      306.271887      525.790967      325.033865      554.917290      406.147700      313.609386      418.718606
frame00237.jpg      431.736129      306.271869      525.791871      325.033861      554.917279      406.146761      313.641078      418.703266
frame00238.jpg      431.733752      306.271587      525.790121      325.033768      554.917249      406.145930      313.719896      418.671665
frame00239.jpg      431.629990      306.255409      525.763882      325.047565      554.875146      406.067463      314.259027      418.423053
frame00240.jpg      432.164977      306.470195      525.730445      325.274957      554.755410      405.811605      313.829737      418.421269
frame00241.jpg      432.118504      306.464936      525.722387      325.279251      554.772780      405.806508      313.845058      418.446550
frame00242.jpg      431.315935      306.218134      525.503246      325.297917      554.835932      405.603375      314.930874      418.091798
frame00243.jpg      431.397008      306.231984      525.476179      325.336283      554.895727      405.639102      315.031662      418.109109
frame00244.jpg      431.399286      306.234187      525.475459      325.336232      554.913408      405.651303      315.040739      418.122898
frame00245.jpg      431.359321      306.247207      525.408636      325.328211      554.980382      405.714538      315.338735      418.084626
frame00246.jpg      431.360695      306.249092      525.410346      325.328462      554.984861      405.715193      315.422714      418.053281
frame00247.jpg      431.359622      306.249810      525.410143      325.328947      554.984449      405.712417      315.458620      418.036356
frame00248.jpg      431.361947      306.250809      525.412696      325.330030      554.982010      405.708577      315.490031      418.021427
frame00249.jpg      431.699670      306.401325      525.360659      325.374063      555.098241      405.806168      315.525916      418.107619
frame00250.jpg      429.364599      304.911269      525.821847      326.159757      553.188480      403.684662      317.014253      417.020188
frame00251.jpg      425.563063      303.296355      525.765467      326.075802      552.318983      402.339935      319.692237      415.877547
frame00252.jpg      423.291080      302.368219      525.809492      326.392846      551.366137      401.547183      323.296124      414.835746
frame00253.jpg      422.178378      302.700192      523.515060      326.111879      552.730420      401.278901      327.307543      415.035887
frame00254.jpg      425.088567      303.636526      523.746814      326.411648      552.786841      401.877987      327.476959      415.104387
frame00255.jpg      425.089201      303.636568      523.746592      326.411120      552.788195      401.878353      327.497750      415.099194
frame00256.jpg      425.598485      303.831509      523.614394      326.451348      552.897672      402.043289      327.785537      415.236658
frame00257.jpg      425.314118      303.465139      523.775918      326.698848      552.719432      401.669484      329.288311      414.358471
frame00258.jpg      425.314280      303.465161      523.775741      326.698391      552.720592      401.669270      329.307480      414.353669
frame00259.jpg      425.314362      303.465206      523.775425      326.697889      552.721714      401.669532      329.322008      414.351146
frame00260.jpg      425.314483      303.465088      523.774999      326.697280      552.721987      401.669068      329.341464      414.346374
frame00261.jpg      427.000065      304.036565      523.269722      326.827990      552.435463      402.289275      329.286291      414.387864
frame00262.jpg      427.006916      304.036551      523.268050      326.827835      552.443851      402.302182      329.328190      414.380476
frame00263.jpg      428.602614      304.582995      523.058430      326.986932      553.024374      403.391547      328.389304      415.022046
frame00264.jpg      431.547351      305.694472      522.319630      327.443197      554.161401      405.184853      326.727235      415.536957
frame00265.jpg      430.812609      305.429412      522.069878      327.372797      554.447193      405.606183      326.205467      415.906570
frame00266.jpg      430.825558      305.430220      522.061294      327.373210      554.459741      405.642473      326.241348      415.900141
frame00267.jpg      430.498515      305.205840      522.418646      327.123423      555.392457      407.007392      329.718717      415.989881
frame00268.jpg      430.910315      305.604471      522.100941      326.844204      555.969912      407.863491      330.600414      416.019895
frame00269.jpg      431.860077      306.469194      521.335812      326.918851      561.892966      412.212306      330.179796      415.611948
frame00270.jpg      431.860764      306.469521      521.339607      326.917593      561.900364      412.212308      330.261667      415.581427
frame00271.jpg      431.993994      306.536519      521.269769      326.895540      561.791950      412.136777      331.039037      415.224435
frame00272.jpg      429.324415      306.030150      521.535347      326.308263      562.596312      412.511299      337.767494      411.141473
frame00273.jpg      428.905214      305.968932      521.485464      326.264667      562.606693      412.346679      338.134255      410.893705
frame00274.jpg      428.902248      305.968104      521.483752      326.263048      562.616225      412.348614      338.207352      410.876420
frame00275.jpg      429.337490      306.118453      521.624058      326.329059      562.816220      412.563026      338.598363      410.624217
frame00276.jpg      429.340189      306.120187      521.625787      326.330011      562.823285      412.571274      338.565412      410.632226
frame00277.jpg      429.555802      306.144449      521.805201      326.289835      562.843980      412.747238      340.608152      409.925750
frame00278.jpg      429.558449      306.144536      521.806876      326.288717      562.846927      412.749963      340.672692      409.898002
frame00279.jpg      429.375969      306.075677      521.825066      326.142557      562.945286      412.940503      341.951607      409.598986
frame00280.jpg      429.566891      306.285808      521.616584      325.768005      563.842029      414.152368      344.813152      409.096101
frame00281.jpg      429.278320      305.915858      521.998278      325.906008      562.282267      413.090799      347.115521      408.596319
frame00282.jpg      429.312097      305.922074      521.984767      325.950197      562.299080      413.158902      347.325438      408.542616
frame00283.jpg      429.315364      305.923917      521.986587      325.949803      562.312091      413.171496      347.321284      408.550423
frame00284.jpg      429.390918      306.010110      521.785823      325.923288      562.786659      413.878042      347.092939      408.657839
frame00285.jpg      429.871658      306.394885      520.922556      325.794063      563.086252      414.829160      346.401906      409.245279
frame00286.jpg      429.872498      306.396867      520.923544      325.792534      563.105197      414.838063      346.444714      409.235845
frame00287.jpg      429.887469      306.627069      520.437930      325.636533      564.338985      415.938118      347.857035      408.968390
frame00288.jpg      429.910310      306.712463      520.317719      325.566349      564.794784      416.359849      348.516618      408.777875
frame00289.jpg      429.910551      306.712490      520.318492      325.566250      564.795061      416.359822      348.529086      408.770969
frame00290.jpg      429.910616      306.712545      520.320246      325.565806      564.798742      416.359965      348.584628      408.742834
frame00291.jpg      429.911649      306.712546      520.321476      325.564286      564.803107      416.362391      348.638017      408.722531
frame00292.jpg      429.912050      306.712693      520.324648      325.563941      564.803600      416.361418      348.692141      408.691006
frame00293.jpg      429.876062      306.708695      520.332734      325.568281      564.810442      416.352124      348.670325      408.640023
frame00294.jpg      429.866070      306.711044      520.353494      325.568928      564.821864      416.359773      348.693843      408.583044
frame00295.jpg      429.899514      306.742584      520.373013      325.641147      564.968668      416.440048      348.088595      408.572689
frame00296.jpg      430.135558      306.838114      520.360318      325.666945      565.135689      416.665735      347.875394      408.630692
frame00297.jpg      430.310776      306.901924      520.312305      325.667610      565.272266      416.836469      347.797963      408.791538
frame00298.jpg      430.160084      306.866779      520.340890      325.491342      565.165537      416.767269      349.325476      408.580068
frame00299.jpg      432.260937      307.962343      520.129338      325.032026      567.550085      420.260931      348.534531      409.883272
frame00300.jpg      432.261339      307.962069      520.129149      325.030065      567.550365      420.258831      348.578462      409.872106
frame00301.jpg      432.262858      307.962243      520.123005      325.026553      567.565189      420.271157      348.586225      409.904553
frame00302.jpg      434.240194      308.947124      519.867841      325.154452      570.648361      423.393981      349.225089      409.190178
frame00303.jpg      436.806172      311.165447      518.065323      325.393527      579.887704      432.056218      349.422756      407.828356
frame00304.jpg      436.806249      311.165405      518.065071      325.392900      579.892076      432.058723      349.437534      407.825589
frame00305.jpg      437.885964      311.873274      517.161426      325.177482      585.810332      437.000816      348.263785      409.646223
frame00306.jpg      437.882299      311.872183      517.163569      325.174170      585.808868      436.989085      348.337907      409.628907
frame00307.jpg      437.876905      311.870731      517.150333      325.171611      585.897660      437.041741      348.514679      409.616426
frame00308.jpg      435.545394      310.773517      516.934338      325.425356      584.797374      435.374623      354.521820      406.119032
frame00309.jpg      435.367354      317.374353      518.909089      328.099624      588.073107      432.127781      357.406479      403.190043
frame00310.jpg      435.346553      317.291258      519.645333      328.616780      586.272561      430.844157      357.868298      403.155048
frame00311.jpg      437.479645      318.281333      519.496441      328.461220      595.919724      435.895726      358.129485      404.547530
frame00312.jpg      439.348165      319.003641      519.696670      327.460861      604.002647      441.888330      358.981336      405.606300
frame00313.jpg      442.390666      319.422439      521.825399      327.707789      612.677101      451.356901      357.378342      406.247580
frame00314.jpg      442.635061      319.412904      522.189378      327.772161      614.256814      452.786138      358.274002      405.843320
frame00315.jpg      442.645220      319.415545      522.193566      327.769592      614.224654      452.791449      358.336632      405.782940
frame00316.jpg      442.681843      319.417496      522.213964      327.775536      614.185129      452.840006      358.305745      405.787118
frame00317.jpg      442.684714      319.417447      522.213399      327.775692      614.190729      452.853813      358.297756      405.791772
frame00318.jpg      446.427305      320.227357      522.146337      329.052568      626.411927      466.291081      351.022438      407.748344
frame00319.jpg      448.219245      320.868316      521.299214      329.212724      654.679708      495.479356      350.014418      407.326917
frame00320.jpg      449.277229      321.250986      521.134941      329.395125      669.280241      509.397630      349.410578      408.102839
frame00321.jpg      449.277392      321.251146      521.134821      329.395132      669.294072      509.408467      349.410118      408.104415
frame00322.jpg      451.062622      321.934809      520.783849      329.617139      696.556641      536.589056      346.007550      409.628467
frame00323.jpg      451.062955      321.935010      520.784457      329.617213      696.583535      536.624177      346.018463      409.623648
frame00324.jpg      451.091664      321.984077      520.776884      329.587695      694.578037      534.290401      345.772123      409.714724
frame00325.jpg      451.091957      321.984105      520.777367      329.587465      694.594384      534.304063      345.781899      409.711040
frame00326.jpg      451.092067      321.984052      520.777888      329.587388      694.600705      534.310130      345.790415      409.706919
frame00327.jpg      451.088165      321.914167      520.968034      329.449974      692.789833      534.571125      347.547133      408.842975
frame00328.jpg      450.861206      321.016987      522.877387      329.294440      668.914680      523.594084      353.868761      405.216169
frame00329.jpg      453.462220      322.043965      521.815711      328.705970      696.196520      560.219808      352.054079      406.358564
frame00330.jpg      453.474165      322.043229      521.801675      328.706020      696.579262      560.757462      351.913383      406.427535
frame00331.jpg      453.474333      322.043274      521.801567      328.706155      696.589952      560.771792      351.908360      406.429904
frame00332.jpg      453.575171      322.075337      522.805883      329.022426      702.036418      564.070993      350.928638      405.888654
frame00333.jpg      453.421925      322.129245      522.898885      328.974907      703.759199      564.847990      352.317105      405.178683
frame00334.jpg      452.979197      322.105936      523.089015      328.926053      698.213838      557.915677      354.564900      404.086450
frame00335.jpg      452.826652      322.074770      523.318160      328.838001      695.691170      555.595071      357.102154      402.843812
frame00336.jpg      451.740672      321.862747      523.217851      328.556110      693.080753      551.583287      361.008592      401.261713
frame00337.jpg      451.389251      321.761594      523.095521      328.580481      688.273002      546.853504      363.251123      400.405389
frame00338.jpg      452.139700      322.764854      521.631699      329.212085      717.032146      574.440736      365.125603      399.359235
frame00339.jpg      451.736692      322.793276      521.389022      329.217597      717.544436      573.286672      366.364997      398.845384
frame00340.jpg      451.010197      322.650583      521.656820      329.124655      722.240489      576.116866      369.504116      397.365538
frame00341.jpg      449.387860      322.376818      519.286106      329.040293      693.337026      545.018845      372.047190      396.974093
frame00342.jpg      449.019323      322.440938      518.792507      328.979593      695.634059      545.322690      373.218773      396.448584
frame00343.jpg      449.089899      322.934480      517.381306      329.092356      706.839570      552.483671      374.141068      396.339990
frame00344.jpg      449.479846      324.731941      514.627872      328.926344      770.423246      590.729648      375.677263      396.168873
frame00345.jpg      449.044358      324.774676      514.420663      329.079040      749.132950      570.391607      377.883382      395.025934
frame00346.jpg      450.634186      325.847468      511.490357      330.695158      755.315560      579.681078      374.037346      396.048702
frame00347.jpg      449.974585      325.912626      510.606699      330.610123      760.655454      584.026177      377.104545      394.878311
frame00348.jpg      450.770747      326.059201      512.338885      330.988580      748.013276      574.703156      375.202574      394.653256
frame00349.jpg      451.526579      326.125803      513.083086      331.755698      735.413033      563.358515      372.250753      394.691961
frame00350.jpg      451.611586      325.904264      513.849816      333.035657      708.655145      541.564674      372.416963      392.632909
frame00351.jpg      451.193599      325.675625      513.365299      333.172750      704.238088      537.574998      372.403872      392.196594
frame00352.jpg      451.445673      325.601432      513.488749      333.433015      696.669680      531.385380      370.617327      392.422902
frame00353.jpg      453.333800      325.246972      514.765216      334.819704      681.098511      524.327111      367.559196      390.125051
frame00354.jpg      453.839096      325.130112      515.694449      335.362060      668.646232      514.798262      365.793524      389.047789
frame00355.jpg      454.088666      325.164898      516.182613      335.713801      665.118172      511.857616      365.542911      387.750318
frame00356.jpg      454.495090      325.289217      516.559167      335.992161      666.216011      514.213730      365.588708      386.577244
frame00357.jpg      454.478626      325.244224      516.815660      336.160675      660.588506      508.808988      365.253337      386.190662
frame00358.jpg      454.464307      325.184922      517.100380      336.315239      654.294076      502.836725      365.041021      385.853045
frame00359.jpg      454.731974      325.201493      517.546926      336.598432      647.168249      496.171207      362.720140      385.950070
frame00360.jpg      454.987343      325.120148      518.067186      336.925566      637.326535      486.776396      358.904960      386.770415
frame00361.jpg      455.470973      325.158249      519.008272      337.495402      627.127250      476.990595      356.076899      386.101730
frame00362.jpg      455.365493      324.974854      519.533860      337.743114      617.956625      467.914200      354.440980      386.288318
frame00363.jpg      454.896313      324.663201      520.013203      337.935756      609.285444      459.087226      354.042028      386.011800
frame00364.jpg      454.998456      324.622974      520.506985      338.268832      602.858105      451.484113      351.551900      385.723311
frame00365.jpg      455.497795      324.788648      521.013007      338.649785      600.545946      448.606018      348.457949      385.684212
frame00366.jpg      457.559627      325.660012      521.878741      339.530407      602.747158      449.965670      344.303370      384.257380
frame00367.jpg      457.560701      325.660697      521.878898      339.532012      602.767457      449.989237      344.235742      384.266187
frame00368.jpg      458.508810      326.170779      522.094866      340.012452      604.830147      450.927055      338.268010      385.100296
frame00369.jpg      458.537097      326.196618      522.110494      340.057290      604.887702      450.923167      338.049625      385.117898
frame00370.jpg      458.893445      326.393204      522.018285      340.026656      608.769208      454.869748      337.798197      385.198052
frame00371.jpg      459.429180      326.709765      521.764263      339.900076      616.991923      462.850214      337.473403      385.302268
frame00372.jpg      459.932135      326.967925      521.635632      339.910814      625.341170      471.246758      336.423190      385.337596
frame00373.jpg      460.524654      327.209391      521.612396      340.108292      633.200429      479.228935      333.915770      385.143397
frame00374.jpg      461.205747      327.451023      521.692257      340.304365      637.971764      484.374182      331.292757      385.080545
frame00375.jpg      461.821530      327.635419      522.040672      340.562036      641.426724      489.051596      329.851820      384.385841
frame00376.jpg      462.500450      327.895110      522.204528      340.767838      650.695121      499.177580      327.863437      384.131241
frame00377.jpg      465.035403      329.171032      523.472032      341.630378      666.654458      518.373176      328.979840      380.153400
frame00378.jpg      465.165094      329.263198      523.538905      341.663304      671.361614      523.427646      329.515552      379.862553
frame00379.jpg      465.667541      329.502569      523.773741      341.837566      677.746345      530.842682      329.036697      379.318325
frame00380.jpg      466.180071      329.789404      524.011240      342.026763      685.817754      540.086921      329.473489      378.499497
frame00381.jpg      466.251091      329.838093      524.018086      342.030951      689.089953      543.615294      329.218683      378.507064
frame00382.jpg      466.821724      330.102852      523.878423      342.148458      702.910977      558.125736      326.128605      379.062474
frame00383.jpg      466.528305      330.607208      524.017987      342.568596      732.478787      582.712403      326.861217      377.882198
frame00384.jpg      466.888542      330.830604      524.030791      342.496799      755.815318      606.959337      328.673429      377.624223
frame00385.jpg      464.991246      330.269266      523.245560      342.024077      770.684818      623.053712      335.861073      376.962271
frame00386.jpg      465.181717      330.381569      523.109824      342.020668      794.615094      647.805500      337.007593      376.595846
frame00387.jpg      465.383974      330.493580      522.956413      342.025983      814.055970      667.548309      337.114950      376.488617
frame00388.jpg      467.681305      331.133908      524.235260      342.885785      921.425862      806.153448      333.334669      373.598114
frame00389.jpg      467.728107      331.136551      524.361389      342.916748      916.349114      801.882777      333.651175      373.411144
frame00390.jpg      467.728357      331.136535      524.361795      342.916763      916.323969      801.857832      333.665803      373.408455
frame00391.jpg      467.625404      331.078518      524.631135      342.959110      883.912596      767.594470      334.367329      373.088117
frame00392.jpg      467.625404      331.078510      524.631401      342.959138      883.899990      767.580171      334.373761      373.086742
frame00393.jpg      467.625419      331.078505      524.631725      342.959169      883.886192      767.564052      334.382285      373.084988
frame00394.jpg      467.625566      331.078492      524.633219      342.959390      883.822866      767.498293      334.414876      373.077417
frame00395.jpg      467.625695      331.078272      524.654945      342.964022      882.435402      766.044172      334.788710      372.975325
frame00396.jpg      467.622407      331.074327      524.731487      342.970650      878.713648      762.335600      336.550066      372.608897
frame00397.jpg      467.630681      331.074498      524.775046      342.975298      877.142332      761.037939      337.558283      372.394915
frame00398.jpg      468.019073      331.167161      524.854823      343.112105      885.561869      773.868153      336.304013      372.296411
frame00399.jpg      468.420548      331.232710      525.157510      343.251541      913.660233      813.632828      337.543935      371.609465
frame00400.jpg      469.462285      331.465414      526.095746      343.447458     1067.460886     1012.701842      339.167397      370.663900
