frame ulx uly urx ury lrx lry llx lly
frame00001.jpg      265.000000      119.000000      581.000000      119.000000      581.000000      411.000000      265.000000      411.000000
frame00002.jpg      266.605402      118.782685      582.983996      120.688640      581.221756      412.850755      265.335710      411.321050
frame00003.jpg      267.613768      118.769334      583.733086      122.435333      581.345003      413.414436      265.809542      411.065223
frame00004.jpg      269.450287      118.482731      585.072943      123.268294      582.142765      412.895793      267.252195      410.485015
frame00005.jpg      271.056001      119.013248      586.195534      124.264070      582.446456      413.000142      268.293053      410.998232
frame00006.jpg      271.616765      119.321193      586.371643      125.090754      582.076971      412.543988      268.436924      411.212779
frame00007.jpg      271.505121      119.309993      586.003388      124.924312      581.311265      411.685788      267.888791      411.231467
frame00008.jpg      269.823009      119.699675      584.493643      125.511975      579.260749      413.015034      265.749794      412.838977
frame00009.jpg      267.573759      120.625897      582.547762      126.849555      577.733200      413.611693      263.915583      413.755591
frame00010.jpg      266.183988      120.929012      581.613803      127.485830      576.634215      413.569379      262.790631      414.129941
frame00011.jpg      264.764462      119.963795      580.809089      126.556722      575.786228      412.402663      261.787688      413.970735
frame00012.jpg      263.951731      119.225960      580.566065      125.412409      575.556497      410.587282      261.613624      413.130060
frame00013.jpg      263.556677      117.972288      580.379110      124.651632      574.568912      410.804411      260.599115      413.281740
frame00014.jpg      262.294796      118.084106      579.444530      125.718435      573.126439      411.536868      259.081019      413.695874
frame00015.jpg      261.514112      117.707117      578.659203      126.593654      572.061705      411.983970      257.951955      413.213754
frame00016.jpg      261.456418      116.759989      578.680524      126.997638      571.403436      412.510630      257.401295      413.243324
frame00017.jpg      261.105959      117.272424      578.538749      129.003707      569.910979      414.093439      256.130027      414.322874
frame00018.jpg      260.501791      117.516856      577.990607      131.342801      568.570825      415.117136      255.019008      414.731810
frame00019.jpg      260.876815      116.803770      578.323183      132.019139      568.551551      414.851854      255.162543      414.245934
frame00020.jpg      261.899821      116.270308      579.557646      132.155275      569.012100      414.502299      255.857625      413.978024
frame00021.jpg      262.606336      115.897775      580.564055      132.683042      568.995797      415.081526      255.862469      414.220331
frame00022.jpg      262.689845      115.172499      581.050293      133.006241      568.430907      414.907703      255.192368      413.740473
frame00023.jpg      262.246745      113.771176      581.219126      132.738690      567.828125      414.231287      254.427022      412.655171
frame00024.jpg      262.276536      111.597460      581.801029      131.914866      567.559368      413.498286      254.083846      411.648962
frame00025.jpg      262.496581      110.780238      582.492095      131.657806      567.557023      412.587097      254.153348      411.239839
frame00026.jpg      262.658917      108.899219      583.199549      130.419834      567.400007      411.547450      253.794079      410.323074
frame00027.jpg      262.644670      107.818496      583.931727      130.046117      567.623350      411.487692      253.770305      410.251236
frame00028.jpg      263.506819      107.819119      585.320869      130.730617      568.342732      413.122744      254.109886      411.177789
frame00029.jpg      263.613310      107.635341      586.305888      131.709154      568.328065      413.927021      253.337890      411.134916
frame00030.jpg      263.108938      107.941145      586.633035      132.092844      568.493461      414.936386      253.184055      412.426925
frame00031.jpg      263.118211      108.855492      587.233325      132.990761      568.765137      415.896066      253.224378      413.596763
frame00032.jpg      263.276374      109.633941      587.869910      134.389576      568.668720      417.202146      253.050625      414.516444
frame00033.jpg      263.738071      109.839384      588.536902      135.261024      568.974168      417.178304      253.479106      414.384114
frame00034.jpg      264.746988      109.005098      589.397639      135.021592      569.046993      416.464189      253.651189      413.640188
frame00035.jpg      265.070836      108.429392      589.724109      135.381725      568.409346      416.331292      253.427642      413.990008
frame00036.jpg      265.401756      107.954673      590.137825      135.004439      568.361082      414.446881      254.010535      413.293805
frame00037.jpg      266.459948      106.740398      591.241315      133.714523      568.922491      412.950404      255.116314      412.740702
frame00038.jpg      267.503546      106.492824      592.323613      133.406393      569.468762      412.696319      255.729084      413.266874
frame00039.jpg      267.710489      107.114186      592.955600      133.653202      569.557321      412.662881      255.853466      414.211098
frame00040.jpg      267.585701      107.219759      593.343532      133.122042      569.993303      411.949167      256.072518      414.356034
frame00041.jpg      267.970268      107.063357      594.111599      132.380189      570.996567      411.036349      257.163325      414.401782
frame00042.jpg      269.114366      106.652199      595.532891      131.512866      571.760777      410.602711      258.175566      414.921717
frame00043.jpg      270.104209      107.009303      596.390579      132.102306      571.790396      410.205963      258.595601      415.057849
frame00044.jpg      270.915994      105.729170      597.001273      131.744192      571.391907      409.168866      258.722010      413.892046
frame00045.jpg      271.949484      104.336359      597.594136      131.513534      570.831624      408.305539      258.907341      412.872380
frame00046.jpg      273.138200      103.417805      597.791640      132.222797      569.585742      408.814954      258.496198      412.527671
frame00047.jpg      274.078664      103.095054      597.595293      134.407755      568.011179      409.975245      258.018472      412.660232
frame00048.jpg      275.728499      103.838280      597.930359      137.574558      566.670481      411.156551      257.930609      413.181973
frame00049.jpg      277.581442      104.292729      598.701331      139.878404      565.794223      411.740065      258.509174      413.668284
frame00050.jpg      280.402273      105.468205      600.071148      142.532908      565.619318      412.628691      259.690675      414.216827
frame00051.jpg      283.089563      106.630529      601.687864      145.016947      565.196845      414.503238      260.522055      415.749717
frame00052.jpg      285.062617      109.357306      602.688263      149.470685      564.834783      417.674562      260.910219      418.135853
frame00053.jpg      287.590227      111.579355      604.116813      153.389704      565.244085      420.452960      261.891059      419.543449
frame00054.jpg      289.998458      112.766747      605.763654      156.792339      565.392662      422.826692      262.566877      420.233105
frame00055.jpg      292.485748      113.337503      607.473149      159.626449      565.606501      423.776655      263.419417      419.962107
frame00056.jpg      295.563962      113.393877      609.519558      161.131342      565.828532      424.190206      264.565193      419.842920
frame00057.jpg      298.209946      112.512457      611.303933      162.156576      565.724619      423.517765      265.253692      417.973625
frame00058.jpg      300.178719      110.105060      613.092927      161.360813      566.044854      422.328511      265.907332      416.511596
frame00059.jpg      301.952243      109.063512      614.793356      160.713196      566.715126      421.409073      266.736646      416.009879
frame00060.jpg      302.765443      107.827936      616.163872      159.654227      566.967565      420.404272      266.547613      414.856821
frame00061.jpg      302.053553      106.033557      616.356293      158.156242      566.878402      419.204003      266.035961      414.104353
frame00062.jpg      301.596836      105.081374      616.515869      156.260949      566.815172      417.484711      265.930116      413.673491
frame00063.jpg      300.874334      103.913113      615.980755      154.921188      565.643348      416.213011      264.730730      413.130900
frame00064.jpg      299.781255      102.985859      615.084942      154.397967      564.190014      415.310621      263.367458      412.722828
frame00065.jpg      298.909655      102.164915      614.092385      153.881616      562.715042      414.816807      261.947202      412.644815
frame00066.jpg      297.767506      100.736082      612.762748      153.834324      560.615369      414.241918      259.844587      411.591334
frame00067.jpg      297.025448       99.440510      611.932961      153.865672      559.362939      413.864303      258.888031      410.705514
frame00068.jpg      297.215743       98.611129      611.741830      153.750943      558.556717      413.316457      258.507729      410.298612
frame00069.jpg      297.549512       98.417566      611.461766      153.932381      557.745889      412.805650      258.206610      410.314811
frame00070.jpg      298.222736       98.061004      611.414736      153.831736      556.864638      411.805333      258.204607      409.815999
frame00071.jpg      299.254336       96.667264      611.134101      152.610552      555.618054      409.412480      258.260857      408.551896
frame00072.jpg      300.043659       95.872290      610.950146      151.902903      554.307786      407.229164      258.430470      407.414736
frame00073.jpg      301.659207       94.323297      610.860762      150.844314      553.659122      406.395711      258.897290      406.988087
frame00074.jpg      303.367661       97.061736      611.180260      153.555639      553.272016      409.175751      260.037667      410.484633
frame00075.jpg      304.958920      100.710363      611.458185      157.389856      553.125070      411.728793      260.399424      412.928964
frame00076.jpg      306.045406      103.857456      611.402364      160.382901      553.536458      413.401308      261.197720      415.317325
frame00077.jpg      308.002843      106.289050      612.602482      161.752501      554.842385      414.376240      263.081920      417.525780
frame00078.jpg      309.434580      108.782741      613.531691      163.321946      555.632711      415.546577      264.156183      419.248936
frame00079.jpg      310.887581      110.152971      613.880971      164.565497      555.504412      416.684717      264.693301      420.369977
frame00080.jpg      312.673338      112.344134      613.979798      167.788841      554.274992      419.142947      264.863182      421.900691
frame00081.jpg      314.410333      113.155612      613.540411      170.434357      552.799583      419.769279      264.725957      421.620307
frame00082.jpg      316.725938      112.868622      613.428742      172.314045      551.314505      419.486172      265.042238      420.454645
frame00083.jpg      319.712778      112.880645      613.921313      173.957845      550.122956      419.948946      266.060682      420.357574
frame00084.jpg      322.752060      114.429105      614.036028      176.790190      548.923329      420.918435      266.533123      420.675976
frame00085.jpg      324.421945      115.111641      613.885315      178.306784      548.522986      421.476481      266.831274      420.644615
frame00086.jpg      325.292225      115.716210      614.127304      179.225952      548.956522      421.655280      267.404714      420.919514
frame00087.jpg      326.071667      116.098829      614.839235      179.124308      549.498090      421.227130      268.195479      420.800580
frame00088.jpg      326.555873      115.608800      615.406225      178.470372      549.922872      420.467424      268.872265      419.908179
frame00089.jpg      326.880195      114.418600      615.765863      176.728163      550.640286      418.998392      269.422365      419.272097
frame00090.jpg      327.044586      114.303405      615.678038      175.464807      550.790769      418.080502      270.077334      419.683556
frame00091.jpg      327.514983      115.393957      615.557074      175.602010      550.643678      417.769433      271.166338      420.684016
frame00092.jpg      329.268272      116.486633      615.014777      175.365957      550.306184      415.445447      273.062118      420.653967
frame00093.jpg      332.554555      117.703234      615.039684      174.290612      550.010852      412.047037      276.481688      420.471822
frame00094.jpg      336.832116      119.385861      614.700797      173.781254      549.125012      410.073072      279.273132      420.949618
frame00095.jpg      339.744981      120.647431      612.872266      174.043806      547.446125      408.556308      280.676442      420.126611
frame00096.jpg      341.305061      119.718848      611.339918      173.608204      546.305043      407.321238      281.686144      418.854835
frame00097.jpg      342.408849      118.561473      609.844887      172.631597      544.640143      405.591655      281.725221      417.326019
frame00098.jpg      342.680077      117.873814      607.672739      172.895341      542.403531      405.152004      280.975271      416.660833
frame00099.jpg      343.313250      118.052966      605.666985      173.756326      539.962508      404.473420      280.910862      416.412902
frame00100.jpg      345.097749      119.148875      603.692479      174.667334      536.811280      404.142476      280.703156      416.153772
frame00101.jpg      347.193835      120.558290      601.425699      177.430395      533.595397      405.529271      280.865163      416.039014
frame00102.jpg      350.443947      121.561247      600.230810      181.694138      531.501248      406.742002      282.553635      415.566354
frame00103.jpg      356.955031      123.916933      600.727644      185.572399      531.096973      407.447942      286.044204      415.377404
frame00104.jpg      363.633534      126.065345      602.148336      189.639230      530.686386      409.709550      289.594361      414.800109
frame00105.jpg      369.341785      128.939282      602.938597      195.330994      529.890196      413.088898      292.476815      415.307093
frame00106.jpg      374.251159      132.318301      603.713513      200.721728      530.245878      416.262426      295.581651      416.510772
frame00107.jpg      377.818109      136.797016      604.153401      206.345954      530.369011      420.882720      297.827404      418.880213
frame00108.jpg      379.304706      142.495566      603.473044      211.885104      529.974342      425.420718      299.211780      422.649902
frame00109.jpg      379.136920      148.013655      601.546173      216.339609      530.191238      429.519724      299.800547      426.467989
frame00110.jpg      377.406190      151.320426      599.089521      219.163218      530.621447      432.530973      299.875494      429.562129
frame00111.jpg      374.410427      153.513791      596.733813      219.659861      531.707524      433.729591      300.054593      432.337935
frame00112.jpg      371.072814      154.972713      594.337741      217.383529      533.361598      432.881510      300.968387      433.949869
frame00113.jpg      366.485426      154.033062      591.302282      214.243331      534.692195      431.714734      301.228793      434.789372
frame00114.jpg      361.328224      153.271381      588.165407      210.305864      536.354555      430.157933      301.472916      434.920809
frame00115.jpg      356.299754      152.726798      585.550259      205.338453      538.967474      427.642460      302.417308      435.184742
frame00116.jpg      351.398773      150.864607      583.623113      199.785005      542.271106      424.947584      303.652915      434.088378
frame00117.jpg      346.566294      148.080275      583.108345      194.710505      546.340278      423.171398      303.705732      432.684412
frame00118.jpg      341.921946      146.379254      584.166044      189.406390      552.158488      421.670974      304.709550      431.690279
frame00119.jpg      336.726750      144.261623      585.598495      183.686598      558.496414      420.055331      304.524557      431.565033
frame00120.jpg      331.000932      143.669522      586.976369      178.878095      564.546678      419.729620      303.768533      432.586921
frame00121.jpg      326.098634      144.501554      588.890651      174.892251      570.987765      419.983194      303.555599      434.455112
frame00122.jpg      322.228257      144.511615      591.561862      170.638589      577.268253      420.450711      303.372882      435.502571
frame00123.jpg      319.112790      146.535547      593.992225      168.678977      583.591663      423.030413      303.504353      438.773450
frame00124.jpg      317.370715      148.156954      597.184091      166.649511      590.014285      424.684197      304.163164      439.418531
frame00125.jpg      316.435190      148.103816      600.578564      164.379520      596.179147      426.882701      305.349000      439.892510
frame00126.jpg      317.211753      149.521804      604.733512      163.811345      602.447993      429.999524      307.436609      440.906672
frame00127.jpg      319.495658      150.363385      609.853039      163.811272      608.408822      433.005961      310.092822      441.052775
frame00128.jpg      322.781838      150.606437      615.010552      164.356823      614.068692      436.110474      312.977832      440.798687
frame00129.jpg      326.380931      151.219760      620.453392      165.799121      619.365633      440.464480      315.366625      440.828990
frame00130.jpg      329.348756      151.898528      625.231659      166.694671      624.424178      443.667058      317.082139      440.490910
frame00131.jpg      331.062147      153.566339      629.021007      167.043944      628.861027      447.648809      318.415216      442.296527
frame00132.jpg      332.113488      156.127405      631.913020      168.590304      632.761974      451.881201      319.348311      443.786688
frame00133.jpg      333.628840      157.459326      635.434688      168.043907      637.679968      453.666095      321.278110      444.194876
frame00134.jpg      334.836453      158.768617      638.734244      166.636217      641.253547      456.188171      321.966661      445.613394
frame00135.jpg      334.251655      160.642272      639.920413      166.785052      642.671060      459.431374      321.022725      447.061313
frame00136.jpg      333.080292      161.919852      640.168472      166.477007      643.426331      461.759362      319.688853      447.986439
frame00137.jpg      331.605546      162.728727      639.575285      165.671441      643.361745      463.176599      318.006051      448.363296
frame00138.jpg      329.756698      164.166243      638.096231      164.257312      643.466620      463.249644      316.992680      449.233708
frame00139.jpg      328.144072      165.348683      636.545397      161.449950      643.892441      462.330000      316.540379      450.122120
frame00140.jpg      326.809465      167.217974      634.882296      159.295918      644.162713      461.513405      316.356844      450.968841
frame00141.jpg      325.772838      168.377755      633.435935      156.713330      643.865132      461.294326      315.819608      451.512640
frame00142.jpg      323.694980      170.007771      630.727185      155.355106      641.826220      461.961389      313.759210      452.825910
frame00143.jpg      320.945631      172.189726      627.137593      154.105862      639.598827      462.604726      311.481801      454.021620
frame00144.jpg      318.294426      174.121169      623.675133      152.398897      637.279620      463.684532      309.148667      455.702078
frame00145.jpg      315.149310      175.853263      619.801506      151.369643      633.886112      465.429100      306.079899      457.260152
frame00146.jpg      311.868012      177.595374      615.754118      150.519078      630.558367      466.544491      303.092612      458.235350
frame00147.jpg      309.594648      177.499821      612.386273      147.479785      628.292199      464.768602      301.261377      456.722087
frame00148.jpg      308.216689      175.374647      609.931276      142.036515      626.557421      462.347402      300.035110      454.342216
frame00149.jpg      306.764673      173.960865      607.522761      137.030542      624.762088      459.982537      299.045108      452.839610
frame00150.jpg      304.915293      172.114927      604.755441      131.074472      622.791816      456.292110      297.722329      450.642250
frame00151.jpg      302.987246      169.724425      601.839721      124.513609      621.048102      452.455399      296.771215      448.396218
frame00152.jpg      301.436146      168.258872      599.044878      117.800066      619.653114      449.830162      296.503798      447.978984
frame00153.jpg      299.812042      168.051863      595.481942      112.144297      617.221241      446.880203      295.619039      447.538007
frame00154.jpg      297.929262      168.323693      591.046591      106.308604      614.692854      444.971985      295.224793      448.176183
frame00155.jpg      296.856906      169.509832      586.755488      101.251934      612.499891      443.555072      295.639975      449.436147
frame00156.jpg      296.466501      171.250523      582.252761       96.741668      608.667730      442.954642      295.706226      450.581313
frame00157.jpg      295.610293      173.323371      576.273841       92.876882      603.838390      442.249362      294.978179      452.336609
frame00158.jpg      293.971148      176.044367      569.986447       89.465243      599.107681      441.651322      294.221689      454.423901
frame00159.jpg      292.348118      178.014479      563.632259       86.428706      594.647016      441.421480      293.677382      456.421407
frame00160.jpg      291.208940      180.173905      558.912514       84.885186      592.154065      441.104346      294.039794      458.335182
frame00161.jpg      290.525536      182.104725      555.438716       83.502135      589.949029      440.710331      294.192443      459.725379
frame00162.jpg      289.703851      183.484523      552.144556       82.550013      587.457929      440.259916      293.811161      460.765317
frame00163.jpg      288.956775      185.014683      549.120482       82.062568      585.065281      439.301727      293.225232      461.658200
frame00164.jpg      288.502031      186.088098      546.364684       81.381762      582.979509      437.903743      293.075577      461.987186
frame00165.jpg      288.620886      186.940455      544.289222       80.434822      581.905323      435.966143      293.675819      462.258965
frame00166.jpg      288.754138      188.040776      543.086989       79.660310      581.426449      434.268639      293.963010      462.855646
frame00167.jpg      287.938634      189.262696      541.366989       79.061900      580.220129      432.932778      293.173853      464.251387
frame00168.jpg      286.824186      191.186674      539.211406       79.730150      579.121702      431.978345      292.797348      465.506735
frame00169.jpg      286.153404      192.571520      537.747545       79.963945      578.982232      429.931706      292.841585      466.343139
frame00170.jpg      285.473157      194.636172      536.092898       79.214461      578.683636      426.900137      293.024768      468.138370
frame00171.jpg      284.383925      197.334352      533.480037       78.375982      577.763711      423.092974      292.822811      469.880601
frame00172.jpg      283.517241      200.149980      530.599123       76.916946      576.998591      418.879803      293.149433      471.817161
frame00173.jpg      282.146610      202.770459      527.342034       75.069954      576.236972      412.915741      293.424507      473.165060
frame00174.jpg      279.938422      205.801365      523.508278       72.313569      575.937723      406.132888      293.434285      475.423099
frame00175.jpg      276.956186      209.177873      519.123227       69.206621      575.835964      398.429758      293.353124      478.484658
frame00176.jpg      274.185850      213.987084      514.440395       66.512470      576.403635      389.946027      294.068145      482.099142
frame00177.jpg      271.679826      219.182026      510.272316       64.119986      577.834611      381.180033      295.249361      486.252893
frame00178.jpg      268.979861      225.162096      506.133797       62.238116      578.519393      373.593671      296.078688      491.259925
frame00179.jpg      266.170023      231.606701      500.867663       61.378650      577.639935      365.664700      296.813957      495.204707
frame00180.jpg      263.840006      237.143253      495.028650       59.345966      576.026221      357.504247      297.608296      498.792654
frame00181.jpg      262.150619      241.991398      489.068186       57.789100      574.224362      349.671971      299.253074      500.938828
frame00182.jpg      260.852805      246.933000      483.810241       56.117220      572.258267      342.451556      300.680289      503.727442
frame00183.jpg      258.007140      252.502403      477.540189       55.255782      568.258134      335.748735      299.915774      507.141302
frame00184.jpg      253.540383      258.042174      469.877698       55.424433      562.721678      328.880197      297.749260      509.998824
frame00185.jpg      247.421769      262.612781      460.910041       54.484855      557.061282      320.974756      294.800372      512.434207
frame00186.jpg      240.787016      267.095685      452.309680       53.949587      552.335118      314.124054      291.993935      514.978960
frame00187.jpg      234.117994      270.141614      444.329712       53.555659      548.011752      306.152526      289.143524      515.793046
frame00188.jpg      228.043325      272.830921      437.074138       51.983911      544.483300      298.504860      287.078305      516.282679
frame00189.jpg      222.608317      274.341355      430.730124       50.733243      541.467814      291.773470      285.033842      516.159734
frame00190.jpg      218.036309      276.155283      425.694791       50.084398      539.157184      286.583991      283.727312      516.793373
frame00191.jpg      214.398266      278.908180      421.531672       50.193070      537.667728      282.713006      283.351658      518.503642
frame00192.jpg      210.619759      281.892027      417.803137       51.330552      536.364009      280.589378      282.802829      520.586703
frame00193.jpg      206.181846      284.572965      414.607243       52.794422      535.896752      280.135512      281.914637      523.569789
frame00194.jpg      201.159661      285.928607      412.152979       54.475554      535.644712      281.396239      279.992732      525.085062
frame00195.jpg      194.969661      284.949564      410.241334       54.667959      534.496515      283.191910      275.643690      525.842955
frame00196.jpg      187.300580      282.907562      408.211466       55.060846      532.791929      285.974769      269.872117      526.708052
frame00197.jpg      179.626100      279.722203      407.217066       55.244571      531.929722      290.548054      263.982037      527.792016
frame00198.jpg      172.935404      275.269274      409.180100       57.195932      532.113673      297.475470      258.469595      528.358255
frame00199.jpg      167.824955      268.894685      413.928942       58.548744      534.057402      304.593502      254.261753      527.012588
frame00200.jpg      164.994301      261.263804      421.414374       60.427337      537.084758      312.468623      250.849090      525.009217
frame00201.jpg      164.621425      253.429214      430.781298       63.509492      541.695447      321.643841      249.060020      522.964070
frame00202.jpg      166.502067      244.880989      441.756681       66.445317      546.963741      330.110291      248.613390      519.958757
frame00203.jpg      170.398612      236.745499      452.949260       69.660256      552.451833      339.178546      249.699669      517.670892
frame00204.jpg      174.049316      230.946809      467.055523       75.819896      551.454305      341.485354      252.298543      513.709185
frame00205.jpg      180.862502      225.908418      479.082856       81.142824      548.254326      337.505374      255.058672      509.908836
frame00206.jpg      189.503442      229.104437      488.506093       82.537817      546.118121      328.425157      257.409752      507.321096
frame00207.jpg      197.767725      229.607986      493.620006       83.977842      542.551624      322.794963      259.473911      506.238971
frame00208.jpg      199.972604      227.969747      499.521170       81.931840      537.518341      316.738988      261.153219      503.819721
frame00209.jpg      198.758834      229.666488      509.039023       74.422435      530.243497      307.523645      263.180498      497.848504
frame00210.jpg      199.845825      228.059911      512.547971       72.552732      526.331922      302.517312      263.123350      498.857744
frame00211.jpg      195.777367      228.012672      513.754053       70.384863      522.704639      299.444515      262.572368      501.652697
frame00212.jpg      194.819284      228.991846      513.566500       70.454317      522.179743      298.618697      261.705711      502.764994
frame00213.jpg      197.024333      230.199820      515.122760       70.004358      518.566137      295.461276      256.654313      506.845240
frame00214.jpg      196.748776      230.342592      515.152096       69.973576      518.434808      295.329468      256.510700      506.953817
frame00215.jpg      196.142714      231.176911      516.032040       70.171409      517.829668      294.172655      255.256982      507.923577
frame00216.jpg      195.018848      232.445275      516.921330       69.437239      517.100712      293.417755      253.672224      508.963343
frame00217.jpg      201.976275      240.282203      519.812518       68.225728      515.176543      290.019094      247.845237      512.423620
frame00218.jpg      203.518668      242.172343      519.851846       69.051770      514.278155      289.062260      245.214275      514.512559
frame00219.jpg      204.265168      243.538773      519.879978       69.675722      513.562583      288.492192      243.492227      515.801634
frame00220.jpg      204.439328      244.840297      519.933313       69.992800      512.714511      287.692904      241.689909      517.598270
frame00221.jpg      204.811686      245.579841      520.068024       69.671734      512.298904      287.123345      241.175026      517.979991
frame00222.jpg      204.798900      245.587284      520.069352       69.668550      512.293607      287.116808      241.172259      517.981494
frame00223.jpg      203.342955      246.927539      519.986549       69.426828      511.510792      285.984729      241.010908      518.298760
frame00224.jpg      203.336912      246.932624      519.986953       69.425490      511.506202      285.979554      241.005187      518.303458
frame00225.jpg      204.617862      247.039942      520.210805       69.222382      511.223295      285.613263      240.136041      518.991709
frame00226.jpg      204.039702      247.848842      520.610775       69.122170      510.797619      285.135438      239.377461      519.670598
frame00227.jpg      205.092941      248.792094      520.764431       68.976834      510.723903      284.721319      238.825116      519.811054
frame00228.jpg      207.108003      250.438739      520.929758       68.880798      510.486779      283.738985      237.524620      520.986613
frame00229.jpg      204.861950      252.139673      522.014072       68.202208      509.757619      282.776274      235.800752      522.196098
frame00230.jpg      204.854240      252.150151      522.014968       68.201516      509.756088      282.766977      235.804709      522.187775
frame00231.jpg      204.841600      252.159867      522.018521       68.198090      509.752632      282.757564      235.802267      522.186835
frame00232.jpg      204.837781      252.169491      522.021627       68.193963      509.747485      282.750248      235.798800      522.188904
frame00233.jpg      204.828374      252.179828      522.025342       68.187613      509.742797      282.741865      235.796564      522.188795
frame00234.jpg      190.863692      264.677852      527.318156       62.322575      504.520348      276.636595      231.305699      528.711777
frame00235.jpg      174.347532      272.394188      527.125243       64.989384      493.796948      271.000034      228.673515      534.312598
frame00236.jpg      166.222155      272.892107      526.698418       66.401216      491.813175      266.560590      225.815455      539.062976
frame00237.jpg      148.329821      280.626180      526.724912       66.263498      489.545503      263.233074      226.100450      540.081675
frame00238.jpg      122.091489      293.194050      524.855948       68.796737      487.628677      257.677795      227.994633      541.409705
frame00239.jpg      121.985629      297.531603      525.987404       68.409225      486.248493      254.720283      228.888812      540.760427
frame00240.jpg      120.732582      303.296350      526.792305       69.530582      485.899459      250.854816      224.323303      547.994396
frame00241.jpg      122.395154      303.977491      526.866140       69.505793      485.945269      250.374534      224.520266      547.887111
frame00242.jpg      124.520620      304.091087      526.946425       69.421854      485.714873      250.207197      224.191660      548.526284
frame00243.jpg      120.166187      311.844350      525.792723       71.402390      482.208900      246.878823      220.185103      558.040706
frame00244.jpg      120.697224      313.264396      525.886929       71.029574      480.393634      246.020895      219.268923      560.924028
frame00245.jpg      120.658999      318.349816      526.069157       71.006443      479.312811      243.108773      219.439467      562.632226
frame00246.jpg      118.563596      319.453170      525.804529       71.620771      479.143575      242.335576      218.303509      564.903935
frame00247.jpg      118.688037      319.139934      525.530984       72.230016      479.068644      241.856685      216.642073      567.701209
frame00248.jpg      115.452660      322.273769      525.364891       72.486756      478.702945      241.682116      217.124336      567.328022
frame00249.jpg      116.953409      322.385910      525.089935       72.884374      478.504995      241.436052      216.581954      568.388436
frame00250.jpg      120.169161      324.425609      524.737966       73.051682      478.455522      240.706731      218.066980      566.685478
frame00251.jpg      121.803532      331.124108      525.003165       72.350893      477.845849      239.093149      220.707330      564.726260
frame00252.jpg      120.923974      333.467618      525.521553       71.437301      477.768364      238.334086      221.878851      563.551063
frame00253.jpg      119.940696      335.062882      525.768874       70.927855      477.621532      237.963778      222.054872      563.405693
frame00254.jpg      117.878817      337.061855      526.161808       70.315524      477.328296      237.524286      222.543414      562.978591
frame00255.jpg      118.716990      337.706857      526.885059       69.345059      477.061454      236.633149      222.602874      563.623269
frame00256.jpg      107.969826      346.595997      529.232952       65.500057      476.679994      233.953222      223.801618      562.928115
frame00257.jpg      110.214547      356.095970      531.433074       61.098364      476.367088      232.276532      228.633360      556.358035
frame00258.jpg      112.898515      369.816166      533.291023       57.435841      476.054312      229.498688      230.016827      554.600515
frame00259.jpg      112.178075      370.370866      533.304852       57.395015      476.044247      229.446588      229.966728      554.664692
frame00260.jpg      112.158462      370.391086      533.307865       57.388061      476.042619      229.443849      229.964532      554.668438
frame00261.jpg      111.940927      370.695006      533.326372       57.336304      476.041989      229.401339      229.904715      554.783343
frame00262.jpg      123.019814      374.336926      534.777292       54.586038      475.663567      228.165691      228.154053      558.563613
frame00263.jpg      126.157831      374.287394      534.988479       54.092500      475.699218      227.771392      228.395517      558.405753
frame00264.jpg      124.357191      377.481980      535.519708       53.041896      475.741225      227.025512      228.769433      558.080535
frame00265.jpg      122.903427      378.929441      535.539805       52.967822      475.757575      226.845212      228.570714      558.388896
frame00266.jpg      123.664242      386.969754      535.859515       52.374349      476.270229      224.761748      226.879439      561.501248
frame00267.jpg      125.689383      394.238673      535.992807       51.937151      476.326401      223.052044      226.875826      562.117737
frame00268.jpg      126.432167      401.860300      536.076053       52.011170      476.490966      221.054257      224.131159      566.135514
frame00269.jpg      130.819143      404.431250      536.317736       51.648016      476.368780      220.273535      224.873934      565.184450
frame00270.jpg      137.328322      408.887830      536.966932       50.904021      476.074503      219.183981      225.703566      564.517907
frame00271.jpg      142.435749      411.650040      537.239932       50.552492      476.083747      218.011552      226.517468      564.117085
frame00272.jpg      148.046453      414.674745      537.450097       50.547870      475.928726      216.637336      227.172382      564.403012
frame00273.jpg      155.743179      415.664035      537.659838       50.463380      476.046030      215.269091      228.835770      562.413443
frame00274.jpg      162.844951      412.369660      537.858970       50.289709      475.934908      214.825508      229.742138      561.309290
frame00275.jpg      165.403386      416.891528      538.040654       50.215144      475.903332      213.496856      231.235904      559.456892
frame00276.jpg      176.655743      415.013204      538.627187       49.455691      475.981942      212.216181      233.454546      556.301575
frame00277.jpg      201.965501      410.957335      541.278054       45.930952      476.365524      208.375090      232.958711      557.187138
frame00278.jpg      207.999010      412.566904      541.574952       45.513982      476.667242      206.617464      232.099976      558.463023
frame00279.jpg      214.107080      412.392939      541.970754       44.957158      477.125639      205.078488      230.838892      560.333074
frame00280.jpg      218.852034      413.645126      542.687853       43.875950      477.538996      203.248017      230.489937      560.818410
frame00281.jpg      223.204791      417.381257      543.942717       41.774800      477.847314      201.092764      231.958865      558.565441
frame00282.jpg      225.641847      422.862973      544.627279       40.516783      477.822247      199.077646      234.609495      554.769737
frame00283.jpg      228.682549      426.056931      546.126305       38.103922      478.092239      197.218935      237.239782      550.556249
frame00284.jpg      231.347961      429.954521      547.894921       35.277697      478.363282      195.303439      239.242391      547.470804
frame00285.jpg      236.195615      436.542769      550.108584       31.175191      477.798214      193.595289      243.093604      541.195320
frame00286.jpg      235.147309      440.003969      551.163231       29.343225      477.771223      193.125304      244.579648      538.857984
frame00287.jpg      242.753693      439.434498      553.290079       26.021081      478.948952      189.773629      245.520019      537.143533
frame00288.jpg      248.340657      437.746323      554.514457       24.111416      479.536492      187.625696      246.900388      534.908638
frame00289.jpg      273.949179      418.865086      558.440125       18.033163      478.225774      185.839220      250.748480      528.703504
frame00290.jpg      273.938397      418.882441      558.442208       18.029703      478.224852      185.838118      250.743264      528.711301
frame00291.jpg      288.077437      393.675285      552.643147       27.518249      476.766934      192.133854      250.485184      529.844453
frame00292.jpg      288.103097      393.637947      552.637887       27.527101      476.767045      192.139297      250.482633      529.849839
frame00293.jpg      288.115975      393.619267      552.635067       27.531715      476.766910      192.142217      250.480648      529.853877
frame00294.jpg      261.767102      452.809699      583.792763      -25.678970      474.734751      183.032810      272.267063      503.366776
frame00295.jpg      266.765306      454.451870      593.505973      -41.670974      477.329737      176.801666      275.366931      498.532409
frame00296.jpg      270.595293      453.252527      599.367030      -51.511599      478.666013      173.487871      279.695014      491.640196
frame00297.jpg      272.393798      452.130083      601.056548      -54.345003      479.279196      172.093158      281.008397      489.573379
frame00298.jpg      272.374036      452.162710      601.064627      -54.359046      479.281233      172.087663      281.010105      489.570258
frame00299.jpg      272.350925      452.200076      601.072462      -54.372713      479.283194      172.082153      281.013193      489.564834
frame00300.jpg      273.142132      451.659765      601.738779      -55.495193      479.599899      171.430291      281.609877      488.603461
frame00301.jpg      276.614812      449.263548      603.502577      -58.439297      480.855682      168.886695      282.703989      486.846115
frame00302.jpg      277.228441      449.409002      604.401676      -59.931921      481.294657      167.905524      283.215072      486.036461
frame00303.jpg      280.696718      447.525571      608.146430      -66.218914      482.915000      164.547680      285.823618      481.777243
frame00304.jpg      284.033733      446.979785      617.384788      -81.689464      485.961873      158.276586      290.249423      474.568483
frame00305.jpg      291.925382      438.191889      625.907617      -95.925669      488.598799      152.890938      295.003574      466.812159
frame00306.jpg      313.489616      416.753310      673.295915     -175.468641      505.997663      120.373603      297.576324      462.647535
frame00307.jpg      315.079314      415.983656      684.375970     -194.153514      508.695757      115.151734      299.696153      459.126757
frame00308.jpg      316.560375      414.671638      692.877700     -208.484383      509.969040      112.497897      301.372609      456.356355
frame00309.jpg      316.551357      414.687257      692.893646     -208.511457      509.969931      112.495246      301.373006      456.355507
frame00310.jpg      316.537256      414.711271      692.903863     -208.528924      509.968419      112.496219      301.374083      456.353494
frame00311.jpg      328.633361      394.147528      676.953885     -181.663620      511.058651      111.530597      300.098048      458.454850
frame00312.jpg      328.645794      394.126645      676.942205     -181.643881      511.056867      111.534636      300.099020      458.453414
frame00313.jpg      328.660798      394.101596      676.934933     -181.631606      511.056169      111.536930      300.101424      458.449568
frame00314.jpg      328.675753      394.076655      676.935697     -181.632937      511.057358      111.536093      300.104904      458.443891
frame00315.jpg      328.689745      394.053348      676.932145     -181.626944      511.058763      111.534891      300.107667      458.439423
frame00316.jpg      328.709498      394.020698      676.931323     -181.625629      511.060461      111.533431      300.114036      458.428943
frame00317.jpg      328.732406      393.982871      676.928385     -181.620727      511.061561      111.533102      300.121235      458.417105
frame00318.jpg      328.757933      393.940824      676.929199     -181.622201      511.064130      111.530487      300.130917      458.401110
frame00319.jpg      328.788010      393.891208      676.929804     -181.623296      511.066347      111.528671      300.141076      458.384355
frame00320.jpg      328.821952      393.835271      676.923608     -181.612842      511.069042      111.526366      300.151555      458.367131
frame00321.jpg      328.864461      393.765069      676.924441     -181.614354      511.072820      111.522674      300.166839      458.341923
frame00322.jpg      328.869842      393.756143      676.924688     -181.614794      511.073118      111.522522      300.168873      458.338571
frame00323.jpg      328.877484      393.743479      676.923648     -181.613053      511.073916      111.521706      300.171556      458.334160
frame00324.jpg      328.890212      393.722364      676.920797     -181.608259      511.075240      111.520364      300.175971      458.326920
frame00325.jpg      328.913953      393.682964      676.919124     -181.605443      511.078848      111.515948      300.184087      458.313601
frame00326.jpg      328.919284      393.674110      676.919110     -181.605424      511.079447      111.515301      300.185862      458.310687
frame00327.jpg invalid_tracker_state
frame00328.jpg invalid_tracker_state
frame00329.jpg invalid_tracker_state
frame00330.jpg invalid_tracker_state
frame00331.jpg invalid_tracker_state
frame00332.jpg invalid_tracker_state
frame00333.jpg invalid_tracker_state
frame00334.jpg invalid_tracker_state
frame00335.jpg invalid_tracker_state
frame00336.jpg invalid_tracker_state
frame00337.jpg invalid_tracker_state
frame00338.jpg invalid_tracker_state
frame00339.jpg invalid_tracker_state
frame00340.jpg invalid_tracker_state
frame00341.jpg invalid_tracker_state
frame00342.jpg invalid_tracker_state
frame00343.jpg invalid_tracker_state
frame00344.jpg invalid_tracker_state
frame00345.jpg invalid_tracker_state
frame00346.jpg invalid_tracker_state
frame00347.jpg invalid_tracker_state
frame00348.jpg invalid_tracker_state
frame00349.jpg invalid_tracker_state
frame00350.jpg invalid_tracker_state
frame00351.jpg invalid_tracker_state
frame00352.jpg invalid_tracker_state
frame00353.jpg invalid_tracker_state
frame00354.jpg invalid_tracker_state
frame00355.jpg invalid_tracker_state
frame00356.jpg invalid_tracker_state
frame00357.jpg invalid_tracker_state
frame00358.jpg invalid_tracker_state
frame00359.jpg invalid_tracker_state
frame00360.jpg invalid_tracker_state
frame00361.jpg invalid_tracker_state
frame00362.jpg invalid_tracker_state
frame00363.jpg invalid_tracker_state
frame00364.jpg invalid_tracker_state
frame00365.jpg invalid_tracker_state
frame00366.jpg invalid_tracker_state
frame00367.jpg invalid_tracker_state
frame00368.jpg invalid_tracker_state
frame00369.jpg invalid_tracker_state
frame00370.jpg invalid_tracker_state
frame00371.jpg invalid_tracker_state
frame00372.jpg invalid_tracker_state
frame00373.jpg invalid_tracker_state
frame00374.jpg invalid_tracker_state
frame00375.jpg invalid_tracker_state
frame00376.jpg invalid_tracker_state
frame00377.jpg invalid_tracker_state
frame00378.jpg invalid_tracker_state
frame00379.jpg invalid_tracker_state
frame00380.jpg invalid_tracker_state
frame00381.jpg invalid_tracker_state
frame00382.jpg invalid_tracker_state
frame00383.jpg invalid_tracker_state
frame00384.jpg invalid_tracker_state
frame00385.jpg invalid_tracker_state
frame00386.jpg invalid_tracker_state
frame00387.jpg invalid_tracker_state
frame00388.jpg invalid_tracker_state
frame00389.jpg invalid_tracker_state
frame00390.jpg invalid_tracker_state
frame00391.jpg invalid_tracker_state
frame00392.jpg invalid_tracker_state
frame00393.jpg invalid_tracker_state
frame00394.jpg invalid_tracker_state
frame00395.jpg invalid_tracker_state
frame00396.jpg invalid_tracker_state
frame00397.jpg invalid_tracker_state
frame00398.jpg invalid_tracker_state
frame00399.jpg invalid_tracker_state
frame00400.jpg invalid_tracker_state
frame00401.jpg invalid_tracker_state
frame00402.jpg invalid_tracker_state
frame00403.jpg invalid_tracker_state
frame00404.jpg invalid_tracker_state
frame00405.jpg invalid_tracker_state
frame00406.jpg invalid_tracker_state
frame00407.jpg invalid_tracker_state
frame00408.jpg invalid_tracker_state
frame00409.jpg invalid_tracker_state
frame00410.jpg invalid_tracker_state
frame00411.jpg invalid_tracker_state
frame00412.jpg invalid_tracker_state
frame00413.jpg invalid_tracker_state
frame00414.jpg invalid_tracker_state
frame00415.jpg invalid_tracker_state
frame00416.jpg invalid_tracker_state
frame00417.jpg invalid_tracker_state
frame00418.jpg invalid_tracker_state
frame00419.jpg invalid_tracker_state
frame00420.jpg invalid_tracker_state
frame00421.jpg invalid_tracker_state
frame00422.jpg invalid_tracker_state
frame00423.jpg invalid_tracker_state
frame00424.jpg invalid_tracker_state
frame00425.jpg invalid_tracker_state
frame00426.jpg invalid_tracker_state
frame00427.jpg invalid_tracker_state
frame00428.jpg invalid_tracker_state
frame00429.jpg invalid_tracker_state
frame00430.jpg invalid_tracker_state
frame00431.jpg invalid_tracker_state
frame00432.jpg invalid_tracker_state
frame00433.jpg invalid_tracker_state
frame00434.jpg invalid_tracker_state
frame00435.jpg invalid_tracker_state
frame00436.jpg invalid_tracker_state
frame00437.jpg invalid_tracker_state
frame00438.jpg invalid_tracker_state
frame00439.jpg invalid_tracker_state
frame00440.jpg invalid_tracker_state
frame00441.jpg invalid_tracker_state
frame00442.jpg invalid_tracker_state
frame00443.jpg invalid_tracker_state
frame00444.jpg invalid_tracker_state
frame00445.jpg invalid_tracker_state
frame00446.jpg invalid_tracker_state
frame00447.jpg invalid_tracker_state
frame00448.jpg invalid_tracker_state
frame00449.jpg invalid_tracker_state
frame00450.jpg invalid_tracker_state
frame00451.jpg invalid_tracker_state
frame00452.jpg invalid_tracker_state
frame00453.jpg invalid_tracker_state
frame00454.jpg invalid_tracker_state
frame00455.jpg invalid_tracker_state
frame00456.jpg invalid_tracker_state
frame00457.jpg invalid_tracker_state
frame00458.jpg invalid_tracker_state
frame00459.jpg invalid_tracker_state
frame00460.jpg invalid_tracker_state
frame00461.jpg invalid_tracker_state
frame00462.jpg invalid_tracker_state
frame00463.jpg invalid_tracker_state
frame00464.jpg invalid_tracker_state
frame00465.jpg invalid_tracker_state
frame00466.jpg invalid_tracker_state
frame00467.jpg invalid_tracker_state
frame00468.jpg invalid_tracker_state
frame00469.jpg invalid_tracker_state
frame00470.jpg invalid_tracker_state
frame00471.jpg invalid_tracker_state
frame00472.jpg invalid_tracker_state
frame00473.jpg invalid_tracker_state
frame00474.jpg invalid_tracker_state
frame00475.jpg invalid_tracker_state
frame00476.jpg invalid_tracker_state
frame00477.jpg invalid_tracker_state
frame00478.jpg invalid_tracker_state
frame00479.jpg invalid_tracker_state
frame00480.jpg invalid_tracker_state
frame00481.jpg invalid_tracker_state
frame00482.jpg invalid_tracker_state
frame00483.jpg invalid_tracker_state
frame00484.jpg invalid_tracker_state
frame00485.jpg invalid_tracker_state
frame00486.jpg invalid_tracker_state
frame00487.jpg invalid_tracker_state
frame00488.jpg invalid_tracker_state
frame00489.jpg invalid_tracker_state
frame00490.jpg invalid_tracker_state
frame00491.jpg invalid_tracker_state
frame00492.jpg invalid_tracker_state
frame00493.jpg invalid_tracker_state
frame00494.jpg invalid_tracker_state
frame00495.jpg invalid_tracker_state
frame00496.jpg invalid_tracker_state
frame00497.jpg invalid_tracker_state
frame00498.jpg invalid_tracker_state
frame00499.jpg invalid_tracker_state
frame00500.jpg invalid_tracker_state
frame00501.jpg invalid_tracker_state
frame00502.jpg invalid_tracker_state
frame00503.jpg invalid_tracker_state
frame00504.jpg invalid_tracker_state
frame00505.jpg invalid_tracker_state
frame00506.jpg invalid_tracker_state
frame00507.jpg invalid_tracker_state
frame00508.jpg invalid_tracker_state
frame00509.jpg invalid_tracker_state
frame00510.jpg invalid_tracker_state
frame00511.jpg invalid_tracker_state
frame00512.jpg invalid_tracker_state
frame00513.jpg invalid_tracker_state
frame00514.jpg invalid_tracker_state
frame00515.jpg invalid_tracker_state
frame00516.jpg invalid_tracker_state
frame00517.jpg invalid_tracker_state
frame00518.jpg invalid_tracker_state
frame00519.jpg invalid_tracker_state
frame00520.jpg invalid_tracker_state
frame00521.jpg invalid_tracker_state
frame00522.jpg invalid_tracker_state
frame00523.jpg invalid_tracker_state
frame00524.jpg invalid_tracker_state
frame00525.jpg invalid_tracker_state
frame00526.jpg invalid_tracker_state
frame00527.jpg invalid_tracker_state
frame00528.jpg invalid_tracker_state
frame00529.jpg invalid_tracker_state
frame00530.jpg invalid_tracker_state
frame00531.jpg invalid_tracker_state
frame00532.jpg invalid_tracker_state
frame00533.jpg invalid_tracker_state
frame00534.jpg invalid_tracker_state
frame00535.jpg invalid_tracker_state
frame00536.jpg invalid_tracker_state
frame00537.jpg invalid_tracker_state
frame00538.jpg invalid_tracker_state
frame00539.jpg invalid_tracker_state
frame00540.jpg invalid_tracker_state
frame00541.jpg invalid_tracker_state
frame00542.jpg invalid_tracker_state
frame00543.jpg invalid_tracker_state
frame00544.jpg invalid_tracker_state
frame00545.jpg invalid_tracker_state
frame00546.jpg invalid_tracker_state
frame00547.jpg invalid_tracker_state
frame00548.jpg invalid_tracker_state
frame00549.jpg invalid_tracker_state
frame00550.jpg invalid_tracker_state
frame00551.jpg invalid_tracker_state
frame00552.jpg invalid_tracker_state
frame00553.jpg invalid_tracker_state
frame00554.jpg invalid_tracker_state
frame00555.jpg invalid_tracker_state
frame00556.jpg invalid_tracker_state
frame00557.jpg invalid_tracker_state
frame00558.jpg invalid_tracker_state
frame00559.jpg invalid_tracker_state
frame00560.jpg invalid_tracker_state
frame00561.jpg invalid_tracker_state
frame00562.jpg invalid_tracker_state
frame00563.jpg invalid_tracker_state
frame00564.jpg invalid_tracker_state
frame00565.jpg invalid_tracker_state
frame00566.jpg invalid_tracker_state
frame00567.jpg invalid_tracker_state
frame00568.jpg invalid_tracker_state
frame00569.jpg invalid_tracker_state
frame00570.jpg invalid_tracker_state
frame00571.jpg invalid_tracker_state
frame00572.jpg invalid_tracker_state
frame00573.jpg invalid_tracker_state
frame00574.jpg invalid_tracker_state
frame00575.jpg invalid_tracker_state
frame00576.jpg invalid_tracker_state
frame00577.jpg invalid_tracker_state
frame00578.jpg invalid_tracker_state
frame00579.jpg invalid_tracker_state
frame00580.jpg invalid_tracker_state
frame00581.jpg invalid_tracker_state
frame00582.jpg invalid_tracker_state
