frame ulx uly urx ury lrx lry llx lly
frame00001.jpg      136.000000       75.000000      540.000000       75.000000      540.000000      373.000000      136.000000      373.000000
frame00002.jpg      140.629021       76.138737      542.965141       77.391017      542.337514      373.878168      139.396300      372.443883
frame00003.jpg      145.071335       76.677406      545.944768       79.104580      544.302507      375.225564      142.707014      372.670491
frame00004.jpg      148.801393       78.122846      548.306900       81.821663      545.793115      377.957557      145.635263      374.260751
frame00005.jpg      152.315657       81.095208      550.227875       85.807709      547.345819      380.529609      148.693489      375.902681
frame00006.jpg      156.660350       83.665514      552.764026       89.055535      550.185525      382.260234      152.653378      376.842614
frame00007.jpg      161.220511       85.685176      556.051185       91.087420      553.872142      382.874355      157.445822      377.181854
frame00008.jpg      166.759487       86.841727      560.396189       92.116689      558.155332      382.436120      162.934460      376.501433
frame00009.jpg      171.910924       86.737685      564.566831       91.727451      561.805688      381.528453      167.702163      375.152504
frame00010.jpg      176.104053       86.427990      568.037559       91.352302      564.544910      380.838227      171.552224      374.236322
frame00011.jpg      178.917802       86.163424      570.143168       91.233526      566.099884      380.234681      174.134613      373.630890
frame00012.jpg      181.192429       85.957686      571.685088       91.013663      567.831700      379.329904      176.678908      372.915333
frame00013.jpg      183.890349       86.201108      573.770315       91.146296      570.047595      379.289359      180.048562      372.937303
frame00014.jpg      187.244674       87.046288      576.031025       91.778708      572.512099      379.017362      183.649261      372.823131
frame00015.jpg      190.365456       87.602324      578.080113       91.997904      574.577244      378.581401      186.781486      372.809059
frame00016.jpg      192.953302       88.279632      579.718034       92.325914      576.340272      377.908842      189.685171      372.542100
frame00017.jpg      195.167688       88.371509      580.953905       92.138566      577.483914      376.811892      192.044574      371.878245
frame00018.jpg      197.123520       88.300846      581.762042       92.067694      578.462782      375.449796      194.285397      370.888801
frame00019.jpg      198.909790       87.061480      582.651422       90.734215      578.965197      373.016721      195.935058      368.836892
frame00020.jpg      199.648808       85.863935      582.637470       89.416467      578.455724      371.027225      196.751152      367.406981
frame00021.jpg      199.746218       84.237507      581.889231       87.716942      577.680944      368.035739      197.183274      365.177819
frame00022.jpg      199.651593       82.490921      580.990818       86.116540      576.415271      366.338412      197.368075      364.090016
frame00023.jpg      199.383274       82.408705      579.589049       86.466514      574.669938      365.839667      197.083010      363.889180
frame00024.jpg      198.695042       82.672495      577.504113       87.231564      572.235132      365.522401      196.104724      363.836404
frame00025.jpg      197.687759       82.798231      575.041658       88.047081      569.473321      365.192063      194.746927      363.753896
frame00026.jpg      196.170116       83.090580      572.101339       89.209403      566.346606      365.244840      193.006816      363.938441
frame00027.jpg      195.009463       83.677888      569.582794       90.508404      564.079663      364.962437      192.152159      363.783409
frame00028.jpg      194.354038       83.339511      567.684391       90.868679      562.302847      363.582167      191.636669      362.610405
frame00029.jpg      194.212995       82.370689      566.286187       90.287972      561.066460      362.417122      191.651685      361.635420
frame00030.jpg      194.557712       82.642908      565.564739       90.571697      560.948062      361.548714      192.996158      361.060845
frame00031.jpg      196.068649       81.994472      565.977352       89.573168      561.764346      359.423119      195.021196      359.311197
frame00032.jpg      198.178691       80.618694      567.252018       88.086585      563.001138      357.606188      197.537466      357.529118
frame00033.jpg      200.637602       80.037661      568.783442       87.844018      563.898423      357.325565      199.838760      356.926275
frame00034.jpg      202.747313       80.316840      569.712910       88.660333      564.370791      356.878761      201.550678      356.217810
frame00035.jpg      204.598251       79.982894      570.399920       88.869726      564.398851      356.298824      202.960729      355.470371
frame00036.jpg      205.617611       79.991182      570.268797       89.248214      563.762040      355.625857      203.805487      354.955277
frame00037.jpg      206.208260       80.357037      569.474840       89.906522      562.863703      355.757769      204.525986      355.434749
frame00038.jpg      206.863885       81.192597      568.554742       90.907375      561.826679      354.999156      204.917469      355.044591
frame00039.jpg      206.629946       81.292780      566.878198       90.955279      559.889096      353.777249      204.623679      354.389164
frame00040.jpg      205.819865       80.912498      564.577291       90.575694      557.928363      351.862604      204.303750      353.339832
frame00041.jpg      205.055643       80.132155      562.321932       89.631748      555.457269      350.004408      203.464817      352.235956
frame00042.jpg      203.300910       79.722007      559.124067       89.123622      552.439877      347.924828      202.023642      351.013192
frame00043.jpg      200.506312       77.777419      555.151237       86.555864      548.647695      343.951369      199.862708      348.442624
frame00044.jpg      196.530078       74.620500      550.283900       82.825235      544.546687      339.236842      197.164385      345.407366
frame00045.jpg      192.498602       71.098354      545.538239       78.569241      540.602893      334.039684      194.765833      341.922196
frame00046.jpg      189.343165       67.134148      541.858328       74.201253      537.131378      328.678894      193.082770      338.000049
frame00047.jpg      187.281314       64.733113      538.813294       71.728040      534.522740      325.342678      191.995928      335.587375
frame00048.jpg      185.585466       60.443960      536.292096       67.372013      531.840609      320.055675      191.079911      330.762843
frame00049.jpg      184.287043       57.390564      534.089288       64.938079      529.345957      316.881532      190.595770      328.202526
frame00050.jpg      184.164685       56.937036      532.425249       65.227967      527.380198      317.244862      190.604332      328.480517
frame00051.jpg      184.508248       58.331057      530.852831       67.542939      525.460250      318.164930      190.511096      329.114580
frame00052.jpg      185.049319       59.545242      529.251675       69.735101      523.636006      319.473960      190.443999      330.294169
frame00053.jpg      185.700424       62.510721      527.974335       72.913996      522.979148      322.054757      191.842134      332.962918
frame00054.jpg      188.109440       66.147747      528.211814       76.513260      524.001398      323.180439      194.603402      334.181388
frame00055.jpg      191.592572       68.063280      529.729402       78.318810      526.106607      325.060490      198.166918      336.249113
frame00056.jpg      195.355306       71.689081      531.579105       81.434577      527.995216      326.144838      201.634186      337.662913
frame00057.jpg      198.613373       73.845912      533.198342       82.887568      529.813381      326.230854      204.874590      338.436539
frame00058.jpg      200.624895       75.027089      533.940785       83.275604      530.725970      325.516225      207.177982      338.601596
frame00059.jpg      201.897768       74.544111      534.052966       81.709699      531.018900      322.697677      208.533065      336.728961
frame00060.jpg      202.154980       71.362175      533.533314       77.581451      530.812300      318.042956      210.045844      333.315783
frame00061.jpg      202.545074       68.833390      533.171169       74.458180      530.303678      314.376576      210.960165      330.477325
frame00062.jpg      201.863269       65.524685      531.723724       70.460120      528.281458      309.702558      210.752031      326.927717
frame00063.jpg      199.524583       62.337376      528.529658       67.002656      524.433024      305.463728      208.313015      323.854477
frame00064.jpg      194.967076       60.221885      522.947907       65.200398      517.516098      302.760535      203.166409      322.998352
frame00065.jpg      188.687756       59.887979      515.408882       65.152244      509.345566      301.048497      196.310715      323.124356
frame00066.jpg      181.163584       60.017706      506.165069       65.347203      501.390890      300.490659      190.702617      323.984557
frame00067.jpg      176.100730       61.274966      498.993378       66.635069      496.308752      299.689083      188.184562      323.657850
frame00068.jpg      173.185434       59.778209      494.469869       65.322953      492.368352      296.738887      186.449328      321.510285
frame00069.jpg      171.814580       59.524201      491.421082       64.958672      490.111099      296.362731      186.602819      322.248677
frame00070.jpg      172.964163       62.340701      490.248081       67.344912      489.635036      297.862551      188.780188      324.230354
frame00071.jpg      175.593726       65.305380      490.223813       70.160083      489.867069      298.819684      191.265992      325.364034
frame00072.jpg      179.139614       67.420036      491.111866       72.521493      490.855149      299.879199      194.648094      326.174532
frame00073.jpg      183.642714       69.305872      493.219493       74.691147      493.204289      300.814463      199.124961      326.898620
frame00074.jpg      189.214891       71.348185      496.353001       76.746734      496.235859      301.468731      204.024536      327.383803
frame00075.jpg      195.138021       73.002319      499.860843       77.988926      499.525945      300.994815      209.335072      327.083425
frame00076.jpg      199.347684       72.560557      502.090717       76.696556      501.132894      298.935058      212.918157      325.383770
frame00077.jpg      200.789551       72.448042      501.964391       76.135068      500.646410      297.943173      214.403033      325.135628
frame00078.jpg      201.429041       73.008410      500.724359       76.395484      499.640918      297.484341      215.135665      325.292863
frame00079.jpg      201.501602       73.517169      499.246059       76.652712      498.485510      296.295040      215.689677      324.973924
frame00080.jpg      201.597354       73.717582      497.295935       76.488039      497.164615      296.492819      216.056477      326.332343
frame00081.jpg      201.776363       76.707549      495.797987       79.126797      495.277435      298.787790      215.888797      329.349195
frame00082.jpg      200.268968       79.697974      492.440859       82.000218      491.940662      299.604282      213.995432      331.175780
frame00083.jpg      197.815093       80.956689      488.182389       82.935297      488.980234      298.708124      212.871375      331.178715
frame00084.jpg      196.999110       80.504173      485.742569       82.019836      487.807825      297.106728      213.617838      330.649095
frame00085.jpg      198.324697       81.408044      485.355219       82.226942      488.764999      297.210244      216.559660      331.938286
frame00086.jpg      202.031488       83.525682      486.832699       83.121240      491.094213      296.350564      220.989053      331.958158
frame00087.jpg      205.417891       84.147172      488.199343       82.480673      492.733141      295.286180      224.779814      331.966672
frame00088.jpg      208.067705       85.313283      488.642589       82.308778      493.618646      293.720832      227.658077      331.235654
frame00089.jpg      209.305063       84.628252      488.162419       80.703814      493.077517      291.566444      229.284057      330.285615
frame00090.jpg      209.246170       85.531256      485.857758       80.990059      491.028807      290.718110      229.152473      330.105961
frame00091.jpg      211.745516       82.772050      479.148074       77.342256      491.736512      293.707223      223.491153      335.039338
frame00092.jpg      209.548618       79.622731      472.027904       72.566822      494.988386      300.191262      222.043968      342.209858
frame00093.jpg      208.434904       77.780338      467.658334       68.048947      501.416162      308.600095      223.183507      347.162796
frame00094.jpg      207.383596       74.440811      463.295789       65.290498      509.510735      320.260267      221.167294      356.640190
frame00095.jpg      207.174371       73.521320      462.788741       64.371435      509.815837      321.333237      221.368126      358.048475
frame00096.jpg      205.752575       71.619467      462.598660       61.022163      510.751378      323.212223      222.347508      360.583923
frame00097.jpg      205.755516       71.608652      462.590045       61.011085      510.762885      323.240501      222.341644      360.626118
frame00098.jpg      204.662517       69.302926      462.273194       58.236321      511.568951      325.538290      223.097999      363.305585
frame00099.jpg      204.389568       67.071904      461.512069       53.787556      514.254606      330.541654      222.844886      369.584711
frame00100.jpg      204.405206       67.082198      461.502067       53.777024      514.279009      330.575201      222.832408      369.642933
frame00101.jpg      209.567348       71.066788      460.159914       51.884011      519.204499      336.262375      220.101679      376.431223
frame00102.jpg      209.583121       71.078179      460.148464       51.878771      519.232263      336.302543      220.085513      376.495128
frame00103.jpg      211.941643       73.378292      459.435713       50.916063      521.735360      338.898382      218.772561      380.113212
frame00104.jpg      211.955237       73.388678      459.425259       50.910198      521.763439      338.934176      218.762478      380.165444
frame00105.jpg      211.974847       73.400514      459.414197       50.903698      521.794490      338.975603      218.751606      380.223685
frame00106.jpg      223.976645       80.128841      457.191530       47.627919      533.410473      353.371791      211.141911      397.035178
frame00107.jpg      226.847923       81.782556      456.595863       47.279892      536.451529      357.032355      208.737515      401.987022
frame00108.jpg      226.849945       81.783305      456.594836       47.279788      536.455465      357.038418      208.735008      401.994741
frame00109.jpg      229.048011       82.598672      455.881115       46.972278      539.221503      360.813833      205.643350      408.534659
frame00110.jpg      230.886046       82.818823      454.927198       46.856462      541.773685      364.706694      203.302337      414.821539
frame00111.jpg      230.887635       82.818906      454.926215       46.855629      541.777934      364.713814      203.300064      414.830641
frame00112.jpg      231.142811       81.197397      453.462069       44.613382      545.856404      371.888923      201.993093      423.056556
frame00113.jpg      231.143403       81.196457      453.460912       44.612036      545.858935      371.894790      201.990818      423.065582
frame00114.jpg      231.144385       81.196001      453.459709       44.610802      545.862671      371.901647      201.988964      423.074772
frame00115.jpg      231.145333       81.195841      453.458423       44.609896      545.866403      371.908340      201.986247      423.084695
frame00116.jpg      231.146604       81.195838      453.457269       44.608997      545.869912      371.915113      201.983640      423.094608
frame00117.jpg      231.176380       81.206366      453.437385       44.590208      545.957661      372.063581      201.915286      423.313770
frame00118.jpg      231.177486       81.207103      453.436400       44.589480      545.961564      372.069273      201.912739      423.322533
frame00119.jpg      231.178829       81.207885      453.435476       44.588567      545.966158      372.075654      201.910677      423.330996
frame00120.jpg      231.180287       81.208513      453.434593       44.587758      545.970555      372.082444      201.907967      423.340042
frame00121.jpg      231.181929       81.209218      453.433663       44.586939      545.974537      372.089692      201.904466      423.350952
frame00122.jpg      231.183327       81.209877      453.432655       44.585879      545.978370      372.096166      201.901250      423.362069
frame00123.jpg      231.812379       81.620009      453.162872       44.147313      547.584519      374.494014      200.816721      426.971243
frame00124.jpg      236.291332       83.565510      452.106319       41.608342      556.329724      386.881452      194.204631      443.541619
frame00125.jpg      236.292587       83.566062      452.105790       41.607411      556.333524      386.887498      194.202029      443.550428
frame00126.jpg      236.293653       83.566224      452.104975       41.606720      556.337716      386.894685      194.199131      443.560300
frame00127.jpg      236.303590       83.564229      452.093996       41.598105      556.389044      386.979255      194.174025      443.659398
frame00128.jpg      236.304234       83.563856      452.093036       41.597176      556.391903      386.985006      194.172116      443.667664
frame00129.jpg      236.412703       82.273469      451.316894       39.582807      558.980052      392.012814      193.046698      451.542343
frame00130.jpg      236.992154       79.743626      450.105926       36.554436      563.049818      401.109890      189.635016      465.632314
frame00131.jpg      237.030494       79.732240      450.081492       36.520849      563.194882      401.394485      189.541788      465.973931
frame00132.jpg      237.087013       79.733740      450.039821       36.501132      563.391857      401.766697      189.402947      466.439443
frame00133.jpg      237.531770       79.844674      449.850367       36.285921      564.858167      404.253923      188.684402      469.267133
frame00134.jpg      239.235499       80.905034      449.283243       35.383147      568.264612      409.200860      186.747148      476.340052
frame00135.jpg      239.315803       80.930765      449.248507       35.335335      568.550273      409.680410      186.601270      476.908750
frame00136.jpg      239.317443       80.931732      449.247750       35.333960      568.556990      409.690085      186.598344      476.921701
frame00137.jpg      239.319164       80.932483      449.246715       35.332644      568.563982      409.701185      186.594674      476.936564
frame00138.jpg      239.907671       81.370665      448.830736       34.400407      571.088906      413.804901      185.091908      483.583991
frame00139.jpg      241.338091       81.996222      448.687965       31.867144      575.329663      420.980958      182.718059      494.092599
frame00140.jpg      241.339903       81.996834      448.686925       31.865182      575.337580      420.993984      182.712152      494.113710
frame00141.jpg      242.635463       82.397463      448.879633       29.587090      578.536568      427.436533      178.601045      505.486761
frame00142.jpg      242.637466       82.398166      448.878428       29.584761      578.545876      427.453264      178.593859      505.512989
frame00143.jpg      242.639826       82.398981      448.877173       29.582465      578.556957      427.472092      178.585990      505.540079
frame00144.jpg      242.641695       82.399702      448.875488       29.580200      578.564740      427.486191      178.579385      505.564621
frame00145.jpg      242.643778       82.400362      448.874429       29.577712      578.573250      427.501326      178.573063      505.587712
frame00146.jpg      242.646156       82.400552      448.872974       29.575376      578.585562      427.522311      178.565909      505.614144
frame00147.jpg      242.648152       82.401402      448.871703       29.572799      578.596252      427.539090      178.559375      505.639956
frame00148.jpg      242.650783       82.402243      448.870478       29.569690      578.609481      427.560460      178.551384      505.669219
frame00149.jpg      242.653183       82.402686      448.869388       29.566907      578.620111      427.580156      178.543450      505.697445
frame00150.jpg      242.872385       82.449384      448.731656       29.319468      579.611741      429.533786      177.740450      508.516065
frame00151.jpg      242.875336       82.449667      448.729968       29.316607      579.624170      429.556319      177.731255      508.549543
frame00152.jpg      242.878898       82.449392      448.728011       29.312787      579.637945      429.584232      177.721118      508.588658
frame00153.jpg      242.918268       82.453232      448.697048       29.273306      579.837521      429.938018      177.601689      509.067933
frame00154.jpg      242.923137       82.453698      448.694671       29.269152      579.860356      429.977329      177.589455      509.114693
frame00155.jpg      242.927811       82.453723      448.691864       29.264903      579.878366      430.011957      177.576655      509.162281
frame00156.jpg      242.931636       82.454204      448.690333       29.261401      579.895393      430.040222      177.568547      509.194837
frame00157.jpg      243.210141       82.485289      448.522385       28.971607      581.183053      432.368823      176.753080      512.339633
frame00158.jpg      243.211644       82.485413      448.520608       28.969237      581.191141      432.384303      176.746220      512.366942
frame00159.jpg      243.213579       82.486067      448.518554       28.966434      581.202129      432.403328      176.737916      512.399041
frame00160.jpg      243.266585       82.501016      448.473018       28.920938      581.512572      432.911356      176.566758      513.072274
frame00161.jpg      243.268483       82.501845      448.471265       28.918423      581.521567      432.926840      176.558976      513.101052
frame00162.jpg      243.270263       82.502063      448.469740       28.916090      581.530069      432.941704      176.550567      513.128994
frame00163.jpg      243.272409       82.502524      448.467754       28.913512      581.542613      432.964326      176.541823      513.161856
frame00164.jpg      243.274408       82.502809      448.466059       28.911321      581.550031      432.980787      176.532645      513.191928
frame00165.jpg      243.453406       82.524984      448.310175       28.681983      582.164601      434.522168      175.662803      516.101926
frame00166.jpg      243.455352       82.525412      448.308509       28.679901      582.171950      434.537711      175.654122      516.131211
frame00167.jpg      243.457289       82.526032      448.306639       28.677726      582.179807      434.552854      175.646013      516.160593
frame00168.jpg      243.459048       82.526221      448.305249       28.675663      582.185776      434.566836      175.637575      516.187855
frame00169.jpg      243.461363       82.526621      448.303794       28.673678      582.194621      434.584227      175.630031      516.214338
frame00170.jpg      243.464180       82.526867      448.302227       28.670941      582.206617      434.605565      175.623020      516.242857
frame00171.jpg      243.467012       82.528009      448.300651       28.668108      582.219250      434.625770      175.614617      516.274321
frame00172.jpg      243.508161       82.534714      448.284738       28.627268      582.373980      434.906065      175.513794      516.652240
frame00173.jpg      243.511034       82.534668      448.282924       28.623693      582.384853      434.928899      175.504013      516.689045
frame00174.jpg      243.514653       82.535009      448.280427       28.619957      582.401307      434.959561      175.492480      516.732621
frame00175.jpg      243.518380       82.535564      448.278689       28.616264      582.416538      434.988644      175.481688      516.772578
frame00176.jpg      243.522711       82.537119      448.277218       28.612287      582.437246      435.021966      175.471140      516.812805
frame00177.jpg      243.526438       82.538699      448.275638       28.608652      582.453878      435.048995      175.461760      516.850189
frame00178.jpg      243.530230       82.539308      448.273460       28.605015      582.472453      435.081021      175.451086      516.890661
frame00179.jpg      243.534186       82.539471      448.271361       28.600726      582.489863      435.114594      175.437871      516.938089
frame00180.jpg      243.633593       82.554749      448.216461       28.515134      582.990855      435.973629      175.158770      517.974916
frame00181.jpg      243.637451       82.554625      448.213413       28.511103      583.007518      436.005907      175.144533      518.024243
frame00182.jpg      243.642097       82.555278      448.210907       28.506999      583.031062      436.046062      175.131370      518.072866
frame00183.jpg      248.179576       85.849751      446.581905       24.241262      597.243473      454.851071      165.370874      546.782947
frame00184.jpg      260.435997       92.551197      438.116016        7.221295      660.357790      551.190777      101.564335      750.180922
frame00185.jpg      260.438069       92.550643      438.114064        7.219587      660.376878      551.230048      101.540278      750.259182
frame00186.jpg      261.766568       91.704371      436.677666        4.416331      669.318006      570.024050       85.934661      803.128745
frame00187.jpg      262.943885       90.788614      434.999436        1.942719      685.579910      600.231546       66.951119      866.903747
frame00188.jpg      262.944065       90.788502      434.999249        1.942533      685.582160      600.236170       66.948021      866.913677
frame00189.jpg      263.353789       90.562471      434.720292        1.625396      691.704685      611.844179       61.806568      883.908008
frame00190.jpg      263.354031       90.562301      434.720116        1.625240      691.707828      611.850508       61.803362      883.918517
frame00191.jpg      263.593219       90.385373      434.535144        1.433844      694.356502      617.639131       58.626813      894.308713
frame00192.jpg      263.593449       90.385223      434.534916        1.433668      694.359602      617.645479       58.622962      894.321177
frame00193.jpg      263.807558       90.283702      434.333022        1.274895      697.557762      623.906780       55.099269      905.912312
frame00194.jpg      263.807845       90.283590      434.332808        1.274714      697.561961      623.914688       55.095156      905.925593
frame00195.jpg      263.808108       90.283534      434.332587        1.274539      697.565996      623.921821       55.091274      905.938342
frame00196.jpg      263.808415       90.283509      434.332340        1.274354      697.570458      623.930252       55.086593      905.953513
frame00197.jpg      263.808683       90.283482      434.332065        1.274148      697.574715      623.938389       55.081513      905.969878
frame00198.jpg      264.098638       90.268232      434.053008        1.072998      702.585337      632.656456       50.088111      922.157997
frame00199.jpg      264.098923       90.268313      434.052728        1.072766      702.590652      632.665551       50.082290      922.176455
frame00200.jpg      265.367506       90.581719      433.166173       -0.732338      717.993672      658.318054       29.430553      990.156628
frame00201.jpg      267.730255       91.913087      431.019267       -4.382544      746.044129      703.082739      -13.695400     1131.638177
frame00202.jpg      267.805453       91.918096      430.952363       -4.433564      747.849299      706.132715      -15.769897     1138.391453
frame00203.jpg      276.096740       91.755716      424.031298      -14.105986      971.795332     1064.526567     -360.748010     2253.013016
frame00204.jpg      280.012329       91.022916      420.729027      -17.045578     1225.960802     1478.866930    -1188.759429     4895.802412
frame00205.jpg      281.087017       90.376932      419.744151      -18.144879     1382.102876     1741.928760    -1867.534339     7074.062907
frame00206.jpg      281.090716       90.373493      419.741020      -18.146337     1382.908562     1743.325183    -1872.175911     7088.912225
frame00207.jpg      281.090727       90.373486      419.741008      -18.146341     1382.911081     1743.329466    -1872.192383     7088.964970
frame00208.jpg      281.099084       90.367137      419.731046      -18.150646     1384.735760     1746.459896    -1886.817469     7135.697326
frame00209.jpg      281.099094       90.367129      419.731035      -18.150649     1384.738272     1746.464204    -1886.834155     7135.750518
frame00210.jpg      281.099102       90.367127      419.731024      -18.150651     1384.740774     1746.468365    -1886.850318     7135.802138
frame00211.jpg      281.104154       90.363986      419.726182      -18.151608     1386.215214     1748.931572    -1894.468232     7160.192925
frame00212.jpg      281.975492       89.754740      418.645161      -19.166199     1539.573515     1994.124145    -4538.846683    15582.256100
frame00213.jpg      282.096678       89.649641      418.560720      -19.213640     1573.021905     2051.258836    -5317.154028    18064.000334
frame00214.jpg      284.264622       87.512978      416.378230      -21.319204     2677.324341     3917.590373     3621.584885   -10488.482637
frame00215.jpg      284.264623       87.512977      416.378229      -21.319204     2677.325569     3917.592452     3621.581608   -10488.472127
frame00216.jpg      284.291353       87.481036      416.356337      -21.326659     2706.976524     3968.479555     3547.494623   -10250.937492
frame00217.jpg      284.295654       87.476651      416.353647      -21.328192     2711.807595     3976.692848     3538.030640   -10220.650087
frame00218.jpg      284.737710       87.112687      415.958035      -21.676356     3289.642793     4952.585590     2611.431577    -7251.513670
frame00219.jpg      284.854698       86.997770      415.863888      -21.708473     3541.850267     5378.185850     2473.358035    -6810.565898
frame00220.jpg      284.855398       86.997119      415.863171      -21.708614     3543.637342     5381.212930     2472.299527    -6807.180217
frame00221.jpg      284.975195       86.921302      415.724784      -21.735412     3889.632731     5967.245888     2294.322260    -6237.704972
frame00222.jpg      285.085506       86.843906      415.602749      -21.764256     4329.961248     6709.392451     2160.129882    -5808.901727
frame00223.jpg      285.118259       86.819010      415.571559      -21.775340     4487.287815     6974.276170     2127.426075    -5704.522025
frame00224.jpg      285.118261       86.819009      415.571558      -21.775340     4487.292849     6974.284628     2127.424956    -5704.518443
frame00225.jpg      285.432562       86.715239      415.009728      -22.089851     6358.688981    10131.081676     1750.811432    -4497.719866
frame00226.jpg      285.459484       86.697955      414.983304      -22.094823     6613.820785    10562.844986     1733.196391    -4441.051295
frame00227.jpg      285.571579       86.613896      414.893234      -22.140279     7841.282006    12634.267882     1671.262922    -4242.642853
frame00228.jpg      285.572429       86.613549      414.892199      -22.140584     7856.271614    12659.530740     1670.613600    -4240.559005
frame00229.jpg      285.572430       86.613549      414.892197      -22.140584     7856.285588    12659.554277     1670.612981    -4240.557025
frame00230.jpg      285.572431       86.613548      414.892196      -22.140585     7856.303006    12659.583640     1670.612281    -4240.554785
frame00231.jpg      287.289606       86.066169      412.910934      -23.939272    -4743.271696    -8481.389649     1122.193370    -2481.925473
frame00232.jpg      287.580986       85.763740      412.408420      -24.293356    -2885.451041    -5390.139584     1027.521904    -2179.528666
frame00233.jpg      287.582083       85.763546      412.407231      -24.293328    -2881.106466    -5382.854836     1027.315064    -2178.860889
frame00234.jpg      287.683032       85.705503      412.299611      -24.315903    -2550.285529    -4830.315330     1008.894527    -2119.416770
frame00235.jpg      287.683043       85.705497      412.299599      -24.315904    -2550.258927    -4830.271179     1008.892616    -2119.410617
frame00236.jpg      287.693570       85.700607      412.285252      -24.316965    -2516.598682    -4774.133580     1006.656460    -2112.257779
frame00237.jpg      287.926571       85.640313      412.031780      -24.376664    -1956.837507    -3836.305538      968.322736    -1990.335400
frame00238.jpg      288.722196       84.998039      411.417128      -24.969338    -1157.867125    -2508.491534      885.997993    -1728.517845
frame00239.jpg      288.722214       84.998029      411.417111      -24.969343    -1157.855909    -2508.472514      885.996242    -1728.512252
frame00240.jpg      288.722234       84.998016      411.417093      -24.969349    -1157.843634    -2508.451827      885.994325    -1728.506116
frame00241.jpg      288.722256       84.997999      411.417072      -24.969357    -1157.828251    -2508.425984      885.992046    -1728.498816
frame00242.jpg      288.722279       84.997982      411.417051      -24.969364    -1157.811626    -2508.398075      885.989757    -1728.491486
frame00243.jpg      288.950737       84.858098      411.231378      -25.064369    -1018.267586    -2275.258685      865.465531    -1662.947531
frame00244.jpg      288.950762       84.858074      411.231360      -25.064374    -1018.254578    -2275.237263      865.463616    -1662.941357
frame00245.jpg      272.557429       86.382386      427.672569        0.714974      814.710384      871.018039     -210.771705     1691.402507
frame00246.jpg      271.584322       86.789873      428.551355        2.777724      785.527327      817.815306     -156.431461     1518.918149
frame00247.jpg      271.584193       86.789912      428.551475        2.777857      785.523421      817.807780     -156.424056     1518.894898
frame00248.jpg      271.584053       86.789952      428.551598        2.777982      785.518813      817.798921     -156.416076     1518.870030
frame00249.jpg      271.583912       86.789998      428.551721        2.778100      785.514156      817.789926     -156.407592     1518.843772
frame00250.jpg      271.583779       86.790033      428.551832        2.778226      785.509903      817.781882     -156.400148     1518.820528
frame00251.jpg      271.583647       86.790070      428.551943        2.778363      785.505923      817.774351     -156.393227     1518.798741
frame00252.jpg      271.583511       86.790114      428.552059        2.778474      785.501880      817.766458     -156.386101     1518.776571
frame00253.jpg      271.583402       86.790131      428.552173        2.778600      785.498246      817.759828     -156.379331     1518.755200
frame00254.jpg      271.583268       86.790189      428.552283        2.778726      785.494394      817.752244     -156.371866     1518.732127
frame00255.jpg      265.061685       88.697173      434.849187       15.097786      679.755258      636.569513       20.974265      963.178351
frame00256.jpg      265.061556       88.697206      434.849317       15.097946      679.753079      636.565291       20.977105      963.169301
frame00257.jpg      264.545954       88.964050      435.359403       16.132958      672.807834      622.476913       31.603422      928.701308
frame00258.jpg      264.163001       89.007360      435.726329       17.071464      667.994376      614.296086       41.080419      899.454057
frame00259.jpg      264.016161       89.041434      435.833403       17.271724      666.142109      610.522305       43.563220      891.682282
frame00260.jpg      264.014822       89.042261      435.834310       17.273821      666.126745      610.487583       43.585719      891.612027
frame00261.jpg      264.013748       89.042763      435.835427       17.275677      666.114469      610.459609       43.608494      891.540897
frame00262.jpg      263.708045       89.359926      436.232379       18.459583      661.583087      600.971105       50.964297      866.753039
frame00263.jpg      263.588289       89.423754      436.317403       18.642377      660.186033      597.880491       52.799688      861.002498
frame00264.jpg      263.586771       89.424661      436.318686       18.643930      660.167634      597.840289       52.823374      860.928210
frame00265.jpg      263.585128       89.425571      436.319609       18.645990      660.147820      597.798489       52.845497      860.857547
frame00266.jpg      263.583718       89.426421      436.320443       18.648071      660.134588      597.765860       52.868880      860.787167
frame00267.jpg      263.572619       89.427875      436.331136       18.667099      659.974463      597.446820       53.105011      860.054103
frame00268.jpg      263.348025       90.115102      436.908062       21.143809      652.014929      582.867763       62.975565      825.233731
frame00269.jpg      263.100421       91.000134      437.664711       23.591921      645.822097      569.252526       73.127541      789.135156
frame00270.jpg      262.629552       91.490060      438.489209       26.048096      637.830755      554.585928       82.458368      756.592158
frame00271.jpg      262.207026       91.767038      438.864295       27.236919      633.994935      546.036754       89.978262      733.835230
frame00272.jpg      262.206055       91.767260      438.865373       27.238516      633.984005      546.014405       89.994744      733.784823
frame00273.jpg      262.098279       91.808098      438.935063       27.420415      633.022107      543.983511       91.323739      729.656752
frame00274.jpg      262.097020       91.808618      438.936011       27.422664      633.011298      543.957948       91.342541      729.600014
frame00275.jpg      262.095648       91.809118      438.936977       27.424733      632.997238      543.928141       91.360018      729.546488
frame00276.jpg      262.093915       91.809670      438.937922       27.426787      632.980773      543.893658       91.378550      729.490649
frame00277.jpg      261.450947       92.174978      439.535939       29.066271      625.921752      529.894723       99.925104      701.401297
frame00278.jpg      261.449823       92.175256      439.536986       29.068276      625.909625      529.868160       99.943933      701.347272
frame00279.jpg      261.448539       92.175530      439.537953       29.070269      625.896872      529.840683       99.961930      701.295071
frame00280.jpg      261.447050       92.175927      439.539021       29.072052      625.883523      529.811654       99.978966      701.244641
frame00281.jpg      261.445780       92.176649      439.540139       29.073843      625.874130      529.786967       99.997728      701.191541
frame00282.jpg      261.444851       92.176988      439.541311       29.075951      625.865669      529.768337      100.013548      701.143541
frame00283.jpg      261.444029       92.177019      439.542641       29.077832      625.856400      529.749468      100.029190      701.095958
frame00284.jpg      261.443126       92.176950      439.543665       29.079710      625.848125      529.731176      100.045222      701.048816
frame00285.jpg      261.442008       92.177190      439.544841       29.081531      625.837692      529.707713      100.061293      701.000502
frame00286.jpg      261.441003       92.177162      439.545700       29.083242      625.826504      529.686275      100.074252      700.959832
frame00287.jpg      261.023338       91.956659      440.296318       32.102591      620.244581      520.373989      104.315343      680.872115
frame00288.jpg      261.022109       91.956548      440.297606       32.103817      620.233265      520.350726      104.330705      680.826352
frame00289.jpg      259.058746       91.099200      441.407349       38.035870      608.458896      499.191036      115.227520      640.225105
frame00290.jpg      259.057268       91.099729      441.408365       38.037430      608.447359      499.166377      115.239695      640.187981
frame00291.jpg      257.670016       92.868970      443.323115       51.300929      589.397736      460.659811      133.146482      564.453273
frame00292.jpg      257.668018       92.869083      443.324610       51.302636      589.385649      460.634045      133.160938      564.413548
frame00293.jpg      257.666011       92.870088      443.326027       51.304422      589.374005      460.606031      133.175106      564.374386
frame00294.jpg      257.572525       92.924269      443.474885       51.531815      588.804805      459.088803      134.459786      560.711447
frame00295.jpg      257.499611       94.538997      443.783357       54.970479      587.899316      452.402428      138.083666      543.107378
frame00296.jpg      257.498328       94.539883      443.784595       54.971906      587.892962      452.384612      138.095388      543.076225
frame00297.jpg      257.427221       94.602331      443.881707       55.154371      587.586081      451.381094      138.940440      540.615927
frame00298.jpg      257.827675       96.192815      444.351597       58.170378      585.318103      444.167281      142.111289      525.233247
frame00299.jpg      257.826008       96.193627      444.353121       58.171838      585.306153      444.142806      142.122381      525.202062
frame00300.jpg      257.825080       96.194483      444.354622       58.173501      585.299036      444.125788      142.133032      525.172395
frame00301.jpg      257.823852       96.195297      444.356269       58.175352      585.286605      444.103291      142.142367      525.142440
frame00302.jpg      257.822177       96.196500      444.357710       58.177232      585.277698      444.081092      142.155714      525.108617
frame00303.jpg      257.821182       96.197410      444.359283       58.179180      585.270036      444.063222      142.167052      525.076799
frame00304.jpg      257.819798       96.198526      444.361008       58.180863      585.260171      444.040538      142.178565      525.044376
frame00305.jpg      257.818680       96.199830      444.363043       58.182543      585.252770      444.021108      142.190311      525.011144
frame00306.jpg      257.752624       96.311545      444.539794       58.336039      584.810718      442.768825      142.972016      522.607180
frame00307.jpg      257.751309       96.312758      444.541956       58.337568      584.802779      442.749002      142.981636      522.578424
frame00308.jpg      257.749805       96.313907      444.543704       58.339144      584.792322      442.727052      142.990090      522.551634
frame00309.jpg      257.748556       96.314781      444.545413       58.340639      584.781170      442.705637      142.998695      522.524807
frame00310.jpg      257.607574       96.434135      444.689923       58.537769      584.103316      440.963681      143.922035      519.855638
frame00311.jpg      257.606671       96.435288      444.691803       58.539619      584.096957      440.947636      143.931928      519.826763
frame00312.jpg      257.605408       96.436380      444.693582       58.541504      584.091327      440.931529      143.942281      519.797343
frame00313.jpg      257.604051       96.437363      444.695547       58.543045      584.081805      440.911160      143.951540      519.768675
frame00314.jpg      257.602506       96.438594      444.697567       58.544928      584.074087      440.891471      143.961575      519.738178
frame00315.jpg      257.601243       96.440291      444.699759       58.546825      584.069105      440.873889      143.973225      519.705595
frame00316.jpg      257.599924       96.441399      444.702106       58.548762      584.059017      440.852698      143.984615      519.671320
frame00317.jpg      257.598456       96.442390      444.704074       58.550630      584.050070      440.832836      143.994821      519.640623
frame00318.jpg      257.597344       96.443499      444.705871       58.552299      584.044594      440.816644      144.005147      519.611642
frame00319.jpg      257.595867       96.444818      444.707538       58.554162      584.037769      440.797773      144.014989      519.583199
frame00320.jpg      257.445772       96.551846      444.849807       58.768500      583.505994      439.166432      144.972310      516.907461
frame00321.jpg      257.444098       96.552846      444.852148       58.770862      583.495608      439.144303      144.984648      516.870314
frame00322.jpg      257.442956       96.553421      444.854029       58.772977      583.487772      439.127803      144.994897      516.838966
frame00323.jpg      257.441190       96.553857      444.856660       58.774944      583.472585      439.101650      145.006216      516.801766
frame00324.jpg      257.439016       96.554442      444.859039       58.777023      583.459719      439.075706      145.018739      516.764328
frame00325.jpg      257.437076       96.555056      444.861542       58.779278      583.448356      439.052418      145.031069      516.726510
frame00326.jpg      257.435168       96.555763      444.863551       58.781684      583.440557      439.032192      145.043924      516.690180
frame00327.jpg      257.432856       96.556411      444.866165       58.784235      583.427629      439.005409      145.059292      516.646196
frame00328.jpg      257.257992       96.655741      445.062144       59.051346      582.568655      437.048983      146.227217      513.110243
frame00329.jpg      257.256136       96.656607      445.064408       59.054195      582.558605      437.027407      146.238115      513.074484
frame00330.jpg      257.254544       96.657497      445.067032       59.056966      582.550847      437.008837      146.249442      513.037731
frame00331.jpg      257.252486       96.658395      445.069651       59.059594      582.539724      436.985085      146.260770      513.000763
frame00332.jpg      257.097399       96.742400      445.253599       59.356272      581.901396      435.380615      147.277577      509.755098
frame00333.jpg      257.080493       96.752016      445.267442       59.390375      581.852351      435.236357      147.375459      509.437847
frame00334.jpg      257.078772       96.752726      445.269347       59.393518      581.844662      435.218282      147.388184      509.400028
frame00335.jpg      257.076620       96.753466      445.271953       59.396661      581.834881      435.195628      147.402467      509.357002
frame00336.jpg      257.073824       96.754092      445.274855       59.399817      581.820468      435.166096      147.418603      509.309368
frame00337.jpg      257.071122       96.754352      445.276681       59.402910      581.803336      435.136416      147.431247      509.269695
frame00338.jpg      256.636246       96.817255      445.780895       60.164379      578.816458      429.853440      150.287912      500.224451
frame00339.jpg      256.633942       96.817328      445.782819       60.166874      578.801171      429.828380      150.298651      500.190779
frame00340.jpg      256.452484       96.841404      446.032245       60.422394      577.784450      427.786914      151.490583      496.622145
frame00341.jpg      254.565777       97.956757      449.161954       69.355598      560.432484      400.784649      164.092086      450.872538
frame00342.jpg      249.308961       99.563570      452.700395       79.916171      545.991445      369.009434      182.632140      397.522078
frame00343.jpg      246.916987       98.821419      453.927434       84.219465      540.273428      359.042648      186.263175      384.914960
frame00344.jpg      244.470980       99.070628      455.313571       89.436580      534.038294      346.820526      193.570930      362.885137
frame00345.jpg      244.218534       99.138870      455.439703       89.928419      533.519785      345.635518      194.315375      360.760893
frame00346.jpg      244.216197       99.139126      455.442026       89.933083      533.512517      345.622283      194.322564      360.738693
frame00347.jpg      244.213746       99.139566      455.443279       89.937711      533.507362      345.610745      194.329621      360.718472
frame00348.jpg      244.211935       99.140463      455.444848       89.941508      533.503763      345.600416      194.336989      360.699422
frame00349.jpg      243.966452       99.230002      455.598614       90.333430      533.112236      344.478361      195.111667      358.725089
frame00350.jpg      243.964479       99.230742      455.599787       90.336935      533.109212      344.469279      195.117787      358.708934
frame00351.jpg      243.962912       99.231374      455.601030       90.340042      533.107261      344.461859      195.123695      358.693802
frame00352.jpg      243.961401       99.231676      455.601584       90.342748      533.104529      344.454985      195.128139      358.682050
frame00353.jpg      243.960026       99.232023      455.601666       90.345363      533.102414      344.449105      195.131922      358.671987
frame00354.jpg      243.743548       99.287415      455.613152       90.807640      532.650521      343.401123      195.782477      356.900042
frame00355.jpg      243.734846       99.290287      455.612552       90.830580      532.633399      343.359663      195.805445      356.827399
frame00356.jpg      243.724634       99.293622      455.613582       90.848148      532.610666      343.310156      195.828136      356.760792
frame00357.jpg      175.828272       89.559672      457.198846      149.116099      485.755113      258.218502      239.239460      238.378160
frame00358.jpg      170.355130       89.100524      457.769439      153.120664      484.744286      255.472828      239.430720      233.253808
frame00359.jpg      170.332517       89.096178      457.781082      153.132561      484.741025      255.459906      239.440644      233.223175
frame00360.jpg      170.307669       89.091731      457.796127      153.147622      484.739718      255.445243      239.452788      233.184518
frame00361.jpg      123.609640       46.390345      456.653648      156.412030      462.559061      223.204414      232.883037      171.223862
frame00362.jpg      126.955060       47.308341      456.863016      154.515136      464.168732      224.660709      233.268632      173.114138
frame00363.jpg      127.830784       47.207798      457.021738      153.179809      465.154993      225.618577      233.650209      174.415767
frame00364.jpg      130.955617       47.476815      457.245666      149.625624      467.800187      228.150517      234.582114      177.775597
frame00365.jpg      132.149839       47.281817      457.224120      147.289913      469.607491      229.805747      235.344678      179.933310
frame00366.jpg      132.166386       47.286506      457.219002      147.281883      469.614359      229.813960      235.345533      179.945652
frame00367.jpg      132.797724       47.347196      457.203064      146.525186      470.251026      230.387845      235.526827      180.657358
frame00368.jpg      132.816821       47.353543      457.197595      146.517368      470.259469      230.396812      235.527431      180.669839
frame00369.jpg      132.836555       47.360013      457.192065      146.509499      470.267687      230.405838      235.527761      180.682452
frame00370.jpg      132.856755       47.366847      457.186742      146.501721      470.276280      230.414946      235.528266      180.694993
frame00371.jpg      132.875370       47.372648      457.181195      146.493778      470.283822      230.423617      235.528697      180.707504
frame00372.jpg      140.214132       43.867865      456.265843      127.774886      482.203931      243.249534      239.021200      197.596299
frame00373.jpg      140.048955       43.341779      456.176001      126.720885      482.851280      243.996987      239.257755      198.547984
frame00374.jpg      140.064802       43.344920      456.168823      126.709586      482.861909      244.010188      239.259429      198.565441
frame00375.jpg      140.084660       43.349884      456.161719      126.697569      482.873640      244.024583      239.261222      198.584184
frame00376.jpg      140.104247       43.354353      456.153971      126.684409      482.885972      244.039721      239.263930      198.604053
frame00377.jpg      140.123998       43.357833      456.144975      126.669426      482.899153      244.056674      239.266337      198.626947
frame00378.jpg      140.152961       43.366531      456.134986      126.653515      482.914731      244.075771      239.268860      198.652445
frame00379.jpg      140.188289       43.377730      456.122960      126.635600      482.932803      244.097977      239.270367      198.682412
frame00380.jpg      140.221789       43.386452      456.107887      126.614395      482.951561      244.122221      239.273514      198.716609
frame00381.jpg      140.258467       43.397225      456.091521      126.592435      482.972569      244.148393      239.275850      198.753663
frame00382.jpg      141.333114       43.715288      455.676796      125.943998      483.579769      244.891517      239.373991      199.796685
frame00383.jpg      141.377167       43.730588      455.660919      125.921984      483.602127      244.918724      239.375924      199.834685
frame00384.jpg      141.426786       43.747402      455.640528      125.894055      483.629702      244.951638      239.382354      199.881720
frame00385.jpg      141.473014       43.760900      455.618804      125.863799      483.657209      244.986388      239.387757      199.932439
frame00386.jpg      141.517004       43.772565      455.597534      125.833275      483.683644      245.020758      239.393910      199.982433
frame00387.jpg      141.552070       43.780369      455.576165      125.802499      483.708951      245.053898      239.400498      200.032301
frame00388.jpg      141.614381       43.804284      455.557613      125.775775      483.737030      245.088105      239.403283      200.079716
frame00389.jpg      141.671476       43.825607      455.538014      125.748551      483.764636      245.121979      239.406539      200.127963
frame00390.jpg      141.712008       43.837455      455.518059      125.719586      483.789938      245.154343      239.412922      200.176062
frame00391.jpg      141.760152       43.852598      455.496823      125.688229      483.816752      245.188967      239.420430      200.227582
frame00392.jpg      141.815513       43.871529      455.475309      125.656473      483.845638      245.225183      239.427517      200.280763
frame00393.jpg      141.820529       43.872943      455.472813      125.652787      483.848597      245.229046      239.428728      200.286638
frame00394.jpg      141.864502       43.884898      455.449053      125.619425      483.874371      245.264033      239.437564      200.340481
frame00395.jpg      141.870660       43.887155      455.446446      125.616236      483.877458      245.267915      239.437962      200.346194
frame00396.jpg      141.876687       43.889270      455.444229      125.613055      483.880484      245.271744      239.438547      200.351716
frame00397.jpg      141.925291       43.903706      455.420733      125.580113      483.909580      245.308771      239.447878      200.406337
frame00398.jpg      141.973655       43.917289      455.397803      125.544389      483.937994      245.346623      239.457827      200.463263
frame00399.jpg      141.979238       43.919188      455.395176      125.540730      483.941194      245.350625      239.458740      200.469302
frame00400.jpg      142.625105       44.206958      455.151242      125.229493      484.294174      245.727698      239.513107      201.014636
frame00401.jpg      142.674510       44.226304      455.126603      125.199602      484.323831      245.762339      239.519589      201.066615
frame00402.jpg      142.717151       44.242344      455.107882      125.174666      484.348608      245.791626      239.523672      201.109593
frame00403.jpg      142.760642       44.259244      455.090417      125.151197      484.372460      245.819499      239.528441      201.149968
frame00404.jpg      200.830204       75.766407      443.985323       90.524826      526.607015      280.642580      240.732919      229.714937
frame00405.jpg      207.801996       79.326589      441.440286       84.921873      537.949042      289.876343      240.063693      236.020552
frame00406.jpg      208.212104       79.530681      441.304197       84.667268      538.696482      290.506365      239.952111      236.438599
frame00407.jpg      208.272281       79.553273      441.257615       84.623859      538.856676      290.664329      239.936364      236.564932
frame00408.jpg      208.275539       79.554428      441.254517       84.621093      538.865622      290.673467      239.935621      236.572657
frame00409.jpg      208.278810       79.555314      441.251329       84.617974      538.873335      290.682414      239.934950      236.580844
frame00410.jpg      208.282226       79.555998      441.247290       84.614095      538.879899      290.691698      239.933615      236.591300
frame00411.jpg      208.286805       79.556636      441.241795       84.608548      538.888101      290.704563      239.931493      236.606273
frame00412.jpg      208.293163       79.556762      441.233097       84.599690      538.895347      290.721522      239.927826      236.629726
frame00413.jpg      210.137847       77.814641      439.015935       77.816327      536.667176      295.187662      239.662703      246.641377
frame00414.jpg      210.398737       75.267748      436.110204       74.850941      529.350453      295.546186      236.979578      255.942798
frame00415.jpg      210.395708       75.270802      436.116217       74.854300      529.355977      295.542516      236.974084      255.938644
frame00416.jpg      196.796763       71.821789      445.793435       96.733514      491.520184      259.746538      237.531138      230.678379
frame00417.jpg      210.764491       73.025451      444.134100       82.471659      480.336226      263.509960      235.851424      249.846715
frame00418.jpg      223.184274       74.586257      442.151708       71.957637      474.732423      269.740745      231.627732      268.961178
frame00419.jpg      237.403791       75.287018      438.561470       67.397082      468.324035      278.302085      217.698971      298.531044
frame00420.jpg      240.098630       71.909660      436.047732       67.146791      458.025100      275.880541      213.679922      309.543727
frame00421.jpg      250.924377       72.819206      432.625718       64.660983      455.160483      286.695427      195.968573      343.077313
frame00422.jpg      250.939495       72.853427      432.608465       64.678071      455.184054      286.707041      195.930016      343.138583
frame00423.jpg      250.937765       72.853814      432.609170       64.680049      455.183053      286.700877      195.935354      343.125772
frame00424.jpg      249.055334       72.758798      432.856849       66.172811      453.939406      282.291326      199.744226      335.115418
frame00425.jpg      249.053423       72.758738      432.857312       66.174728      453.937513      282.285315      199.748492      335.104651
frame00426.jpg      249.051334       72.758495      432.858012       66.176504      453.935322      282.278719      199.753331      335.092874
frame00427.jpg      249.048944       72.758277      432.858541       66.178542      453.932986      282.271410      199.758523      335.080273
frame00428.jpg      249.046499       72.757869      432.859217       66.180659      453.930088      282.263553      199.764041      335.066648
frame00429.jpg      248.072229       72.898406      432.901673       67.427718      453.237869      279.519677      201.544300      330.344293
frame00430.jpg      248.069802       72.898380      432.902509       67.430050      453.235863      279.512266      201.550190      330.329870
frame00431.jpg      248.067212       72.898512      432.903605       67.432425      453.233948      279.504159      201.556833      330.314014
frame00432.jpg      248.064649       72.898649      432.904967       67.434891      453.232074      279.495777      201.564006      330.296812
frame00433.jpg      247.973588       72.894602      432.943982       67.523286      453.170111      279.221756      201.800368      329.723228
frame00434.jpg      247.970055       72.894425      432.945662       67.526192      453.168882      279.212281      201.809105      329.702449
frame00435.jpg      247.966263       72.894138      432.947752       67.528981      453.168263      279.202657      201.819136      329.679513
frame00436.jpg      213.999569       72.608066      437.394631      104.949351      440.141031      234.991135      231.259449      245.306116
frame00437.jpg      232.745150       95.302252      398.936364       95.388873      446.539919      232.579180      264.532350      246.628729
frame00438.jpg      237.598238       97.454938      397.717327       90.146146      451.641425      237.649220      265.476317      252.266069
frame00439.jpg      238.753320       97.873500      397.392724       88.720317      453.028755      239.135767      265.612655      253.890285
frame00440.jpg      240.522895       98.717825      396.971206       86.999328      454.981289      241.075223      265.603670      256.128594
frame00441.jpg      243.211225       99.982678      396.465012       84.822576      457.379255      243.773789      265.407096      259.422863
frame00442.jpg      255.545073      104.221168      393.491966       76.690481      456.969113      251.827398      262.254801      279.923392
frame00443.jpg      255.603170      104.199289      393.449543       76.628305      457.018304      251.994934      262.257118      280.118703
frame00444.jpg      255.400072      115.446183      394.905025       97.222802      443.790149      224.597523      264.874518      244.669121
frame00445.jpg      262.209734      117.119795      392.751979       91.492675      448.344768      232.264350      263.115020      256.469038
frame00446.jpg      264.320655      118.275144      392.306853       89.848379      452.005135      235.307323      262.448168      259.622969
frame00447.jpg      267.065535      119.840995      391.626885       87.543793      457.638307      239.907215      261.498670      264.213733
frame00448.jpg      278.365472      120.955465      384.132427       78.200808      474.741092      272.260242      247.834467      319.008039
frame00449.jpg      278.364677      120.954828      384.133329       78.200745      474.736415      272.254388      247.837842      318.997179
frame00450.jpg      266.558864      132.361925      391.558326      103.744260      438.333195      205.666526      269.754538      228.252261
frame00451.jpg      266.556968      132.363786      391.561235      103.748276      438.324356      205.656258      269.757201      228.238637
frame00452.jpg      266.554781      132.365755      391.564295      103.752356      438.315298      205.645534      269.760210      228.224444
frame00453.jpg      102.721335      -72.798094      338.599985      -76.263947      476.890898      313.696902      336.038608      395.408916
frame00454.jpg      102.723841      -72.796742      338.597216      -76.271068      476.892365      313.700356      336.042158      395.418724
frame00455.jpg      102.727075      -72.794739      338.594348      -76.277615      476.894144      313.704352      336.045921      395.428984
frame00456.jpg      102.729068      -72.794437      338.591361      -76.285310      476.895622      313.708129      336.049719      395.439384
frame00457.jpg      102.730251      -72.794761      338.588081      -76.293268      476.896812      313.711356      336.053425      395.449292
frame00458.jpg      102.733183      -72.793365      338.584866      -76.301540      476.898409      313.715493      336.057526      395.460425
frame00459.jpg      102.733847      -72.795310      338.581662      -76.309828      476.899174      313.719122      336.061340      395.471285
frame00460.jpg      102.735598      -72.796117      338.577720      -76.319243      476.900419      313.723762      336.066104      395.484646
frame00461.jpg      102.738796      -72.795787      338.573517      -76.330545      476.902835      313.729856      336.071434      395.499065
frame00462.jpg      102.741829      -72.795879      338.569487      -76.341459      476.905675      313.736113      336.076460      395.511998
frame00463.jpg      102.745320      -72.795541      338.565824      -76.350563      476.908389      313.742950      336.081253      395.525209
frame00464.jpg      102.747078      -72.799450      338.561546      -76.362198      476.910285      313.750477      336.086344      395.539747
frame00465.jpg      102.749997      -72.800269      338.557999      -76.372640      476.912133      313.756731      336.090910      395.552211
frame00466.jpg      102.753835      -72.799407      338.554035      -76.383318      476.914934      313.762960      336.095892      395.564790
frame00467.jpg      102.756633      -72.799131      338.550613      -76.392916      476.917183      313.768126      336.100207      395.575926
frame00468.jpg      102.760083      -72.798570      338.546725      -76.403329      476.919880      313.774049      336.104928      395.587910
frame00469.jpg      103.888974      -75.688215      333.238815      -95.758154      480.091268      321.163340      341.254282      406.208503
frame00470.jpg      103.889931      -75.692410      333.235513      -95.768157      480.092440      321.169983      341.257918      406.219137
frame00471.jpg      103.890536      -75.696622      333.231860      -95.778759      480.093804      321.176632      341.262026      406.230933
frame00472.jpg      103.890859      -75.700648      333.227489      -95.789652      480.096108      321.183787      341.266891      406.243739
frame00473.jpg      103.894063      -75.700167      333.222936      -95.798060      480.099028      321.191229      341.272630      406.260315
frame00474.jpg      103.895042      -75.704657      333.218197      -95.808056      480.101547      321.199503      341.278096      406.275893
frame00475.jpg       89.744024     -104.282421      321.204932     -131.487955      481.360780      333.545268      352.872777      430.551785
frame00476.jpg       89.744198     -104.288167      321.199890     -131.498846      481.362266      333.553024      352.878395      430.568258
frame00477.jpg       75.473497     -137.885440      303.414743     -190.069256      482.939124      349.134335      366.311302      455.678294
frame00478.jpg       67.639843     -156.405983      293.525026     -219.259480      483.937101      355.921445      372.377542      468.960519
frame00479.jpg       31.415141     -239.700898      242.722802     -367.420640      490.268299      387.090440      404.141926      539.438452
frame00480.jpg        5.171919     -295.558548      220.464276     -434.919123      491.724666      398.555711      415.268770      565.783719
frame00481.jpg     -122.974397     -546.547048       81.873600     -880.089313      490.338542      425.349216      460.176007      668.402629
frame00482.jpg     -184.626403     -703.593814      -29.320506    -1235.595489      499.094002      458.779946      479.947767      712.809053
frame00483.jpg     -277.773978     -922.094687     -292.819784    -2088.027301      508.513330      491.051279      507.961054      781.650227
frame00484.jpg      804.756150     1286.789441     1046.992170     2319.452603      515.678768      587.776491      639.124920     1072.906166
frame00485.jpg      805.680850     1293.590175     1036.214466     2284.476727      518.897670      597.748855      640.567687     1076.281811
frame00486.jpg      805.656318     1297.997628     1028.903208     2260.541535      521.580457      606.085187      641.867091     1079.442922
frame00487.jpg      812.458650     1321.447866     1514.102099     3851.534425      498.880558      552.506049      618.696745     1027.220027
frame00488.jpg      797.518703     1250.052860     3688.342024    10919.624413      481.320414      499.868566      601.486456      985.934926
frame00489.jpg      797.518629     1250.052615     3688.345809    10919.636760      481.320371      499.868433      601.486408      985.934782
frame00490.jpg      794.937645     1241.574215     4042.558707    12072.375003      479.933766      495.941334      599.441376      980.353304
frame00491.jpg      794.762553     1240.802749     4067.866186    12154.880797      479.772567      495.459379      599.254456      979.826459
frame00492.jpg      770.745366     1156.923074    -1544.987933    -6095.034201      465.712376      456.111715      577.387144      927.140172
frame00493.jpg      785.925886     1313.161893     1326.569114     3280.019832      502.653513      585.648642      594.429373      953.762086
frame00494.jpg      800.808764     1375.600207     1136.208631     2658.332419      514.037211      621.406190      601.178699      969.368611
frame00495.jpg      800.809205     1375.603328     1136.199150     2658.301180      514.038647      621.410599      601.179801      969.371644
frame00496.jpg      802.762692     1383.334416     1121.666716     2610.505409      516.217907      628.064180      602.905492      974.120577
frame00497.jpg      802.764507     1383.341919     1121.653525     2610.461998      516.219975      628.070434      602.907099      974.124973
frame00498.jpg      736.575252     1274.741636      739.245304     1282.171920      736.839063     1275.783898      740.444550     1285.989055
frame00499.jpg      736.582357     1274.761858      739.246174     1282.174046      736.845636     1275.801562      740.435162     1285.959553
frame00500.jpg      736.677943     1275.018340      739.405641     1282.610864      736.937401     1276.042387      740.607506     1286.424264
frame00501.jpg      736.663252     1274.969857      739.384217     1282.542540      736.920606     1275.985924      740.581949     1286.341113
frame00502.jpg      736.663254     1274.969901      739.384337     1282.542931      736.920567     1275.985868      740.582004     1286.341355
frame00503.jpg      736.667413     1274.988138      739.388842     1282.564077      736.925040     1276.006725      740.586771     1286.366430
frame00504.jpg      736.660029     1274.968531      739.389410     1282.565288      736.915114     1275.982419      740.587009     1286.370111
frame00505.jpg      736.657087     1274.961432      739.386884     1282.558919      736.911245     1275.973404      740.583068     1286.360583
frame00506.jpg      736.617148     1274.847421      739.357367     1282.476939      736.879557     1275.887338      740.581561     1286.364382
frame00507.jpg      736.616730     1274.846588      739.356795     1282.475739      736.879201     1275.886825      740.581848     1286.365820
frame00508.jpg      736.612004     1274.831704      739.368354     1282.509339      736.878079     1275.880668      740.606785     1286.435425
frame00509.jpg      736.606477     1274.817345      739.366833     1282.505674      736.871300     1275.863555      740.605829     1286.434675
frame00510.jpg      736.601934     1274.805013      739.371863     1282.518914      736.865062     1275.847927      740.612482     1286.455163
frame00511.jpg      736.612329     1274.834734      739.363442     1282.496751      736.875730     1275.875237      740.599267     1286.415583
frame00512.jpg      736.613079     1274.836652      739.364787     1282.501774      736.878550     1275.881034      740.602593     1286.423647
frame00513.jpg      736.620852     1274.857061      739.376224     1282.531128      736.887225     1275.904250      740.615520     1286.457069
frame00514.jpg      736.617798     1274.849085      739.375603     1282.529535      736.883126     1275.894305      740.613395     1286.452615
frame00515.jpg      736.616093     1274.844725      739.375139     1282.528380      736.880743     1275.888554      740.612179     1286.450061
frame00516.jpg      736.613892     1274.838794      739.375999     1282.530537      736.877775     1275.881205      740.612809     1286.452574
frame00517.jpg      736.612305     1274.834717      739.375436     1282.529050      736.875636     1275.876046      740.611912     1286.450767
frame00518.jpg      736.609746     1274.827600      739.375584     1282.529204      736.872648     1275.868622      740.613832     1286.457368
frame00519.jpg      736.618661     1274.847705      739.391704     1282.578586      736.882042     1275.889363      740.638224     1286.530015
frame00520.jpg      736.610665     1274.823319      739.352682     1282.467914      736.870301     1275.850501      740.583706     1286.369749
frame00521.jpg      736.610143     1274.827730      739.366319     1282.513544      736.864088     1275.841561      740.588406     1286.395294
frame00522.jpg      736.602904     1274.809841      739.361352     1282.501117      736.854235     1275.818218      740.580327     1286.376551
frame00523.jpg      736.602210     1274.808469      739.361073     1282.500868      736.853266     1275.816307      740.579769     1286.375886
frame00524.jpg      736.599366     1274.802073      739.358189     1282.493643      736.849522     1275.808046      740.575599     1286.365887
frame00525.jpg      736.584586     1274.766198      739.346751     1282.466321      736.831339     1275.766802      740.566260     1286.350317
frame00526.jpg      736.579241     1274.751861      739.346065     1282.464283      736.824346     1275.749663      740.564410     1286.347666
frame00527.jpg      736.573486     1274.736791      739.343242     1282.456827      736.816662     1275.730898      740.559547     1286.336915
frame00528.jpg      736.577467     1274.748339      739.339662     1282.448285      736.819814     1275.736355      740.552519     1286.313122
frame00529.jpg      736.586480     1274.772612      739.352219     1282.481929      736.830326     1275.764426      740.567317     1286.352142
frame00530.jpg      736.706949     1275.091022      739.426548     1282.670843      736.976618     1276.136406      740.645170     1286.517643
frame00531.jpg      736.709616     1275.098221      739.430863     1282.681101      736.979553     1276.144728      740.649039     1286.526532
frame00532.jpg      736.715757     1275.114353      739.444042     1282.715156      736.984054     1276.157040      740.661816     1286.560130
frame00533.jpg      736.716026     1275.115787      739.444138     1282.715700      736.984499     1276.159276      740.661951     1286.560908
frame00534.jpg      736.724856     1275.139083      739.454335     1282.741299      736.994249     1276.185394      740.672087     1286.585916
frame00535.jpg      736.612244     1274.821007      739.244694     1282.142464      737.029312     1276.279217      740.636083     1286.467495
frame00536.jpg      736.617785     1274.836572      739.240607     1282.132083      737.034990     1276.293231      740.628771     1286.445326
frame00537.jpg      736.620276     1274.843420      739.239980     1282.130859      737.037765     1276.299751      740.629108     1286.445405
frame00538.jpg      736.612116     1274.819156      739.254725     1282.173145      737.033734     1276.285699      740.657535     1286.524709
frame00539.jpg      736.616297     1274.830175      739.273338     1282.220893      737.033096     1276.284678      740.669844     1286.557061
frame00540.jpg      736.616487     1274.831197      739.257777     1282.180187      737.040397     1276.302834      740.660567     1286.530262
frame00541.jpg      736.618549     1274.836685      739.262821     1282.192965      737.042897     1276.309732      740.667113     1286.547219
frame00542.jpg      736.616554     1274.831052      739.268064     1282.208365      737.041338     1276.304073      740.674783     1286.567861
frame00543.jpg      736.605367     1274.794726      739.236117     1282.112170      737.027726     1276.254268      740.607518     1286.368948
frame00544.jpg      736.735939     1275.208329      739.341233     1282.404672      736.887502     1275.877687      740.279151     1285.382936
frame00545.jpg      736.733506     1275.198985      739.334619     1282.382890      736.884634     1275.866462      740.270475     1285.354129
frame00546.jpg      736.751181     1275.243731      739.336310     1282.388548      736.903822     1275.914780      740.269639     1285.353150
frame00547.jpg      736.750505     1275.240363      739.321385     1282.352261      736.918532     1275.951070      740.275883     1285.372738
frame00548.jpg      736.786182     1275.342847      739.262808     1282.194351      736.960837     1276.063810      740.193051     1285.135949
frame00549.jpg      736.787727     1275.349820      739.270164     1282.218413      736.962208     1276.071156      740.202161     1285.166682
frame00550.jpg      736.794406     1275.367453      739.279796     1282.243439      736.969672     1276.091030      740.213135     1285.195220
frame00551.jpg      736.801499     1275.386027      739.297607     1282.290187      736.976082     1276.108223      740.230369     1285.241077
frame00552.jpg      736.789377     1275.353250      739.294934     1282.281609      736.959364     1276.066425      740.223199     1285.225136
frame00553.jpg      736.781740     1275.333854      739.292148     1282.274722      736.948981     1276.041062      740.217820     1285.213435
frame00554.jpg      736.774374     1275.314891      739.287101     1282.261268      736.939573     1276.017461      740.209878     1285.193121
frame00555.jpg      736.768844     1275.300420      739.285626     1282.257098      736.931580     1275.997672      740.206168     1285.184722
frame00556.jpg      736.760969     1275.278939      739.282275     1282.247496      736.922030     1275.973672      740.205012     1285.184584
frame00557.jpg      736.764977     1275.289327      739.289954     1282.267731      736.926793     1275.986154      740.215472     1285.212573
frame00558.jpg      736.786183     1275.345531      739.288938     1282.263934      736.946263     1276.038274      740.197409     1285.161579
frame00559.jpg      736.421307     1274.337065      738.325217     1279.778145      737.136777     1276.483563      740.047223     1284.856189
frame00560.jpg      736.422957     1274.342720      738.328908     1279.789671      737.139652     1276.493231      740.053450     1284.875731
frame00561.jpg      736.412796     1274.313684      738.333162     1279.801327      737.137604     1276.489097      740.075302     1284.940519
frame00562.jpg      736.408351     1274.300935      738.334976     1279.806220      737.135849     1276.484716      740.083669     1284.965076
frame00563.jpg      736.413232     1274.315175      738.336413     1279.811263      737.131474     1276.470894      740.071455     1284.928858
frame00564.jpg      736.410693     1274.309444      738.335672     1279.810272      737.131815     1276.474734      740.076273     1284.945580
frame00565.jpg      736.572175     1274.762923      738.256160     1279.593905      737.208651     1276.655262      739.800316     1284.122972
frame00566.jpg      736.579545     1274.784094      738.249572     1279.575189      737.213926     1276.669875      739.786004     1284.081361
frame00567.jpg      736.573256     1274.765933      738.244985     1279.562800      737.214239     1276.670046      739.791550     1284.097412
frame00568.jpg      736.573335     1274.766183      738.245124     1279.563227      737.214348     1276.670390      739.791786     1284.098134
frame00569.jpg      736.580293     1274.784975      738.255262     1279.590705      737.223179     1276.694327      739.806167     1284.137303
frame00570.jpg      736.580150     1274.784204      738.255741     1279.592829      737.223061     1276.692825      739.806154     1284.137141
frame00571.jpg      736.574274     1274.767178      738.248334     1279.571331      737.216307     1276.673421      739.796988     1284.110783
frame00572.jpg      736.569655     1274.754199      738.245283     1279.562870      737.212711     1276.663790      739.797980     1284.114604
frame00573.jpg      736.560193     1274.727028      738.247369     1279.568418      737.209262     1276.655018      739.815509     1284.165911
frame00574.jpg      736.560213     1274.727484      738.252838     1279.584650      737.209862     1276.657326      739.827863     1284.202461
frame00575.jpg      736.441268     1274.383012      738.327628     1279.787936      737.134394     1276.451805      740.043103     1284.828546
frame00576.jpg      736.449625     1274.407428      738.328316     1279.791847      737.128842     1276.433716      740.026040     1284.778269
frame00577.jpg      736.446884     1274.399834      738.326723     1279.787597      737.126426     1276.427277      740.026867     1284.781376
frame00578.jpg      736.440432     1274.381379      738.331745     1279.801560      737.123463     1276.419648      740.044488     1284.832853
frame00579.jpg      736.440130     1274.380710      738.332297     1279.803319      737.123321     1276.419593      740.045537     1284.836270
frame00580.jpg      736.438941     1274.377526      738.330769     1279.799235      737.121915     1276.415858      740.043567     1284.831051
frame00581.jpg      736.438535     1274.376459      738.330291     1279.797999      737.121450     1276.414652      740.043033     1284.829715
frame00582.jpg      736.437867     1274.374677      738.330127     1279.797671      737.120937     1276.413442      740.043298     1284.830815
frame00583.jpg      736.436991     1274.372356      738.329019     1279.794752      737.119895     1276.410698      740.041906     1284.827193
frame00584.jpg      736.434312     1274.364941      738.330435     1279.798623      737.117886     1276.405730      740.047513     1284.843870
frame00585.jpg      736.434953     1274.366983      738.329911     1279.797194      737.118682     1276.408290      740.046986     1284.842520
frame00586.jpg      736.431041     1274.356033      738.332836     1279.805280      737.115931     1276.401326      740.057375     1284.873090
frame00587.jpg      736.429618     1274.352667      738.331312     1279.801323      737.115486     1276.401329      740.056908     1284.872811
frame00588.jpg      736.438074     1274.377353      738.330135     1279.799550      737.111217     1276.386923      740.033451     1284.803712
frame00589.jpg      736.436093     1274.371922      738.330426     1279.800338      737.109851     1276.383659      740.035907     1284.811254
frame00590.jpg      736.433329     1274.364320      738.329866     1279.798690      737.107553     1276.377857      740.036555     1284.813613
frame00591.jpg      736.433418     1274.364607      738.330049     1279.799245      737.107656     1276.378194      740.036812     1284.814405
frame00592.jpg      736.433298     1274.364416      738.330226     1279.799885      737.107767     1276.378775      740.037523     1284.816724
frame00593.jpg      736.422967     1274.336748      738.325302     1279.785988      737.100996     1276.363617      740.039498     1284.825201
frame00594.jpg      736.423135     1274.337288      738.325661     1279.787082      737.101257     1276.364456      740.040077     1284.826971
frame00595.jpg      736.423351     1274.338005      738.326199     1279.788725      737.101610     1276.365618      740.040967     1284.829705
frame00596.jpg      736.421236     1274.332206      738.325816     1279.787807      737.100332     1276.362609      740.042500     1284.834842
frame00597.jpg      736.421389     1274.332692      738.326080     1279.788608      737.100554     1276.363315      740.042901     1284.836074
frame00598.jpg      736.421594     1274.333350      738.325343     1279.786533      737.100796     1276.364099      740.041201     1284.831210
frame00599.jpg      736.419115     1274.327118      738.323471     1279.781177      737.098120     1276.358023      740.042777     1284.836870
frame00600.jpg      736.417749     1274.323306      738.323377     1279.780875      737.097473     1276.356540      740.044618     1284.842458
frame00601.jpg      736.425867     1274.347851      738.332911     1279.806887      737.088019     1276.330449      740.027654     1284.791156
frame00602.jpg      736.425988     1274.348228      738.333106     1279.807473      737.088209     1276.331039      740.027981     1284.792142
frame00603.jpg      736.417759     1274.325139      738.365717     1279.898968      737.088603     1276.333763      740.113333     1285.040542
frame00604.jpg      736.422930     1274.340059      738.361871     1279.888275      737.090509     1276.338802      740.098815     1284.998282
frame00605.jpg      736.419775     1274.330771      738.366566     1279.901921      737.088145     1276.331603      740.107822     1285.024118
frame00606.jpg      736.419917     1274.331217      738.366819     1279.902689      737.088374     1276.332319      740.108316     1285.025611
frame00607.jpg      736.419017     1274.328698      738.367161     1279.903612      737.087829     1276.330984      740.109593     1285.029453
frame00608.jpg      736.415123     1274.318201      738.367820     1279.905433      737.084767     1276.323765      740.114578     1285.045003
frame00609.jpg      736.416402     1274.322909      738.368486     1279.908090      737.087758     1276.333951      740.117417     1285.054572
frame00610.jpg      736.418674     1274.333487      738.386999     1279.965353      737.090608     1276.348853      740.137800     1285.121422
frame00611.jpg      736.520466     1274.620832      738.510983     1280.318559      737.226859     1276.733229      740.325017     1285.654136
frame00612.jpg      736.522091     1274.625698      738.515264     1280.331120      737.228111     1276.737117      740.328883     1285.665722
frame00613.jpg      736.506336     1274.580143      738.488953     1280.255289      737.205944     1276.672963      740.289390     1285.551730
frame00614.jpg      736.508540     1274.586714      738.487958     1280.252347      737.207995     1276.679096      740.289249     1285.551342
frame00615.jpg      736.518700     1274.616088      738.481742     1280.234946      737.212131     1276.690290      740.270008     1285.495307
frame00616.jpg      736.513414     1274.600730      738.470535     1280.202327      737.205644     1276.671395      740.254590     1285.450332
frame00617.jpg      736.454455     1274.429577      738.392784     1279.976540      737.134290     1276.464073      740.157568     1285.168373
frame00618.jpg      736.455324     1274.432209      738.394232     1279.980846      737.135534     1276.467846      740.159839     1285.175139
frame00619.jpg      736.455676     1274.433288      738.394822     1279.982612      737.136048     1276.469425      740.160771     1285.177936
frame00620.jpg      736.459395     1274.444455      738.401330     1280.001858      737.141051     1276.484505      740.170296     1285.206209
frame00621.jpg      735.945065     1272.976973      737.835484     1278.379180      736.509957     1274.683938      739.402156     1283.003786
frame00622.jpg      735.949950     1272.990595      737.847839     1278.414172      736.512811     1274.691751      739.412328     1283.032671
frame00623.jpg      735.944897     1272.976052      737.839782     1278.392519      736.515751     1274.699163      739.414016     1283.038029
frame00624.jpg      735.945213     1272.977054      737.840449     1278.394536      736.516198     1274.700582      739.415031     1283.041117
frame00625.jpg      735.946283     1272.980387      737.842902     1278.401881      736.517657     1274.705160      739.418784     1283.052417
frame00626.jpg      735.946318     1272.980584      737.843287     1278.403082      736.517713     1274.705471      739.419311     1283.054114
frame00627.jpg      735.945190     1272.977539      737.842359     1278.400461      736.516886     1274.703532      739.418950     1283.053395
frame00628.jpg      735.945259     1272.977757      737.842513     1278.400925      736.516979     1274.703830      739.419174     1283.054077
frame00629.jpg      735.945349     1272.978037      737.842927     1278.402144      736.516987     1274.703880      739.419504     1283.055085
frame00630.jpg      735.948219     1272.986908      737.848529     1278.418930      736.520938     1274.716154      739.427936     1283.080474
frame00631.jpg      735.948409     1272.987529      737.848811     1278.419817      736.521296     1274.717296      739.428600     1283.082508
frame00632.jpg      735.948445     1272.987641      737.848958     1278.420254      736.521311     1274.717352      739.428737     1283.082927
frame00633.jpg      735.948471     1272.987815      737.849456     1278.421782      736.521316     1274.717519      739.429343     1283.084866
frame00634.jpg      735.948894     1272.989172      737.850669     1278.425435      736.521771     1274.719035      739.430857     1283.089508
frame00635.jpg      735.948846     1272.989216      737.851358     1278.427589      736.521783     1274.719369      739.431889     1283.092842
frame00636.jpg      735.948489     1272.988321      737.851296     1278.427497      736.521475     1274.718718      739.432043     1283.093520
frame00637.jpg      735.948655     1272.988855      737.851682     1278.428669      736.521701     1274.719454      739.432608     1283.095252
frame00638.jpg      735.954606     1273.007359      737.864447     1278.466949      736.529130     1274.742827      739.450007     1283.147946
frame00639.jpg      735.944287     1272.981567      737.850353     1278.427807      736.521552     1274.728179      739.437080     1283.115595
frame00640.jpg      735.943285     1272.979755      737.851099     1278.430655      736.522874     1274.733840      739.444174     1283.137710
frame00641.jpg      735.943308     1272.979830      737.851144     1278.430794      736.522909     1274.733952      739.444246     1283.137932
frame00642.jpg      735.943313     1272.979846      737.851154     1278.430825      736.522916     1274.733976      739.444262     1283.137980
frame00643.jpg invalid_tracker_state
frame00644.jpg invalid_tracker_state
frame00645.jpg invalid_tracker_state
frame00646.jpg invalid_tracker_state
frame00647.jpg invalid_tracker_state
frame00648.jpg invalid_tracker_state
frame00649.jpg invalid_tracker_state
frame00650.jpg invalid_tracker_state
frame00651.jpg invalid_tracker_state
frame00652.jpg invalid_tracker_state
frame00653.jpg invalid_tracker_state
frame00654.jpg invalid_tracker_state
frame00655.jpg invalid_tracker_state
frame00656.jpg invalid_tracker_state
frame00657.jpg invalid_tracker_state
frame00658.jpg invalid_tracker_state
frame00659.jpg invalid_tracker_state
frame00660.jpg invalid_tracker_state
frame00661.jpg invalid_tracker_state
frame00662.jpg invalid_tracker_state
frame00663.jpg invalid_tracker_state
frame00664.jpg invalid_tracker_state
frame00665.jpg invalid_tracker_state
frame00666.jpg invalid_tracker_state
frame00667.jpg invalid_tracker_state
frame00668.jpg invalid_tracker_state
frame00669.jpg invalid_tracker_state
frame00670.jpg invalid_tracker_state
frame00671.jpg invalid_tracker_state
frame00672.jpg invalid_tracker_state
frame00673.jpg invalid_tracker_state
frame00674.jpg invalid_tracker_state
frame00675.jpg invalid_tracker_state
frame00676.jpg invalid_tracker_state
frame00677.jpg invalid_tracker_state
frame00678.jpg invalid_tracker_state
frame00679.jpg invalid_tracker_state
frame00680.jpg invalid_tracker_state
frame00681.jpg invalid_tracker_state
frame00682.jpg invalid_tracker_state
frame00683.jpg invalid_tracker_state
frame00684.jpg invalid_tracker_state
frame00685.jpg invalid_tracker_state
frame00686.jpg invalid_tracker_state
frame00687.jpg invalid_tracker_state
frame00688.jpg invalid_tracker_state
frame00689.jpg invalid_tracker_state
frame00690.jpg invalid_tracker_state
frame00691.jpg invalid_tracker_state
frame00692.jpg invalid_tracker_state
frame00693.jpg invalid_tracker_state
frame00694.jpg invalid_tracker_state
frame00695.jpg invalid_tracker_state
frame00696.jpg invalid_tracker_state
frame00697.jpg invalid_tracker_state
frame00698.jpg invalid_tracker_state
frame00699.jpg invalid_tracker_state
frame00700.jpg invalid_tracker_state
