frame ulx uly urx ury lrx lry llx lly
frame00001.jpg      236.000000      176.000000      463.000000      180.000000      462.000000      405.000000      237.000000      401.000000
frame00002.jpg      236.133059      175.307302      463.310129      179.233068      462.197070      404.251170      237.184045      400.321137
frame00003.jpg      236.102066      175.397872      463.314299      179.358240      462.161890      404.526900      237.283352      400.586023
frame00004.jpg      236.324650      175.117883      463.408679      179.084991      462.334473      404.195758      237.170829      400.180192
frame00005.jpg      236.323852      174.585208      463.601455      178.544183      462.354745      403.794653      237.379846      399.706529
frame00006.jpg      236.318680      173.979906      463.525884      177.891308      462.467410      403.192404      237.348481      399.143175
frame00007.jpg      236.014434      173.209776      463.636969      177.258404      462.455827      402.862191      237.187938      398.652549
frame00008.jpg      235.964024      172.583522      463.671869      176.700932      462.449021      402.223278      237.183922      397.970143
frame00009.jpg      235.783623      171.847045      463.749746      176.058703      462.443590      401.874020      237.057106      397.576213
frame00010.jpg      235.713097      171.313533      463.688722      175.478462      462.488609      401.271641      236.891346      396.978716
frame00011.jpg      235.376630      170.630899      463.642057      175.013577      462.092890      400.936579      236.575963      396.535052
frame00012.jpg      234.822623      170.199939      463.264095      174.739489      461.673223      400.759506      235.883624      396.344436
frame00013.jpg      234.299430      169.890607      462.779473      174.555541      461.358224      400.545982      235.445627      396.063920
frame00014.jpg      233.583814      169.633788      462.311300      174.317528      460.857178      400.550391      234.785653      396.085556
frame00015.jpg      232.721340      169.325320      461.762961      174.182783      460.042457      400.556122      233.918378      396.136205
frame00016.jpg      231.669534      169.554767      460.799672      174.504724      459.130759      400.767695      232.745123      396.331583
frame00017.jpg      230.532414      169.748430      459.684201      174.779666      458.203164      401.005121      231.714551      396.590291
frame00018.jpg      229.371011      170.056642      458.507943      175.124408      456.876264      401.581247      230.437961      397.179907
frame00019.jpg      228.150241      170.767756      457.296491      175.976295      455.638027      402.308502      229.144148      398.015708
frame00020.jpg      226.998326      171.769155      456.201922      177.045245      454.667502      403.405714      227.973045      399.154513
frame00021.jpg      225.896276      173.350674      455.079395      178.824974      453.484138      404.980745      226.692575      400.867698
frame00022.jpg      224.428267      174.992899      453.743925      180.701099      452.371380      406.711898      225.199614      402.819461
frame00023.jpg      222.646876      176.899122      452.351806      182.905907      450.593824      408.929531      223.239158      405.175314
frame00024.jpg      220.606510      178.667216      450.788261      184.991918      448.831122      411.075553      221.013130      407.599934
frame00025.jpg      218.759458      181.804510      448.679727      188.222072      446.797062      413.743936      218.899018      410.254020
frame00026.jpg      216.202630      183.831830      446.588094      190.458254      444.659155      416.438237      216.107099      413.092046
frame00027.jpg      213.429905      185.792408      444.508612      192.816461      442.388885      418.638617      213.408309      415.460314
frame00028.jpg      210.427553      187.968529      441.964954      195.114948      439.803950      421.283077      210.119149      418.257533
frame00029.jpg      206.983984      190.879170      439.246627      198.239676      436.829263      425.198383      206.339297      421.997306
frame00030.jpg      202.993803      192.733754      436.635105      200.550621      433.858581      428.272498      202.160253      425.285070
frame00031.jpg      198.687598      194.721779      433.294831      202.807783      430.863342      431.469967      197.926053      428.429482
frame00032.jpg      194.583644      196.732130      430.205422      205.339437      427.847302      434.744266      193.867993      431.728778
frame00033.jpg      190.689683      198.331101      427.294927      207.551009      424.695286      437.620798      189.622841      434.662550
frame00034.jpg      186.741257      199.830092      424.422497      209.471590      421.611253      439.936478      185.417193      437.043940
frame00035.jpg      182.637596      200.960682      421.628022      211.166507      418.862315      442.350525      181.397702      439.450687
frame00036.jpg      178.983742      201.845875      419.047345      212.876936      416.498781      444.185019      177.930250      441.558789
frame00037.jpg      175.533150      202.733398      417.072346      214.224936      414.164571      446.429703      173.976231      443.876767
frame00038.jpg      170.858549      202.618835      414.270507      214.618129      410.888657      448.201268      168.902601      445.600189
frame00039.jpg      166.592274      203.196432      411.706148      215.445506      408.157975      450.241646      164.661834      447.647083
frame00040.jpg      162.855361      203.457359      409.468172      216.011222      405.820459      451.903952      160.678660      449.541361
frame00041.jpg      159.851850      203.414337      407.659564      217.078307      403.830640      451.818790      158.032540      449.718746
frame00042.jpg      158.119933      204.165287      406.904792      217.456743      403.363388      454.626005      156.136026      453.681005
frame00043.jpg      157.192268      204.989984      406.730537      218.189047      403.569339      455.248584      155.348137      455.181868
frame00044.jpg      157.168817      205.258842      407.621349      218.174967      404.722191      456.140920      155.654186      456.955693
frame00045.jpg      158.362045      205.404705      409.382147      217.909404      406.970800      456.241617      156.985955      458.097959
frame00046.jpg      160.267158      205.042746      412.078547      217.207998      409.564477      455.570126      159.457604      458.664986
frame00047.jpg      163.132439      203.536630      415.783371      215.412622      413.512503      455.145151      162.616599      459.350059
frame00048.jpg      166.918738      202.367323      419.807216      213.892344      418.057706      453.497154      166.860862      459.087894
frame00049.jpg      171.538089      200.692489      424.361495      212.204744      423.261290      451.341695      171.949846      458.589019
frame00050.jpg      177.605780      198.429397      429.786644      209.876412      429.308003      448.750960      178.343176      457.626959
frame00051.jpg      184.392353      196.133439      436.105388      207.248669      436.039837      446.016130      185.869838      456.047794
frame00052.jpg      191.837055      194.046441      442.641851      205.054330      443.202112      443.535876      193.853810      454.768486
frame00053.jpg      199.086745      191.836000      449.695057      202.721374      449.881309      441.048367      201.329772      453.698569
frame00054.jpg      206.341472      190.187150      457.124075      200.872575      456.717534      438.272689      209.111451      452.453231
frame00055.jpg      212.152296      187.351026      462.472862      197.438617      462.389131      435.400563      215.788215      450.477423
frame00056.jpg      218.542387      185.507119      467.387757      194.997238      467.551743      433.079278      222.460191      448.782570
frame00057.jpg      224.181787      183.823684      472.053663      193.049164      471.815014      430.411742      228.258263      447.398803
frame00058.jpg      228.481119      181.618182      475.642656      190.491040      475.397508      427.761615      233.011247      445.569393
frame00059.jpg      232.532550      179.913541      478.287683      188.276411      478.354253      425.286772      237.050718      443.932786
frame00060.jpg      235.751038      178.796595      480.039105      186.544587      480.418781      423.028884      240.118448      442.418127
frame00061.jpg      237.699978      176.678030      480.913221      184.935435      480.837718      420.570387      242.379512      441.250431
frame00062.jpg      239.366857      175.211820      481.511226      183.025037      481.448366      418.161150      244.054541      439.531423
frame00063.jpg      240.019422      173.831183      480.902915      181.349358      481.160930      415.669449      245.080588      438.167197
frame00064.jpg      240.122042      171.839472      480.069326      179.354589      480.348368      413.115740      245.398826      436.741752
frame00065.jpg      239.342384      170.197941      478.124338      177.540443      478.266981      410.572588      244.589461      435.339101
frame00066.jpg      237.622181      169.374928      475.218665      176.680214      475.850365      408.777802      243.238453      434.604765
frame00067.jpg      235.105317      168.710147      471.585309      175.649473      472.456367      407.033516      240.520772      434.152429
frame00068.jpg      231.749578      169.189069      467.270220      175.631597      468.598093      406.066775      237.197218      434.513093
frame00069.jpg      227.932178      169.773667      462.909887      175.664510      464.114727      405.510336      233.426828      435.263344
frame00070.jpg      223.993805      171.494583      458.120887      176.697353      459.620196      405.914392      229.561623      437.027387
frame00071.jpg      219.560338      173.266640      453.434764      177.585029      455.188712      406.316193      225.675125      438.827062
frame00072.jpg      214.743290      175.201069      448.616521      178.682770      450.839133      407.276370      221.497628      441.313825
frame00073.jpg      210.319530      178.173169      444.072948      180.493019      446.879614      408.656178      217.849706      444.338628
frame00074.jpg      206.247497      180.307218      440.040570      181.061628      443.589880      409.611450      214.681688      447.415717
frame00075.jpg      203.142189      183.624385      437.103730      182.630010      441.732351      410.890440      212.754043      450.668364
frame00076.jpg      200.458942      186.374798      434.980550      183.357483      440.684187      411.936342      211.473889      454.206831
frame00077.jpg      200.273116      190.151498      434.449584      184.896966      441.417449      413.272152      212.721645      458.227622
frame00078.jpg      202.245044      194.179402      435.728202      186.037708      444.494506      413.945241      217.109543      461.504065
frame00079.jpg      208.512657      199.250710      439.532083      187.125060      449.564926      414.268679      223.471573      464.420644
frame00080.jpg      215.100112      204.063547      444.046224      187.626605      463.126106      413.472053      244.381642      466.277345
frame00081.jpg      210.578318      219.547820      421.957429      200.598374      483.828383      412.257459      275.951039      465.606718
frame00082.jpg      205.042227      221.765061      384.387702      202.932266      484.836978      413.000369      322.784112      460.126931
frame00083.jpg      210.080518      232.221681      376.437476      203.150990      491.686491      417.051690      336.723286      462.233897
frame00084.jpg      207.886727      240.464065      351.707216      209.634820      502.608075      417.196155      372.798175      459.441355
frame00085.jpg      211.628779      242.993209      349.987727      211.766871      507.383295      420.659221      375.138617      463.340443
frame00086.jpg      195.809442      236.431789      342.143428      224.942487      506.529252      420.458517      398.208500      464.499535
frame00087.jpg      196.974439      237.460974      341.687789      225.892586      507.072163      420.777084      399.793861      465.583895
frame00088.jpg      204.255622      245.831184      341.286937      227.797255      508.375962      419.038067      402.077577      464.469883
frame00089.jpg      221.522799      267.386662      336.133216      235.758595      514.437122      410.865114      414.055560      458.511786
frame00090.jpg      224.411324      270.645344      334.018263      236.198122      511.458226      407.282599      414.896417      456.930754
frame00091.jpg      228.136971      276.302582      319.927226      239.397560      514.361442      402.109841      423.252392      448.781331
frame00092.jpg      219.072525      272.042152      302.847432      241.466130      508.967908      399.165706      434.907207      438.796117
frame00093.jpg      219.208675      273.877278      296.453304      244.856492      508.132373      394.619166      437.950025      432.678602
frame00094.jpg      206.804001      270.262904      286.525967      252.148681      508.386322      389.941895      445.952905      423.408924
frame00095.jpg      208.788711      271.857926      280.518555      252.042374      505.745087      386.808115      445.806895      418.765058
frame00096.jpg      205.361712      271.944334      271.710837      256.353837      504.574889      382.852482      449.551222      412.147898
frame00097.jpg      208.325952      273.535274      271.549103      258.361394      501.716640      380.255451      447.109342      408.037967
frame00098.jpg      205.925007      272.819731      252.863894      253.429649      502.011808      377.318796      449.622608      402.306068
frame00099.jpg      205.473427      272.805258      254.511978      256.526589      498.603653      375.278151      448.931387      399.890525
frame00100.jpg      200.859616      270.481083      245.579518      258.205333      502.336544      375.323678      452.051457      395.320090
frame00101.jpg      185.376317      265.399220      234.159716      259.000233      495.132223      371.187372      466.670577      393.338344
frame00102.jpg      184.159084      264.903147      234.548428      261.121245      495.854347      371.189469      471.365087      393.621598
frame00103.jpg      184.095203      264.747243      235.441058      262.648576      498.347656      371.959739      475.433066      394.672548
frame00104.jpg      184.103371      264.750961      235.435260      262.648745      498.351126      371.959629      475.450578      394.676757
frame00105.jpg      182.592774      264.144148      238.284038      265.279220      501.967157      373.370537      488.655902      399.642123
frame00106.jpg      182.594410      264.144571      238.282581      265.279899      501.979102      373.374934      488.680577      399.652497
frame00107.jpg      138.864125      246.590686      230.267043      251.800849      505.707723      378.914634      444.960124      382.631985
frame00108.jpg      138.866168      246.594019      230.260646      251.798466      505.691544      378.906662      444.959711      382.630303
frame00109.jpg      143.422898      247.217712      233.393833      258.573691      522.143054      384.165407      466.335755      392.625197
frame00110.jpg      135.630160      244.900706      241.339876      264.653816      515.211157      381.371579      487.010176      400.014520
frame00111.jpg      128.527208      242.805716      242.982577      267.600244      509.717725      378.922571      507.534403      406.934222
frame00112.jpg      101.692191      236.015950      244.550152      273.377492      473.953543      364.193025      563.240224      421.797911
frame00113.jpg       98.840445      235.322330      240.235355      272.343480      471.025515      362.900239      570.030867      422.841793
frame00114.jpg       82.168392      232.231745      249.388069      281.802616      463.426883      358.531823      719.435441      466.664608
frame00115.jpg       82.159747      232.228725      249.387450      281.802181      463.421663      358.530046      719.397531      466.650988
frame00116.jpg       59.167367      224.305616      245.961317      279.830167      460.297112      357.698834      666.789681      448.246712
frame00117.jpg       59.155771      224.301642      245.962904      279.830562      460.294859      357.698090      666.762604      448.236870
frame00118.jpg       59.137314      224.295361      245.963571      279.830642      460.291614      357.696999      666.735121      448.226789
frame00119.jpg       59.128756      224.292451      245.963659      279.830602      460.290147      357.696506      666.720019      448.221117
frame00120.jpg       54.704315      222.752048      245.797509      279.676341      459.657804      357.500797      657.717297      444.988158
frame00121.jpg       54.314246      222.617637      245.818805      279.678278      459.577383      357.473789      656.870290      444.678894
frame00122.jpg       54.308428      222.615631      245.819011      279.678279      459.576084      357.473344      656.852212      444.672051
frame00123.jpg       54.302522      222.613609      245.819008      279.678207      459.574837      357.472920      656.838302      444.666820
frame00124.jpg       54.294057      222.610717      245.819083      279.678165      459.573461      357.472457      656.822949      444.661028
frame00125.jpg       54.277217      222.604974      245.819192      279.678070      459.572055      357.472026      656.807524      444.655430
frame00126.jpg       54.261537      222.599629      245.819631      279.678079      459.570608      357.471576      656.782929      444.646238
frame00127.jpg       54.250050      222.595705      245.819899      279.678081      459.570058      357.471427      656.768437      444.640832
frame00128.jpg      205.021686      272.130484      250.818085      285.692306     -727.187422      -40.719780     -106.542906      157.426507
frame00129.jpg      205.034802      272.134243      250.873896      285.708593     -734.202017      -43.076313     -107.849368      156.935093
frame00130.jpg      225.781227      279.456532      255.474313      288.291513     -500.354336       38.261654       58.489984      220.265238
frame00131.jpg      225.781013      279.456451      255.474521      288.291551     -500.420103       38.239765       58.475358      220.260053
frame00132.jpg      225.753514      279.445199      255.477421      288.289253     -501.184653       37.967222       57.799695      220.013460
frame00133.jpg      223.769301      278.765097      254.268106      287.836166     -540.839030       24.604281       49.076162      216.867866
frame00134.jpg      255.144078      289.287133      258.551909      289.825803      130.637220      248.219283      141.563695      250.028214
frame00135.jpg      255.944076      289.554972      257.717961      289.520847      130.989021      248.340849      135.666165      247.932221
frame00136.jpg      256.697822      289.813201      258.152306      289.686828      130.589019      248.251453      135.998841      248.097003
frame00137.jpg      262.136002      291.654539      262.196679      291.235899      166.608488      260.253717      177.586693      262.662544
frame00138.jpg      262.139175      291.655601      262.200585      291.237098      166.588515      260.247169      177.563468      262.654360
frame00139.jpg      261.958804      291.593331      262.099359      291.198759      165.998777      260.048339      175.755808      262.027750
frame00140.jpg      262.181327      291.667190      262.271595      291.259027      167.607608      260.578870      177.496282      262.622424
frame00141.jpg      265.499034      292.807146      266.582355      292.755482      163.974892      259.488266      194.666149      268.587225
frame00142.jpg      277.918048      296.991817      280.894096      297.637027      174.228832      263.114858      211.438429      274.488944
frame00143.jpg      280.040027      297.697114      284.604825      298.886004      183.397859      266.139965      215.775461      275.975610
frame00144.jpg      292.834361      301.922033      297.815513      303.372821      234.593069      283.025481      259.618238      290.751338
frame00145.jpg      293.581299      302.167367      298.492367      303.600925      237.248240      283.895598      261.838862      291.495211
frame00146.jpg      298.092521      303.642928      302.035095      304.798628      256.841216      290.286567      275.626013      296.099942
frame00147.jpg      298.515399      303.781368      302.362007      304.909156      258.227225      290.740272      276.920239      296.531859
frame00148.jpg      301.352240      304.704723      304.527017      305.641843      270.648262      294.781001      285.580084      299.416387
frame00149.jpg      298.583435      303.788155      300.689123      304.356937      269.171019      294.254680      279.112476      297.225115
frame00150.jpg      298.817028      303.864476      300.914986      304.434257      270.520744      294.694336      280.122845      297.564868
frame00151.jpg      300.260690      304.335935      302.024015      304.816616      276.975325      296.800206      284.513331      299.041893
frame00152.jpg      302.303661      305.001925      303.744974      305.402697      285.410741      299.544860      291.544083      301.393035
frame00153.jpg      302.301005      305.001035      303.742863      305.401947      285.395401      299.539820      291.527826      301.387564
frame00154.jpg      302.287880      304.996703      303.736580      305.399685      285.359376      299.528006      291.453292      301.362598
frame00155.jpg      302.276102      304.992806      303.728228      305.396819      285.366850      299.530124      291.420551      301.351611
frame00156.jpg      301.929997      304.878999      303.291688      305.250567      285.090699      299.435089      290.483569      301.037602
frame00157.jpg      301.920241      304.875720      303.287644      305.249085      285.100900      299.438022      290.481753      301.036687
frame00158.jpg      303.121903      305.267958      304.428485      305.635763      288.496802      300.548860      293.752493      302.131143
frame00159.jpg      303.133800      305.271908      304.433308      305.637506      288.534976      300.561506      293.750516      302.130864
frame00160.jpg      303.123119      305.268301      304.427415      305.635307      288.469752      300.540015      293.714993      302.118578
frame00161.jpg      303.118307      305.266662      304.424569      305.634203      288.432416      300.527748      293.667485      302.102563
frame00162.jpg      303.114420      305.265295      304.419467      305.632375      288.434793      300.528188      293.632232      302.090605
frame00163.jpg      303.111558      305.264351      304.418503      305.632002      288.411867      300.520746      293.617271      302.085552
frame00164.jpg      301.890661      304.860979      302.205738      304.893733      285.063647      299.418291      289.431632      300.671631
frame00165.jpg      302.005721      304.898968      302.361774      304.946173      285.201679      299.465608      289.755898      300.780768
frame00166.jpg      302.649803      305.108556      302.998374      305.162424      288.358126      300.495562      292.506472      301.698152
frame00167.jpg      302.621513      305.099182      302.974257      305.154060      288.170188      300.434112      292.465991      301.683825
frame00168.jpg      302.614422      305.096842      302.968560      305.152094      288.123965      300.419007      292.454062      301.679699
frame00169.jpg      302.596614      305.090963      302.951026      305.146133      288.061627      300.398419      292.400818      301.661749
frame00170.jpg      302.496263      305.057990      302.844534      305.110179      287.683840      300.274661      292.104286      301.562137
frame00171.jpg      302.492462      305.056637      302.840251      305.108602      287.664920      300.268182      292.059316      301.546852
frame00172.jpg      302.571314      305.082577      302.913681      305.133584      287.979552      300.371319      292.290839      301.624902
frame00173.jpg      302.587265      305.087886      302.929191      305.138885      288.036028      300.390025      292.338403      301.641052
frame00174.jpg      302.624203      305.100216      302.955561      305.148038      288.222662      300.451457      292.408471      301.665193
frame00175.jpg      302.065003      304.913047      302.323018      304.933067      287.969386      300.353105      291.449256      301.331770
frame00176.jpg      303.146043      305.266109      303.416174      305.303248      292.814958      301.933776      295.541113      302.699535
frame00177.jpg      303.156730      305.269651      303.424222      305.306061      292.879310      301.954816      295.580345      302.712840
frame00178.jpg      303.263015      305.304560      303.526735      305.341071      293.300725      302.093105      295.901709      302.821200
frame00179.jpg      303.270366      305.307224      303.530900      305.342742      293.330085      302.103498      295.900370      302.821528
frame00180.jpg      303.172327      305.274592      303.376411      305.290345      293.090612      302.023096      295.537988      302.698257
frame00181.jpg      303.219354      305.290372      303.419109      305.305212      293.172650      302.051464      295.647583      302.736171
frame00182.jpg      303.353305      305.334715      303.579449      305.359321      293.432418      302.138138      295.919628      302.828942
frame00183.jpg      303.376778      305.342484      303.601744      305.366941      293.502080      302.161220      295.967508      302.845349
frame00184.jpg      303.485896      305.378502      303.643788      305.381788      293.782912      302.253328      296.023293      302.865570
frame00185.jpg      303.470427      305.372933      303.627195      305.375607      293.791817      302.254324      295.968402      302.845653
frame00186.jpg      303.465546      305.370861      303.623618      305.373961      293.809565      302.258405      295.972981      302.845914
frame00187.jpg      303.464130      305.370331      303.621303      305.373101      293.796620      302.254073      295.944955      302.836408
frame00188.jpg      303.310064      305.319445      303.386795      305.293846      293.348624      302.105550      295.357556      302.637943
frame00189.jpg      304.154327      305.597233      304.401595      305.633339      295.341855      302.763125      297.674942      303.413622
frame00190.jpg      304.171035      305.602742      304.418218      305.638952      295.394682      302.780471      297.724796      303.430361
frame00191.jpg      304.188857      305.608637      304.438867      305.645868      295.434515      302.793701      297.766544      303.444414
frame00192.jpg      304.200365      305.612434      304.451845      305.650266      295.464882      302.803794      297.804380      303.457150
frame00193.jpg      304.212957      305.616604      304.467212      305.655445      295.496637      302.814369      297.834140      303.467242
frame00194.jpg      304.251206      305.629142      304.502783      305.667547      295.635868      302.859941      297.953029      303.507182
frame00195.jpg      304.246361      305.627385      304.500416      305.666512      295.585987      302.843310      297.935401      303.500722
frame00196.jpg      304.231737      305.622576      304.484926      305.661236      295.521560      302.822237      297.886649      303.484310
frame00197.jpg      304.217653      305.617928      304.470334      305.656276      295.476765      302.807501      297.845990      303.470566
frame00198.jpg      304.204526      305.613605      304.454409      305.650847      295.433295      302.793183      297.793218      303.452733
frame00199.jpg      304.187492      305.608018      304.435683      305.644495      295.372838      302.773342      297.746760      303.437065
frame00200.jpg      304.175668      305.604117      304.424677      305.640703      295.315003      302.754428      297.708979      303.424260
frame00201.jpg      304.170183      305.602292      304.420874      305.639318      295.257266      302.735712      297.678727      303.413948
frame00202.jpg      304.241074      305.625577      304.486859      305.661952      295.548416      302.831182      297.938370      303.501390
frame00203.jpg      304.255146      305.630221      304.502148      305.667155      295.585749      302.843553      297.985088      303.517185
frame00204.jpg      304.267100      305.634158      304.515427      305.671681      295.629200      302.857764      298.012376      303.526524
frame00205.jpg      302.631484      304.935304      304.934262      305.667957      306.565118      306.186832      304.846631      305.640076
frame00206.jpg      302.589033      304.921797      304.933028      305.667564      306.582661      306.192414      304.845499      305.639716
frame00207.jpg      302.578350      304.918399      304.932336      305.667344      306.591567      306.195247      304.844643      305.639444
frame00208.jpg      302.502899      304.894393      304.930299      305.666696      306.600742      306.198166      304.843825      305.639184
frame00209.jpg      302.407828      304.864145      304.929091      305.666312      306.606617      306.200035      304.842570      305.638784
frame00210.jpg      302.373571      304.853246      304.928655      305.666173      306.613033      306.202077      304.842599      305.638793
frame00211.jpg      302.424170      304.869344      304.928660      305.666175      306.624021      306.205573      304.842629      305.638803
frame00212.jpg      302.420778      304.868265      304.928523      305.666131      306.625632      306.206085      304.842480      305.638756
frame00213.jpg      302.420167      304.868071      304.928509      305.666127      306.625353      306.205996      304.842462      305.638750
frame00214.jpg      302.362306      304.849662      304.927071      305.665669      306.644802      306.212184      304.841168      305.638338
frame00215.jpg      302.201766      304.798584      304.925806      305.665267      306.659209      306.216768      304.839949      305.637950
frame00216.jpg      302.072872      304.757575      304.924528      305.664860      306.687528      306.225778      304.843688      305.639140
frame00217.jpg      301.978111      304.727426      304.922825      305.664318      306.686755      306.225532      304.841734      305.638518
frame00218.jpg      301.980240      304.728103      304.922395      305.664181      306.711061      306.233266      304.841169      305.638339
frame00219.jpg      301.957555      304.720886      304.922042      305.664069      306.713734      306.234116      304.841495      305.638442
frame00220.jpg      301.888128      304.698797      304.921150      305.663785      306.715088      306.234547      304.841119      305.638323
frame00221.jpg      301.877974      304.695566      304.920746      305.663657      306.722707      306.236971      304.840757      305.638207
frame00222.jpg      301.905584      304.704350      304.920651      305.663627      306.723670      306.237277      304.840651      305.638174
frame00223.jpg      301.952978      304.719429      304.921406      305.663867      306.720257      306.236191      304.841027      305.638293
frame00224.jpg      302.018707      304.740342      304.921737      305.663972      306.723337      306.237171      304.840979      305.638278
frame00225.jpg      301.969400      304.724654      304.920423      305.663554      306.739518      306.242319      304.839752      305.637888
frame00226.jpg      302.032950      304.744873      304.863306      305.645382      305.979457      306.000498      304.885126      305.652324
frame00227.jpg      302.080238      304.759918      304.863745      305.645521      305.979421      306.000486      304.885947      305.652585
frame00228.jpg      302.206036      304.799942      304.863986      305.645598      305.987344      306.003007      304.887081      305.652946
frame00229.jpg      302.122375      304.773324      304.864280      305.645692      305.971053      305.997824      304.887433      305.653058
frame00230.jpg      302.111836      304.769972      304.863087      305.645312      305.972816      305.998385      304.886693      305.652822
frame00231.jpg      302.136721      304.777889      304.865164      305.645973      305.976224      305.999469      304.889274      305.653644
frame00232.jpg      302.062597      304.754305      304.862529      305.645135      305.966708      305.996441      304.886175      305.652658
frame00233.jpg      302.086189      304.761812      304.865664      305.646132      305.992965      306.004795      304.889919      305.653849
frame00234.jpg      302.204130      304.799336      304.877468      305.649887      305.960055      305.994325      304.908678      305.659817
frame00235.jpg      302.204437      304.799433      304.877066      305.649760      305.960163      305.994359      304.908238      305.659677
frame00236.jpg      302.186451      304.793711      304.875475      305.649253      305.959628      305.994189      304.906359      305.659080
frame00237.jpg      302.188346      304.794314      304.875307      305.649200      305.958657      305.993880      304.906101      305.658997
frame00238.jpg      302.197451      304.797211      304.874851      305.649055      305.962837      305.995210      304.905432      305.658784
frame00239.jpg      302.367749      304.851393      304.863115      305.645321      306.055744      306.024769      304.892265      305.654595
frame00240.jpg      301.955954      304.720376      304.840762      305.638209      306.118807      306.044833      304.869187      305.647253
frame00241.jpg      301.996899      304.733403      304.840018      305.637972      306.113103      306.043018      304.868029      305.646884
frame00242.jpg      301.973090      304.725828      304.809219      305.628173      306.018900      306.013047      304.825787      305.633445
frame00243.jpg      301.980104      304.728060      304.807901      305.627754      306.019927      306.013373      304.824009      305.632879
frame00244.jpg      302.016038      304.739492      304.802238      305.625952      306.029690      306.016480      304.817327      305.630753
frame00245.jpg      302.046371      304.749143      304.799708      305.625147      306.050928      306.023237      304.814036      305.629706
frame00246.jpg      302.038035      304.746491      304.796310      305.624066      306.057134      306.025211      304.809828      305.628367
frame00247.jpg      301.976595      304.726943      304.798500      305.624763      306.064275      306.027483      304.812848      305.629328
frame00248.jpg      301.964217      304.723005      304.799149      305.624970      306.065764      306.027957      304.813951      305.629679
frame00249.jpg      301.963526      304.722785      304.800191      305.625301      306.073722      306.030489      304.815275      305.630100
frame00250.jpg      302.050027      304.750306      304.800349      305.625351      306.086959      306.034700      304.815502      305.630172
frame00251.jpg      302.080505      304.760003      304.802314      305.625976      306.074566      306.030758      304.817710      305.630875
frame00252.jpg      302.080994      304.760159      304.802699      305.626099      306.076072      306.031236      304.817799      305.630903
frame00253.jpg      302.096248      304.765012      304.801316      305.625659      306.071092      306.029652      304.815460      305.630159
frame00254.jpg      302.071784      304.757229      304.800446      305.625382      306.081012      306.032808      304.814414      305.629826
frame00255.jpg      302.075245      304.758330      304.799908      305.625211      306.076336      306.031320      304.813766      305.629620
frame00256.jpg      302.071676      304.757194      304.800560      305.625418      306.088288      306.035123      304.814716      305.629922
frame00257.jpg      302.062059      304.754134      304.801068      305.625580      306.089056      306.035368      304.815401      305.630140
frame00258.jpg      299.082533      303.806164      304.833975      305.636050      305.887120      305.971120      304.863718      305.645513
frame00259.jpg      301.546279      304.590032      304.828546      305.634322      306.287466      306.098494      304.853034      305.642114
frame00260.jpg      301.629189      304.616411      304.828390      305.634273      306.340567      306.115389      304.852746      305.642022
frame00261.jpg      301.645343      304.621551      304.832279      305.635510      306.341733      306.115760      304.857979      305.643687
frame00262.jpg      301.574724      304.599083      304.832894      305.635706      306.343946      306.116464      304.859117      305.644049
frame00263.jpg      301.595115      304.605570      304.837269      305.637098      306.348425      306.117889      304.864470      305.645752
frame00264.jpg      301.514523      304.579929      304.840347      305.638077      306.344054      306.116499      304.868841      305.647142
frame00265.jpg      301.498021      304.574679      304.841329      305.638390      306.342617      306.116041      304.870176      305.647567
frame00266.jpg      301.471425      304.566217      304.844077      305.639264      306.337966      306.114562      304.873634      305.648667
frame00267.jpg      301.405059      304.545102      304.846861      305.640150      306.334049      306.113315      304.877485      305.649893
frame00268.jpg      301.416934      304.548880      304.854810      305.642678      306.353716      306.119572      304.887604      305.653112
frame00269.jpg      301.433864      304.554266      304.858425      305.643829      306.363776      306.122773      304.892282      305.654600
frame00270.jpg      301.418572      304.549401      304.859954      305.644315      306.363279      306.122615      304.894227      305.655219
frame00271.jpg      301.404789      304.545015      304.861689      305.644867      306.372433      306.125528      304.896630      305.655984
frame00272.jpg      301.387990      304.539671      304.864956      305.645907      306.368938      306.124416      304.900888      305.657339
frame00273.jpg      301.385365      304.538836      304.865288      305.646012      306.370602      306.124945      304.901347      305.657485
frame00274.jpg      301.402069      304.544150      304.864618      305.645799      306.368512      306.124280      304.900414      305.657188
frame00275.jpg      301.407596      304.545909      304.863762      305.645527      306.362852      306.122479      304.899220      305.656808
frame00276.jpg      301.396122      304.542258      304.864939      305.645901      306.360426      306.121707      304.900650      305.657263
frame00277.jpg      301.377334      304.536281      304.865926      305.646215      306.362943      306.122508      304.902030      305.657702
frame00278.jpg      301.121707      304.454950      304.868218      305.646945      306.350837      306.118656      304.905361      305.658762
frame00279.jpg      301.081065      304.442019      304.870168      305.647565      306.352136      306.119070      304.908111      305.659637
frame00280.jpg      301.067039      304.437557      304.868718      305.647104      306.358590      306.121123      304.906251      305.659045
frame00281.jpg      301.037417      304.428132      304.871725      305.648060      306.362326      306.122312      304.910198      305.660301
frame00282.jpg      301.032350      304.426520      304.872304      305.648245      306.363139      306.122571      304.911212      305.660624
frame00283.jpg      301.082715      304.442544      304.869242      305.647270      306.362006      306.122210      304.907232      305.659357
frame00284.jpg      301.060468      304.435466      304.868750      305.647114      306.358670      306.121149      304.906480      305.659118
frame00285.jpg      301.042070      304.429613      304.870255      305.647592      306.357817      306.120877      304.908350      305.659713
frame00286.jpg      301.057460      304.434509      304.873386      305.648589      306.358230      306.121009      304.911999      305.660874
frame00287.jpg      301.059901      304.435285      304.880163      305.650745      306.351602      306.118900      304.920749      305.663658
frame00288.jpg      301.108357      304.450702      304.875866      305.649378      306.361320      306.121992      304.915630      305.662029
frame00289.jpg      301.127814      304.456893      304.874856      305.649056      306.361985      306.122204      304.914110      305.661546
frame00290.jpg      301.209611      304.482917      304.873150      305.648513      306.360889      306.121855      304.911685      305.660774
frame00291.jpg      301.266170      304.500912      304.870005      305.647513      306.348134      306.117797      304.906290      305.659057
frame00292.jpg      301.271156      304.502499      304.871726      305.648061      306.351790      306.118960      304.908691      305.659821
frame00293.jpg      301.261804      304.499523      304.871979      305.648141      306.369043      306.124449      304.910977      305.660549
frame00294.jpg      301.238395      304.492075      304.871015      305.647834      306.363259      306.122609      304.910435      305.660376
frame00295.jpg      301.252968      304.496712      304.870466      305.647660      306.361168      306.121944      304.909627      305.660119
frame00296.jpg      301.250574      304.495950      304.870040      305.647524      306.363139      306.122571      304.909261      305.660003
frame00297.jpg      301.312370      304.515611      304.869691      305.647413      306.377654      306.127189      304.906016      305.658970
frame00298.jpg      301.343085      304.525384      304.860264      305.644414      306.406759      306.136449      304.894009      305.655150
frame00299.jpg      301.337145      304.523494      304.861319      305.644750      306.396290      306.133118      304.895230      305.655539
frame00300.jpg      301.341258      304.524802      304.861100      305.644680      306.402939      306.135233      304.895020      305.655472
frame00301.jpg      301.357604      304.530003      304.860609      305.644524      306.382001      306.128572      304.892385      305.654633
frame00302.jpg      301.349520      304.527431      304.859342      305.644120      306.372296      306.125484      304.890675      305.654089
frame00303.jpg      301.350984      304.527897      304.858263      305.643777      306.350255      306.118472      304.889132      305.653599
frame00304.jpg      301.297512      304.510884      304.858807      305.643950      306.347200      306.117499      304.889883      305.653837
frame00305.jpg      301.286328      304.507326      304.858432      305.643831      306.355964      306.120288      304.889506      305.653717
frame00306.jpg      301.212203      304.483742      304.860105      305.644363      306.385624      306.129724      304.892648      305.654717
frame00307.jpg      301.187889      304.476006      304.860460      305.644476      306.401770      306.134862      304.892873      305.654789
frame00308.jpg      301.156099      304.465892      304.861065      305.644669      306.403460      306.135399      304.893715      305.655057
frame00309.jpg      301.328722      304.520814      304.858215      305.643762      306.466381      306.155418      304.889838      305.653823
frame00310.jpg      301.316912      304.517057      304.844127      305.639280      306.591571      306.195249      304.874593      305.648973
frame00311.jpg      301.318458      304.517549      304.844261      305.639322      306.593334      306.195810      304.874846      305.649053
frame00312.jpg      301.342157      304.525089      304.844248      305.639318      306.592876      306.195664      304.874780      305.649032
frame00313.jpg      301.364989      304.532353      304.842765      305.638846      306.591288      306.195159      304.873461      305.648612
frame00314.jpg      301.416451      304.548726      304.842916      305.638894      306.623001      306.205249      304.874538      305.648955
frame00315.jpg      301.411499      304.547151      304.841744      305.638522      306.623394      306.205374      304.871827      305.648093
frame00316.jpg      301.433858      304.554264      304.839683      305.637866      306.656156      306.215797      304.869404      305.647322
frame00317.jpg      301.428337      304.552508      304.838922      305.637624      306.659132      306.216744      304.868283      305.646965
frame00318.jpg      301.436389      304.555070      304.838516      305.637495      306.656681      306.215964      304.867496      305.646715
frame00319.jpg      301.450517      304.559565      304.837944      305.637313      306.679580      306.223250      304.867206      305.646622
frame00320.jpg      301.431819      304.553616      304.837367      305.637129      306.695921      306.228449      304.866565      305.646418
frame00321.jpg      301.316347      304.516877      304.826648      305.633719      306.632146      306.208158      304.874455      305.648929
frame00322.jpg      301.395603      304.542093      304.821362      305.632037      306.595659      306.196550      304.866734      305.646472
frame00323.jpg      301.414511      304.548109      304.822155      305.632289      306.600334      306.198037      304.867560      305.646735
frame00324.jpg      301.430663      304.553248      304.821355      305.632034      306.601661      306.198459      304.866498      305.646397
frame00325.jpg      301.439793      304.556153      304.819272      305.631372      306.588663      306.194324      304.863821      305.645546
frame00326.jpg      301.395041      304.541914      304.816849      305.630601      306.609235      306.200869      304.861029      305.644657
frame00327.jpg      301.475220      304.567424      304.812802      305.629313      306.810173      306.264799      304.859191      305.644072
frame00328.jpg      301.457840      304.561895      304.813240      305.629452      306.807528      306.263958      304.859875      305.644290
frame00329.jpg      301.478355      304.568422      304.809422      305.628238      306.851368      306.277906      304.853694      305.642324
frame00330.jpg      301.499374      304.575109      304.810647      305.628628      306.859152      306.280383      304.855124      305.642778
frame00331.jpg      301.364044      304.532052      304.760360      305.612628      306.722784      306.236996      304.837463      305.637159
frame00332.jpg      301.349719      304.527495      304.763061      305.613488      306.718456      306.235619      304.841340      305.638393
frame00333.jpg      301.342649      304.525245      304.760147      305.612561      306.752631      306.246492      304.835054      305.636393
frame00334.jpg      301.338488      304.523922      304.761961      305.613138      306.748944      306.245319      304.837565      305.637192
frame00335.jpg      301.342657      304.525248      304.764635      305.613988      306.741371      306.242909      304.840829      305.638230
frame00336.jpg invalid_tracker_state
frame00337.jpg invalid_tracker_state
frame00338.jpg invalid_tracker_state
frame00339.jpg invalid_tracker_state
frame00340.jpg invalid_tracker_state
frame00341.jpg invalid_tracker_state
frame00342.jpg invalid_tracker_state
frame00343.jpg invalid_tracker_state
frame00344.jpg invalid_tracker_state
frame00345.jpg invalid_tracker_state
frame00346.jpg invalid_tracker_state
frame00347.jpg invalid_tracker_state
frame00348.jpg invalid_tracker_state
frame00349.jpg invalid_tracker_state
frame00350.jpg invalid_tracker_state
frame00351.jpg invalid_tracker_state
frame00352.jpg invalid_tracker_state
frame00353.jpg invalid_tracker_state
frame00354.jpg invalid_tracker_state
frame00355.jpg invalid_tracker_state
frame00356.jpg invalid_tracker_state
frame00357.jpg invalid_tracker_state
frame00358.jpg invalid_tracker_state
frame00359.jpg invalid_tracker_state
frame00360.jpg invalid_tracker_state
frame00361.jpg invalid_tracker_state
frame00362.jpg invalid_tracker_state
frame00363.jpg invalid_tracker_state
frame00364.jpg invalid_tracker_state
frame00365.jpg invalid_tracker_state
frame00366.jpg invalid_tracker_state
frame00367.jpg invalid_tracker_state
frame00368.jpg invalid_tracker_state
frame00369.jpg invalid_tracker_state
frame00370.jpg invalid_tracker_state
frame00371.jpg invalid_tracker_state
frame00372.jpg invalid_tracker_state
frame00373.jpg invalid_tracker_state
frame00374.jpg invalid_tracker_state
frame00375.jpg invalid_tracker_state
frame00376.jpg invalid_tracker_state
frame00377.jpg invalid_tracker_state
frame00378.jpg invalid_tracker_state
frame00379.jpg invalid_tracker_state
frame00380.jpg invalid_tracker_state
frame00381.jpg invalid_tracker_state
frame00382.jpg invalid_tracker_state
frame00383.jpg invalid_tracker_state
frame00384.jpg invalid_tracker_state
frame00385.jpg invalid_tracker_state
frame00386.jpg invalid_tracker_state
frame00387.jpg invalid_tracker_state
frame00388.jpg invalid_tracker_state
frame00389.jpg invalid_tracker_state
frame00390.jpg invalid_tracker_state
frame00391.jpg invalid_tracker_state
frame00392.jpg invalid_tracker_state
frame00393.jpg invalid_tracker_state
frame00394.jpg invalid_tracker_state
frame00395.jpg invalid_tracker_state
frame00396.jpg invalid_tracker_state
frame00397.jpg invalid_tracker_state
frame00398.jpg invalid_tracker_state
frame00399.jpg invalid_tracker_state
frame00400.jpg invalid_tracker_state
frame00401.jpg invalid_tracker_state
frame00402.jpg invalid_tracker_state
frame00403.jpg invalid_tracker_state
frame00404.jpg invalid_tracker_state
frame00405.jpg invalid_tracker_state
frame00406.jpg invalid_tracker_state
frame00407.jpg invalid_tracker_state
frame00408.jpg invalid_tracker_state
frame00409.jpg invalid_tracker_state
frame00410.jpg invalid_tracker_state
frame00411.jpg invalid_tracker_state
frame00412.jpg invalid_tracker_state
frame00413.jpg invalid_tracker_state
frame00414.jpg invalid_tracker_state
frame00415.jpg invalid_tracker_state
frame00416.jpg invalid_tracker_state
frame00417.jpg invalid_tracker_state
frame00418.jpg invalid_tracker_state
frame00419.jpg invalid_tracker_state
frame00420.jpg invalid_tracker_state
frame00421.jpg invalid_tracker_state
frame00422.jpg invalid_tracker_state
frame00423.jpg invalid_tracker_state
frame00424.jpg invalid_tracker_state
frame00425.jpg invalid_tracker_state
frame00426.jpg invalid_tracker_state
frame00427.jpg invalid_tracker_state
frame00428.jpg invalid_tracker_state
frame00429.jpg invalid_tracker_state
frame00430.jpg invalid_tracker_state
frame00431.jpg invalid_tracker_state
frame00432.jpg invalid_tracker_state
frame00433.jpg invalid_tracker_state
frame00434.jpg invalid_tracker_state
frame00435.jpg invalid_tracker_state
frame00436.jpg invalid_tracker_state
frame00437.jpg invalid_tracker_state
frame00438.jpg invalid_tracker_state
frame00439.jpg invalid_tracker_state
frame00440.jpg invalid_tracker_state
frame00441.jpg invalid_tracker_state
frame00442.jpg invalid_tracker_state
frame00443.jpg invalid_tracker_state
frame00444.jpg invalid_tracker_state
frame00445.jpg invalid_tracker_state
frame00446.jpg invalid_tracker_state
frame00447.jpg invalid_tracker_state
frame00448.jpg invalid_tracker_state
frame00449.jpg invalid_tracker_state
frame00450.jpg invalid_tracker_state
frame00451.jpg invalid_tracker_state
frame00452.jpg invalid_tracker_state
frame00453.jpg invalid_tracker_state
frame00454.jpg invalid_tracker_state
frame00455.jpg invalid_tracker_state
frame00456.jpg invalid_tracker_state
frame00457.jpg invalid_tracker_state
frame00458.jpg invalid_tracker_state
frame00459.jpg invalid_tracker_state
frame00460.jpg invalid_tracker_state
frame00461.jpg invalid_tracker_state
frame00462.jpg invalid_tracker_state
frame00463.jpg invalid_tracker_state
frame00464.jpg invalid_tracker_state
frame00465.jpg invalid_tracker_state
frame00466.jpg invalid_tracker_state
frame00467.jpg invalid_tracker_state
frame00468.jpg invalid_tracker_state
frame00469.jpg invalid_tracker_state
frame00470.jpg invalid_tracker_state
frame00471.jpg invalid_tracker_state
frame00472.jpg invalid_tracker_state
frame00473.jpg invalid_tracker_state
frame00474.jpg invalid_tracker_state
frame00475.jpg invalid_tracker_state
frame00476.jpg invalid_tracker_state
frame00477.jpg invalid_tracker_state
frame00478.jpg invalid_tracker_state
frame00479.jpg invalid_tracker_state
frame00480.jpg invalid_tracker_state
frame00481.jpg invalid_tracker_state
frame00482.jpg invalid_tracker_state
frame00483.jpg invalid_tracker_state
frame00484.jpg invalid_tracker_state
frame00485.jpg invalid_tracker_state
frame00486.jpg invalid_tracker_state
frame00487.jpg invalid_tracker_state
frame00488.jpg invalid_tracker_state
frame00489.jpg invalid_tracker_state
frame00490.jpg invalid_tracker_state
frame00491.jpg invalid_tracker_state
frame00492.jpg invalid_tracker_state
frame00493.jpg invalid_tracker_state
frame00494.jpg invalid_tracker_state
frame00495.jpg invalid_tracker_state
frame00496.jpg invalid_tracker_state
frame00497.jpg invalid_tracker_state
frame00498.jpg invalid_tracker_state
frame00499.jpg invalid_tracker_state
frame00500.jpg invalid_tracker_state
frame00501.jpg invalid_tracker_state
frame00502.jpg invalid_tracker_state
frame00503.jpg invalid_tracker_state
frame00504.jpg invalid_tracker_state
frame00505.jpg invalid_tracker_state
frame00506.jpg invalid_tracker_state
frame00507.jpg invalid_tracker_state
frame00508.jpg invalid_tracker_state
frame00509.jpg invalid_tracker_state
frame00510.jpg invalid_tracker_state
frame00511.jpg invalid_tracker_state
frame00512.jpg invalid_tracker_state
frame00513.jpg invalid_tracker_state
frame00514.jpg invalid_tracker_state
frame00515.jpg invalid_tracker_state
frame00516.jpg invalid_tracker_state
frame00517.jpg invalid_tracker_state
frame00518.jpg invalid_tracker_state
frame00519.jpg invalid_tracker_state
frame00520.jpg invalid_tracker_state
frame00521.jpg invalid_tracker_state
frame00522.jpg invalid_tracker_state
frame00523.jpg invalid_tracker_state
frame00524.jpg invalid_tracker_state
frame00525.jpg invalid_tracker_state
frame00526.jpg invalid_tracker_state
frame00527.jpg invalid_tracker_state
frame00528.jpg invalid_tracker_state
frame00529.jpg invalid_tracker_state
frame00530.jpg invalid_tracker_state
frame00531.jpg invalid_tracker_state
frame00532.jpg invalid_tracker_state
frame00533.jpg invalid_tracker_state
frame00534.jpg invalid_tracker_state
frame00535.jpg invalid_tracker_state
frame00536.jpg invalid_tracker_state
frame00537.jpg invalid_tracker_state
frame00538.jpg invalid_tracker_state
frame00539.jpg invalid_tracker_state
frame00540.jpg invalid_tracker_state
frame00541.jpg invalid_tracker_state
frame00542.jpg invalid_tracker_state
frame00543.jpg invalid_tracker_state
frame00544.jpg invalid_tracker_state
frame00545.jpg invalid_tracker_state
frame00546.jpg invalid_tracker_state
frame00547.jpg invalid_tracker_state
frame00548.jpg invalid_tracker_state
frame00549.jpg invalid_tracker_state
frame00550.jpg invalid_tracker_state
frame00551.jpg invalid_tracker_state
frame00552.jpg invalid_tracker_state
frame00553.jpg invalid_tracker_state
frame00554.jpg invalid_tracker_state
frame00555.jpg invalid_tracker_state
frame00556.jpg invalid_tracker_state
frame00557.jpg invalid_tracker_state
frame00558.jpg invalid_tracker_state
frame00559.jpg invalid_tracker_state
frame00560.jpg invalid_tracker_state
frame00561.jpg invalid_tracker_state
frame00562.jpg invalid_tracker_state
frame00563.jpg invalid_tracker_state
frame00564.jpg invalid_tracker_state
frame00565.jpg invalid_tracker_state
frame00566.jpg invalid_tracker_state
frame00567.jpg invalid_tracker_state
frame00568.jpg invalid_tracker_state
frame00569.jpg invalid_tracker_state
frame00570.jpg invalid_tracker_state
frame00571.jpg invalid_tracker_state
frame00572.jpg invalid_tracker_state
frame00573.jpg invalid_tracker_state
frame00574.jpg invalid_tracker_state
frame00575.jpg invalid_tracker_state
frame00576.jpg invalid_tracker_state
frame00577.jpg invalid_tracker_state
frame00578.jpg invalid_tracker_state
frame00579.jpg invalid_tracker_state
frame00580.jpg invalid_tracker_state
frame00581.jpg invalid_tracker_state
frame00582.jpg invalid_tracker_state
frame00583.jpg invalid_tracker_state
frame00584.jpg invalid_tracker_state
frame00585.jpg invalid_tracker_state
frame00586.jpg invalid_tracker_state
frame00587.jpg invalid_tracker_state
frame00588.jpg invalid_tracker_state
frame00589.jpg invalid_tracker_state
frame00590.jpg invalid_tracker_state
frame00591.jpg invalid_tracker_state
frame00592.jpg invalid_tracker_state
frame00593.jpg invalid_tracker_state
frame00594.jpg invalid_tracker_state
frame00595.jpg invalid_tracker_state
frame00596.jpg invalid_tracker_state
frame00597.jpg invalid_tracker_state
frame00598.jpg invalid_tracker_state
frame00599.jpg invalid_tracker_state
frame00600.jpg invalid_tracker_state
frame00601.jpg invalid_tracker_state
frame00602.jpg invalid_tracker_state
frame00603.jpg invalid_tracker_state
frame00604.jpg invalid_tracker_state
frame00605.jpg invalid_tracker_state
frame00606.jpg invalid_tracker_state
frame00607.jpg invalid_tracker_state
frame00608.jpg invalid_tracker_state
frame00609.jpg invalid_tracker_state
frame00610.jpg invalid_tracker_state
frame00611.jpg invalid_tracker_state
frame00612.jpg invalid_tracker_state
frame00613.jpg invalid_tracker_state
frame00614.jpg invalid_tracker_state
frame00615.jpg invalid_tracker_state
frame00616.jpg invalid_tracker_state
frame00617.jpg invalid_tracker_state
frame00618.jpg invalid_tracker_state
frame00619.jpg invalid_tracker_state
frame00620.jpg invalid_tracker_state
frame00621.jpg invalid_tracker_state
frame00622.jpg invalid_tracker_state
frame00623.jpg invalid_tracker_state
frame00624.jpg invalid_tracker_state
frame00625.jpg invalid_tracker_state
frame00626.jpg invalid_tracker_state
frame00627.jpg invalid_tracker_state
frame00628.jpg invalid_tracker_state
frame00629.jpg invalid_tracker_state
frame00630.jpg invalid_tracker_state
frame00631.jpg invalid_tracker_state
frame00632.jpg invalid_tracker_state
frame00633.jpg invalid_tracker_state
frame00634.jpg invalid_tracker_state
frame00635.jpg invalid_tracker_state
frame00636.jpg invalid_tracker_state
frame00637.jpg invalid_tracker_state
frame00638.jpg invalid_tracker_state
frame00639.jpg invalid_tracker_state
frame00640.jpg invalid_tracker_state
frame00641.jpg invalid_tracker_state
frame00642.jpg invalid_tracker_state
frame00643.jpg invalid_tracker_state
frame00644.jpg invalid_tracker_state
frame00645.jpg invalid_tracker_state
frame00646.jpg invalid_tracker_state
frame00647.jpg invalid_tracker_state
frame00648.jpg invalid_tracker_state
frame00649.jpg invalid_tracker_state
frame00650.jpg invalid_tracker_state
frame00651.jpg invalid_tracker_state
frame00652.jpg invalid_tracker_state
frame00653.jpg invalid_tracker_state
frame00654.jpg invalid_tracker_state
frame00655.jpg invalid_tracker_state
frame00656.jpg invalid_tracker_state
frame00657.jpg invalid_tracker_state
frame00658.jpg invalid_tracker_state
frame00659.jpg invalid_tracker_state
frame00660.jpg invalid_tracker_state
frame00661.jpg invalid_tracker_state
frame00662.jpg invalid_tracker_state
frame00663.jpg invalid_tracker_state
frame00664.jpg invalid_tracker_state
frame00665.jpg invalid_tracker_state
frame00666.jpg invalid_tracker_state
frame00667.jpg invalid_tracker_state
frame00668.jpg invalid_tracker_state
frame00669.jpg invalid_tracker_state
frame00670.jpg invalid_tracker_state
frame00671.jpg invalid_tracker_state
frame00672.jpg invalid_tracker_state
frame00673.jpg invalid_tracker_state
frame00674.jpg invalid_tracker_state
frame00675.jpg invalid_tracker_state
frame00676.jpg invalid_tracker_state
frame00677.jpg invalid_tracker_state
frame00678.jpg invalid_tracker_state
frame00679.jpg invalid_tracker_state
frame00680.jpg invalid_tracker_state
frame00681.jpg invalid_tracker_state
frame00682.jpg invalid_tracker_state
frame00683.jpg invalid_tracker_state
frame00684.jpg invalid_tracker_state
frame00685.jpg invalid_tracker_state
frame00686.jpg invalid_tracker_state
frame00687.jpg invalid_tracker_state
frame00688.jpg invalid_tracker_state
frame00689.jpg invalid_tracker_state
frame00690.jpg invalid_tracker_state
frame00691.jpg invalid_tracker_state
frame00692.jpg invalid_tracker_state
frame00693.jpg invalid_tracker_state
frame00694.jpg invalid_tracker_state
frame00695.jpg invalid_tracker_state
frame00696.jpg invalid_tracker_state
frame00697.jpg invalid_tracker_state
frame00698.jpg invalid_tracker_state
frame00699.jpg invalid_tracker_state
frame00700.jpg invalid_tracker_state
frame00701.jpg invalid_tracker_state
frame00702.jpg invalid_tracker_state
frame00703.jpg invalid_tracker_state
frame00704.jpg invalid_tracker_state
frame00705.jpg invalid_tracker_state
frame00706.jpg invalid_tracker_state
frame00707.jpg invalid_tracker_state
frame00708.jpg invalid_tracker_state
frame00709.jpg invalid_tracker_state
frame00710.jpg invalid_tracker_state
frame00711.jpg invalid_tracker_state
frame00712.jpg invalid_tracker_state
frame00713.jpg invalid_tracker_state
frame00714.jpg invalid_tracker_state
frame00715.jpg invalid_tracker_state
frame00716.jpg invalid_tracker_state
frame00717.jpg invalid_tracker_state
frame00718.jpg invalid_tracker_state
frame00719.jpg invalid_tracker_state
frame00720.jpg invalid_tracker_state
frame00721.jpg invalid_tracker_state
frame00722.jpg invalid_tracker_state
frame00723.jpg invalid_tracker_state
frame00724.jpg invalid_tracker_state
frame00725.jpg invalid_tracker_state
frame00726.jpg invalid_tracker_state
frame00727.jpg invalid_tracker_state
frame00728.jpg invalid_tracker_state
frame00729.jpg invalid_tracker_state
frame00730.jpg invalid_tracker_state
frame00731.jpg invalid_tracker_state
frame00732.jpg invalid_tracker_state
frame00733.jpg invalid_tracker_state
frame00734.jpg invalid_tracker_state
frame00735.jpg invalid_tracker_state
frame00736.jpg invalid_tracker_state
frame00737.jpg invalid_tracker_state
frame00738.jpg invalid_tracker_state
frame00739.jpg invalid_tracker_state
frame00740.jpg invalid_tracker_state
frame00741.jpg invalid_tracker_state
frame00742.jpg invalid_tracker_state
frame00743.jpg invalid_tracker_state
frame00744.jpg invalid_tracker_state
frame00745.jpg invalid_tracker_state
frame00746.jpg invalid_tracker_state
frame00747.jpg invalid_tracker_state
frame00748.jpg invalid_tracker_state
frame00749.jpg invalid_tracker_state
frame00750.jpg invalid_tracker_state
frame00751.jpg invalid_tracker_state
frame00752.jpg invalid_tracker_state
frame00753.jpg invalid_tracker_state
frame00754.jpg invalid_tracker_state
frame00755.jpg invalid_tracker_state
frame00756.jpg invalid_tracker_state
frame00757.jpg invalid_tracker_state
frame00758.jpg invalid_tracker_state
frame00759.jpg invalid_tracker_state
frame00760.jpg invalid_tracker_state
frame00761.jpg invalid_tracker_state
frame00762.jpg invalid_tracker_state
frame00763.jpg invalid_tracker_state
frame00764.jpg invalid_tracker_state
frame00765.jpg invalid_tracker_state
frame00766.jpg invalid_tracker_state
frame00767.jpg invalid_tracker_state
frame00768.jpg invalid_tracker_state
frame00769.jpg invalid_tracker_state
frame00770.jpg invalid_tracker_state
frame00771.jpg invalid_tracker_state
frame00772.jpg invalid_tracker_state
frame00773.jpg invalid_tracker_state
frame00774.jpg invalid_tracker_state
frame00775.jpg invalid_tracker_state
frame00776.jpg invalid_tracker_state
frame00777.jpg invalid_tracker_state
frame00778.jpg invalid_tracker_state
frame00779.jpg invalid_tracker_state
frame00780.jpg invalid_tracker_state
frame00781.jpg invalid_tracker_state
frame00782.jpg invalid_tracker_state
frame00783.jpg invalid_tracker_state
frame00784.jpg invalid_tracker_state
frame00785.jpg invalid_tracker_state
frame00786.jpg invalid_tracker_state
frame00787.jpg invalid_tracker_state
frame00788.jpg invalid_tracker_state
frame00789.jpg invalid_tracker_state
frame00790.jpg invalid_tracker_state
frame00791.jpg invalid_tracker_state
frame00792.jpg invalid_tracker_state
frame00793.jpg invalid_tracker_state
frame00794.jpg invalid_tracker_state
frame00795.jpg invalid_tracker_state
frame00796.jpg invalid_tracker_state
frame00797.jpg invalid_tracker_state
frame00798.jpg invalid_tracker_state
frame00799.jpg invalid_tracker_state
frame00800.jpg invalid_tracker_state
frame00801.jpg invalid_tracker_state
frame00802.jpg invalid_tracker_state
frame00803.jpg invalid_tracker_state
frame00804.jpg invalid_tracker_state
frame00805.jpg invalid_tracker_state
frame00806.jpg invalid_tracker_state
frame00807.jpg invalid_tracker_state
