frame ulx uly urx ury lrx lry llx lly
frame00001.jpg      328.049988      215.039993      543.039978      214.960007      543.000000      441.000000      328.029999      440.959991
frame00002.jpg      328.842537      213.898740      543.509537      212.962487      543.789857      438.955877      329.251209      439.585534
frame00003.jpg      329.430278      213.943009      543.835195      212.537169      544.435759      438.662865      330.331794      440.155798
frame00004.jpg      330.304707      215.336029      543.975442      212.984464      544.661432      438.750667      330.598670      440.231319
frame00005.jpg      329.646852      215.339269      542.995949      212.816383      543.496144      438.307311      329.839163      440.617660
frame00006.jpg      327.621073      213.765714      541.893278      211.147956      541.830854      439.924760      328.869445      442.518222
frame00007.jpg      324.764585      210.508219      541.182967      210.493096      540.379688      441.864213      328.809354      444.799781
frame00008.jpg      318.964206      204.637871      543.103297      207.450095      539.472622      443.818416      330.081911      446.888201
frame00009.jpg      317.096938      201.364868      546.549566      203.081477      537.247709      445.216264      329.732693      448.064444
frame00010.jpg      314.231256      199.754709      546.152217      205.320964      534.373726      445.693985      328.220321      449.434473
frame00011.jpg      314.310077      201.965909      544.389500      207.142024      533.862194      445.880673      327.967449      450.254885
frame00012.jpg      312.661261      201.066122      543.654005      207.132917      532.407516      444.259145      327.876564      450.274247
frame00013.jpg      311.601743      201.464847      542.077933      206.489123      532.302992      442.881785      328.384106      450.406079
frame00014.jpg      311.250614      203.197031      541.409493      205.171301      531.750968      441.039669      328.868707      450.183735
frame00015.jpg      312.668036      207.252354      540.182339      203.280658      530.207706      438.264018      328.076892      448.914037
frame00016.jpg      314.980150      211.983168      535.434072      205.717333      529.651358      434.955175      326.461899      446.438017
frame00017.jpg      316.220134      218.050412      528.054052      209.595566      530.580845      433.198279      325.077213      445.377203
frame00018.jpg      314.729962      218.257930      527.113923      209.814700      529.563866      433.765569      324.416316      446.143883
frame00019.jpg      314.729876      218.597512      526.940656      210.461269      529.412520      433.813104      324.402763      445.898756
frame00020.jpg      315.499011      218.769139      526.614640      210.913025      530.293046      432.827215      325.278152      445.184727
frame00021.jpg      316.221169      219.063501      526.680043      210.908808      530.488852      432.740679      325.490744      446.098661
frame00022.jpg      316.487846      219.777809      525.919149      211.774854      530.364090      432.011858      325.320430      445.674931
frame00023.jpg      317.010169      219.501001      526.038831      211.395189      531.254525      431.161885      326.417251      445.691207
frame00024.jpg      316.994478      219.372483      526.939799      210.906397      531.668427      431.013621      327.161127      445.884714
frame00025.jpg      317.256270      219.551435      526.956747      210.842434      532.013009      430.527061      327.539098      445.743221
frame00026.jpg      320.519953      224.744036      526.544215      213.551985      533.146739      428.280835      328.010983      444.134188
frame00027.jpg      320.208533      224.489171      525.919379      212.364841      532.543383      426.564473      327.575111      443.565596
frame00028.jpg      318.896162      224.034175      524.455575      211.320549      531.245251      425.792896      326.433886      443.820856
frame00029.jpg      317.334847      225.186682      522.766781      211.985497      529.989806      425.831624      325.535082      444.371297
frame00030.jpg      316.680192      223.958201      521.976267      210.892749      529.257797      424.059916      325.265111      443.027579
frame00031.jpg      316.288537      223.612112      521.084923      209.784841      528.504773      422.574273      324.979957      442.399772
frame00032.jpg      315.489323      222.823310      520.070385      208.431661      528.224006      420.423468      325.198648      441.219704
frame00033.jpg      315.278633      222.587588      519.517290      206.963936      528.146832      419.123787      325.443907      441.015583
frame00034.jpg      315.220397      222.535675      519.206340      206.235456      528.609305      418.067306      326.197679      440.761166
frame00035.jpg      316.142976      222.767616      520.130651      205.846154      529.987373      417.708814      327.906230      440.974860
frame00036.jpg      317.573150      222.931179      521.257446      205.835395      531.202249      417.379146      329.224597      440.717388
frame00037.jpg      318.804901      222.767953      522.363364      205.606561      531.959177      417.104614      330.284937      440.606219
frame00038.jpg      319.520432      222.991842      522.898133      205.839407      532.320558      416.569362      331.007049      440.601845
frame00039.jpg      319.428522      222.990214      522.696237      205.528024      532.129577      415.731583      331.174926      440.598607
frame00040.jpg      319.110727      222.185216      521.933313      203.772286      531.752347      413.485160      331.010861      439.373736
frame00041.jpg      317.735458      221.887416      520.761664      202.475712      530.934849      411.980573      330.160498      438.886347
frame00042.jpg      315.958474      220.563583      518.958556      200.252856      529.403577      410.093462      328.657245      438.101667
frame00043.jpg      313.840169      220.867191      516.842198      199.411964      527.949462      408.957914      327.435864      438.468575
frame00044.jpg      312.351067      221.090647      515.351881      198.299552      527.299084      407.952227      326.942633      438.790160
frame00045.jpg      311.618970      220.497117      514.631635      196.265076      527.545654      405.467964      327.406206      437.755947
frame00046.jpg      310.956252      220.058877      513.913229      193.891008      527.727903      403.130342      327.714353      437.450826
frame00047.jpg      310.194182      219.504147      513.477567      192.163383      528.071898      401.017748      328.327073      436.579040
frame00048.jpg      310.313303      217.968403      513.675532      189.886101      528.678383      398.713376      329.208920      434.971034
frame00049.jpg      310.598415      217.494044      513.950548      188.168100      528.918280      397.170856      329.631319      434.726859
frame00050.jpg      309.778402      217.553414      513.137619      187.625269      528.298765      396.329743      329.087435      434.500146
frame00051.jpg      309.407166      217.441802      512.514672      186.747996      528.156418      395.385454      329.072429      434.350955
frame00052.jpg      308.358468      217.291503      511.727935      185.232089      527.813528      393.844898      328.882552      434.225130
frame00053.jpg      307.166639      217.090574      510.662734      183.246697      527.819998      391.731448      329.057063      433.945324
frame00054.jpg      306.241209      217.761114      509.774861      182.182285      527.639982      390.902836      328.981364      435.110128
frame00055.jpg      304.773186      217.622115      508.469157      180.261128      527.590581      388.334725      329.221257      434.420007
frame00056.jpg      304.261592      217.123660      507.762920      177.260641      528.319463      385.428298      330.034632      433.877850
frame00057.jpg      303.446367      217.008714      507.250942      174.789732      528.534173      382.993067      330.646503      433.696425
frame00058.jpg      302.387133      217.120806      506.418440      173.533268      527.973257      381.386826      330.192539      433.634065
frame00059.jpg      300.470666      216.183849      504.848680      170.867360      527.478801      378.694787      330.033425      432.612843
frame00060.jpg      300.242866      215.517684      504.165468      168.789094      527.699286      376.555604      330.376033      431.819612
frame00061.jpg      298.977657      215.820241      503.092422      167.776073      526.887456      375.650048      329.905838      432.695038
frame00062.jpg      297.617949      216.601261      501.663833      166.658225      526.528534      374.097278      329.863118      432.838289
frame00063.jpg      296.936172      217.457876      501.272951      166.015725      526.592654      373.522682      330.286403      433.956468
frame00064.jpg      296.109459      217.941276      501.011234      165.123816      526.684770      372.062761      330.345981      433.806639
frame00065.jpg      295.021126      217.003463      500.387982      162.474440      526.690636      369.828341      330.286405      433.263045
frame00066.jpg      294.518042      217.052188      500.146681      161.215261      527.136639      368.390725      330.998431      433.027396
frame00067.jpg      295.007761      216.290837      500.742496      159.194860      527.974579      366.483004      331.971632      431.872127
frame00068.jpg      295.008599      214.941898      501.150109      156.492875      528.600314      363.701275      332.908653      430.610110
frame00069.jpg      294.857069      214.758934      501.134418      154.815812      528.680368      361.726061      333.463096      430.234135
frame00070.jpg      294.466796      214.716013      500.520343      153.668548      528.400104      359.899629      333.479098      429.546568
frame00071.jpg      293.792350      212.286013      499.975521      150.169739      527.978225      356.586108      333.566046      427.453387
frame00072.jpg      293.459794      211.047671      499.582572      148.197806      527.795071      353.894713      334.002123      425.735063
frame00073.jpg      293.044425      209.063836      499.436804      145.323336      527.704706      351.270263      333.955098      424.169767
frame00074.jpg      291.948564      207.771439      498.958654      143.387992      527.191624      349.440985      333.457521      422.879831
frame00075.jpg      291.799534      206.957327      498.607462      141.561317      526.734009      348.022987      332.980864      422.490983
frame00076.jpg      290.221441      206.803812      497.673749      141.225208      525.763543      347.245561      331.886268      422.319537
frame00077.jpg      289.260225      205.803624      496.560528      139.281839      524.930107      345.870913      331.118273      421.498667
frame00078.jpg      289.097910      205.503508      496.341657      139.143984      524.255420      345.622417      330.822852      421.322518
frame00079.jpg      289.499731      206.136999      496.588220      140.738435      523.095387      347.455301      330.032251      422.095097
frame00080.jpg      290.429780      206.136400      497.281144      143.985014      521.718450      349.770033      329.509166      421.967066
frame00081.jpg      293.103180      206.406965      498.711909      147.001935      520.979893      351.822062      330.015894      421.940329
frame00082.jpg      295.651966      206.499639      499.990649      149.779366      520.136017      353.081250      330.265419      421.755045
frame00083.jpg      296.317898      208.140651      499.969604      153.173115      518.237337      354.521916      329.736575      422.551578
frame00084.jpg      296.639559      207.822490      498.713706      153.388726      516.590327      353.647370      328.931495      421.206332
frame00085.jpg      296.457030      205.827313      497.243028      152.725660      514.719836      352.224467      328.214254      419.517094
frame00086.jpg      297.721321      203.647594      496.225771      151.762228      512.364666      350.558455      327.493492      417.097587
frame00087.jpg      298.682797      200.634413      495.403867      151.241454      510.239439      349.204976      326.370795      414.457496
frame00088.jpg      298.565529      197.122382      495.144738      152.440768      508.645541      347.413201      326.041215      411.185133
frame00089.jpg      300.062559      195.424679      495.594031      150.773703      507.897740      346.638554      326.184974      408.685945
frame00090.jpg      301.129693      193.056367      495.394649      151.210064      506.369973      345.312643      325.461079      406.354211
frame00091.jpg      301.996384      189.062488      495.301898      148.659626      505.722244      344.382853      325.218836      404.510267
frame00092.jpg      303.045047      188.260241      495.707198      147.442970      505.832630      343.284490      325.613933      402.643140
frame00093.jpg      303.115369      187.451636      496.373244      147.371361      504.885728      342.609390      325.279364      400.670027
frame00094.jpg      303.091264      185.005155      495.997296      147.761695      503.511989      341.925255      323.580832      398.855071
frame00095.jpg      302.559806      184.078824      495.901050      147.418563      502.950455      341.192907      323.474795      397.463864
frame00096.jpg      305.727748      182.363862      497.002476      146.689642      503.716194      342.886668      323.703305      397.817958
frame00097.jpg      299.281752      171.007102      500.103163      144.372434      503.251409      343.981977      325.330493      396.773469
frame00098.jpg      291.855522      160.105473      503.501161      140.570736      504.003858      346.118681      327.300661      397.017047
frame00099.jpg      292.307587      158.751086      506.322881      137.772566      506.787673      347.540228      330.255827      396.415289
frame00100.jpg      298.867609      158.679113      511.745115      136.095099      508.205289      349.796159      332.459139      395.894960
frame00101.jpg      298.546840      157.767908      514.704879      135.053091      509.477784      352.839704      334.375420      395.773097
frame00102.jpg      301.374984      156.429143      516.861221      137.920682      509.945764      355.625628      335.150576      394.818541
frame00103.jpg      304.748714      155.657703      518.506801      141.557861      510.661399      358.307281      335.937830      395.068469
frame00104.jpg      312.978890      156.251368      522.925964      146.759974      510.153107      361.660208      336.121290      395.598725
frame00105.jpg      318.450355      156.269748      526.687567      148.682891      510.793345      365.784239      337.754445      396.636401
frame00106.jpg      323.338430      154.484981      532.365193      150.175095      510.710294      371.654070      338.853274      398.457006
frame00107.jpg      327.299200      155.552714      536.067748      151.911706      512.882575      376.620393      340.429462      398.067583
frame00108.jpg      331.338937      153.765679      539.612678      156.074571      514.385840      381.839671      342.489621      398.743298
frame00109.jpg      337.029573      155.228315      542.141159      162.916560      515.789944      387.167847      343.263913      400.468239
frame00110.jpg      343.302477      159.179765      546.467842      169.663997      517.430655      393.036188      344.838892      402.825219
frame00111.jpg      344.561509      153.891041      552.519258      174.185192      517.456893      396.972304      346.697788      402.322727
frame00112.jpg      350.629353      152.236016      557.616079      179.656252      517.410587      401.342701      348.160618      402.444556
frame00113.jpg      358.398586      152.065881      565.035506      180.790255      517.219731      407.152046      349.320582      402.927082
frame00114.jpg      365.903665      153.842153      568.925412      184.003314      517.040306      413.718902      349.860852      405.851049
frame00115.jpg      379.154642      164.532819      567.715959      186.367037      517.726720      420.305603      350.445605      408.527292
frame00116.jpg      402.846486      177.594798      558.930837      202.832032      521.161941      431.945020      331.084112      428.947982
frame00117.jpg      423.234239      182.646651      551.769192      227.395931      521.128110      448.333159      251.017002      420.836310
frame00118.jpg      436.831504      182.943460      547.641279      234.670144      516.756234      473.276995      223.013287      412.255502
frame00119.jpg      446.066257      171.833475      544.612033      241.195679      490.068988      465.200859      136.431748      416.365760
frame00120.jpg      445.938467      171.650827      544.516868      241.287065      490.453471      463.851471      135.614653      416.541128
frame00121.jpg      448.452774      170.816685      543.853192      242.579097      484.774261      464.986715      110.018474      418.141031
frame00122.jpg      461.920574      167.719932      540.510483      248.706716      474.518817      459.295724        2.889343      434.746066
frame00123.jpg      494.576103      158.546844      542.211758      269.112651      465.589513      458.131001   -11221.173304      765.599324
frame00124.jpg      512.207649      168.879606      542.944621      278.159791      448.961087      453.973738     1257.792344      386.534400
frame00125.jpg      512.216813      168.873026      542.943003      278.168490      448.981189      453.858971     1256.329186      386.588347
frame00126.jpg      517.918462      170.511515      543.252685      280.157782      443.978715      451.960965     1019.069788      366.733389
frame00127.jpg      521.586282      171.702387      543.436723      281.909179      444.734292      448.447580      909.046491      359.301743
frame00128.jpg      523.887984      175.268972      543.480909      283.007387      441.060201      451.280168      893.407682      365.136677
frame00129.jpg      523.967048      175.375684      543.480252      283.027818      440.695166      451.829966      894.137122      365.600378
frame00130.jpg      523.985815      175.397419      543.479881      283.028771      440.651899      451.823325      893.471555      365.497109
frame00131.jpg      525.420842      177.315762      543.504243      283.506077      439.590065      451.491397      875.141333      363.966194
frame00132.jpg      526.885590      178.868083      543.454062      283.945792      437.352101      451.799529      859.891011      364.485880
frame00133.jpg      526.886145      178.868267      543.454041      283.945813      437.351806      451.797659      859.877070      364.485327
frame00134.jpg      529.342901      180.085682      543.349177      284.442458      432.373523      454.672198      839.158998      366.193197
frame00135.jpg      545.574646      178.064910      543.154609      285.218274      419.972066      452.313611      766.948737      351.712568
frame00136.jpg      545.579971      178.073037      543.154740      285.218701      419.958278      452.322082      766.911159      351.714422
frame00137.jpg      559.123696      188.372282      543.712381      284.919892      410.836974      445.524384      696.280029      341.293337
frame00138.jpg      562.395563      189.920536      544.843798      284.519881      405.355384      445.484726      693.090107      344.270537
frame00139.jpg      562.571371      190.744701      544.941390      284.422224      405.234274      444.299273      689.500054      344.085060
frame00140.jpg      567.968577      193.421517      546.035345      283.670970      397.236320      442.617638      686.737092      350.049005
frame00141.jpg      570.076454      194.725326      546.799270      283.437541      396.126727      441.082937      682.837667      352.364637
frame00142.jpg      570.098587      194.737738      546.808538      283.423062      395.930821      441.312604      683.114479      352.503072
frame00143.jpg      570.113691      194.791289      546.810767      283.420175      395.553519      441.677249      683.029025      352.630141
frame00144.jpg      571.128487      195.664894      547.005702      283.343783      393.461845      444.168837      681.149182      356.366238
frame00145.jpg      585.498882      200.071407      550.970867      279.541658      390.412806      437.063467      642.727170      334.705592
frame00146.jpg      585.996785      199.821516      551.369512      278.964393      389.445491      437.707238      642.313205      333.814124
frame00147.jpg      600.151320      214.668627      558.892098      274.273817      360.952030      441.753394      609.170645      309.854948
frame00148.jpg      607.783623      210.035575      562.289052      270.858879      353.909014      444.411537      607.206068      304.915266
frame00149.jpg      608.092483      210.980323      563.497398      269.721842      350.513851      446.762179      607.748267      302.209347
frame00150.jpg      608.182908      211.103893      563.809050      269.408091      350.778052      446.403508      608.010698      301.145335
frame00151.jpg      608.244551      211.162535      563.977543      269.238029      349.735048      446.930304      607.261675      301.469946
frame00152.jpg      608.305486      211.154110      564.024690      269.187879      348.310707      447.983895      606.955540      302.127030
frame00153.jpg      608.436530      211.016786      564.070934      269.131244      349.419819      446.821787      606.258827      302.306614
frame00154.jpg      556.112001      263.875288      521.434743      317.672283      234.967864      639.033174      580.631785      288.295628
frame00155.jpg      565.283919      256.854460      525.472630      312.853308      245.331719      622.490886      583.838916      277.024981
frame00156.jpg      578.113528      244.330785      532.782116      304.439838      227.095978      638.658638      589.874902      264.853843
frame00157.jpg      590.564182      232.866609      539.163689      297.344376      227.616842      633.667052      596.474158      254.130602
frame00158.jpg      590.256216      233.450083      539.661196      296.802148      209.696822      652.640797      596.354050      253.874059
frame00159.jpg      590.517809      233.212890      540.091667      296.321206      209.732347      652.445358      596.958054      253.203310
frame00160.jpg      590.518594      233.211867      540.091354      296.321552      209.747245      652.429509      596.955990      253.205295
frame00161.jpg      598.567640      224.321718      544.338295      291.449825      213.637290      647.471918      602.986833      245.310051
frame00162.jpg      600.013924      222.863991      545.193152      290.484127      198.526081      663.467150      603.866080      244.002821
frame00163.jpg      600.168292      222.691834      545.183871      290.497357      201.228853      660.532953      604.022389      243.946377
frame00164.jpg      614.618231      214.317822      560.430949      274.409336      115.333305      741.533699      611.313734      227.287861
frame00165.jpg      608.271802      223.468893      568.199855      266.377305     -168.717712     1033.223728      607.572605      227.778820
frame00166.jpg      606.232302      226.173864      573.736180      260.640472     -857.302378     1746.559061      606.943529      227.595787
frame00167.jpg      605.273011      227.219031      573.994105      260.376444    -1152.381053     2052.605428      605.881586      228.627786
frame00168.jpg      604.023580      228.667826      574.743077      259.609163    -2196.144679     3134.016231      604.498001      229.862129
frame00169.jpg      603.990148      228.703842      574.736527      259.616197    -2331.491968     3274.395196      604.463845      229.896670
frame00170.jpg      604.257629      228.428383      574.940104      259.404076    -2012.811748     2943.715374      604.808993      229.535188
frame00171.jpg      604.845528      227.822454      575.496771      258.823539    -1830.194044     2754.120745      605.771958      228.523386
frame00172.jpg      604.857534      227.809942      575.505233      258.814679    -1828.759703     2752.632224      605.786993      228.507646
frame00173.jpg      603.600711      229.169031      575.259707      259.076553    -2894.956413     3857.459962      604.162012      230.126035
frame00174.jpg      599.827036      233.407482      574.129923      260.276380     2046.673059    -1263.512667      600.333678      233.706696
frame00175.jpg      596.419886      237.015500      573.051657      261.401616     1402.241670     -596.214066      596.552102      237.520912
frame00176.jpg      594.257679      239.327717      572.202674      262.288138     1197.741813     -384.289840      593.621423      240.468390
frame00177.jpg      590.564581      243.303591      569.027564      265.576955     1097.932849     -280.248423      587.567625      246.533313
frame00178.jpg      590.541623      243.327342      569.012838      265.592183     1095.226471     -277.454644      587.507854      246.595046
frame00179.jpg      589.127725      244.797671      568.706768      265.909830      970.541551     -148.730749      586.301645      247.830865
frame00180.jpg      588.186672      245.783430      568.014221      266.626946      939.405838     -116.537569      585.190232      248.966257
frame00181.jpg      587.640630      246.349114      567.898803      266.746671      911.600583      -87.839391      584.680329      249.491445
frame00182.jpg      586.910176      247.106098      567.718106      266.933971      872.853858      -47.851996      584.152871      250.034126
frame00183.jpg      585.252687      248.825908      567.505255      267.154583      796.272891       31.176403      582.595044      251.630725
frame00184.jpg      584.540365      249.564183      567.607169      267.050009      773.463846       54.714224      582.236401      251.997899
frame00185.jpg      583.123497      251.029573      567.721845      266.932387      731.251744       98.265502      580.957991      253.313469
frame00186.jpg      582.152769      252.035978      567.462762      267.200266      716.010468      113.996989      580.334143      253.952151
frame00187.jpg      581.456618      252.756840      567.090497      267.584851      710.117533      120.082116      579.572738      254.735628
frame00188.jpg      581.458136      252.755274      567.091165      267.584162      710.148213      120.050473      579.573338      254.735007
frame00189.jpg      581.458311      252.755093      567.091222      267.584103      710.155620      120.042834      579.573646      254.734688
frame00190.jpg      582.862501      251.295905      566.784969      267.899300      775.136502       53.004192      581.444457      252.819238
frame00191.jpg      583.376423      250.740073      566.292125      268.406029      952.937181     -130.480350      585.844817      248.313923
frame00192.jpg      583.376450      250.740045      566.292117      268.406038      952.953888     -130.497587      585.844959      248.313776
frame00193.jpg      582.236060      251.901420      565.005550      269.732997     1169.753761     -354.250275      589.424421      244.646718
frame00194.jpg      615.752898      217.362149      585.519418      248.569634     1068.285970     -249.373068      599.608051      234.077389
frame00195.jpg      626.806972      205.967280      590.230355      243.710234     1226.595883     -412.626419      602.462400      231.123504
frame00196.jpg      627.519766      205.232449      590.577761      243.351878     1226.186231     -412.201836      602.785011      230.790301
frame00197.jpg      628.339221      204.387543      590.891521      243.028228     1248.995560     -435.725079      603.191858      230.370346
frame00198.jpg      629.313789      203.382594      591.183793      242.726737     1323.585247     -512.652845      603.447463      230.106326
frame00199.jpg      631.252072      201.383797      591.885712      242.002682     1391.729280     -582.930853      604.043582      229.490879
frame00200.jpg      631.524293      201.102998      592.001468      241.883261     1406.040544     -597.690776      604.159133      229.371675
frame00201.jpg      632.394329      200.205915      592.439477      241.431427     1403.730683     -595.305714      604.376583      229.146990
frame00202.jpg      671.440970      159.950800      621.008141      211.966449     1246.955746     -433.559842      625.207894      207.642621
frame00203.jpg      684.730826      146.247167      631.534179      201.110862     1095.701570     -277.569945      632.099952      200.532415
frame00204.jpg      684.739140      146.238600      631.558675      201.085599     1075.272294     -256.501705      631.666672      200.979247
frame00205.jpg      687.626203      143.261335      632.419943      200.197342     1101.146572     -283.184551      632.532267      200.086420
frame00206.jpg      695.570800      135.068731      635.141555      197.390545     1248.090272     -434.721024      635.163034      197.372779
frame00207.jpg      696.458961      134.152847      635.679455      196.835802     1257.077021     -443.988436      635.597578      196.924563
frame00208.jpg      696.457873      134.153969      635.679881      196.835362     1256.843364     -443.747474      635.597658      196.924481
frame00209.jpg      699.336786      131.185062      636.701628      195.781612     1277.803498     -465.362208      635.720619      196.797561
frame00210.jpg      699.377137      131.143452      636.733655      195.748582     1278.277334     -465.850856      635.785443      196.730704
frame00211.jpg      700.813578      129.662155      637.421430      195.039286     1290.995524     -478.966268      636.107883      196.398086
frame00212.jpg      702.109534      128.325758      637.945936      194.498349     1328.108025     -517.238531      636.919484      195.560991
frame00213.jpg      708.410280      121.828336      640.081602      192.295854     1478.867496     -672.709047      639.036425      193.377510
frame00214.jpg      708.791449      121.435362      641.043020      191.304348     1410.419820     -602.121343      640.289829      192.084800
frame00215.jpg      708.947465      121.274469      641.080575      191.265618     1419.290882     -611.269613      640.208253      192.168923
frame00216.jpg      709.046094      121.172754      641.086310      191.259702     1430.445423     -622.772807      640.200187      192.177241
frame00217.jpg      709.045987      121.172865      641.086349      191.259662     1430.405887     -622.732035      640.199984      192.177450
frame00218.jpg      709.230571      120.982508      641.126642      191.218107     1446.353152     -639.177733      640.217019      192.159875
frame00219.jpg      712.934500      117.162946      642.748850      189.545133     1447.390947     -640.246760      640.970379      191.382759
frame00220.jpg      713.049565      117.044283      642.789483      189.503228     1451.725055     -644.716313      640.984017      191.368693
frame00221.jpg      715.611114      114.402667      643.694511      188.569872     1464.019440     -657.394176      640.529817      191.837022
frame00222.jpg      735.396389       93.999387      649.452140      182.632208     2021.350601    -1232.140942      643.715163      188.551596
frame00223.jpg      736.705445       92.649524      650.138981      181.923861     1910.681185    -1118.011767      643.645900      188.622941
frame00224.jpg      736.675555       92.680350      650.152520      181.909898     1887.862941    -1094.480396      643.607887      188.662139
frame00225.jpg      736.618596       92.739092      650.162837      181.899259     1857.834262    -1063.513236      643.533216      188.739138
frame00226.jpg      850.124233      -24.315434      668.936491      162.538472      200.071478      646.058798      663.117912      168.541320
frame00227.jpg      850.444070      -24.645271      668.969722      162.504202      200.793598      645.314091      663.014546      168.647909
frame00228.jpg      851.310291      -25.538557      669.421572      162.038222      193.537450      652.797007      662.964595      168.699411
frame00229.jpg      851.169512      -25.393375      669.451230      162.007637      190.164460      656.275423      662.914603      168.750964
frame00230.jpg      851.843715      -26.088649      669.738693      161.711184      179.154916      667.629047      662.705848      168.966214
frame00231.jpg      851.880390      -26.126471      669.751992      161.697469      178.833911      667.960085      662.713064      168.958772
frame00232.jpg      851.921789      -26.169165      669.754394      161.694992      177.524442      669.310477      662.591393      169.084245
frame00233.jpg      855.877840      -30.248907      670.028704      161.412102      163.210156      684.072104      660.407378      171.336557
frame00234.jpg      855.681976      -30.046910      670.112988      161.325182      154.163725      693.401289      660.308533      171.438491
frame00235.jpg      856.274044      -30.657490      670.197478      161.238050      156.373759      691.122167      660.376104      171.368800
frame00236.jpg      856.607847      -31.001730      670.224662      161.210016      158.910903      688.505721      660.441472      171.301388
frame00237.jpg      856.697117      -31.093792      670.234766      161.199596      159.270516      688.134867      660.450254      171.292331
frame00238.jpg      859.540457      -34.026018      670.633711      160.788173      165.913710      681.284018      660.729858      171.003987
frame00239.jpg      859.526633      -34.011761      670.634271      160.787595      165.727156      681.476402      660.727990      171.005914
frame00240.jpg      836.721309      -10.493222      662.710505      168.959147      150.117330      697.573091      642.354686      189.953547
frame00241.jpg      836.638720      -10.408049      662.715476      168.954020      148.515182      699.225306      642.317592      189.991799
frame00242.jpg      836.638849      -10.408181      662.713725      168.955825      148.530441      699.209572      642.312030      189.997536
frame00243.jpg      845.230902      -19.268825      663.166629      168.488741      148.741121      698.992135      640.830592      191.525254
frame00244.jpg      845.178542      -19.214827      663.187433      168.467287      146.275281      701.535039      640.819802      191.536379
frame00245.jpg      845.951156      -20.011595      663.269217      168.382944      151.656571      695.985552      640.940955      191.411434
frame00246.jpg      846.070452      -20.134620      663.277053      168.374863      152.686271      694.923668      640.953030      191.398981
frame00247.jpg      850.751779      -24.962176      664.651004      166.957938      149.356672      698.356919      638.901782      193.514280
frame00248.jpg      849.721948      -23.900125      664.643550      166.965625      130.710699      717.585620      638.109231      194.331624
frame00249.jpg      850.209997      -24.403432      664.724280      166.882370      131.726664      716.537889      638.168017      194.270994
frame00250.jpg      851.084196      -25.304947      664.847000      166.755811      124.933660      723.543096      637.272316      195.194685
frame00251.jpg      850.735480      -24.945326      664.856698      166.745810      119.029833      729.631434      637.217006      195.251725
frame00252.jpg      852.939238      -27.217960      665.186909      166.405272      124.693289      723.790817      636.013987      196.492336
frame00253.jpg      847.188411      -21.286644      671.677742      159.711481      115.615455      733.151196      644.853533      187.376114
frame00254.jpg      778.653122       49.400948      808.893480       18.211511      619.332881      213.699457      704.932548      125.415783
frame00255.jpg      778.233050       49.834163      808.598827       18.515398      619.262596      213.771875      705.532880      124.796650
frame00256.jpg      777.621946       50.464390      808.228519       18.897313      618.597105      214.458092      705.943868      124.372735
frame00257.jpg      777.391615       50.701931      808.044545       19.087051      618.514569      214.543171      706.089529      124.222480
frame00258.jpg      777.092832       51.010059      807.825252       19.313217      618.766446      214.283371      706.598255      123.697826
frame00259.jpg      777.083048       51.020150      807.820126       19.318504      618.731880      214.319017      706.535572      123.762461
frame00260.jpg      777.079328       51.023986      807.818374       19.320310      618.729831      214.321128      706.542885      123.754917
frame00261.jpg      777.074621       51.028840      807.816110       19.322645      618.796704      214.252158      706.614422      123.681141
frame00262.jpg      776.997817       51.108047      807.783962       19.355802      618.864846      214.181851      706.865731      123.421941
frame00263.jpg      776.637066       51.480077      807.549513       19.597598      619.086357      213.953363      707.228831      123.047438
frame00264.jpg      776.632232       51.485062      807.546899       19.600293      619.075744      213.964307      707.210271      123.066575
frame00265.jpg      776.545442       51.574568      807.486344       19.662745      619.456891      213.571205      707.383511      122.887869
frame00266.jpg      776.545298       51.574716      807.486619       19.662462      619.471796      213.555832      707.411116      122.859401
frame00267.jpg      775.994789       52.142445      807.057264       20.105271      620.387018      212.611894      708.043764      122.206863
frame00268.jpg      775.972600       52.165328      807.019996       20.143704      620.698254      212.290916      708.042047      122.208612
frame00269.jpg      775.905963       52.234052      806.958688       20.206931      620.921436      212.060740      707.793491      122.464880
frame00270.jpg      775.902237       52.237894      806.950938       20.214923      621.059952      211.917888      707.828938      122.428317
frame00271.jpg      775.882547       52.258199      806.946276       20.219732      621.058903      211.918958      708.011417      122.240135
frame00272.jpg      775.868173       52.273023      806.940648       20.225538      621.138309      211.837058      708.159197      122.087733
frame00273.jpg      775.742821       52.402296      806.866800       20.301702      621.259181      211.712380      708.419209      121.819580
frame00274.jpg      775.144158       53.019674      806.428183       20.754059      620.920011      212.062082      709.031276      121.188325
frame00275.jpg      775.010984       53.157016      806.381472       20.802238      620.440084      212.556987      709.339683      120.870270
frame00276.jpg      773.527197       54.687120      805.310023       21.907232      620.891040      212.091883      710.974583      119.184359
frame00277.jpg      773.497308       54.717945      805.297237       21.920421      620.903597      212.078922      711.161086      118.992028
frame00278.jpg      773.496916       54.718349      805.297094       21.920568      620.923902      212.057982      711.186471      118.965850
frame00279.jpg      773.398578       54.819768      805.263290       21.955431      620.328639      212.671843      711.032107      119.125000
frame00280.jpg      773.302081       54.919286      805.219724       22.000366      620.131676      212.874936      711.398767      118.746874
frame00281.jpg      772.838693       55.397175      804.916091       22.313517      619.808596      213.208080      711.578133      118.561870
frame00282.jpg      772.836510       55.399426      804.910733       22.319043      619.924664      213.088380      711.588026      118.551662
frame00283.jpg      772.437944       55.810466      804.619680       22.619220      620.100661      212.906825      712.135372      117.987173
frame00284.jpg      772.436234       55.812230      804.618955       22.619967      620.076776      212.931458      712.111187      118.012112
frame00285.jpg      772.425122       55.823690      804.613093       22.626012      620.061369      212.947345      712.061913      118.062915
frame00286.jpg      772.418272       55.830754      804.610406       22.628784      620.018478      212.991576      712.049769      118.075438
frame00287.jpg      772.416288       55.832801      804.609747       22.629464      620.014365      212.995817      712.062103      118.062718
frame00288.jpg      772.404076       55.845395      804.603766       22.635630      619.948391      213.063856      711.923641      118.205494
frame00289.jpg      772.402286       55.847241      804.602978       22.636443      619.955181      213.056852      711.929412      118.199542
frame00290.jpg      772.387785       55.862195      804.598005       22.641574      620.170379      212.834914      712.129599      117.993097
frame00291.jpg      772.385111       55.864953      804.597074       22.642533      620.134499      212.871917      712.102649      118.020889
frame00292.jpg      772.380867       55.869329      804.595764       22.643885      620.076592      212.931636      712.065121      118.059588
frame00293.jpg      772.331553       55.920187      804.555987       22.684905      620.412382      212.585322      711.942011      118.186472
frame00294.jpg      772.041679       56.219134      804.417657       22.827578      620.228027      212.775345      713.164129      116.926128
frame00295.jpg      772.041472       56.219348      804.417341       22.827904      620.271104      212.730919      713.188288      116.901213
frame00296.jpg      772.038516       56.222395      804.415637       22.829661      620.316206      212.684405      713.236921      116.851062
frame00297.jpg      772.037152       56.223802      804.413454       22.831913      620.357589      212.641727      713.261491      116.825724
frame00298.jpg      772.002960       56.259061      804.372300       22.874356      621.279957      211.690475      713.737212      116.335090
frame00299.jpg      772.002876       56.259148      804.372277       22.874381      621.304968      211.664681      713.769365      116.301932
frame00300.jpg      772.002460       56.259577      804.372591       22.874057      621.322556      211.646541      713.808678      116.261391
frame00301.jpg      770.906779       57.389543      803.524185       23.749051      622.799830      210.122897      715.310585      114.712343
frame00302.jpg      770.897490       57.399123      803.519468       23.753916      622.786119      210.137034      715.330696      114.691600
frame00303.jpg      770.866369       57.431218      803.509500       23.764196      622.569378      210.360550      715.300924      114.722299
frame00304.jpg      770.862083       57.435639      803.508053       23.765689      622.513789      210.417877      715.266591      114.757703
frame00305.jpg      770.802694       57.496888      803.489876       23.784438      622.152952      210.789980      715.529506      114.486583
frame00306.jpg      770.791199       57.508743      803.486577       23.787841      622.022201      210.924821      715.489478      114.527861
frame00307.jpg      770.677147       57.626324      802.575966       24.726985      638.484358      193.946881      726.989303      102.667299
frame00308.jpg      770.229446       58.088031      802.234253       25.079417      640.053282      192.328742      728.883413      100.713885
frame00309.jpg      770.228302       58.089210      802.233934       25.079747      640.043551      192.338778      728.881648      100.715705
frame00310.jpg      770.230926       58.086504      802.212893       25.101443      640.560240      191.805934      728.738639      100.863127
frame00311.jpg      769.724401       58.608890      801.749450       25.579411      642.395184      189.913357      731.250504       98.272482
frame00312.jpg      769.278753       59.068484      801.410574       25.928912      642.269208      190.043171      732.195995       97.297421
frame00313.jpg      769.268557       59.078996      801.391591       25.948490      642.798674      189.497122      732.531017       96.951900
frame00314.jpg      769.269921       59.077588      801.378881       25.961598      643.184365      189.099365      732.641468       96.837981
frame00315.jpg      769.267031       59.080569      801.377179       25.963353      643.167409      189.116852      732.624602       96.855373
frame00316.jpg      769.238179       59.110322      801.356152       25.985041      643.417204      188.859215      733.028161       96.439198
frame00317.jpg      769.196744       59.153052      801.332206       26.009738      643.655555      188.613377      733.402562       96.053075
frame00318.jpg      769.190427       59.159564      801.315668       26.026796      644.102237      188.152704      733.897147       95.543058
frame00319.jpg      769.190654       59.159331      801.314638       26.027858      644.134670      188.119256      733.908703       95.531139
frame00320.jpg      769.169150       59.181506      801.290816       26.052428      644.472717      187.770622      734.164992       95.266834
frame00321.jpg      769.086799       59.266436      801.259872       26.084340      644.521403      187.720373      734.258794       95.169999
frame00322.jpg      769.086722       59.266515      801.258460       26.085796      644.558188      187.682437      734.300679       95.126808
frame00323.jpg      769.073329       59.280327      801.255696       26.088647      644.493613      187.749025      734.299552       95.127957
frame00324.jpg      769.073609       59.280038      801.255043       26.089321      644.516093      187.725842      734.308293       95.118943
frame00325.jpg      769.055180       59.299044      801.242674       26.102078      644.459914      187.783774      734.322505       95.104285
frame00326.jpg      768.681318       59.684606      800.992778       26.359810      644.518126      187.723619      735.398925       93.994158
frame00327.jpg      768.653795       59.712990      800.963387       26.390119      644.446240      187.797761      735.121846       94.279856
frame00328.jpg      768.427443       59.946427      800.770677       26.588870      645.404033      186.809973      735.602359       93.784253
frame00329.jpg      767.368339       61.038657      799.908967       27.477578      645.398607      186.815447      736.403998       92.957484
frame00330.jpg      767.354789       61.052632      799.902791       27.483948      645.342504      186.873300      736.423475       92.937393
frame00331.jpg      767.354377       61.053057      799.902125       27.484635      645.352737      186.862746      736.436696       92.923760
frame00332.jpg      767.354445       61.052987      799.902027       27.484736      645.369860      186.845086      736.466142       92.893396
frame00333.jpg      767.268603       61.141514      799.827681       27.561412      645.821025      186.379779      736.848163       92.499400
frame00334.jpg      766.500407       61.933724      799.138459       28.272223      647.269126      184.886293      737.806451       91.510996
frame00335.jpg      765.834183       62.620782      798.451316       28.980885      647.513893      184.633774      738.435007       90.862773
frame00336.jpg      765.840568       62.614195      798.450945       28.981268      647.708413      184.433166      738.586180       90.706881
frame00337.jpg      765.840846       62.613909      798.450862       28.981353      647.717570      184.423723      738.593004       90.699844
frame00338.jpg      765.839763       62.615026      798.449610       28.982644      647.732830      184.407984      738.603644       90.688871
frame00339.jpg      780.877392       47.108894      806.850325       20.318883      647.488929      184.660827      718.189848      111.736624
frame00340.jpg      780.738709       47.251915      806.757623       20.414498      647.647823      184.496840      718.914730      110.989000
frame00341.jpg      780.713548       47.277861      806.735928       20.436875      648.049103      184.082959      719.293501      110.598354
frame00342.jpg      780.695564       47.296406      806.730295       20.442688      648.141414      183.987728      719.605728      110.276373
frame00343.jpg      780.302074       47.702206      806.410680       20.772342      650.043874      182.025431      721.521730      108.300137
frame00344.jpg      780.263205       47.742294      806.392201       20.791404      649.920121      182.153020      721.714924      108.100894
frame00345.jpg      778.425963       49.637050      804.241962       23.009184      656.463675      175.403462      729.318777      100.258490
frame00346.jpg      778.402920       49.660817      804.228124       23.023458      656.349117      175.521594      729.326080      100.250955
frame00347.jpg      778.380036       49.684419      804.217422       23.034496      656.265486      175.607824      729.348782      100.227521
frame00348.jpg      778.377598       49.686933      804.216608       23.035336      656.262500      175.610898      729.400415      100.174280
frame00349.jpg      778.254209       49.814189      804.132741       23.121841      656.301265      175.570823      729.941677       99.616054
frame00350.jpg      778.148774       49.922927      804.005527       23.253044      657.162187      174.682917      730.147234       99.403924
frame00351.jpg      777.968641       50.108708      803.866917       23.396009      657.233013      174.609770      730.625168       98.910969
frame00352.jpg      777.947121       50.130903      803.850569       23.412869      657.219768      174.623418      730.574801       98.962866
frame00353.jpg      776.526661       51.595782      802.644379       24.656921      659.272407      172.506318      732.162107       97.325762
frame00354.jpg      776.527708       51.594702      802.642335       24.659029      659.363390      172.412483      732.248953       97.236209
frame00355.jpg      776.527519       51.594897      802.641654       24.659732      659.387563      172.387552      732.277545       97.206725
frame00356.jpg      776.526975       51.595458      802.640800       24.660613      659.406684      172.367832      732.294943       97.188783
frame00357.jpg      772.884233       55.351372      799.997555       27.386694      663.652751      167.988837      738.223164       91.076323
frame00358.jpg      772.883084       55.352557      799.996504       27.387779      663.657842      167.983584      738.249420       91.049249
frame00359.jpg      772.868946       55.367138      799.985177       27.399461      663.690230      167.950172      738.333004       90.963046
frame00360.jpg      772.844243       55.392615      799.969257       27.415881      663.620958      168.021592      738.395029       90.899066
frame00361.jpg      768.994067       59.362616      795.891519       31.621226      668.417603      163.074881      741.949072       87.234905
frame00362.jpg      766.983137       61.435311      790.063044       37.632246      688.144808      142.731310      767.774407       60.607678
frame00363.jpg      765.521385       62.942507      788.359449       39.389102      690.631969      140.166325      769.892710       58.423780
frame00364.jpg      762.812253       65.735730      784.076406       43.806054      697.108479      133.487419      774.802919       53.362234
frame00365.jpg      761.265507       67.330664      782.612277       45.316002      699.238556      131.290447      777.746648       50.326960
frame00366.jpg      761.171501       67.427610      782.553357       45.376765      698.646788      131.900679      777.696983       50.378165
frame00367.jpg      761.895698       66.679872      773.660415       54.547545      737.473671       91.861571      782.581388       45.344290
frame00368.jpg      761.750504       66.829602      773.504752       54.708071      737.716589       91.611058      782.892579       45.023371
frame00369.jpg      761.747219       66.832990      773.503738       54.709117      737.581248       91.750626      782.782950       45.136421
frame00370.jpg      761.752332       66.827717      773.509270       54.703413      737.545194       91.787805      782.752900       45.167411
frame00371.jpg      762.068895       66.501307      774.137083       54.055997      736.878646       92.475146      783.303218       44.599751
frame00372.jpg      763.374236       65.154164      778.576576       49.479763      728.512026      101.094300      783.939747       43.945050
frame00373.jpg      760.327475       68.294910      775.277864       52.880739      727.468187      102.170207      783.058216       44.855448
frame00374.jpg      760.266039       68.358252      775.216380       52.944130      727.791007      101.837367      783.497214       44.402829
frame00375.jpg      760.268855       68.355348      775.218900       52.941533      727.828342      101.798874      783.534529       44.364357
frame00376.jpg      760.270448       68.353706      775.220167       52.940226      727.811461      101.816280      783.509223       44.390449
frame00377.jpg      735.934991       93.436194      747.838082       81.166583      700.029271      130.447069      722.866280      106.906716
frame00378.jpg      727.784910      101.837107      737.455947       91.868325      707.500233      122.746160      732.516892       96.959276
frame00379.jpg      727.773683      101.848680      737.447356       91.877180      707.534520      122.710817      732.632526       96.840081
frame00380.jpg      727.679864      101.945386      737.310954       92.017782      707.682757      122.558017      732.778032       96.690097
frame00381.jpg      727.678308      101.946991      737.310111       92.018650      707.692086      122.548400      732.803652       96.663688
frame00382.jpg      727.677113      101.948222      737.309058       92.019736      707.700639      122.539584      732.821854       96.644926
frame00383.jpg      727.043119      102.601731      737.069813       92.266347      705.440488      124.869303      732.507089       96.969397
frame00384.jpg      727.041851      102.603039      737.068200       92.268009      705.460911      124.848251      732.526180       96.949718
frame00385.jpg      727.038525      102.606467      737.065965       92.270313      705.464252      124.844807      732.545754       96.929542
frame00386.jpg      726.934008      102.714201      736.991759       92.346804      705.415179      124.895391      732.641956       96.830379
frame00387.jpg      726.931098      102.717200      736.989610       92.349019      705.423112      124.887213      732.662081       96.809634
frame00388.jpg      726.906850      102.742195      736.965778       92.373585      705.479562      124.829025      732.749498       96.719525
frame00389.jpg      726.883324      102.766445      736.944215       92.395812      705.494355      124.813776      732.792653       96.675042
frame00390.jpg      726.880786      102.769061      736.941624       92.398482      705.509852      124.797802      732.811777       96.655329
frame00391.jpg      726.855089      102.795549      736.916022       92.424873      705.572642      124.733079      732.901733       96.562603
frame00392.jpg      726.851830      102.798909      736.913767       92.427197      705.575325      124.730313      732.915538       96.548373
frame00393.jpg      726.402707      103.261854      736.177075       93.186567      706.442689      123.836248      733.123159       96.334371
frame00394.jpg      726.190042      103.481064      735.890793       93.481663      707.009363      123.252129      733.234107       96.220013
frame00395.jpg      726.186456      103.484760      735.887643       93.484909      707.023440      123.237619      733.257235       96.196173
frame00396.jpg      726.186253      103.484969      735.884812       93.487828      707.075262      123.184202      733.281574       96.171084
frame00397.jpg      726.182439      103.488901      735.882688       93.490017      707.078009      123.181370      733.306488       96.145404
frame00398.jpg      726.179804      103.491617      735.877399       93.495469      707.159105      123.097777      733.361567       96.088629
frame00399.jpg      726.176634      103.494884      735.874662       93.498291      707.179452      123.076804      733.396959       96.052148
frame00400.jpg      726.143758      103.528772      735.833810       93.540400      707.362503      122.888118      733.547797       95.896666
