frame ulx uly urx ury lrx lry llx lly
frame00000.jpg 136.000000 75.000000 540.000000 75.000000 540.000000 373.000000 136.000000 373.000000 
frame00001.jpg 136.000000 75.000000 540.000000 75.000000 540.000000 373.000000 136.000000 373.000000 
frame00002.jpg 140.335602 75.604485 543.934937 76.059189 543.246460 375.132599 142.099625 370.837402 
frame00003.jpg 145.093582 76.763397 546.009033 79.575470 544.384216 375.297089 142.745163 372.285614 
frame00004.jpg 149.950195 79.815338 548.102722 81.573151 546.297546 378.346985 146.480453 373.564026 
frame00005.jpg 152.282654 81.447350 550.196533 86.039833 547.422485 380.421967 149.203400 375.417328 
frame00006.jpg 156.262405 83.628746 553.221619 89.422409 549.930237 382.123260 152.956329 376.314331 
frame00007.jpg 160.966156 85.626320 556.343018 91.191597 553.720032 382.653961 157.427689 377.133667 
frame00008.jpg 165.809479 86.529716 561.626343 91.178902 558.180176 382.399841 164.328857 375.622253 
frame00009.jpg 172.084747 87.002594 565.260071 91.348450 561.959595 380.954376 167.472687 375.165619 
frame00010.jpg 175.613556 86.264549 570.138306 91.400719 565.021606 381.024811 173.458633 372.073792 
frame00011.jpg 180.805450 87.389931 570.032166 91.356384 566.455994 380.322327 172.709763 374.319794 
frame00012.jpg 180.556061 85.879723 572.475403 90.912666 567.841553 379.201294 177.172760 372.126373 
frame00013.jpg 182.407990 84.503464 575.742004 90.178070 569.446289 379.559692 182.333313 371.244995 
frame00014.jpg 186.392929 86.717438 576.126953 92.217255 571.898071 378.737823 184.214233 372.187164 
frame00015.jpg 190.700897 88.015770 577.686646 91.989006 574.541382 378.520630 186.392166 373.108093 
frame00016.jpg 192.858826 88.461906 579.859070 92.526390 576.411255 377.758453 189.680298 372.286835 
frame00017.jpg 194.516327 88.339401 581.065796 92.485771 577.278748 376.536530 192.263748 371.342285 
frame00018.jpg 196.298386 87.473335 580.857483 92.212006 578.183350 375.651459 194.342499 371.552643 
frame00019.jpg 198.432327 86.934990 583.253235 91.010933 578.682190 372.705688 196.210022 368.105103 
frame00020.jpg 199.014786 85.591682 583.235352 89.585808 578.386719 370.890900 197.021500 366.678802 
frame00021.jpg 199.825226 84.983536 581.215271 87.943115 576.804260 367.559021 197.784561 364.986115 
frame00022.jpg 199.083130 82.491226 581.417114 86.581512 576.356812 366.221741 197.304031 363.364227 
frame00023.jpg 197.281174 81.639023 579.075317 83.840096 575.048889 365.722595 199.435608 363.645020 
frame00024.jpg 198.421265 82.660088 578.471375 86.841995 572.351563 365.613617 196.493301 363.204559 
frame00025.jpg 199.385284 85.278137 576.845703 87.263031 570.399841 364.914612 196.004288 362.844025 
frame00026.jpg 195.737259 82.978683 571.746094 88.963745 566.289673 365.110901 193.397247 363.898193 
frame00027.jpg 193.967545 83.103516 570.168335 91.024178 563.475159 364.548340 192.438995 363.082245 
frame00028.jpg 193.477646 82.922264 568.072937 91.159851 561.898254 363.205933 191.837921 362.261169 
frame00029.jpg 193.677383 81.965950 566.195435 90.312462 560.776245 362.223022 191.797867 361.481476 
frame00030.jpg 194.708160 83.225838 565.949158 90.617218 560.995972 361.427185 193.244492 360.468353 
frame00031.jpg 195.064957 81.350800 566.489258 89.950722 561.420959 359.138336 195.495438 358.527832 
frame00032.jpg 197.580215 80.355637 568.013000 88.202690 563.100586 357.843048 198.079636 356.837799 
frame00033.jpg 199.830475 79.783386 569.223816 88.316971 563.765564 357.121368 199.906952 356.513916 
frame00034.jpg 202.364182 80.653732 569.913635 88.875267 564.683044 356.814819 201.953400 355.749817 
frame00035.jpg 203.902023 79.658546 570.621643 89.503716 564.150696 355.934509 202.972916 354.939209 
frame00036.jpg 206.627960 80.595650 569.655823 89.061325 563.246521 354.203613 202.294189 355.919891 
frame00037.jpg 205.062042 80.048347 570.395142 90.011246 562.704346 355.583588 204.999756 354.733398 
frame00038.jpg 206.811279 82.460625 570.624146 91.438118 561.073975 354.849792 206.553070 352.548492 
frame00039.jpg 206.605270 81.310089 567.332031 91.196945 559.896179 353.387604 203.811951 354.495789 
frame00040.jpg 204.605377 80.175850 564.797607 91.081055 557.248718 351.241455 204.467880 353.006561 
frame00041.jpg 204.053802 79.530586 562.427856 90.186516 554.790039 349.400024 203.367905 352.075836 
frame00042.jpg 202.676956 79.946068 560.007874 89.392143 552.056519 346.563690 203.090637 349.450317 
frame00043.jpg 199.833557 77.193291 555.242493 86.929283 547.708191 343.073364 199.817657 347.686279 
frame00044.jpg 195.378860 74.135696 550.675293 82.830185 544.010498 338.447266 197.951508 344.532776 
frame00045.jpg 190.950134 68.998825 545.990417 80.064865 538.436768 333.040527 194.954590 340.845093 
frame00046.jpg 187.245178 65.079132 542.113525 75.333725 536.094727 328.138947 193.817856 336.657562 
frame00047.jpg 185.026520 63.023510 538.856079 72.521652 532.889282 324.109741 192.627029 334.789246 
frame00048.jpg 185.597321 58.663498 535.007935 69.249725 530.314270 320.073792 190.772751 330.581329 
frame00049.jpg 184.048828 57.509312 534.692993 65.170135 529.711792 316.985229 190.700012 327.573395 
frame00050.jpg 183.260056 55.776623 532.924744 64.988182 526.745178 316.935822 190.929321 328.268341 
frame00051.jpg 184.240143 58.688599 531.013489 67.341393 525.680359 318.175018 190.814453 328.645935 
frame00052.jpg 185.716263 60.294464 528.175720 69.490631 523.832275 319.438904 190.165894 330.657745 
frame00053.jpg 184.947205 61.865871 528.492981 73.136444 522.692993 321.902191 192.260818 331.997772 
frame00054.jpg 185.982834 64.899773 528.765564 76.644997 523.473694 322.635651 194.949234 333.771332 
frame00055.jpg 191.743011 68.423378 530.042603 78.554665 526.015564 325.032501 198.585709 335.117950 
frame00056.jpg 193.913437 71.004723 531.867310 81.606903 527.686646 325.852234 201.979111 337.307922 
frame00057.jpg 198.618942 74.492363 533.586853 82.893906 530.470520 326.457397 205.295197 337.608276 
frame00058.jpg 200.052216 75.045166 534.953186 82.996925 530.905518 325.512299 207.791779 337.699554 
frame00059.jpg 200.233719 73.712753 532.127502 82.313042 530.373047 321.857605 209.458191 336.119781 
frame00060.jpg 200.684647 70.897621 534.435608 77.398331 530.381042 317.309204 210.356430 332.379730 
frame00061.jpg 200.925827 67.279633 533.767212 75.173882 529.579468 313.134033 210.887360 329.215210 
frame00062.jpg 201.998215 66.116844 532.771973 70.728432 528.280945 309.075378 210.391037 325.865967 
frame00063.jpg 198.453674 61.621773 529.428955 65.491684 522.886292 304.391724 209.576874 321.987244 
frame00064.jpg 191.933578 57.079628 523.086243 65.929375 514.519470 301.564056 204.141205 322.482758 
frame00065.jpg 192.077393 64.240448 517.311890 64.394730 509.220459 300.447449 194.096100 322.580780 
frame00066.jpg 180.185303 58.611580 507.932739 65.567017 499.305176 299.908997 191.799759 322.651764 
frame00067.jpg 177.146225 62.478630 499.982056 67.316818 496.520538 299.612854 187.770798 322.763153 
frame00068.jpg 172.964417 59.969860 493.760895 65.489090 492.322205 296.535553 186.300461 321.674591 
frame00069.jpg 170.144897 58.819824 492.447723 65.392677 489.639008 295.946625 187.094223 321.282471 
frame00070.jpg 171.859573 61.922523 490.795563 67.282570 489.188995 297.472961 189.123871 323.605621 
frame00071.jpg 176.693741 65.395592 488.789398 71.337357 489.691559 299.000366 190.032013 325.155609 
frame00072.jpg 177.416870 66.717148 491.439331 72.651909 490.069977 298.996521 195.402252 325.500153 
frame00073.jpg 186.921021 71.684120 493.507080 74.953682 494.078461 301.415588 198.614746 326.254120 
frame00074.jpg 185.695358 69.445999 496.912415 76.810463 494.132050 300.236389 206.499786 325.197144 
frame00075.jpg 194.799820 73.421829 500.429291 78.209969 499.800140 300.690491 207.855682 327.166412 
frame00076.jpg 197.826935 73.437538 503.810120 76.150551 501.478882 298.510986 214.233704 323.502777 
frame00077.jpg 199.743225 72.024170 502.756317 76.699074 500.371552 297.581635 214.241730 324.501251 
frame00078.jpg 203.053741 73.707985 502.740814 76.362091 500.862488 298.413696 215.081497 323.606720 
frame00079.jpg 200.111618 73.376770 499.699677 77.014854 498.067261 295.588409 216.117416 324.283539 
frame00080.jpg 199.351089 72.547035 498.227997 76.685524 496.615723 296.138763 216.299698 325.387604 
frame00081.jpg 199.094452 74.445518 496.606049 79.724693 494.008911 298.187195 216.978226 327.443085 
frame00082.jpg 197.299500 78.765839 489.329071 85.036636 490.872711 299.106476 214.914719 330.162262 
frame00083.jpg 197.180756 81.567520 489.037628 83.587029 488.873962 297.941742 212.972305 330.176422 
frame00084.jpg 196.159622 80.543900 485.832764 81.996201 487.435516 296.294800 214.126846 330.083466 
frame00085.jpg 197.302902 80.664520 485.728424 82.674469 487.925659 297.029633 217.383087 330.765656 
frame00086.jpg 200.474228 83.079262 487.057556 83.378403 490.729492 295.605438 221.669952 331.204468 
frame00087.jpg 204.174713 83.686478 488.395264 83.108307 492.443939 294.646210 224.632675 331.673553 
frame00088.jpg 205.985382 84.257133 489.123810 82.900597 493.013855 292.869751 227.869339 330.655975 
frame00089.jpg 206.976318 83.213509 488.462891 81.408424 492.403656 290.980255 229.402649 330.037354 
frame00090.jpg 208.641495 85.622459 487.207886 80.919037 491.146667 290.420135 229.420609 328.802521 
frame00091.jpg 208.165649 84.619286 480.459595 78.264191 486.381348 285.082581 225.664566 325.346161 
frame00092.jpg 200.915558 81.540726 476.873413 73.536179 480.861389 280.310730 223.724548 320.447662 
frame00093.jpg 195.706390 76.446434 469.170959 70.162155 473.601501 275.258789 220.747192 318.209961 
frame00094.jpg 188.687943 72.270294 463.108398 66.929520 468.895874 271.878601 217.734512 316.825653 
frame00095.jpg 186.287796 70.995972 459.974884 66.498711 464.373688 271.227234 215.226151 313.452240 
frame00096.jpg 182.142395 68.752365 452.787231 64.877319 458.067993 267.212341 209.460724 314.854279 
frame00097.jpg 177.760025 68.656410 447.028137 63.608814 452.180328 266.987091 205.940887 314.719788 
frame00098.jpg 173.102203 68.154167 440.334259 59.446320 448.834167 264.869385 204.525055 313.318665 
frame00099.jpg 170.212738 67.368256 434.069000 61.003746 447.433685 261.557526 203.738525 311.096985 
frame00100.jpg 171.138687 67.094933 434.485016 58.938663 447.628357 263.638092 209.414429 313.321411 
frame00101.jpg 179.120544 72.886444 436.482727 65.926926 450.341736 264.381317 212.340912 314.244904 
frame00102.jpg 178.800003 72.315109 446.015564 58.208939 453.194122 266.409149 223.663788 309.330231 
frame00103.jpg 191.402939 75.714661 443.646545 71.635582 455.612946 271.134186 227.337601 322.694427 
frame00104.jpg 199.360229 84.863106 447.270630 76.110924 462.722351 271.949860 231.506302 321.184753 
frame00105.jpg 203.524857 85.837898 452.528259 74.864517 467.478271 269.879700 239.654282 315.243011 
frame00106.jpg 204.648315 82.148735 458.675049 70.407494 470.910950 267.919220 247.155853 310.748871 
frame00107.jpg 218.709686 84.087509 456.898315 77.013695 474.161407 264.616028 245.129044 315.309906 
frame00108.jpg 222.297729 79.627060 463.652557 71.736343 475.732483 263.319275 247.425537 315.582397 
frame00109.jpg 222.876251 76.707703 465.112396 67.668869 475.508301 261.185913 253.248566 309.268707 
frame00110.jpg 219.992691 73.719543 464.717529 64.065834 472.283783 259.132965 255.004181 303.833710 
frame00111.jpg 219.266159 72.968895 461.300598 67.864899 464.389465 255.114014 245.938889 304.283417 
frame00112.jpg 198.745895 65.138191 434.320313 69.594063 458.326782 248.503143 247.473999 304.335815 
frame00113.jpg 201.126801 60.544674 447.068329 53.025002 450.729553 253.208603 241.583893 299.836334 
frame00114.jpg 203.332520 74.430519 438.388977 64.634140 448.263428 255.946106 232.422745 300.006592 
frame00115.jpg 192.755173 69.959953 435.784393 60.587208 442.167145 256.539368 229.430954 305.932495 
frame00116.jpg 194.065277 78.086998 425.475616 72.196648 438.481964 258.470673 221.663986 310.908661 
frame00117.jpg 186.440796 80.452980 421.161682 71.434601 434.361359 262.453857 224.279404 311.851807 
frame00118.jpg 186.062363 80.289360 419.617188 74.192047 431.884003 261.615021 221.459137 313.294159 
frame00119.jpg 187.382263 79.133270 419.581299 72.208229 431.813995 260.789825 222.850525 313.488495 
frame00120.jpg 192.813766 79.961945 421.315277 74.416519 434.024231 260.926208 226.636871 312.921783 
frame00121.jpg 196.131821 80.596985 425.092316 70.242073 438.185364 263.023102 238.671249 314.763367 
frame00122.jpg 200.982574 80.429901 426.559479 78.036705 441.373627 262.179291 241.734940 311.608246 
frame00123.jpg 205.016739 78.667297 431.008484 72.466789 444.813812 259.754974 246.165161 307.776276 
frame00124.jpg 214.983521 82.445091 434.834137 73.662987 446.770447 260.273621 245.359055 312.882355 
frame00125.jpg 212.951782 82.243683 434.622864 73.364067 447.181122 259.533112 247.162201 309.441772 
frame00126.jpg 212.107468 74.521103 433.373779 69.145897 446.642761 253.866272 251.158981 304.225739 
frame00127.jpg 213.219101 73.504745 433.593719 64.647285 449.055054 251.009323 252.869431 302.715454 
frame00128.jpg 212.871048 73.486122 434.536957 62.203663 449.215515 247.317368 254.570450 302.116150 
frame00129.jpg 212.736374 72.309425 434.943207 58.458683 449.647064 244.566727 257.067993 296.147736 
frame00130.jpg 215.512192 70.367378 432.340179 57.083107 449.472168 242.465149 254.004761 299.557648 
frame00131.jpg 215.539352 69.658615 434.210114 56.711914 449.891846 244.313309 256.898956 301.432251 
frame00132.jpg 221.882339 75.284325 434.820923 60.442005 450.419403 246.822433 257.733734 304.838287 
frame00133.jpg 222.516724 76.750290 434.792419 63.881836 450.096771 251.034515 258.932129 308.491150 
frame00134.jpg 223.739090 80.247520 435.265015 67.017220 452.108948 251.403214 262.470428 308.658295 
frame00135.jpg 218.985962 77.015381 436.776367 69.666634 454.429565 254.119003 270.604675 309.601959 
frame00136.jpg 235.041168 90.725258 439.122253 72.483192 457.779327 257.267700 267.530609 317.511810 
frame00137.jpg 232.938782 90.672073 439.731812 75.315140 457.886505 258.614166 272.318848 317.955200 
frame00138.jpg 234.839966 92.536942 440.924072 77.024261 459.414368 260.486420 276.226135 319.961212 
frame00139.jpg 240.207382 96.960991 443.338593 79.590141 461.393494 261.937012 276.471466 320.750885 
frame00140.jpg 239.974854 96.835938 443.937256 80.667137 462.355194 262.962280 279.909027 321.633820 
frame00141.jpg 244.539810 100.102470 445.193176 83.502609 464.084991 263.348938 280.366577 321.557587 
frame00142.jpg 238.667130 95.796326 442.940948 84.945679 462.181213 266.063782 285.864197 322.575714 
frame00143.jpg 240.487793 103.253532 442.497833 91.658569 458.906677 273.870880 278.229980 334.080353 
frame00144.jpg 242.127670 112.005196 438.476624 96.160828 457.041473 273.916199 277.570923 334.955994 
frame00145.jpg 244.350159 113.367111 441.052460 96.367920 458.581024 274.063354 279.969788 331.175629 
frame00146.jpg 247.703308 112.393707 440.958557 96.874435 459.118439 274.393402 278.250153 338.029205 
frame00147.jpg 249.666275 115.713135 442.279755 99.492088 461.017456 276.846649 284.062653 334.971069 
frame00148.jpg 250.379532 113.548630 444.599579 99.647224 460.571930 278.215576 283.487427 338.701324 
frame00149.jpg 250.515625 116.198593 443.169281 102.221603 459.151794 282.466431 285.210022 340.071198 
frame00150.jpg 249.048538 119.668793 440.525452 110.203003 457.846466 282.443512 283.136963 340.645142 
frame00151.jpg 256.527710 124.870987 445.516663 108.747208 461.468231 282.086975 283.214813 339.421417 
frame00152.jpg 254.551132 122.874893 448.225311 106.055367 469.243835 278.772125 291.684692 335.238403 
frame00153.jpg 261.836639 120.507256 452.626343 105.453987 471.401215 279.285248 299.603516 333.986389 
frame00154.jpg 266.995483 123.922836 455.148407 106.813622 473.592957 282.396210 298.180206 338.367401 
frame00155.jpg 261.974518 125.426743 452.686584 110.525360 468.370697 282.908722 294.817047 337.496674 
frame00156.jpg 250.997772 119.591553 446.250977 109.369102 460.334747 284.588165 293.600372 339.381348 
frame00157.jpg 252.906006 126.885773 440.598175 112.385170 458.164429 284.239014 285.061249 340.010681 
frame00158.jpg 249.096466 124.089989 438.390350 110.496689 455.609497 282.939209 285.266418 338.817200 
frame00159.jpg 253.028229 128.314804 438.865692 108.741066 456.698334 280.324158 281.306824 338.043121 
frame00160.jpg 252.772476 126.236084 438.692230 106.509956 457.627106 280.806610 281.190308 335.599121 
frame00161.jpg 246.263000 125.786346 436.590027 106.484489 453.308289 277.014130 281.606384 330.132507 
frame00162.jpg 243.312759 122.058731 432.856842 104.094666 450.768372 276.701019 280.563263 334.037537 
frame00163.jpg 243.657700 123.098610 431.747375 104.291428 448.528259 276.382324 279.549194 330.912384 
frame00164.jpg 245.236404 119.961906 428.898376 103.905891 448.816895 272.982819 276.556580 331.329224 
frame00165.jpg 240.694870 115.836929 428.888763 100.149254 447.300781 270.158020 278.968292 322.975250 
frame00166.jpg 242.156311 111.182266 427.354462 98.478157 444.342407 267.646271 274.904327 324.966217 
frame00167.jpg 240.430847 111.487030 425.361542 98.850929 444.166229 267.499451 275.084961 325.686188 
frame00168.jpg 232.482727 105.933563 428.596954 96.627121 448.185608 263.212738 276.793060 322.535187 
frame00169.jpg 244.322311 102.553711 431.798004 93.342819 449.692383 262.524658 287.017944 316.562469 
frame00170.jpg 265.662567 108.622459 436.905975 89.648003 460.928741 259.585571 287.850983 317.955963 
frame00171.jpg 257.798401 100.978653 445.345337 83.496330 462.949158 256.454620 299.504547 305.540161 
frame00172.jpg 263.930115 101.086555 446.647400 85.645760 467.570160 254.394897 303.814728 307.422180 
frame00173.jpg 269.059509 99.421913 449.277222 85.078171 469.496490 253.440506 306.739502 308.382660 
frame00174.jpg 275.603607 98.118530 452.401947 81.521408 471.625580 250.335800 307.074799 304.649719 
frame00175.jpg 277.064117 97.407669 452.236664 80.955223 472.739716 248.840744 309.600616 305.912903 
frame00176.jpg 278.124847 96.804726 454.667694 80.375717 471.722870 249.132309 311.390045 300.147980 
frame00177.jpg 277.188293 96.265823 451.596161 81.447281 469.970062 248.456589 309.994598 302.396179 
frame00178.jpg 274.266479 93.339287 451.147888 82.176926 469.467438 247.871841 311.841278 303.033691 
frame00179.jpg 280.736816 96.049774 451.607849 81.376442 469.997498 247.130585 312.819611 303.192932 
frame00180.jpg 277.071686 93.471779 449.803864 80.116508 468.522614 245.625458 312.324768 299.933868 
frame00181.jpg 276.485779 94.914413 447.835083 78.737747 465.960419 244.809662 309.655182 297.556641 
frame00182.jpg 275.733154 96.056419 445.994507 76.725990 463.434692 242.868408 308.781189 293.291748 
frame00183.jpg 272.234192 90.692429 440.582886 76.564110 459.546753 241.087448 305.838501 294.227386 
frame00184.jpg 269.428619 86.610123 438.861084 75.353905 457.599792 239.791687 305.984070 291.012665 
frame00185.jpg 269.079041 82.204933 439.393158 67.114037 458.129089 236.036652 308.564301 285.671906 
frame00186.jpg 271.830048 82.848457 439.312653 67.890686 455.386963 232.067307 303.466064 281.094696 
frame00187.jpg 269.083527 80.582314 434.214233 64.934944 452.311432 229.584045 302.375854 277.880951 
frame00188.jpg 270.735199 75.459709 432.546539 63.350048 449.640167 230.488831 299.380737 278.084503 
frame00189.jpg 265.048035 68.415855 430.352448 62.898460 446.761505 227.092407 301.030060 275.974365 
frame00190.jpg 268.138641 72.108322 431.490448 64.914047 448.398315 226.928772 302.405518 273.062164 
frame00191.jpg 268.781464 69.824715 431.423218 64.425415 448.620422 228.115997 305.556976 273.608063 
frame00192.jpg 270.797272 68.504875 433.283203 63.686787 447.131439 230.289490 308.299530 274.701691 
frame00193.jpg 271.982269 71.804123 432.270081 68.299614 446.264771 233.277084 307.345459 278.649292 
frame00194.jpg 272.931488 80.757523 430.249817 72.762337 445.944061 236.419113 305.826813 282.806335 
frame00195.jpg 278.391602 87.398209 430.017029 76.913742 447.915497 236.480911 304.531891 283.811249 
frame00196.jpg 274.298767 83.531258 429.428619 76.786697 447.530762 238.007629 313.646820 282.630493 
frame00197.jpg 283.358307 90.506577 433.196747 78.867935 449.697632 238.919586 311.029388 284.462372 
frame00198.jpg 282.192780 90.155609 432.860535 80.771027 447.377869 240.351959 314.054840 280.091187 
frame00199.jpg 278.754364 89.022446 428.813599 82.276314 445.248596 240.952240 311.762878 285.978607 
frame00200.jpg 272.342163 85.290451 427.407776 80.333260 441.868042 239.988632 312.185211 284.162140 
frame00201.jpg 270.662384 90.001549 425.077515 79.190903 438.494263 241.208740 308.290497 281.352875 
frame00202.jpg 271.067505 87.520638 421.792419 77.088203 434.432739 238.114914 302.308868 280.810852 
frame00203.jpg 263.262817 84.177818 417.467102 76.849602 428.396027 235.971359 298.745026 277.939240 
frame00204.jpg 254.736420 84.689117 410.143707 71.740082 425.715302 233.869110 297.358032 273.269318 
frame00205.jpg 262.480255 93.850746 403.337097 83.761147 423.992554 232.183289 282.188629 282.813171 
frame00206.jpg 247.508469 77.864639 399.248474 79.111282 415.585083 232.760040 284.364563 284.274719 
frame00207.jpg 244.194931 80.437859 404.655029 73.253929 413.661957 235.434540 271.781799 290.983856 
frame00208.jpg 244.564468 96.162926 393.329254 82.654884 408.069458 239.835632 265.859467 285.133942 
frame00209.jpg 234.604477 87.681786 381.679901 85.033485 400.602325 239.471786 267.606110 290.861450 
frame00210.jpg 230.027313 85.188782 382.214630 79.848274 401.421082 237.353073 271.174866 285.587463 
frame00211.jpg 240.690323 93.439003 384.039703 83.356979 403.393921 237.102509 264.462128 287.098541 
frame00212.jpg 236.290329 87.807167 382.248718 78.217079 403.661652 233.317200 269.846375 280.503418 
frame00213.jpg 235.597794 82.909027 383.431732 76.774223 404.582794 231.630768 271.896210 280.894806 
frame00214.jpg 238.213837 83.161575 383.805786 74.463303 404.368713 231.819595 270.775177 280.509644 
frame00215.jpg 235.318222 81.683060 383.404053 74.414238 403.599701 230.996841 270.950958 279.621429 
frame00216.jpg 241.632080 84.102379 386.618835 71.268585 408.114868 229.419937 274.755829 277.391846 
frame00217.jpg 240.901886 79.505638 389.145508 71.866081 408.484924 229.404999 278.443420 276.735413 
frame00218.jpg 244.904724 81.768478 388.511536 76.364845 410.020660 229.518143 278.954498 278.560089 
frame00219.jpg 247.871521 83.036598 390.817261 74.603035 413.300964 229.273712 282.098114 277.493164 
frame00220.jpg 246.961288 82.287437 393.505066 72.473862 413.178131 231.081741 283.759338 274.260071 
frame00221.jpg 245.819992 82.012344 392.528198 74.405724 411.446991 233.155350 282.725708 280.795013 
frame00222.jpg 244.353455 83.453865 392.620941 74.510986 411.686737 233.449371 285.243866 278.567078 
frame00223.jpg 242.582901 82.126793 394.067719 71.664299 411.899811 235.036865 290.114410 273.631165 
frame00224.jpg 248.935059 87.615639 391.668396 83.183289 411.237030 235.455627 283.444092 284.321655 
frame00225.jpg 246.668518 87.271370 392.509766 79.225601 410.219482 235.426605 283.867249 280.342987 
frame00226.jpg 247.184189 87.890404 389.308258 81.880577 409.907562 236.337112 281.729340 284.379181 
frame00227.jpg 242.719009 86.455513 391.067657 79.696518 407.548126 236.972031 281.417572 280.173096 
frame00228.jpg 244.912857 85.654709 389.012360 80.689728 402.882111 236.865768 274.269775 283.613342 
frame00229.jpg 238.551498 87.893494 384.312164 81.640526 401.142090 241.288925 274.546875 282.532928 
frame00230.jpg 234.955460 90.115875 381.748779 85.131317 397.892151 241.849213 273.625854 283.951141 
frame00231.jpg 233.783493 91.581833 377.695618 88.811760 394.672028 243.217545 268.715881 288.824188 
frame00232.jpg 236.500748 96.561539 376.031555 92.036911 394.304840 244.575058 266.445435 290.904297 
frame00233.jpg 232.243652 93.202980 376.747223 90.458054 394.644745 244.559677 270.400787 287.425659 
frame00234.jpg 233.945038 93.973320 377.747925 88.647491 394.604950 246.608643 269.305176 289.025208 
frame00235.jpg 236.719070 97.888924 373.629944 93.380875 393.861481 245.357986 265.098236 294.363403 
frame00236.jpg 232.308411 94.751968 375.633850 92.042747 392.970398 249.002960 268.203979 291.331329 
frame00237.jpg 235.002502 102.340042 376.279694 96.751358 393.866760 250.762802 267.153839 291.747711 
frame00238.jpg 234.228912 103.617104 377.698395 96.865730 393.999329 253.287964 269.147247 295.031281 
frame00239.jpg 237.054489 102.828476 381.052917 96.226906 396.622772 254.196579 273.503448 296.109222 
frame00240.jpg 242.168884 108.183708 381.448761 103.029961 399.790466 254.839691 273.888550 298.176483 
frame00241.jpg 241.750305 108.023224 383.836884 100.194603 400.485382 254.168533 275.799133 293.918823 
frame00242.jpg 245.692337 108.072380 383.015747 102.546631 400.989441 253.950439 273.886353 299.678772 
frame00243.jpg 246.539047 107.415337 384.041687 102.703247 402.150513 254.259903 275.524628 297.998505 
frame00244.jpg 244.383667 104.923920 385.954437 99.679962 402.722321 254.057556 279.076172 295.615143 
frame00245.jpg 253.200333 107.045349 388.841217 100.494499 403.221649 255.669724 273.969574 297.922974 
frame00246.jpg 253.200333 107.045349 388.841217 100.494499 403.221649 255.669724 273.969574 297.922974 
frame00247.jpg 253.200333 107.045349 388.841217 100.494499 403.221649 255.669724 273.969574 297.922974 
frame00248.jpg 253.200333 107.045349 388.841217 100.494499 403.221649 255.669724 273.969574 297.922974 
frame00249.jpg 253.200333 107.045349 388.841217 100.494499 403.221649 255.669724 273.969574 297.922974 
frame00250.jpg 253.200333 107.045349 388.841217 100.494499 403.221649 255.669724 273.969574 297.922974 
frame00251.jpg 253.200333 107.045349 388.841217 100.494499 403.221649 255.669724 273.969574 297.922974 
frame00252.jpg 253.200333 107.045349 388.841217 100.494499 403.221649 255.669724 273.969574 297.922974 
frame00253.jpg 253.200333 107.045349 388.841217 100.494499 403.221649 255.669724 273.969574 297.922974 
frame00254.jpg 253.200333 107.045349 388.841217 100.494499 403.221649 255.669724 273.969574 297.922974 
frame00255.jpg 253.200333 107.045349 388.841217 100.494499 403.221649 255.669724 273.969574 297.922974 
frame00256.jpg 253.200333 107.045349 388.841217 100.494499 403.221649 255.669724 273.969574 297.922974 
frame00257.jpg 253.200333 107.045349 388.841217 100.494499 403.221649 255.669724 273.969574 297.922974 
frame00258.jpg 253.200333 107.045349 388.841217 100.494499 403.221649 255.669724 273.969574 297.922974 
frame00259.jpg 253.200333 107.045349 388.841217 100.494499 403.221649 255.669724 273.969574 297.922974 
frame00260.jpg 253.200333 107.045349 388.841217 100.494499 403.221649 255.669724 273.969574 297.922974 
frame00261.jpg 253.200333 107.045349 388.841217 100.494499 403.221649 255.669724 273.969574 297.922974 
frame00262.jpg 253.200333 107.045349 388.841217 100.494499 403.221649 255.669724 273.969574 297.922974 
frame00263.jpg 253.200333 107.045349 388.841217 100.494499 403.221649 255.669724 273.969574 297.922974 
frame00264.jpg 253.200333 107.045349 388.841217 100.494499 403.221649 255.669724 273.969574 297.922974 
frame00265.jpg 253.200333 107.045349 388.841217 100.494499 403.221649 255.669724 273.969574 297.922974 
frame00266.jpg 253.200333 107.045349 388.841217 100.494499 403.221649 255.669724 273.969574 297.922974 
frame00267.jpg 253.200333 107.045349 388.841217 100.494499 403.221649 255.669724 273.969574 297.922974 
frame00268.jpg 253.200333 107.045349 388.841217 100.494499 403.221649 255.669724 273.969574 297.922974 
frame00269.jpg 253.200333 107.045349 388.841217 100.494499 403.221649 255.669724 273.969574 297.922974 
frame00270.jpg 253.200333 107.045349 388.841217 100.494499 403.221649 255.669724 273.969574 297.922974 
frame00271.jpg 253.200333 107.045349 388.841217 100.494499 403.221649 255.669724 273.969574 297.922974 
frame00272.jpg 253.200333 107.045349 388.841217 100.494499 403.221649 255.669724 273.969574 297.922974 
frame00273.jpg 253.200333 107.045349 388.841217 100.494499 403.221649 255.669724 273.969574 297.922974 
frame00274.jpg 253.200333 107.045349 388.841217 100.494499 403.221649 255.669724 273.969574 297.922974 
frame00275.jpg 253.200333 107.045349 388.841217 100.494499 403.221649 255.669724 273.969574 297.922974 
frame00276.jpg 253.200333 107.045349 388.841217 100.494499 403.221649 255.669724 273.969574 297.922974 
frame00277.jpg 253.200333 107.045349 388.841217 100.494499 403.221649 255.669724 273.969574 297.922974 
frame00278.jpg 253.200333 107.045349 388.841217 100.494499 403.221649 255.669724 273.969574 297.922974 
frame00279.jpg 253.200333 107.045349 388.841217 100.494499 403.221649 255.669724 273.969574 297.922974 
frame00280.jpg 253.200333 107.045349 388.841217 100.494499 403.221649 255.669724 273.969574 297.922974 
frame00281.jpg 253.200333 107.045349 388.841217 100.494499 403.221649 255.669724 273.969574 297.922974 
frame00282.jpg 253.200333 107.045349 388.841217 100.494499 403.221649 255.669724 273.969574 297.922974 
frame00283.jpg 253.200333 107.045349 388.841217 100.494499 403.221649 255.669724 273.969574 297.922974 
frame00284.jpg 253.200333 107.045349 388.841217 100.494499 403.221649 255.669724 273.969574 297.922974 
frame00285.jpg 253.200333 107.045349 388.841217 100.494499 403.221649 255.669724 273.969574 297.922974 
frame00286.jpg 253.200333 107.045349 388.841217 100.494499 403.221649 255.669724 273.969574 297.922974 
frame00287.jpg 253.200333 107.045349 388.841217 100.494499 403.221649 255.669724 273.969574 297.922974 
frame00288.jpg 253.200333 107.045349 388.841217 100.494499 403.221649 255.669724 273.969574 297.922974 
frame00289.jpg 253.200333 107.045349 388.841217 100.494499 403.221649 255.669724 273.969574 297.922974 
frame00290.jpg 253.200333 107.045349 388.841217 100.494499 403.221649 255.669724 273.969574 297.922974 
frame00291.jpg 253.200333 107.045349 388.841217 100.494499 403.221649 255.669724 273.969574 297.922974 
frame00292.jpg 253.200333 107.045349 388.841217 100.494499 403.221649 255.669724 273.969574 297.922974 
frame00293.jpg 253.200333 107.045349 388.841217 100.494499 403.221649 255.669724 273.969574 297.922974 
frame00294.jpg 253.200333 107.045349 388.841217 100.494499 403.221649 255.669724 273.969574 297.922974 
frame00295.jpg 253.200333 107.045349 388.841217 100.494499 403.221649 255.669724 273.969574 297.922974 
frame00296.jpg 253.200333 107.045349 388.841217 100.494499 403.221649 255.669724 273.969574 297.922974 
frame00297.jpg 253.200333 107.045349 388.841217 100.494499 403.221649 255.669724 273.969574 297.922974 
frame00298.jpg 253.200333 107.045349 388.841217 100.494499 403.221649 255.669724 273.969574 297.922974 
frame00299.jpg 253.200333 107.045349 388.841217 100.494499 403.221649 255.669724 273.969574 297.922974 
frame00300.jpg 253.200333 107.045349 388.841217 100.494499 403.221649 255.669724 273.969574 297.922974 
frame00301.jpg 253.200333 107.045349 388.841217 100.494499 403.221649 255.669724 273.969574 297.922974 
frame00302.jpg 253.200333 107.045349 388.841217 100.494499 403.221649 255.669724 273.969574 297.922974 
frame00303.jpg 253.200333 107.045349 388.841217 100.494499 403.221649 255.669724 273.969574 297.922974 
frame00304.jpg 253.200333 107.045349 388.841217 100.494499 403.221649 255.669724 273.969574 297.922974 
frame00305.jpg 253.200333 107.045349 388.841217 100.494499 403.221649 255.669724 273.969574 297.922974 
frame00306.jpg 253.200333 107.045349 388.841217 100.494499 403.221649 255.669724 273.969574 297.922974 
frame00307.jpg 253.200333 107.045349 388.841217 100.494499 403.221649 255.669724 273.969574 297.922974 
frame00308.jpg 253.200333 107.045349 388.841217 100.494499 403.221649 255.669724 273.969574 297.922974 
frame00309.jpg 253.200333 107.045349 388.841217 100.494499 403.221649 255.669724 273.969574 297.922974 
frame00310.jpg 253.200333 107.045349 388.841217 100.494499 403.221649 255.669724 273.969574 297.922974 
frame00311.jpg 253.200333 107.045349 388.841217 100.494499 403.221649 255.669724 273.969574 297.922974 
frame00312.jpg 253.200333 107.045349 388.841217 100.494499 403.221649 255.669724 273.969574 297.922974 
frame00313.jpg 253.200333 107.045349 388.841217 100.494499 403.221649 255.669724 273.969574 297.922974 
frame00314.jpg 253.200333 107.045349 388.841217 100.494499 403.221649 255.669724 273.969574 297.922974 
frame00315.jpg 253.200333 107.045349 388.841217 100.494499 403.221649 255.669724 273.969574 297.922974 
frame00316.jpg 253.200333 107.045349 388.841217 100.494499 403.221649 255.669724 273.969574 297.922974 
frame00317.jpg 253.200333 107.045349 388.841217 100.494499 403.221649 255.669724 273.969574 297.922974 
frame00318.jpg 253.200333 107.045349 388.841217 100.494499 403.221649 255.669724 273.969574 297.922974 
frame00319.jpg 253.200333 107.045349 388.841217 100.494499 403.221649 255.669724 273.969574 297.922974 
frame00320.jpg 253.200333 107.045349 388.841217 100.494499 403.221649 255.669724 273.969574 297.922974 
frame00321.jpg 253.200333 107.045349 388.841217 100.494499 403.221649 255.669724 273.969574 297.922974 
frame00322.jpg 253.200333 107.045349 388.841217 100.494499 403.221649 255.669724 273.969574 297.922974 
frame00323.jpg 253.200333 107.045349 388.841217 100.494499 403.221649 255.669724 273.969574 297.922974 
frame00324.jpg 253.200333 107.045349 388.841217 100.494499 403.221649 255.669724 273.969574 297.922974 
frame00325.jpg 253.200333 107.045349 388.841217 100.494499 403.221649 255.669724 273.969574 297.922974 
frame00326.jpg 253.200333 107.045349 388.841217 100.494499 403.221649 255.669724 273.969574 297.922974 
frame00327.jpg 253.200333 107.045349 388.841217 100.494499 403.221649 255.669724 273.969574 297.922974 
frame00328.jpg 253.200333 107.045349 388.841217 100.494499 403.221649 255.669724 273.969574 297.922974 
frame00329.jpg 253.200333 107.045349 388.841217 100.494499 403.221649 255.669724 273.969574 297.922974 
frame00330.jpg 253.200333 107.045349 388.841217 100.494499 403.221649 255.669724 273.969574 297.922974 
frame00331.jpg 253.200333 107.045349 388.841217 100.494499 403.221649 255.669724 273.969574 297.922974 
frame00332.jpg 253.200333 107.045349 388.841217 100.494499 403.221649 255.669724 273.969574 297.922974 
frame00333.jpg 253.200333 107.045349 388.841217 100.494499 403.221649 255.669724 273.969574 297.922974 
frame00334.jpg 253.200333 107.045349 388.841217 100.494499 403.221649 255.669724 273.969574 297.922974 
frame00335.jpg 253.200333 107.045349 388.841217 100.494499 403.221649 255.669724 273.969574 297.922974 
frame00336.jpg 253.200333 107.045349 388.841217 100.494499 403.221649 255.669724 273.969574 297.922974 
frame00337.jpg 253.200333 107.045349 388.841217 100.494499 403.221649 255.669724 273.969574 297.922974 
frame00338.jpg 253.200333 107.045349 388.841217 100.494499 403.221649 255.669724 273.969574 297.922974 
frame00339.jpg 253.200333 107.045349 388.841217 100.494499 403.221649 255.669724 273.969574 297.922974 
frame00340.jpg 253.200333 107.045349 388.841217 100.494499 403.221649 255.669724 273.969574 297.922974 
frame00341.jpg 253.200333 107.045349 388.841217 100.494499 403.221649 255.669724 273.969574 297.922974 
frame00342.jpg 253.200333 107.045349 388.841217 100.494499 403.221649 255.669724 273.969574 297.922974 
frame00343.jpg 253.200333 107.045349 388.841217 100.494499 403.221649 255.669724 273.969574 297.922974 
frame00344.jpg 253.200333 107.045349 388.841217 100.494499 403.221649 255.669724 273.969574 297.922974 
frame00345.jpg 253.200333 107.045349 388.841217 100.494499 403.221649 255.669724 273.969574 297.922974 
frame00346.jpg 253.200333 107.045349 388.841217 100.494499 403.221649 255.669724 273.969574 297.922974 
frame00347.jpg 253.200333 107.045349 388.841217 100.494499 403.221649 255.669724 273.969574 297.922974 
frame00348.jpg 253.200333 107.045349 388.841217 100.494499 403.221649 255.669724 273.969574 297.922974 
frame00349.jpg 253.200333 107.045349 388.841217 100.494499 403.221649 255.669724 273.969574 297.922974 
frame00350.jpg 253.200333 107.045349 388.841217 100.494499 403.221649 255.669724 273.969574 297.922974 
frame00351.jpg 253.200333 107.045349 388.841217 100.494499 403.221649 255.669724 273.969574 297.922974 
frame00352.jpg 253.200333 107.045349 388.841217 100.494499 403.221649 255.669724 273.969574 297.922974 
frame00353.jpg 253.200333 107.045349 388.841217 100.494499 403.221649 255.669724 273.969574 297.922974 
frame00354.jpg 253.200333 107.045349 388.841217 100.494499 403.221649 255.669724 273.969574 297.922974 
frame00355.jpg 253.200333 107.045349 388.841217 100.494499 403.221649 255.669724 273.969574 297.922974 
frame00356.jpg 253.200333 107.045349 388.841217 100.494499 403.221649 255.669724 273.969574 297.922974 
frame00357.jpg 253.200333 107.045349 388.841217 100.494499 403.221649 255.669724 273.969574 297.922974 
frame00358.jpg 253.200333 107.045349 388.841217 100.494499 403.221649 255.669724 273.969574 297.922974 
frame00359.jpg 253.200333 107.045349 388.841217 100.494499 403.221649 255.669724 273.969574 297.922974 
frame00360.jpg 253.200333 107.045349 388.841217 100.494499 403.221649 255.669724 273.969574 297.922974 
frame00361.jpg 253.200333 107.045349 388.841217 100.494499 403.221649 255.669724 273.969574 297.922974 
frame00362.jpg 253.200333 107.045349 388.841217 100.494499 403.221649 255.669724 273.969574 297.922974 
frame00363.jpg 253.200333 107.045349 388.841217 100.494499 403.221649 255.669724 273.969574 297.922974 
frame00364.jpg 253.200333 107.045349 388.841217 100.494499 403.221649 255.669724 273.969574 297.922974 
frame00365.jpg 253.200333 107.045349 388.841217 100.494499 403.221649 255.669724 273.969574 297.922974 
frame00366.jpg 253.200333 107.045349 388.841217 100.494499 403.221649 255.669724 273.969574 297.922974 
frame00367.jpg 253.200333 107.045349 388.841217 100.494499 403.221649 255.669724 273.969574 297.922974 
frame00368.jpg 253.200333 107.045349 388.841217 100.494499 403.221649 255.669724 273.969574 297.922974 
frame00369.jpg 253.200333 107.045349 388.841217 100.494499 403.221649 255.669724 273.969574 297.922974 
frame00370.jpg 253.200333 107.045349 388.841217 100.494499 403.221649 255.669724 273.969574 297.922974 
frame00371.jpg 253.200333 107.045349 388.841217 100.494499 403.221649 255.669724 273.969574 297.922974 
frame00372.jpg 253.200333 107.045349 388.841217 100.494499 403.221649 255.669724 273.969574 297.922974 
frame00373.jpg 253.200333 107.045349 388.841217 100.494499 403.221649 255.669724 273.969574 297.922974 
frame00374.jpg 253.200333 107.045349 388.841217 100.494499 403.221649 255.669724 273.969574 297.922974 
frame00375.jpg 253.200333 107.045349 388.841217 100.494499 403.221649 255.669724 273.969574 297.922974 
frame00376.jpg 253.200333 107.045349 388.841217 100.494499 403.221649 255.669724 273.969574 297.922974 
frame00377.jpg 253.200333 107.045349 388.841217 100.494499 403.221649 255.669724 273.969574 297.922974 
frame00378.jpg 253.200333 107.045349 388.841217 100.494499 403.221649 255.669724 273.969574 297.922974 
frame00379.jpg 253.200333 107.045349 388.841217 100.494499 403.221649 255.669724 273.969574 297.922974 
frame00380.jpg 253.200333 107.045349 388.841217 100.494499 403.221649 255.669724 273.969574 297.922974 
frame00381.jpg 253.200333 107.045349 388.841217 100.494499 403.221649 255.669724 273.969574 297.922974 
frame00382.jpg 253.200333 107.045349 388.841217 100.494499 403.221649 255.669724 273.969574 297.922974 
frame00383.jpg 253.200333 107.045349 388.841217 100.494499 403.221649 255.669724 273.969574 297.922974 
frame00384.jpg 253.200333 107.045349 388.841217 100.494499 403.221649 255.669724 273.969574 297.922974 
frame00385.jpg 253.200333 107.045349 388.841217 100.494499 403.221649 255.669724 273.969574 297.922974 
frame00386.jpg 253.200333 107.045349 388.841217 100.494499 403.221649 255.669724 273.969574 297.922974 
frame00387.jpg 253.200333 107.045349 388.841217 100.494499 403.221649 255.669724 273.969574 297.922974 
frame00388.jpg 253.200333 107.045349 388.841217 100.494499 403.221649 255.669724 273.969574 297.922974 
frame00389.jpg 253.200333 107.045349 388.841217 100.494499 403.221649 255.669724 273.969574 297.922974 
frame00390.jpg 253.200333 107.045349 388.841217 100.494499 403.221649 255.669724 273.969574 297.922974 
frame00391.jpg 253.200333 107.045349 388.841217 100.494499 403.221649 255.669724 273.969574 297.922974 
frame00392.jpg 253.200333 107.045349 388.841217 100.494499 403.221649 255.669724 273.969574 297.922974 
frame00393.jpg 253.200333 107.045349 388.841217 100.494499 403.221649 255.669724 273.969574 297.922974 
frame00394.jpg 253.200333 107.045349 388.841217 100.494499 403.221649 255.669724 273.969574 297.922974 
frame00395.jpg 253.200333 107.045349 388.841217 100.494499 403.221649 255.669724 273.969574 297.922974 
frame00396.jpg 253.200333 107.045349 388.841217 100.494499 403.221649 255.669724 273.969574 297.922974 
frame00397.jpg 253.200333 107.045349 388.841217 100.494499 403.221649 255.669724 273.969574 297.922974 
frame00398.jpg 253.200333 107.045349 388.841217 100.494499 403.221649 255.669724 273.969574 297.922974 
frame00399.jpg 253.200333 107.045349 388.841217 100.494499 403.221649 255.669724 273.969574 297.922974 
frame00400.jpg 253.200333 107.045349 388.841217 100.494499 403.221649 255.669724 273.969574 297.922974 
frame00401.jpg 253.200333 107.045349 388.841217 100.494499 403.221649 255.669724 273.969574 297.922974 
frame00402.jpg 253.200333 107.045349 388.841217 100.494499 403.221649 255.669724 273.969574 297.922974 
frame00403.jpg 253.200333 107.045349 388.841217 100.494499 403.221649 255.669724 273.969574 297.922974 
frame00404.jpg 253.200333 107.045349 388.841217 100.494499 403.221649 255.669724 273.969574 297.922974 
frame00405.jpg 253.200333 107.045349 388.841217 100.494499 403.221649 255.669724 273.969574 297.922974 
frame00406.jpg 253.200333 107.045349 388.841217 100.494499 403.221649 255.669724 273.969574 297.922974 
frame00407.jpg 253.200333 107.045349 388.841217 100.494499 403.221649 255.669724 273.969574 297.922974 
frame00408.jpg 253.200333 107.045349 388.841217 100.494499 403.221649 255.669724 273.969574 297.922974 
frame00409.jpg 253.200333 107.045349 388.841217 100.494499 403.221649 255.669724 273.969574 297.922974 
frame00410.jpg 253.200333 107.045349 388.841217 100.494499 403.221649 255.669724 273.969574 297.922974 
frame00411.jpg 253.200333 107.045349 388.841217 100.494499 403.221649 255.669724 273.969574 297.922974 
frame00412.jpg 253.200333 107.045349 388.841217 100.494499 403.221649 255.669724 273.969574 297.922974 
frame00413.jpg 253.200333 107.045349 388.841217 100.494499 403.221649 255.669724 273.969574 297.922974 
frame00414.jpg 253.200333 107.045349 388.841217 100.494499 403.221649 255.669724 273.969574 297.922974 
frame00415.jpg 253.200333 107.045349 388.841217 100.494499 403.221649 255.669724 273.969574 297.922974 
frame00416.jpg 253.200333 107.045349 388.841217 100.494499 403.221649 255.669724 273.969574 297.922974 
frame00417.jpg 253.200333 107.045349 388.841217 100.494499 403.221649 255.669724 273.969574 297.922974 
frame00418.jpg 253.200333 107.045349 388.841217 100.494499 403.221649 255.669724 273.969574 297.922974 
frame00419.jpg 253.200333 107.045349 388.841217 100.494499 403.221649 255.669724 273.969574 297.922974 
frame00420.jpg 253.200333 107.045349 388.841217 100.494499 403.221649 255.669724 273.969574 297.922974 
frame00421.jpg 253.200333 107.045349 388.841217 100.494499 403.221649 255.669724 273.969574 297.922974 
frame00422.jpg 253.200333 107.045349 388.841217 100.494499 403.221649 255.669724 273.969574 297.922974 
frame00423.jpg 253.200333 107.045349 388.841217 100.494499 403.221649 255.669724 273.969574 297.922974 
frame00424.jpg 253.200333 107.045349 388.841217 100.494499 403.221649 255.669724 273.969574 297.922974 
frame00425.jpg 253.200333 107.045349 388.841217 100.494499 403.221649 255.669724 273.969574 297.922974 
frame00426.jpg 253.200333 107.045349 388.841217 100.494499 403.221649 255.669724 273.969574 297.922974 
frame00427.jpg 253.200333 107.045349 388.841217 100.494499 403.221649 255.669724 273.969574 297.922974 
frame00428.jpg 253.200333 107.045349 388.841217 100.494499 403.221649 255.669724 273.969574 297.922974 
frame00429.jpg 253.200333 107.045349 388.841217 100.494499 403.221649 255.669724 273.969574 297.922974 
frame00430.jpg 253.200333 107.045349 388.841217 100.494499 403.221649 255.669724 273.969574 297.922974 
frame00431.jpg 253.200333 107.045349 388.841217 100.494499 403.221649 255.669724 273.969574 297.922974 
frame00432.jpg 253.200333 107.045349 388.841217 100.494499 403.221649 255.669724 273.969574 297.922974 
frame00433.jpg 253.200333 107.045349 388.841217 100.494499 403.221649 255.669724 273.969574 297.922974 
frame00434.jpg 253.200333 107.045349 388.841217 100.494499 403.221649 255.669724 273.969574 297.922974 
frame00435.jpg 253.200333 107.045349 388.841217 100.494499 403.221649 255.669724 273.969574 297.922974 
frame00436.jpg 253.200333 107.045349 388.841217 100.494499 403.221649 255.669724 273.969574 297.922974 
frame00437.jpg 253.200333 107.045349 388.841217 100.494499 403.221649 255.669724 273.969574 297.922974 
frame00438.jpg 253.200333 107.045349 388.841217 100.494499 403.221649 255.669724 273.969574 297.922974 
frame00439.jpg 253.200333 107.045349 388.841217 100.494499 403.221649 255.669724 273.969574 297.922974 
frame00440.jpg 253.200333 107.045349 388.841217 100.494499 403.221649 255.669724 273.969574 297.922974 
frame00441.jpg 253.200333 107.045349 388.841217 100.494499 403.221649 255.669724 273.969574 297.922974 
frame00442.jpg 253.200333 107.045349 388.841217 100.494499 403.221649 255.669724 273.969574 297.922974 
frame00443.jpg 253.200333 107.045349 388.841217 100.494499 403.221649 255.669724 273.969574 297.922974 
frame00444.jpg 253.200333 107.045349 388.841217 100.494499 403.221649 255.669724 273.969574 297.922974 
frame00445.jpg 253.200333 107.045349 388.841217 100.494499 403.221649 255.669724 273.969574 297.922974 
frame00446.jpg 253.200333 107.045349 388.841217 100.494499 403.221649 255.669724 273.969574 297.922974 
frame00447.jpg 253.200333 107.045349 388.841217 100.494499 403.221649 255.669724 273.969574 297.922974 
frame00448.jpg 253.200333 107.045349 388.841217 100.494499 403.221649 255.669724 273.969574 297.922974 
frame00449.jpg 253.200333 107.045349 388.841217 100.494499 403.221649 255.669724 273.969574 297.922974 
frame00450.jpg 253.200333 107.045349 388.841217 100.494499 403.221649 255.669724 273.969574 297.922974 
frame00451.jpg 253.200333 107.045349 388.841217 100.494499 403.221649 255.669724 273.969574 297.922974 
frame00452.jpg 253.200333 107.045349 388.841217 100.494499 403.221649 255.669724 273.969574 297.922974 
frame00453.jpg 253.200333 107.045349 388.841217 100.494499 403.221649 255.669724 273.969574 297.922974 
frame00454.jpg 253.200333 107.045349 388.841217 100.494499 403.221649 255.669724 273.969574 297.922974 
frame00455.jpg 253.200333 107.045349 388.841217 100.494499 403.221649 255.669724 273.969574 297.922974 
frame00456.jpg 253.200333 107.045349 388.841217 100.494499 403.221649 255.669724 273.969574 297.922974 
frame00457.jpg 253.200333 107.045349 388.841217 100.494499 403.221649 255.669724 273.969574 297.922974 
frame00458.jpg 253.200333 107.045349 388.841217 100.494499 403.221649 255.669724 273.969574 297.922974 
frame00459.jpg 253.200333 107.045349 388.841217 100.494499 403.221649 255.669724 273.969574 297.922974 
frame00460.jpg 253.200333 107.045349 388.841217 100.494499 403.221649 255.669724 273.969574 297.922974 
frame00461.jpg 253.200333 107.045349 388.841217 100.494499 403.221649 255.669724 273.969574 297.922974 
frame00462.jpg 253.200333 107.045349 388.841217 100.494499 403.221649 255.669724 273.969574 297.922974 
frame00463.jpg 253.200333 107.045349 388.841217 100.494499 403.221649 255.669724 273.969574 297.922974 
frame00464.jpg 253.200333 107.045349 388.841217 100.494499 403.221649 255.669724 273.969574 297.922974 
frame00465.jpg 253.200333 107.045349 388.841217 100.494499 403.221649 255.669724 273.969574 297.922974 
frame00466.jpg 253.200333 107.045349 388.841217 100.494499 403.221649 255.669724 273.969574 297.922974 
frame00467.jpg 253.200333 107.045349 388.841217 100.494499 403.221649 255.669724 273.969574 297.922974 
frame00468.jpg 253.200333 107.045349 388.841217 100.494499 403.221649 255.669724 273.969574 297.922974 
frame00469.jpg 253.200333 107.045349 388.841217 100.494499 403.221649 255.669724 273.969574 297.922974 
frame00470.jpg 253.200333 107.045349 388.841217 100.494499 403.221649 255.669724 273.969574 297.922974 
frame00471.jpg 253.200333 107.045349 388.841217 100.494499 403.221649 255.669724 273.969574 297.922974 
frame00472.jpg 253.200333 107.045349 388.841217 100.494499 403.221649 255.669724 273.969574 297.922974 
frame00473.jpg 253.200333 107.045349 388.841217 100.494499 403.221649 255.669724 273.969574 297.922974 
frame00474.jpg 253.200333 107.045349 388.841217 100.494499 403.221649 255.669724 273.969574 297.922974 
frame00475.jpg 253.200333 107.045349 388.841217 100.494499 403.221649 255.669724 273.969574 297.922974 
frame00476.jpg 253.200333 107.045349 388.841217 100.494499 403.221649 255.669724 273.969574 297.922974 
frame00477.jpg 253.200333 107.045349 388.841217 100.494499 403.221649 255.669724 273.969574 297.922974 
frame00478.jpg 253.200333 107.045349 388.841217 100.494499 403.221649 255.669724 273.969574 297.922974 
frame00479.jpg 253.200333 107.045349 388.841217 100.494499 403.221649 255.669724 273.969574 297.922974 
frame00480.jpg 253.200333 107.045349 388.841217 100.494499 403.221649 255.669724 273.969574 297.922974 
frame00481.jpg 253.200333 107.045349 388.841217 100.494499 403.221649 255.669724 273.969574 297.922974 
frame00482.jpg 253.200333 107.045349 388.841217 100.494499 403.221649 255.669724 273.969574 297.922974 
frame00483.jpg 253.200333 107.045349 388.841217 100.494499 403.221649 255.669724 273.969574 297.922974 
frame00484.jpg 253.200333 107.045349 388.841217 100.494499 403.221649 255.669724 273.969574 297.922974 
frame00485.jpg 253.200333 107.045349 388.841217 100.494499 403.221649 255.669724 273.969574 297.922974 
frame00486.jpg 253.200333 107.045349 388.841217 100.494499 403.221649 255.669724 273.969574 297.922974 
frame00487.jpg 253.200333 107.045349 388.841217 100.494499 403.221649 255.669724 273.969574 297.922974 
frame00488.jpg 253.200333 107.045349 388.841217 100.494499 403.221649 255.669724 273.969574 297.922974 
frame00489.jpg 253.200333 107.045349 388.841217 100.494499 403.221649 255.669724 273.969574 297.922974 
frame00490.jpg 253.200333 107.045349 388.841217 100.494499 403.221649 255.669724 273.969574 297.922974 
frame00491.jpg 253.200333 107.045349 388.841217 100.494499 403.221649 255.669724 273.969574 297.922974 
frame00492.jpg 253.200333 107.045349 388.841217 100.494499 403.221649 255.669724 273.969574 297.922974 
frame00493.jpg 253.200333 107.045349 388.841217 100.494499 403.221649 255.669724 273.969574 297.922974 
frame00494.jpg 253.200333 107.045349 388.841217 100.494499 403.221649 255.669724 273.969574 297.922974 
frame00495.jpg 253.200333 107.045349 388.841217 100.494499 403.221649 255.669724 273.969574 297.922974 
frame00496.jpg 253.200333 107.045349 388.841217 100.494499 403.221649 255.669724 273.969574 297.922974 
frame00497.jpg 253.200333 107.045349 388.841217 100.494499 403.221649 255.669724 273.969574 297.922974 
frame00498.jpg 253.200333 107.045349 388.841217 100.494499 403.221649 255.669724 273.969574 297.922974 
frame00499.jpg 253.200333 107.045349 388.841217 100.494499 403.221649 255.669724 273.969574 297.922974 
frame00500.jpg 253.200333 107.045349 388.841217 100.494499 403.221649 255.669724 273.969574 297.922974 
frame00501.jpg 253.200333 107.045349 388.841217 100.494499 403.221649 255.669724 273.969574 297.922974 
frame00502.jpg 253.200333 107.045349 388.841217 100.494499 403.221649 255.669724 273.969574 297.922974 
frame00503.jpg 253.200333 107.045349 388.841217 100.494499 403.221649 255.669724 273.969574 297.922974 
frame00504.jpg 253.200333 107.045349 388.841217 100.494499 403.221649 255.669724 273.969574 297.922974 
frame00505.jpg 253.200333 107.045349 388.841217 100.494499 403.221649 255.669724 273.969574 297.922974 
frame00506.jpg 253.200333 107.045349 388.841217 100.494499 403.221649 255.669724 273.969574 297.922974 
frame00507.jpg 253.200333 107.045349 388.841217 100.494499 403.221649 255.669724 273.969574 297.922974 
frame00508.jpg 253.200333 107.045349 388.841217 100.494499 403.221649 255.669724 273.969574 297.922974 
frame00509.jpg 253.200333 107.045349 388.841217 100.494499 403.221649 255.669724 273.969574 297.922974 
frame00510.jpg 253.200333 107.045349 388.841217 100.494499 403.221649 255.669724 273.969574 297.922974 
frame00511.jpg 253.200333 107.045349 388.841217 100.494499 403.221649 255.669724 273.969574 297.922974 
frame00512.jpg 253.200333 107.045349 388.841217 100.494499 403.221649 255.669724 273.969574 297.922974 
frame00513.jpg 253.200333 107.045349 388.841217 100.494499 403.221649 255.669724 273.969574 297.922974 
frame00514.jpg 253.200333 107.045349 388.841217 100.494499 403.221649 255.669724 273.969574 297.922974 
frame00515.jpg 253.200333 107.045349 388.841217 100.494499 403.221649 255.669724 273.969574 297.922974 
frame00516.jpg 253.200333 107.045349 388.841217 100.494499 403.221649 255.669724 273.969574 297.922974 
frame00517.jpg 253.200333 107.045349 388.841217 100.494499 403.221649 255.669724 273.969574 297.922974 
frame00518.jpg 253.200333 107.045349 388.841217 100.494499 403.221649 255.669724 273.969574 297.922974 
frame00519.jpg 253.200333 107.045349 388.841217 100.494499 403.221649 255.669724 273.969574 297.922974 
frame00520.jpg 253.200333 107.045349 388.841217 100.494499 403.221649 255.669724 273.969574 297.922974 
frame00521.jpg 253.200333 107.045349 388.841217 100.494499 403.221649 255.669724 273.969574 297.922974 
frame00522.jpg 253.200333 107.045349 388.841217 100.494499 403.221649 255.669724 273.969574 297.922974 
frame00523.jpg 253.200333 107.045349 388.841217 100.494499 403.221649 255.669724 273.969574 297.922974 
frame00524.jpg 253.200333 107.045349 388.841217 100.494499 403.221649 255.669724 273.969574 297.922974 
frame00525.jpg 253.200333 107.045349 388.841217 100.494499 403.221649 255.669724 273.969574 297.922974 
frame00526.jpg 253.200333 107.045349 388.841217 100.494499 403.221649 255.669724 273.969574 297.922974 
frame00527.jpg 253.200333 107.045349 388.841217 100.494499 403.221649 255.669724 273.969574 297.922974 
frame00528.jpg 253.200333 107.045349 388.841217 100.494499 403.221649 255.669724 273.969574 297.922974 
frame00529.jpg 253.200333 107.045349 388.841217 100.494499 403.221649 255.669724 273.969574 297.922974 
frame00530.jpg 253.200333 107.045349 388.841217 100.494499 403.221649 255.669724 273.969574 297.922974 
frame00531.jpg 253.200333 107.045349 388.841217 100.494499 403.221649 255.669724 273.969574 297.922974 
frame00532.jpg 253.200333 107.045349 388.841217 100.494499 403.221649 255.669724 273.969574 297.922974 
frame00533.jpg 253.200333 107.045349 388.841217 100.494499 403.221649 255.669724 273.969574 297.922974 
frame00534.jpg 253.200333 107.045349 388.841217 100.494499 403.221649 255.669724 273.969574 297.922974 
frame00535.jpg 253.200333 107.045349 388.841217 100.494499 403.221649 255.669724 273.969574 297.922974 
frame00536.jpg 253.200333 107.045349 388.841217 100.494499 403.221649 255.669724 273.969574 297.922974 
frame00537.jpg 253.200333 107.045349 388.841217 100.494499 403.221649 255.669724 273.969574 297.922974 
frame00538.jpg 253.200333 107.045349 388.841217 100.494499 403.221649 255.669724 273.969574 297.922974 
frame00539.jpg 253.200333 107.045349 388.841217 100.494499 403.221649 255.669724 273.969574 297.922974 
frame00540.jpg 253.200333 107.045349 388.841217 100.494499 403.221649 255.669724 273.969574 297.922974 
frame00541.jpg 253.200333 107.045349 388.841217 100.494499 403.221649 255.669724 273.969574 297.922974 
frame00542.jpg 253.200333 107.045349 388.841217 100.494499 403.221649 255.669724 273.969574 297.922974 
frame00543.jpg 253.200333 107.045349 388.841217 100.494499 403.221649 255.669724 273.969574 297.922974 
frame00544.jpg 253.200333 107.045349 388.841217 100.494499 403.221649 255.669724 273.969574 297.922974 
frame00545.jpg 253.200333 107.045349 388.841217 100.494499 403.221649 255.669724 273.969574 297.922974 
frame00546.jpg 253.200333 107.045349 388.841217 100.494499 403.221649 255.669724 273.969574 297.922974 
frame00547.jpg 253.200333 107.045349 388.841217 100.494499 403.221649 255.669724 273.969574 297.922974 
frame00548.jpg 253.200333 107.045349 388.841217 100.494499 403.221649 255.669724 273.969574 297.922974 
frame00549.jpg 253.200333 107.045349 388.841217 100.494499 403.221649 255.669724 273.969574 297.922974 
frame00550.jpg 253.200333 107.045349 388.841217 100.494499 403.221649 255.669724 273.969574 297.922974 
frame00551.jpg 253.200333 107.045349 388.841217 100.494499 403.221649 255.669724 273.969574 297.922974 
frame00552.jpg 253.200333 107.045349 388.841217 100.494499 403.221649 255.669724 273.969574 297.922974 
frame00553.jpg 253.200333 107.045349 388.841217 100.494499 403.221649 255.669724 273.969574 297.922974 
frame00554.jpg 253.200333 107.045349 388.841217 100.494499 403.221649 255.669724 273.969574 297.922974 
frame00555.jpg 253.200333 107.045349 388.841217 100.494499 403.221649 255.669724 273.969574 297.922974 
frame00556.jpg 253.200333 107.045349 388.841217 100.494499 403.221649 255.669724 273.969574 297.922974 
frame00557.jpg 253.200333 107.045349 388.841217 100.494499 403.221649 255.669724 273.969574 297.922974 
frame00558.jpg 253.200333 107.045349 388.841217 100.494499 403.221649 255.669724 273.969574 297.922974 
frame00559.jpg 253.200333 107.045349 388.841217 100.494499 403.221649 255.669724 273.969574 297.922974 
frame00560.jpg 253.200333 107.045349 388.841217 100.494499 403.221649 255.669724 273.969574 297.922974 
frame00561.jpg 253.200333 107.045349 388.841217 100.494499 403.221649 255.669724 273.969574 297.922974 
frame00562.jpg 253.200333 107.045349 388.841217 100.494499 403.221649 255.669724 273.969574 297.922974 
frame00563.jpg 253.200333 107.045349 388.841217 100.494499 403.221649 255.669724 273.969574 297.922974 
frame00564.jpg 253.200333 107.045349 388.841217 100.494499 403.221649 255.669724 273.969574 297.922974 
frame00565.jpg 253.200333 107.045349 388.841217 100.494499 403.221649 255.669724 273.969574 297.922974 
frame00566.jpg 253.200333 107.045349 388.841217 100.494499 403.221649 255.669724 273.969574 297.922974 
frame00567.jpg 253.200333 107.045349 388.841217 100.494499 403.221649 255.669724 273.969574 297.922974 
frame00568.jpg 253.200333 107.045349 388.841217 100.494499 403.221649 255.669724 273.969574 297.922974 
frame00569.jpg 253.200333 107.045349 388.841217 100.494499 403.221649 255.669724 273.969574 297.922974 
frame00570.jpg 253.200333 107.045349 388.841217 100.494499 403.221649 255.669724 273.969574 297.922974 
frame00571.jpg 222.095856 97.352257 363.460052 83.470695 392.401215 251.527191 254.049561 313.773773 
frame00572.jpg 222.095856 97.352257 363.460052 83.470695 392.401215 251.527191 254.049561 313.773773 
frame00573.jpg 222.095856 97.352257 363.460052 83.470695 392.401215 251.527191 254.049561 313.773773 
frame00574.jpg 222.095856 97.352257 363.460052 83.470695 392.401215 251.527191 254.049561 313.773773 
frame00575.jpg 222.095856 97.352257 363.460052 83.470695 392.401215 251.527191 254.049561 313.773773 
frame00576.jpg 222.095856 97.352257 363.460052 83.470695 392.401215 251.527191 254.049561 313.773773 
frame00577.jpg 222.095856 97.352257 363.460052 83.470695 392.401215 251.527191 254.049561 313.773773 
frame00578.jpg 222.095856 97.352257 363.460052 83.470695 392.401215 251.527191 254.049561 313.773773 
frame00579.jpg 222.095856 97.352257 363.460052 83.470695 392.401215 251.527191 254.049561 313.773773 
frame00580.jpg 207.271500 77.103020 379.848694 65.069679 387.564667 255.590927 264.781097 296.939484 
frame00581.jpg 226.001328 94.100632 371.274994 86.771912 390.006439 259.324768 251.253296 317.169769 
frame00582.jpg 222.876953 95.161041 369.689667 90.879036 387.935211 257.354248 253.204102 316.105835 
frame00583.jpg 217.494705 92.842056 373.918915 84.073479 387.305145 258.078766 255.904663 306.504425 
frame00584.jpg 220.635193 95.468193 370.161407 90.455223 387.900330 261.555573 249.644730 315.029175 
frame00585.jpg 217.385941 89.198318 369.356842 94.497353 383.892731 261.116791 247.978699 319.286499 
frame00586.jpg 216.120148 90.619286 368.585083 95.070305 382.600830 265.952789 248.669556 319.832397 
frame00587.jpg 218.711929 101.426414 371.050720 96.921486 385.166779 269.863159 247.780243 315.325531 
frame00588.jpg 212.031281 91.659012 371.162750 97.445396 383.303833 267.718994 252.433517 312.591522 
frame00589.jpg 218.245697 90.042740 371.579437 99.252197 381.336273 266.532623 250.072266 314.055359 
frame00590.jpg 217.986755 89.975800 371.368347 95.960243 383.265900 265.021362 250.528473 308.901764 
frame00591.jpg 222.541534 92.121864 372.810822 95.042427 384.918884 266.287537 247.633636 313.507172 
frame00592.jpg 215.338104 81.967545 374.880585 93.397400 384.806519 265.036957 257.036743 308.044800 
frame00593.jpg 224.123337 87.814301 376.246307 97.292519 385.881531 268.069397 253.759338 313.422394 
frame00594.jpg 227.643768 90.731941 378.520386 99.715897 387.170044 271.250244 254.031036 314.925964 
frame00595.jpg 230.562637 92.514130 380.078430 104.090691 386.841248 273.608887 253.461349 317.692322 
frame00596.jpg 232.967545 95.211571 381.624695 108.445946 385.641632 275.333038 248.910004 314.719452 
frame00597.jpg 232.178711 91.814384 379.430664 107.375000 383.148895 273.696228 244.408615 319.162811 
frame00598.jpg 231.412292 91.666237 379.515808 109.624344 380.170502 275.826019 241.613327 314.726196 
frame00599.jpg 221.109329 80.719376 379.429626 100.492180 378.027924 273.606049 242.861511 310.229431 
frame00600.jpg 220.213699 95.162849 369.857117 116.991615 372.125092 271.801025 230.964081 301.643677 
frame00601.jpg 216.806213 83.338631 370.545410 103.492462 369.133667 275.615051 228.191330 314.117188 
frame00602.jpg 214.749542 73.455132 375.612732 99.722778 370.729523 275.767792 231.349396 310.505585 
frame00603.jpg 218.080078 83.464493 372.482239 104.889465 377.437592 277.249176 234.514755 310.967926 
frame00604.jpg 238.048691 83.982521 387.969910 104.251602 388.829254 276.100250 232.284714 314.632324 
frame00605.jpg 243.062057 72.084801 399.686951 107.661903 392.748932 273.425018 236.540833 321.302307 
frame00606.jpg 259.917786 84.027016 412.309601 102.656021 405.594818 272.414246 245.849487 309.946655 
frame00607.jpg 284.519745 122.670876 432.027985 87.821388 685.739502 501.251068 248.110474 334.875031 
frame00608.jpg 269.151520 71.535248 432.602936 98.830170 429.213104 272.189545 278.763916 313.194061 
frame00609.jpg 284.199158 60.441063 436.457703 98.947838 426.213837 269.337982 285.595856 327.224487 
frame00610.jpg 280.402985 17.124937 448.218658 107.290421 419.486023 263.379211 294.049957 318.509247 
frame00611.jpg 299.941925 85.815910 462.847137 103.180725 463.182556 281.004517 305.534485 323.105194 
frame00612.jpg 306.021210 83.039330 477.278839 108.451897 474.842133 282.158264 307.144501 328.190582 
frame00613.jpg 333.251801 90.322426 484.607758 109.847610 476.787506 297.479095 323.074493 330.200195 
frame00614.jpg 336.476257 93.328018 498.713074 116.782806 498.342499 292.113098 319.839996 349.605530 
frame00615.jpg 349.507080 98.649406 511.182251 115.959679 510.383911 294.099030 338.068115 342.525635 
frame00616.jpg 365.113770 114.537781 521.652283 112.189110 525.654236 300.128662 349.675262 338.797058 
frame00617.jpg 358.779846 99.285500 535.413452 117.657639 530.389832 297.707977 364.808685 331.440247 
frame00618.jpg 373.330902 100.300072 540.853210 117.072380 535.639954 294.206604 367.950989 330.755981 
frame00619.jpg 367.887115 100.004707 550.049255 103.632072 542.897949 294.781006 380.321777 322.145752 
frame00620.jpg 373.895813 93.616249 550.929932 111.565659 544.262024 289.314453 374.996826 330.793976 
frame00621.jpg 374.997833 95.036781 554.665161 104.664085 548.935486 290.172699 377.966187 330.391724 
frame00622.jpg 373.954132 95.374687 556.179077 103.167534 548.723145 289.766022 378.642609 324.684357 
frame00623.jpg 372.649261 92.369606 554.210083 101.298042 545.918701 287.627502 375.073517 325.103973 
frame00624.jpg 367.673950 88.672661 556.733093 97.660278 542.261719 286.968506 371.292267 318.709045 
frame00625.jpg 364.860138 86.868568 549.313110 98.668472 540.246277 286.387817 366.778534 323.951416 
frame00626.jpg 364.033722 85.699577 548.901489 99.460083 539.696716 287.860413 362.887604 324.818542 
frame00627.jpg 363.645142 84.461632 552.525330 98.316742 540.980957 285.470276 372.598389 309.122955 
frame00628.jpg 369.865265 81.756111 554.515137 94.128487 545.215759 281.719116 367.039276 316.174438 
frame00629.jpg 367.710571 77.174843 560.073669 90.728554 548.820984 279.956116 369.682007 311.950134 
frame00630.jpg 373.407684 73.105553 562.651672 88.627136 545.642883 282.860107 366.866028 311.736359 
frame00631.jpg 366.025238 66.514648 561.395142 87.958351 543.297363 277.943085 362.338898 313.048248 
frame00632.jpg 359.509308 73.357269 554.921143 86.743874 543.403320 276.811737 358.578064 311.407074 
frame00633.jpg 359.461578 73.673607 555.270752 84.046761 545.444946 277.314301 356.185364 313.150513 
frame00634.jpg 357.088226 86.535439 560.321045 85.484291 547.773682 282.661469 359.687439 309.754303 
frame00635.jpg 352.391541 81.420456 557.175903 85.631798 549.910156 279.644409 360.156921 314.205963 
frame00636.jpg 347.044403 83.512474 556.440735 86.278206 546.988159 279.338654 356.359070 317.757660 
frame00637.jpg 343.832947 87.044266 552.440491 86.611778 546.741882 278.151581 351.919800 318.249023 
frame00638.jpg 339.167328 86.127609 547.945984 86.765991 543.949158 279.678406 351.751892 323.016541 
frame00639.jpg 338.353088 91.512947 548.501038 88.704704 544.130554 281.389130 348.824615 323.425079 
frame00640.jpg 334.377319 96.291862 543.995789 90.964355 543.380615 282.671722 349.530182 322.775574 
frame00641.jpg 333.225342 104.015091 545.517517 94.693703 544.042297 287.723389 348.664185 326.427429 
frame00642.jpg 335.792297 109.499802 545.860535 99.176010 544.372742 288.141327 342.823364 333.031708 
frame00643.jpg 335.574036 115.587593 542.769592 100.961311 542.843628 291.780609 331.295746 345.269806 
frame00644.jpg 321.576477 121.110924 537.908997 111.667503 534.547546 298.903381 340.470337 336.365417 
frame00645.jpg 324.194183 128.117935 533.296448 115.144661 532.151733 300.521088 321.285248 352.388855 
frame00646.jpg 316.024475 132.705887 524.266174 125.630463 522.349548 306.818420 321.054199 345.013367 
frame00647.jpg 307.443542 125.274933 518.882690 126.376183 515.766357 305.491333 318.530670 346.882416 
frame00648.jpg 303.850372 127.434532 513.536865 126.626450 508.587921 306.113861 312.363464 338.861115 
frame00649.jpg 288.900665 122.594948 509.709564 124.470413 500.162323 301.677826 310.861511 333.647614 
frame00650.jpg 295.213562 116.097481 498.794037 122.400711 492.716980 299.298309 296.018860 332.967834 
frame00651.jpg 298.468109 116.589340 496.669037 122.337868 481.187256 300.347870 286.605682 326.973145 
frame00652.jpg 275.926941 105.856674 491.397644 122.807281 475.919250 292.951599 282.228973 320.523071 
frame00653.jpg 286.389862 111.731972 486.820282 119.029198 469.741119 288.169983 265.170349 318.599335 
frame00654.jpg 286.389862 111.731972 486.820282 119.029198 469.741119 288.169983 265.170349 318.599335 
frame00655.jpg 286.389862 111.731972 486.820282 119.029198 469.741119 288.169983 265.170349 318.599335 
frame00656.jpg 286.389862 111.731972 486.820282 119.029198 469.741119 288.169983 265.170349 318.599335 
frame00657.jpg 236.134064 93.196060 444.442078 105.695313 431.605194 277.175629 237.504715 300.356018 
frame00658.jpg 233.094650 92.620712 443.435822 102.528427 428.585846 274.390167 234.698090 297.395905 
frame00659.jpg 229.289825 91.703819 439.124023 105.514000 426.982147 275.234802 232.035568 299.438141 
frame00660.jpg 230.821121 96.060425 439.821533 101.527611 425.261078 274.215363 231.922958 295.180573 
frame00661.jpg 222.613525 88.298843 437.921509 100.376007 420.469879 274.224487 228.272049 294.214355 
frame00662.jpg 221.466339 87.836441 429.225067 104.082161 414.144318 274.217560 220.802399 294.839142 
frame00663.jpg 218.556534 87.732208 423.156891 107.864647 409.571686 274.097198 212.783813 297.975281 
frame00664.jpg 212.921494 86.948936 420.882965 108.125427 404.491302 275.977570 212.050842 292.121826 
frame00665.jpg 214.578125 88.934959 419.437836 110.271095 402.863708 276.518433 208.047150 294.863617 
frame00666.jpg 216.937088 90.223557 418.681152 109.515869 402.783325 275.113434 206.490906 290.287354 
frame00667.jpg 213.149063 86.717682 419.587982 107.733620 401.769226 275.909943 208.925308 288.192657 
frame00668.jpg 215.917236 86.392868 416.623566 111.811325 399.210693 279.019043 207.152771 291.537109 
frame00669.jpg 210.522614 93.078987 415.220673 116.603867 395.407410 283.266449 200.648727 295.495575 
frame00670.jpg 198.950516 88.808533 418.032593 113.369942 390.597015 284.633057 207.776062 289.264313 
frame00671.jpg 207.251236 98.761520 409.719238 125.342751 389.918793 292.442291 195.969955 302.008575 
frame00672.jpg 204.955109 104.646049 406.251709 130.000916 387.583221 292.746521 194.467361 305.883942 
frame00673.jpg 203.760544 109.169960 406.086517 129.951706 386.832123 295.273834 191.172028 308.845032 
frame00674.jpg 197.271057 111.821495 401.057617 134.198090 382.594757 297.833405 186.947266 309.261444 
frame00675.jpg 181.618561 104.091278 401.892426 122.152992 376.342255 299.711578 182.285889 312.140961 
frame00676.jpg 170.681412 107.399246 387.538116 137.395401 365.682495 297.035553 174.588959 303.322113 
frame00677.jpg 161.724106 101.113792 389.539429 121.435966 357.908569 299.212830 168.718460 308.543762 
frame00678.jpg 163.899994 110.631691 366.818573 138.040344 351.156555 297.755035 157.315964 309.842529 
frame00679.jpg 157.199173 106.069267 365.655182 131.099564 347.070557 295.874512 146.044922 313.220093 
frame00680.jpg 156.477188 113.774704 331.237946 151.644318 337.794739 293.923370 117.586823 331.699615 
frame00681.jpg 141.451279 102.404129 362.556366 125.045219 333.513733 294.075928 136.206314 299.603363 
frame00682.jpg 141.451279 102.404129 362.556366 125.045219 333.513733 294.075928 136.206314 299.603363 
frame00683.jpg 111.906082 74.847527 336.541260 132.536423 307.603882 286.160431 103.574059 301.907440 
frame00684.jpg 112.561028 93.221466 343.451202 117.734772 304.465546 286.904297 101.023926 285.363159 
frame00685.jpg 93.638428 81.840263 310.405792 119.955162 297.890625 283.467590 86.796944 294.840881 
frame00686.jpg 76.093697 69.086967 337.242065 94.422981 282.924927 279.507965 84.105194 275.200317 
frame00687.jpg 61.523067 61.556408 326.737000 90.761314 274.755859 276.085083 72.249512 271.368866 
frame00688.jpg 48.273186 58.595867 283.137085 100.716301 263.537689 267.128845 56.008465 277.888275 
frame00689.jpg 51.208267 52.554512 274.695282 105.961769 253.164383 260.951965 40.289356 270.598999 
frame00690.jpg 52.817619 58.532982 270.808258 98.845970 249.398697 260.218903 29.353113 269.275238 
frame00691.jpg 43.919075 50.144306 265.052765 93.392967 244.479233 257.184998 33.250782 260.532837 
frame00692.jpg 43.189529 48.110733 261.614075 93.173050 240.686264 254.553223 26.844984 260.511719 
frame00693.jpg 26.693159 34.731289 262.914948 85.593544 235.178604 251.666306 24.490538 256.512726 
frame00694.jpg 22.364689 36.869110 251.669571 88.991890 227.869354 249.308929 9.179852 259.057800 
frame00695.jpg 17.095543 40.664749 241.473923 87.281105 220.827759 248.150421 6.824003 255.674469 
frame00696.jpg 5.412907 40.355389 235.485306 87.215828 212.846161 250.022781 -1.908197 259.656281 
frame00697.jpg -4.643554 43.186703 231.113220 91.790054 209.498642 256.515778 5.578546 256.829895 
frame00698.jpg -4.978171 46.632118 221.632629 96.201195 207.332123 256.843811 -19.951145 281.830963 
frame00699.jpg -9.603827 57.935390 216.956772 97.344734 199.500626 260.970734 -20.750559 272.246490 
frame00700.jpg -3.044502 71.482063 212.109543 97.508385 203.412796 273.968292 -26.191233 280.421021 
