frame ulx uly urx ury lrx lry llx lly
frame00000.jpg 241.000259 168.002258 430.999573 172.997772 426.999664 442.002106 244.999069 437.998047 
frame00001.jpg 241.000259 168.002258 430.999573 172.997772 426.999664 442.002106 244.999069 437.998047 
frame00002.jpg 242.000000 168.000000 431.999298 172.995514 427.999390 441.999847 245.998810 437.995789 
frame00003.jpg 242.000000 168.000000 431.999298 172.995514 427.999390 441.999847 245.998810 437.995789 
frame00004.jpg 243.000000 168.000000 432.999329 172.995514 428.999390 441.999847 246.998810 437.995789 
frame00005.jpg 243.000000 169.000000 432.999329 173.995514 428.999390 442.999847 246.998810 438.995789 
frame00006.jpg 243.000000 169.000000 432.999298 173.995514 428.999390 442.999847 246.998810 438.995789 
frame00007.jpg 244.000000 170.000000 433.999298 174.995514 429.999390 443.999847 247.998810 439.995789 
frame00008.jpg 244.000000 170.000000 433.999298 174.995514 429.999390 443.999847 247.998810 439.995789 
frame00009.jpg 244.000000 170.000000 433.999329 174.995514 429.999420 443.999847 247.998810 439.995789 
frame00010.jpg 244.000000 171.000000 433.999298 175.995514 429.999390 444.999847 247.998810 440.995789 
frame00011.jpg 244.352386 170.631577 436.953156 172.854874 428.526947 444.838287 248.086136 438.693817 
frame00012.jpg 243.606216 171.034927 434.585205 176.571045 430.002075 446.012482 248.446274 439.845703 
frame00013.jpg 245.449585 173.519394 434.803986 177.239502 428.689087 447.099030 248.779968 440.543854 
frame00014.jpg 245.000000 174.000000 434.999329 178.995514 430.999420 447.999847 248.998810 443.995789 
frame00015.jpg 245.000000 175.000000 434.999329 179.995514 430.999420 448.999847 248.998810 444.995789 
frame00016.jpg 245.000000 176.000000 434.999298 180.995514 430.999390 449.999847 248.998810 445.995789 
frame00017.jpg 246.000000 177.000000 435.999329 181.995514 431.999390 450.999847 249.998810 446.995789 
frame00018.jpg 247.553146 179.031616 436.457794 181.660248 431.904816 451.591217 253.653366 444.020111 
frame00019.jpg 247.000000 179.000000 436.999329 183.995514 432.999390 452.999847 250.998810 448.995789 
frame00020.jpg 248.000000 179.000000 437.999329 183.995514 433.999390 452.999847 251.998810 448.995789 
frame00021.jpg 249.303345 180.224213 438.780334 184.921631 434.512421 453.388977 253.150131 448.100464 
frame00022.jpg 250.384201 180.165009 439.397369 185.467209 435.031525 453.748688 253.866104 448.354187 
frame00023.jpg 251.046310 180.096024 439.857788 185.975616 435.829987 451.694885 255.348526 447.323212 
frame00024.jpg 252.483307 179.952866 440.892822 185.765030 436.816040 452.852661 256.066742 447.876190 
frame00025.jpg 253.525162 180.377884 441.754303 185.190292 438.218933 453.079651 256.878815 448.151245 
frame00026.jpg 254.894638 179.612762 440.775696 184.947006 441.618927 452.918152 259.841248 449.142456 
frame00027.jpg 255.475632 178.560791 445.614807 183.022827 440.945862 450.521179 261.416534 443.004883 
frame00028.jpg 258.713501 178.072266 448.556854 181.780807 442.442413 449.278046 261.807312 443.423309 
frame00029.jpg 261.513092 178.594742 448.892120 182.532166 444.254852 449.094818 265.206299 442.988525 
frame00030.jpg 265.554596 181.604355 449.844116 186.649872 446.297028 450.026367 267.239227 446.730377 
frame00031.jpg 269.699738 187.810196 452.885529 194.033798 448.215942 452.590607 271.748779 446.668671 
frame00032.jpg 275.152618 198.317368 455.489777 201.674316 449.904083 457.987549 277.725067 450.279297 
frame00033.jpg 279.300446 208.027710 454.188873 210.653793 451.546600 463.562622 282.732117 455.778442 
frame00034.jpg 284.544128 216.910568 453.297058 219.763138 449.705627 464.282562 285.445953 459.615387 
frame00035.jpg 287.831635 224.877167 453.775421 229.507828 450.030151 463.533447 289.376160 458.768402 
frame00036.jpg 292.142761 231.042374 452.407104 237.324982 449.930542 462.397186 294.329987 457.243256 
frame00037.jpg 298.091614 236.954712 453.603149 241.763336 450.425018 464.054199 298.584198 456.433258 
frame00038.jpg 303.680023 244.737808 453.788513 243.720657 450.016113 463.139740 307.333313 453.764954 
frame00039.jpg 308.715088 249.800644 454.377197 255.350479 449.435089 459.483704 308.559845 454.930817 
frame00040.jpg 313.242188 252.605331 454.348450 260.045319 450.471313 455.942200 314.913147 450.901184 
frame00041.jpg 317.725922 256.567596 457.001770 258.308075 452.214081 451.055908 320.809143 444.576324 
frame00042.jpg 323.173157 254.350983 457.312134 258.673828 451.206451 443.765686 323.883026 437.445953 
frame00043.jpg 327.489868 251.975632 457.111145 255.807114 452.260986 436.633759 327.540100 429.130798 
frame00044.jpg 331.168365 248.285248 455.776855 252.249435 451.996246 426.421356 330.078186 420.702209 
frame00045.jpg 335.008057 246.082535 454.474304 250.928055 450.904938 414.802826 331.583862 409.556305 
frame00046.jpg 334.138580 236.533127 453.482788 241.399521 446.865173 403.126068 334.579712 398.081329 
frame00047.jpg 334.614197 231.681305 448.469025 235.050491 444.541199 393.191620 333.473541 389.682831 
frame00048.jpg 333.910889 227.464859 445.082733 230.937744 439.785461 385.563904 332.980225 379.227295 
frame00049.jpg 330.753265 222.957611 439.854095 227.068161 433.271667 375.993286 330.467651 373.018280 
frame00050.jpg 328.451508 222.547470 432.869354 226.138947 429.051483 371.996063 327.052063 366.983185 
frame00051.jpg 324.383392 221.733398 428.425873 225.821579 421.786560 366.472961 323.889008 362.021667 
frame00052.jpg 318.009460 221.643448 419.217163 229.716202 415.384216 361.498383 320.598785 361.110413 
frame00053.jpg 315.140717 223.077957 415.654297 227.808975 409.380676 360.204834 319.399902 355.813385 
frame00054.jpg 311.890442 227.638672 410.195679 230.035339 403.151001 359.739868 315.707367 353.980835 
frame00055.jpg 307.582214 231.381851 401.642273 237.361435 398.348541 360.359955 309.569916 358.992767 
frame00056.jpg 306.961609 235.399429 397.636536 239.477737 391.557007 363.159790 305.729858 361.759155 
frame00057.jpg 301.104584 240.658661 392.800903 244.374863 386.317505 362.077240 303.369049 359.574127 
frame00058.jpg 297.048645 242.285141 385.925415 249.766495 381.652252 362.783600 302.969452 359.782684 
frame00059.jpg 294.189423 245.853821 382.823914 251.294891 377.799286 359.897522 297.699677 362.485565 
frame00060.jpg 294.018616 247.969910 380.465057 249.107468 372.835968 358.888855 301.118164 358.776184 
frame00061.jpg 294.018616 247.969910 380.465057 249.107468 372.835968 358.888855 301.118164 358.776184 
frame00062.jpg 294.018616 247.969910 380.465057 249.107468 372.835968 358.888855 301.118164 358.776184 
frame00063.jpg 294.018616 247.969910 380.465057 249.107468 372.835968 358.888855 301.118164 358.776184 
frame00064.jpg 294.018616 247.969910 380.465057 249.107468 372.835968 358.888855 301.118164 358.776184 
frame00065.jpg 294.018616 247.969910 380.465057 249.107468 372.835968 358.888855 301.118164 358.776184 
frame00066.jpg 294.018616 247.969910 380.465057 249.107468 372.835968 358.888855 301.118164 358.776184 
frame00067.jpg 294.018616 247.969910 380.465057 249.107468 372.835968 358.888855 301.118164 358.776184 
frame00068.jpg 294.018616 247.969910 380.465057 249.107468 372.835968 358.888855 301.118164 358.776184 
frame00069.jpg 294.018616 247.969910 380.465057 249.107468 372.835968 358.888855 301.118164 358.776184 
frame00070.jpg 294.018616 247.969910 380.465057 249.107468 372.835968 358.888855 301.118164 358.776184 
frame00071.jpg 294.018616 247.969910 380.465057 249.107468 372.835968 358.888855 301.118164 358.776184 
frame00072.jpg 294.018616 247.969910 380.465057 249.107468 372.835968 358.888855 301.118164 358.776184 
frame00073.jpg 294.018616 247.969910 380.465057 249.107468 372.835968 358.888855 301.118164 358.776184 
frame00074.jpg 294.018616 247.969910 380.465057 249.107468 372.835968 358.888855 301.118164 358.776184 
frame00075.jpg 294.018616 247.969910 380.465057 249.107468 372.835968 358.888855 301.118164 358.776184 
frame00076.jpg 294.018616 247.969910 380.465057 249.107468 372.835968 358.888855 301.118164 358.776184 
frame00077.jpg 294.018616 247.969910 380.465057 249.107468 372.835968 358.888855 301.118164 358.776184 
frame00078.jpg 294.018616 247.969910 380.465057 249.107468 372.835968 358.888855 301.118164 358.776184 
frame00079.jpg 294.018616 247.969910 380.465057 249.107468 372.835968 358.888855 301.118164 358.776184 
frame00080.jpg 294.018616 247.969910 380.465057 249.107468 372.835968 358.888855 301.118164 358.776184 
frame00081.jpg 294.018616 247.969910 380.465057 249.107468 372.835968 358.888855 301.118164 358.776184 
frame00082.jpg 294.018616 247.969910 380.465057 249.107468 372.835968 358.888855 301.118164 358.776184 
frame00083.jpg 294.018616 247.969910 380.465057 249.107468 372.835968 358.888855 301.118164 358.776184 
frame00084.jpg 294.018616 247.969910 380.465057 249.107468 372.835968 358.888855 301.118164 358.776184 
frame00085.jpg 294.018616 247.969910 380.465057 249.107468 372.835968 358.888855 301.118164 358.776184 
frame00086.jpg 294.018616 247.969910 380.465057 249.107468 372.835968 358.888855 301.118164 358.776184 
frame00087.jpg 294.018616 247.969910 380.465057 249.107468 372.835968 358.888855 301.118164 358.776184 
frame00088.jpg 294.018616 247.969910 380.465057 249.107468 372.835968 358.888855 301.118164 358.776184 
frame00089.jpg 294.018616 247.969910 380.465057 249.107468 372.835968 358.888855 301.118164 358.776184 
frame00090.jpg 294.018616 247.969910 380.465057 249.107468 372.835968 358.888855 301.118164 358.776184 
frame00091.jpg 294.018616 247.969910 380.465057 249.107468 372.835968 358.888855 301.118164 358.776184 
frame00092.jpg 294.018616 247.969910 380.465057 249.107468 372.835968 358.888855 301.118164 358.776184 
frame00093.jpg 294.018616 247.969910 380.465057 249.107468 372.835968 358.888855 301.118164 358.776184 
frame00094.jpg 294.018616 247.969910 380.465057 249.107468 372.835968 358.888855 301.118164 358.776184 
frame00095.jpg 294.018616 247.969910 380.465057 249.107468 372.835968 358.888855 301.118164 358.776184 
frame00096.jpg 294.018616 247.969910 380.465057 249.107468 372.835968 358.888855 301.118164 358.776184 
frame00097.jpg 294.018616 247.969910 380.465057 249.107468 372.835968 358.888855 301.118164 358.776184 
frame00098.jpg 294.018616 247.969910 380.465057 249.107468 372.835968 358.888855 301.118164 358.776184 
frame00099.jpg 294.018616 247.969910 380.465057 249.107468 372.835968 358.888855 301.118164 358.776184 
frame00100.jpg 294.018616 247.969910 380.465057 249.107468 372.835968 358.888855 301.118164 358.776184 
frame00101.jpg 294.018616 247.969910 380.465057 249.107468 372.835968 358.888855 301.118164 358.776184 
frame00102.jpg 294.018616 247.969910 380.465057 249.107468 372.835968 358.888855 301.118164 358.776184 
frame00103.jpg 294.018616 247.969910 380.465057 249.107468 372.835968 358.888855 301.118164 358.776184 
frame00104.jpg 294.018616 247.969910 380.465057 249.107468 372.835968 358.888855 301.118164 358.776184 
frame00105.jpg 294.018616 247.969910 380.465057 249.107468 372.835968 358.888855 301.118164 358.776184 
frame00106.jpg 294.018616 247.969910 380.465057 249.107468 372.835968 358.888855 301.118164 358.776184 
frame00107.jpg 294.018616 247.969910 380.465057 249.107468 372.835968 358.888855 301.118164 358.776184 
frame00108.jpg 294.018616 247.969910 380.465057 249.107468 372.835968 358.888855 301.118164 358.776184 
frame00109.jpg 294.018616 247.969910 380.465057 249.107468 372.835968 358.888855 301.118164 358.776184 
frame00110.jpg 294.018616 247.969910 380.465057 249.107468 372.835968 358.888855 301.118164 358.776184 
frame00111.jpg 294.018616 247.969910 380.465057 249.107468 372.835968 358.888855 301.118164 358.776184 
frame00112.jpg 294.018616 247.969910 380.465057 249.107468 372.835968 358.888855 301.118164 358.776184 
frame00113.jpg 294.018616 247.969910 380.465057 249.107468 372.835968 358.888855 301.118164 358.776184 
frame00114.jpg 294.018616 247.969910 380.465057 249.107468 372.835968 358.888855 301.118164 358.776184 
frame00115.jpg 294.018616 247.969910 380.465057 249.107468 372.835968 358.888855 301.118164 358.776184 
frame00116.jpg 294.018616 247.969910 380.465057 249.107468 372.835968 358.888855 301.118164 358.776184 
frame00117.jpg 264.640076 177.693146 349.903259 203.674667 349.485626 313.277374 272.037537 306.762573 
frame00118.jpg 264.459076 175.149643 355.137604 189.003723 346.877686 311.227509 272.766998 297.386841 
frame00119.jpg 262.331573 170.825821 346.736694 189.357574 348.979767 315.466614 267.173584 300.953156 
frame00120.jpg 259.438324 167.730591 349.063202 183.161758 346.724579 314.129120 265.028961 297.614441 
frame00121.jpg 258.855011 164.959747 348.942871 180.268906 345.790466 315.673370 261.227203 297.220245 
frame00122.jpg 258.029663 161.590179 349.786316 179.372787 347.546997 316.919830 261.117462 295.056671 
frame00123.jpg 255.970459 158.463959 352.749481 178.111206 348.395203 318.421570 261.484131 298.352417 
frame00124.jpg 258.716949 159.806168 355.165680 178.626495 350.656494 323.469116 261.987366 301.339355 
frame00125.jpg 261.963348 157.642059 359.567078 178.531448 355.758759 329.515411 265.694916 304.236450 
frame00126.jpg 267.345978 158.498123 363.408997 180.798798 363.697876 337.662659 268.936340 310.185303 
frame00127.jpg 272.798950 158.535629 375.796051 183.859436 370.119904 341.563263 275.273438 314.130157 
frame00128.jpg 281.283752 163.284103 384.350403 187.138962 379.409027 352.710114 282.976471 321.805237 
frame00129.jpg 288.359344 167.837112 393.202332 194.326279 387.205963 360.325470 288.941284 327.189240 
frame00130.jpg 296.000275 170.629364 401.383148 197.819687 394.620392 368.653046 295.066437 332.251495 
frame00131.jpg 301.797241 172.003784 409.270416 200.163834 399.301208 373.646332 300.164673 336.388824 
frame00132.jpg 303.793701 168.407349 415.325104 197.898880 403.297760 376.054993 304.540863 336.100677 
frame00133.jpg 308.987579 169.840408 416.889343 199.308121 408.525696 383.568695 305.179016 339.130402 
frame00134.jpg 311.086792 164.761719 421.690613 197.992172 409.626801 383.137543 304.687347 336.055176 
frame00135.jpg 311.652008 156.734940 423.112854 191.257736 410.623291 383.409668 305.907440 330.455780 
frame00136.jpg 311.897003 147.104538 425.956299 186.020111 410.436218 379.171173 304.535187 327.040558 
frame00137.jpg 313.349152 136.141373 429.381256 175.879990 410.877350 375.791107 304.107880 320.072479 
frame00138.jpg 313.562866 122.728943 431.418396 166.188034 411.763550 371.673798 303.129852 313.149536 
frame00139.jpg 315.949280 107.143127 435.526215 150.590668 413.116852 362.768585 302.411896 302.529327 
frame00140.jpg 318.758453 90.689545 439.474030 136.972458 413.413513 354.091644 303.316650 290.733765 
frame00141.jpg 322.777191 79.403152 443.434937 126.415138 414.236694 348.459808 304.024323 280.945709 
frame00142.jpg 324.747650 65.266914 446.386108 116.091782 413.834778 336.690582 305.247559 270.388092 
frame00143.jpg 330.390442 55.893963 448.745789 107.796059 414.563232 330.258972 306.286224 260.399658 
frame00144.jpg 334.838470 42.270256 453.544952 91.939217 415.143738 318.934875 309.359924 247.702621 
frame00145.jpg 340.301208 29.611570 457.716461 81.603310 417.182465 310.518311 311.187683 237.779694 
frame00146.jpg 348.137756 20.455151 465.306915 74.406898 422.378662 302.442963 316.886078 228.860504 
frame00147.jpg 358.034546 12.660778 475.686310 66.737602 427.703217 297.156158 323.233673 221.398163 
frame00148.jpg 367.639130 10.580891 484.414703 66.541389 434.091949 296.456787 330.073517 218.450272 
frame00149.jpg 377.259247 7.483942 493.670837 65.559608 438.962952 294.492126 336.614929 215.432510 
frame00150.jpg 385.631500 9.183961 500.934937 69.174194 443.636719 297.592834 341.780548 215.669708 
frame00151.jpg 391.911560 12.248672 507.123047 72.493530 446.986084 301.219360 346.317474 216.348282 
frame00152.jpg 396.400391 10.060036 511.490784 72.476448 447.005249 303.184448 348.619171 217.817474 
frame00153.jpg 399.527313 16.251781 512.958130 81.663765 445.130890 307.516632 346.865692 219.527771 
frame00154.jpg 397.829681 27.464682 507.999390 95.549187 443.297943 318.436401 343.404694 227.715103 
frame00155.jpg 394.651367 45.106022 504.971924 109.499680 437.494720 331.980988 341.056458 240.356049 
frame00156.jpg 389.616516 63.989017 496.629547 135.298279 430.755219 346.273102 336.613708 255.985916 
frame00157.jpg 384.974884 86.682167 488.419250 158.029312 424.997375 367.207642 330.983734 276.644775 
frame00158.jpg 380.216217 110.318718 483.330444 179.575378 418.419250 387.069489 328.436798 295.634186 
frame00159.jpg 376.186951 133.711655 473.849457 201.571136 412.835419 408.576874 323.902466 314.936188 
frame00160.jpg 370.342865 152.447647 467.953522 221.548248 409.231720 418.974304 320.255676 330.126709 
frame00161.jpg 366.694733 169.791809 463.106171 238.197601 405.267181 433.757874 319.541656 346.227844 
frame00162.jpg 363.815308 188.528687 457.748749 255.852753 404.395569 450.127533 315.802155 362.887329 
frame00163.jpg 362.520203 205.706116 454.488831 271.958374 402.444458 458.495026 315.810089 373.521851 
frame00164.jpg 360.361053 215.981720 452.007477 278.124512 402.143951 467.634491 316.548676 384.965240 
frame00165.jpg 359.170227 220.954361 451.190491 281.129700 402.249817 468.033966 317.885193 389.023895 
frame00166.jpg 358.811859 225.104324 449.062866 282.923553 404.388458 466.743408 319.509094 391.111786 
frame00167.jpg 358.094421 223.947601 448.574524 279.686493 405.962952 462.511292 320.837158 390.553436 
frame00168.jpg 358.605286 221.513062 448.893829 269.851746 407.419983 456.066254 323.777649 384.933075 
frame00169.jpg 358.394318 212.901367 447.790314 261.326416 409.661896 442.654327 325.750916 375.587952 
frame00170.jpg 358.395966 202.760193 449.483856 249.894669 411.435760 423.672302 330.039063 364.138580 
frame00171.jpg 359.340393 194.964035 447.038300 238.268204 415.313812 416.181091 333.059723 352.464417 
frame00172.jpg 359.855713 183.214035 446.147461 224.758163 415.039764 397.630890 335.592072 340.438324 
frame00173.jpg 360.697327 174.158554 441.767883 216.412003 418.786804 382.784973 340.643585 330.792358 
frame00174.jpg 362.045166 165.900375 446.812683 205.097229 418.188232 368.488159 341.161591 318.602783 
frame00175.jpg 362.074219 160.630783 440.736725 198.999023 419.961273 358.680969 341.930573 311.911469 
frame00176.jpg 360.301910 148.953110 437.953857 191.521667 419.219116 341.979767 344.700104 304.375916 
frame00177.jpg 364.185883 153.460266 439.794342 181.142014 418.401855 341.535583 348.579681 297.171417 
frame00178.jpg 360.393890 148.842697 435.695251 182.009644 420.142700 331.703735 349.714508 290.613434 
frame00179.jpg 362.672119 149.760483 435.610626 178.708862 420.367676 328.252380 349.992371 286.904358 
frame00180.jpg 365.405365 156.365387 433.906647 177.305466 422.644867 331.294830 351.521240 284.685211 
frame00181.jpg 364.529785 149.002762 435.027588 178.589188 421.243713 321.002289 354.076202 282.882446 
frame00182.jpg 365.781219 151.823624 434.628479 178.728485 423.048920 320.210266 356.388702 281.532867 
frame00183.jpg 365.781219 151.823624 434.628479 178.728485 423.048920 320.210266 356.388702 281.532867 
frame00184.jpg 362.963409 151.541687 434.924408 178.291885 422.975006 314.516205 362.247589 281.320648 
frame00185.jpg 362.963409 151.541687 434.924408 178.291885 422.975006 314.516205 362.247589 281.320648 
frame00186.jpg 362.963409 151.541687 434.924408 178.291885 422.975006 314.516205 362.247589 281.320648 
frame00187.jpg 362.476288 158.185501 427.789886 189.871094 421.283112 316.029480 357.207520 288.910187 
frame00188.jpg 359.368591 161.303253 430.737152 191.218750 421.508057 323.173126 358.300995 288.061890 
frame00189.jpg 362.373901 169.642487 429.603821 202.774872 421.402130 328.671234 355.751923 293.665741 
frame00190.jpg 362.373901 169.642487 429.603821 202.774872 421.402130 328.671234 355.751923 293.665741 
frame00191.jpg 364.301788 184.665558 433.516632 216.264465 422.240662 338.258453 357.807678 305.159729 
frame00192.jpg 365.480896 193.593613 432.222626 228.554520 426.563812 344.424408 361.095093 314.669800 
frame00193.jpg 369.652985 204.920425 439.092682 233.037537 428.861969 361.801483 362.025696 321.242188 
frame00194.jpg 369.652985 204.920425 439.092682 233.037537 428.861969 361.801483 362.025696 321.242188 
frame00195.jpg 373.167542 225.647400 445.347015 256.489899 433.254395 375.544739 366.211578 338.826660 
frame00196.jpg 373.167542 225.647400 445.347015 256.489899 433.254395 375.544739 366.211578 338.826660 
frame00197.jpg 378.825928 245.982910 451.036316 276.963287 440.474976 393.570709 372.529266 357.399445 
frame00198.jpg 378.825928 245.982910 451.036316 276.963287 440.474976 393.570709 372.529266 357.399445 
frame00199.jpg 378.825928 245.982910 451.036316 276.963287 440.474976 393.570709 372.529266 357.399445 
frame00200.jpg 378.825928 245.982910 451.036316 276.963287 440.474976 393.570709 372.529266 357.399445 
frame00201.jpg 378.825928 245.982910 451.036316 276.963287 440.474976 393.570709 372.529266 357.399445 
frame00202.jpg 378.825928 245.982910 451.036316 276.963287 440.474976 393.570709 372.529266 357.399445 
frame00203.jpg 378.825928 245.982910 451.036316 276.963287 440.474976 393.570709 372.529266 357.399445 
frame00204.jpg 378.825928 245.982910 451.036316 276.963287 440.474976 393.570709 372.529266 357.399445 
frame00205.jpg 378.825928 245.982910 451.036316 276.963287 440.474976 393.570709 372.529266 357.399445 
frame00206.jpg 378.825928 245.982910 451.036316 276.963287 440.474976 393.570709 372.529266 357.399445 
frame00207.jpg 378.825928 245.982910 451.036316 276.963287 440.474976 393.570709 372.529266 357.399445 
frame00208.jpg 378.825928 245.982910 451.036316 276.963287 440.474976 393.570709 372.529266 357.399445 
frame00209.jpg 378.825928 245.982910 451.036316 276.963287 440.474976 393.570709 372.529266 357.399445 
frame00210.jpg 378.825928 245.982910 451.036316 276.963287 440.474976 393.570709 372.529266 357.399445 
frame00211.jpg 378.825928 245.982910 451.036316 276.963287 440.474976 393.570709 372.529266 357.399445 
frame00212.jpg 378.825928 245.982910 451.036316 276.963287 440.474976 393.570709 372.529266 357.399445 
frame00213.jpg 378.825928 245.982910 451.036316 276.963287 440.474976 393.570709 372.529266 357.399445 
frame00214.jpg 378.825928 245.982910 451.036316 276.963287 440.474976 393.570709 372.529266 357.399445 
frame00215.jpg 378.825928 245.982910 451.036316 276.963287 440.474976 393.570709 372.529266 357.399445 
frame00216.jpg 378.825928 245.982910 451.036316 276.963287 440.474976 393.570709 372.529266 357.399445 
frame00217.jpg 378.825928 245.982910 451.036316 276.963287 440.474976 393.570709 372.529266 357.399445 
frame00218.jpg 378.825928 245.982910 451.036316 276.963287 440.474976 393.570709 372.529266 357.399445 
frame00219.jpg 378.825928 245.982910 451.036316 276.963287 440.474976 393.570709 372.529266 357.399445 
frame00220.jpg 378.825928 245.982910 451.036316 276.963287 440.474976 393.570709 372.529266 357.399445 
frame00221.jpg 378.825928 245.982910 451.036316 276.963287 440.474976 393.570709 372.529266 357.399445 
frame00222.jpg 378.825928 245.982910 451.036316 276.963287 440.474976 393.570709 372.529266 357.399445 
frame00223.jpg 378.825928 245.982910 451.036316 276.963287 440.474976 393.570709 372.529266 357.399445 
frame00224.jpg 378.825928 245.982910 451.036316 276.963287 440.474976 393.570709 372.529266 357.399445 
frame00225.jpg 378.825928 245.982910 451.036316 276.963287 440.474976 393.570709 372.529266 357.399445 
frame00226.jpg 378.825928 245.982910 451.036316 276.963287 440.474976 393.570709 372.529266 357.399445 
frame00227.jpg 378.825928 245.982910 451.036316 276.963287 440.474976 393.570709 372.529266 357.399445 
frame00228.jpg 378.825928 245.982910 451.036316 276.963287 440.474976 393.570709 372.529266 357.399445 
frame00229.jpg 378.825928 245.982910 451.036316 276.963287 440.474976 393.570709 372.529266 357.399445 
frame00230.jpg 378.825928 245.982910 451.036316 276.963287 440.474976 393.570709 372.529266 357.399445 
frame00231.jpg 378.825928 245.982910 451.036316 276.963287 440.474976 393.570709 372.529266 357.399445 
frame00232.jpg 378.825928 245.982910 451.036316 276.963287 440.474976 393.570709 372.529266 357.399445 
frame00233.jpg 378.825928 245.982910 451.036316 276.963287 440.474976 393.570709 372.529266 357.399445 
frame00234.jpg 378.825928 245.982910 451.036316 276.963287 440.474976 393.570709 372.529266 357.399445 
frame00235.jpg 378.825928 245.982910 451.036316 276.963287 440.474976 393.570709 372.529266 357.399445 
frame00236.jpg 378.825928 245.982910 451.036316 276.963287 440.474976 393.570709 372.529266 357.399445 
frame00237.jpg 378.825928 245.982910 451.036316 276.963287 440.474976 393.570709 372.529266 357.399445 
frame00238.jpg 378.825928 245.982910 451.036316 276.963287 440.474976 393.570709 372.529266 357.399445 
frame00239.jpg 378.825928 245.982910 451.036316 276.963287 440.474976 393.570709 372.529266 357.399445 
frame00240.jpg 378.825928 245.982910 451.036316 276.963287 440.474976 393.570709 372.529266 357.399445 
frame00241.jpg 378.825928 245.982910 451.036316 276.963287 440.474976 393.570709 372.529266 357.399445 
frame00242.jpg 378.825928 245.982910 451.036316 276.963287 440.474976 393.570709 372.529266 357.399445 
frame00243.jpg 378.825928 245.982910 451.036316 276.963287 440.474976 393.570709 372.529266 357.399445 
frame00244.jpg 378.825928 245.982910 451.036316 276.963287 440.474976 393.570709 372.529266 357.399445 
frame00245.jpg 378.825928 245.982910 451.036316 276.963287 440.474976 393.570709 372.529266 357.399445 
frame00246.jpg 378.825928 245.982910 451.036316 276.963287 440.474976 393.570709 372.529266 357.399445 
frame00247.jpg 378.825928 245.982910 451.036316 276.963287 440.474976 393.570709 372.529266 357.399445 
frame00248.jpg 378.825928 245.982910 451.036316 276.963287 440.474976 393.570709 372.529266 357.399445 
frame00249.jpg 378.825928 245.982910 451.036316 276.963287 440.474976 393.570709 372.529266 357.399445 
frame00250.jpg 378.825928 245.982910 451.036316 276.963287 440.474976 393.570709 372.529266 357.399445 
frame00251.jpg 378.825928 245.982910 451.036316 276.963287 440.474976 393.570709 372.529266 357.399445 
frame00252.jpg 378.825928 245.982910 451.036316 276.963287 440.474976 393.570709 372.529266 357.399445 
frame00253.jpg 378.825928 245.982910 451.036316 276.963287 440.474976 393.570709 372.529266 357.399445 
frame00254.jpg 378.825928 245.982910 451.036316 276.963287 440.474976 393.570709 372.529266 357.399445 
frame00255.jpg 378.825928 245.982910 451.036316 276.963287 440.474976 393.570709 372.529266 357.399445 
frame00256.jpg 378.825928 245.982910 451.036316 276.963287 440.474976 393.570709 372.529266 357.399445 
frame00257.jpg 378.825928 245.982910 451.036316 276.963287 440.474976 393.570709 372.529266 357.399445 
frame00258.jpg 378.825928 245.982910 451.036316 276.963287 440.474976 393.570709 372.529266 357.399445 
frame00259.jpg 378.825928 245.982910 451.036316 276.963287 440.474976 393.570709 372.529266 357.399445 
frame00260.jpg 378.825928 245.982910 451.036316 276.963287 440.474976 393.570709 372.529266 357.399445 
frame00261.jpg 378.825928 245.982910 451.036316 276.963287 440.474976 393.570709 372.529266 357.399445 
frame00262.jpg 378.825928 245.982910 451.036316 276.963287 440.474976 393.570709 372.529266 357.399445 
frame00263.jpg 378.825928 245.982910 451.036316 276.963287 440.474976 393.570709 372.529266 357.399445 
frame00264.jpg 378.825928 245.982910 451.036316 276.963287 440.474976 393.570709 372.529266 357.399445 
frame00265.jpg 378.825928 245.982910 451.036316 276.963287 440.474976 393.570709 372.529266 357.399445 
frame00266.jpg 378.825928 245.982910 451.036316 276.963287 440.474976 393.570709 372.529266 357.399445 
frame00267.jpg 378.825928 245.982910 451.036316 276.963287 440.474976 393.570709 372.529266 357.399445 
frame00268.jpg 378.825928 245.982910 451.036316 276.963287 440.474976 393.570709 372.529266 357.399445 
frame00269.jpg 378.825928 245.982910 451.036316 276.963287 440.474976 393.570709 372.529266 357.399445 
frame00270.jpg 378.825928 245.982910 451.036316 276.963287 440.474976 393.570709 372.529266 357.399445 
frame00271.jpg 378.825928 245.982910 451.036316 276.963287 440.474976 393.570709 372.529266 357.399445 
frame00272.jpg 378.825928 245.982910 451.036316 276.963287 440.474976 393.570709 372.529266 357.399445 
frame00273.jpg 378.825928 245.982910 451.036316 276.963287 440.474976 393.570709 372.529266 357.399445 
frame00274.jpg 378.825928 245.982910 451.036316 276.963287 440.474976 393.570709 372.529266 357.399445 
frame00275.jpg 378.825928 245.982910 451.036316 276.963287 440.474976 393.570709 372.529266 357.399445 
frame00276.jpg 378.825928 245.982910 451.036316 276.963287 440.474976 393.570709 372.529266 357.399445 
frame00277.jpg 378.825928 245.982910 451.036316 276.963287 440.474976 393.570709 372.529266 357.399445 
frame00278.jpg 378.825928 245.982910 451.036316 276.963287 440.474976 393.570709 372.529266 357.399445 
frame00279.jpg 378.825928 245.982910 451.036316 276.963287 440.474976 393.570709 372.529266 357.399445 
frame00280.jpg 378.825928 245.982910 451.036316 276.963287 440.474976 393.570709 372.529266 357.399445 
frame00281.jpg 378.825928 245.982910 451.036316 276.963287 440.474976 393.570709 372.529266 357.399445 
frame00282.jpg 378.825928 245.982910 451.036316 276.963287 440.474976 393.570709 372.529266 357.399445 
frame00283.jpg 378.825928 245.982910 451.036316 276.963287 440.474976 393.570709 372.529266 357.399445 
frame00284.jpg 294.218018 259.812378 386.002350 259.516388 380.562317 384.894409 296.808563 395.590668 
frame00285.jpg 289.071777 256.126770 383.569977 253.564163 379.497070 382.982025 289.572418 394.330292 
frame00286.jpg 284.149048 251.678940 383.897491 247.842911 379.360870 384.142792 285.905701 392.668945 
frame00287.jpg 281.005615 247.032532 384.677704 241.906418 378.414185 382.762268 282.745911 393.664276 
frame00288.jpg 278.861176 243.664124 383.791534 239.865463 379.394135 383.944031 277.528503 396.034546 
frame00289.jpg 276.942841 240.414536 385.674133 235.202576 380.996124 386.948273 276.258331 394.336151 
frame00290.jpg 273.431671 235.691559 386.151245 230.144211 382.890594 387.255493 273.895508 395.680450 
frame00291.jpg 269.365967 228.259796 387.905457 225.281876 383.381866 384.813446 270.550568 395.645905 
frame00292.jpg 268.178894 221.947906 390.690399 218.459518 385.333923 384.259125 269.249481 394.648376 
frame00293.jpg 265.388550 213.078720 393.062775 209.623947 387.302734 383.746552 266.056946 391.823517 
frame00294.jpg 262.204742 202.914886 393.748016 201.084595 388.710815 382.869812 262.525238 391.733826 
frame00295.jpg 257.048462 194.015228 395.221313 191.268829 390.445709 380.961700 258.062134 389.885925 
frame00296.jpg 250.856232 184.382523 395.373505 183.438950 389.878906 380.246124 251.692307 387.432709 
frame00297.jpg 244.639984 175.069748 394.053467 176.133026 388.301117 378.901337 245.845917 386.043213 
frame00298.jpg 234.772217 166.121185 391.267090 167.104172 385.205109 378.107819 237.187393 384.202332 
frame00299.jpg 224.426682 156.718231 387.003601 158.462585 380.514221 377.484680 227.369522 381.357117 
frame00300.jpg 215.372498 146.909760 381.594940 150.137848 375.582397 375.794525 217.742783 380.051117 
frame00301.jpg 204.920532 138.254959 377.208801 143.010788 372.276123 373.186829 210.582321 374.791321 
frame00302.jpg 195.553787 129.329895 373.394592 136.522934 368.928833 372.383911 204.877472 373.425568 
frame00303.jpg 193.838257 127.611076 372.049133 131.319839 367.624146 376.647827 200.195831 372.297089 
frame00304.jpg 189.289200 124.330254 371.001953 132.391144 366.441742 374.012817 197.806305 371.867340 
frame00305.jpg 190.485382 122.868340 371.683075 129.706787 365.303223 377.057281 195.556335 373.766083 
frame00306.jpg 190.447311 121.930756 370.951752 128.219208 368.909210 376.578918 198.678268 370.540131 
frame00307.jpg 193.604233 118.018959 373.768250 126.844315 369.988190 374.760223 201.936615 367.455658 
frame00308.jpg 199.063950 115.519951 378.023468 124.648956 372.908691 372.366364 208.140427 363.291473 
frame00309.jpg 202.620987 113.599449 381.402954 123.263069 379.014465 370.298553 212.813202 360.470032 
frame00310.jpg 208.588120 111.445847 386.458160 120.465538 381.730347 369.635315 217.538162 357.994415 
frame00311.jpg 212.645279 109.885567 389.590118 119.863220 386.282776 367.346680 221.182861 356.444916 
frame00312.jpg 218.643768 108.838287 396.137177 118.195457 389.041656 371.351746 225.437592 354.606476 
frame00313.jpg 222.069733 108.832649 398.626038 118.805855 394.405426 369.884979 228.412704 357.664612 
frame00314.jpg 224.383087 107.765831 403.909851 120.809158 396.081970 370.503143 233.462265 355.271423 
frame00315.jpg 231.549301 112.958084 407.032593 126.415421 402.944550 376.908478 238.595581 359.910675 
frame00316.jpg 238.745346 122.580383 415.496124 135.004669 408.300934 385.294006 246.666397 365.756287 
frame00317.jpg 248.456070 137.182175 422.774567 149.948608 415.252197 396.680939 255.172409 375.630554 
frame00318.jpg 256.885620 151.421204 430.437714 168.752899 421.078217 406.009460 265.930969 385.300537 
frame00319.jpg 270.847748 174.464676 438.028107 187.306183 429.358459 421.373718 277.156219 396.920013 
frame00320.jpg 280.891632 187.492599 443.788147 207.258728 435.550537 433.401459 285.219818 409.938080 
frame00321.jpg 293.340637 206.643387 450.707153 223.501907 442.658997 442.633575 294.769928 417.482330 
frame00322.jpg 303.732208 218.725311 457.741791 234.515320 448.433411 449.031769 303.175720 423.573364 
frame00323.jpg 311.934479 227.684418 462.454529 243.833115 453.693817 452.374207 312.611969 427.178711 
frame00324.jpg 320.001587 233.580566 468.639893 251.654404 456.428497 451.501587 318.777008 427.315826 
frame00325.jpg 326.402161 237.286911 472.475586 251.884308 461.631042 450.613068 326.306396 431.472504 
frame00326.jpg 334.687775 236.749908 478.830994 254.176575 468.970093 451.063995 333.451599 426.153046 
frame00327.jpg 340.853302 235.608566 486.104523 254.414276 474.650269 448.475830 339.184692 424.799194 
frame00328.jpg 348.954041 234.186188 493.662994 251.279236 481.276123 447.207123 346.149780 422.735260 
frame00329.jpg 355.005890 232.249756 499.370789 250.376846 486.972351 443.983521 352.225403 420.258698 
frame00330.jpg 359.915588 229.022659 504.414093 247.407013 491.749908 439.967072 357.149445 415.953461 
frame00331.jpg 364.167725 224.653091 509.361511 240.697037 494.686005 432.789459 361.672394 409.310333 
frame00332.jpg 368.053497 222.940842 510.833252 239.361908 497.985992 428.607788 364.355560 406.914734 
frame00333.jpg 371.150299 219.640976 514.551392 235.321609 500.401184 423.043213 367.824585 400.581329 
frame00334.jpg 370.582397 211.762039 515.473938 228.211136 500.888947 416.562500 368.271240 396.209412 
frame00335.jpg 371.797272 209.941803 515.969727 224.339157 502.281464 413.176575 368.243195 393.280365 
frame00336.jpg 372.777588 209.100388 516.752563 223.202347 504.176605 411.487457 369.948669 393.044952 
frame00337.jpg 374.600220 208.866959 518.742554 222.185699 506.069763 411.041138 371.737640 393.917969 
frame00338.jpg 375.471039 210.821915 520.239014 222.490921 507.466003 411.468597 374.303619 394.987946 
frame00339.jpg 377.718109 212.097153 523.008301 222.379425 508.688873 411.409637 375.104370 395.283447 
frame00340.jpg 377.375885 215.755920 523.246155 225.839828 508.641113 412.029907 375.738739 393.192596 
frame00341.jpg 377.968781 222.719330 519.684937 230.927719 509.285706 415.139008 376.716583 403.309021 
frame00342.jpg 377.617310 227.889542 519.505493 234.270706 509.426758 418.805359 376.990753 407.326599 
frame00343.jpg 377.508789 233.512497 519.533203 241.288879 509.177673 423.624847 376.694794 412.637848 
frame00344.jpg 378.146515 240.925369 520.745483 245.471893 510.833710 430.558350 377.698242 420.713837 
frame00345.jpg 377.868317 249.226730 521.108643 252.943726 511.711853 436.479919 378.353546 429.840790 
frame00346.jpg 379.376862 255.728271 518.625610 260.671326 514.973633 443.278534 378.199036 437.282013 
frame00347.jpg 380.074127 260.475342 520.938416 263.227509 514.664612 444.754425 381.908051 440.932678 
frame00348.jpg 385.062378 266.378143 529.883118 263.161926 514.226746 451.392731 383.464783 435.520081 
frame00349.jpg 381.300110 270.984131 522.135498 270.575867 516.369629 453.224945 381.774292 450.026154 
frame00350.jpg 381.302002 274.827545 522.137024 274.485992 514.958679 453.600403 382.876495 452.080719 
frame00351.jpg 380.423279 278.019867 521.639160 275.333923 512.439148 452.863281 383.292297 452.588226 
frame00352.jpg 379.462799 280.800690 518.487000 277.705261 511.334900 453.730103 381.245026 453.150574 
frame00353.jpg 376.522369 281.979279 515.636597 277.220795 508.570160 452.020264 380.227203 453.526825 
frame00354.jpg 373.935638 281.597778 512.418030 277.431183 506.367920 452.391815 377.670074 453.375183 
frame00355.jpg 371.882355 280.551208 508.940521 275.156006 504.607697 450.346863 374.588043 453.076538 
frame00356.jpg 369.776093 275.784821 506.851593 269.578491 502.503998 444.801666 373.302979 447.514954 
frame00357.jpg 366.330841 270.050385 504.627899 265.445984 499.110779 439.047089 371.103180 443.061707 
frame00358.jpg 363.759308 266.332672 501.539673 260.449951 496.752594 434.984039 367.592041 438.664886 
frame00359.jpg 359.223114 262.733887 497.036102 255.957993 493.072083 430.627625 364.089722 434.396088 
frame00360.jpg 353.830841 257.923889 491.266205 251.664658 489.095215 427.138275 358.141266 431.457855 
frame00361.jpg 347.640289 253.639145 485.466461 245.508713 482.326050 421.991974 353.195465 426.135773 
frame00362.jpg 340.487183 247.117264 477.199707 242.726837 475.793243 415.271088 346.350006 421.549438 
frame00363.jpg 333.618317 242.923920 472.793457 233.817368 469.641937 411.941589 341.343079 415.188843 
frame00364.jpg 326.249115 237.414322 465.675385 230.660217 463.557159 406.107513 334.638916 413.313232 
frame00365.jpg 321.167725 232.384476 460.350555 225.477188 459.765442 403.787689 328.846283 408.219971 
frame00366.jpg 314.800873 227.285309 456.486816 218.914917 454.608521 399.557617 323.957306 404.962799 
frame00367.jpg 308.652771 223.847198 451.400970 215.430115 451.104156 397.218140 318.680603 402.924500 
frame00368.jpg 304.243408 219.667969 445.816162 214.568100 447.141022 396.752502 312.345001 403.985016 
frame00369.jpg 298.655121 217.492752 443.664185 210.781372 444.158844 394.132568 309.496216 399.486786 
frame00370.jpg 295.291168 214.698334 442.581299 207.504379 441.339142 391.541962 307.006836 398.107544 
frame00371.jpg 294.168304 212.225403 441.130219 205.389786 440.865265 389.592407 305.996307 396.350250 
frame00372.jpg 295.578583 209.801788 441.756226 202.524445 441.467987 385.804626 306.665131 393.205566 
frame00373.jpg 297.721161 205.706711 443.270569 197.951782 442.518036 381.786316 308.870087 387.883484 
frame00374.jpg 300.159149 200.558258 445.648834 192.678970 444.141937 376.318634 310.716187 382.866119 
frame00375.jpg 302.478088 196.005966 448.115814 188.987869 446.891541 371.866119 312.969208 378.883911 
frame00376.jpg 305.453857 190.107864 451.600433 182.336609 449.983643 367.999908 315.077576 374.600739 
frame00377.jpg 308.072235 184.166260 455.725342 175.318192 452.777863 363.633545 317.592651 368.963226 
frame00378.jpg 310.845032 176.947983 458.783356 168.222015 455.345490 356.662598 319.382294 362.723083 
frame00379.jpg 312.137177 167.697449 461.148865 160.373093 456.406799 349.293427 320.330261 356.400330 
frame00380.jpg 312.949158 160.917969 463.471161 152.172195 458.472961 343.970734 320.923553 350.257538 
frame00381.jpg 312.684692 153.595734 465.227783 146.089737 458.596863 338.924500 321.084686 346.029572 
frame00382.jpg 311.029480 151.402649 465.105499 143.495026 459.173096 339.259003 318.149261 344.904053 
frame00383.jpg 310.530365 151.133652 464.601654 144.018051 455.377289 342.767120 313.785126 346.348633 
frame00384.jpg 302.214966 149.845383 459.725494 143.618301 451.219543 341.184143 309.891479 349.873566 
frame00385.jpg 297.432007 152.037704 455.442841 145.649796 447.605591 344.353119 305.479126 353.245880 
frame00386.jpg 292.816437 155.169159 451.126953 149.355347 444.897949 347.039001 302.229065 356.383881 
frame00387.jpg 291.071838 160.587814 448.106964 153.770874 441.148315 350.711365 298.362335 362.141083 
frame00388.jpg 288.960724 166.161743 446.767242 157.640167 438.524780 354.900879 296.406769 367.984863 
frame00389.jpg 288.415039 171.915497 444.003815 162.771042 437.417877 357.875824 296.440491 371.101776 
frame00390.jpg 290.286621 175.726913 441.656738 168.885605 437.862549 359.646606 295.250580 377.426300 
frame00391.jpg 292.274658 177.358841 445.604370 168.260193 438.164612 358.513733 297.938354 374.764557 
frame00392.jpg 297.121277 181.378677 449.012970 168.003952 441.028351 359.693268 302.811615 376.375641 
frame00393.jpg 300.638519 183.851944 452.440338 169.316956 444.194000 360.298706 307.026550 378.786194 
frame00394.jpg 306.052979 183.368423 455.968475 167.702759 446.636017 358.320160 310.615021 378.974915 
frame00395.jpg 310.496002 184.197769 457.477386 166.636551 448.755341 355.705811 315.025421 378.578156 
frame00396.jpg 313.831879 182.621811 458.614899 167.991364 448.248993 353.765076 316.123566 380.164185 
frame00397.jpg 315.771118 184.225128 459.466675 165.276520 449.434143 353.248291 319.474976 379.995270 
frame00398.jpg 318.073029 185.585312 458.445648 163.157608 449.717346 353.561859 320.248138 381.011810 
frame00399.jpg 318.101593 184.437119 457.413788 161.827698 447.457031 351.023834 320.268921 382.210602 
frame00400.jpg 319.418579 187.454681 453.817444 165.103226 447.475983 352.131958 320.781464 385.926270 
frame00401.jpg 321.524292 192.851959 457.437469 165.991470 445.275452 355.700378 322.037720 391.621674 
frame00402.jpg 324.932770 203.324005 456.023987 174.163528 447.028015 362.280975 328.037231 401.725159 
frame00403.jpg 329.766724 208.642975 460.402039 179.400146 446.955750 367.698853 328.590363 405.322296 
frame00404.jpg 329.793945 210.315063 460.882233 179.437057 448.054749 365.022888 331.545990 408.335876 
frame00405.jpg 335.588684 215.096298 458.194214 181.364914 448.004059 370.010193 332.567047 415.188538 
frame00406.jpg 338.404144 218.371002 458.184387 184.520737 446.862976 366.456177 336.710846 414.677277 
frame00407.jpg 346.141663 218.554459 461.555328 180.980103 449.039215 364.279755 345.664886 410.600891 
frame00408.jpg 354.497650 215.489761 464.049591 187.328247 451.678101 357.144104 351.136169 404.349518 
frame00409.jpg 362.583954 213.800995 467.886810 176.890442 455.354248 354.717590 359.716797 400.920288 
frame00410.jpg 369.079926 206.851303 470.677429 173.209671 458.268616 348.336334 363.928589 395.657959 
frame00411.jpg 376.305573 197.957001 474.094421 166.992828 460.465027 335.507874 369.450958 383.882996 
frame00412.jpg 383.529694 190.490204 478.478607 157.094498 463.092743 328.920776 377.952332 369.778046 
frame00413.jpg 388.274780 182.893311 479.779816 153.306229 466.385559 319.244049 380.811523 365.429901 
frame00414.jpg 394.194031 177.638077 481.549408 145.717239 466.213379 316.213348 384.299194 358.428436 
frame00415.jpg 396.322632 170.658142 484.207855 141.893433 465.401764 305.388153 385.818329 348.314819 
frame00416.jpg 397.510193 164.468002 476.474579 145.859055 461.375183 294.777435 381.524841 352.284943 
frame00417.jpg 394.137482 161.400391 474.696594 135.058823 459.307190 291.544617 384.804382 340.374512 
frame00418.jpg 391.974976 161.439957 470.406952 132.261444 456.346039 291.710144 382.904510 334.518738 
frame00419.jpg 388.249725 159.850800 470.472778 123.141304 446.697205 284.426300 381.965790 320.917816 
frame00420.jpg 384.164825 158.757462 464.502594 129.620148 441.135406 278.185852 375.347046 323.844116 
frame00421.jpg 384.164825 158.757462 464.502594 129.620148 441.135406 278.185852 375.347046 323.844116 
frame00422.jpg 376.838409 160.404160 448.856598 130.247238 434.281219 285.313446 365.275513 331.839386 
frame00423.jpg 373.680634 164.051697 443.343628 131.593338 430.558136 283.035828 360.750549 325.179352 
frame00424.jpg 373.680634 164.051697 443.343628 131.593338 430.558136 283.035828 360.750549 325.179352 
frame00425.jpg 363.617401 150.581345 436.199463 126.330765 419.572632 268.729401 353.178650 314.958008 
frame00426.jpg 360.517212 144.964676 431.766479 122.306122 417.471710 265.606476 351.373322 311.392639 
frame00427.jpg 360.517212 144.964676 431.766479 122.306122 417.471710 265.606476 351.373322 311.392639 
frame00428.jpg 360.517212 144.964676 431.766479 122.306122 417.471710 265.606476 351.373322 311.392639 
frame00429.jpg 360.517212 144.964676 431.766479 122.306122 417.471710 265.606476 351.373322 311.392639 
frame00430.jpg 360.517212 144.964676 431.766479 122.306122 417.471710 265.606476 351.373322 311.392639 
frame00431.jpg 360.517212 144.964676 431.766479 122.306122 417.471710 265.606476 351.373322 311.392639 
frame00432.jpg 360.517212 144.964676 431.766479 122.306122 417.471710 265.606476 351.373322 311.392639 
frame00433.jpg 360.517212 144.964676 431.766479 122.306122 417.471710 265.606476 351.373322 311.392639 
frame00434.jpg 360.517212 144.964676 431.766479 122.306122 417.471710 265.606476 351.373322 311.392639 
frame00435.jpg 360.517212 144.964676 431.766479 122.306122 417.471710 265.606476 351.373322 311.392639 
frame00436.jpg 360.517212 144.964676 431.766479 122.306122 417.471710 265.606476 351.373322 311.392639 
frame00437.jpg 360.517212 144.964676 431.766479 122.306122 417.471710 265.606476 351.373322 311.392639 
frame00438.jpg 360.517212 144.964676 431.766479 122.306122 417.471710 265.606476 351.373322 311.392639 
frame00439.jpg 360.517212 144.964676 431.766479 122.306122 417.471710 265.606476 351.373322 311.392639 
frame00440.jpg 360.517212 144.964676 431.766479 122.306122 417.471710 265.606476 351.373322 311.392639 
frame00441.jpg 360.517212 144.964676 431.766479 122.306122 417.471710 265.606476 351.373322 311.392639 
frame00442.jpg 360.517212 144.964676 431.766479 122.306122 417.471710 265.606476 351.373322 311.392639 
frame00443.jpg 360.517212 144.964676 431.766479 122.306122 417.471710 265.606476 351.373322 311.392639 
frame00444.jpg 360.517212 144.964676 431.766479 122.306122 417.471710 265.606476 351.373322 311.392639 
frame00445.jpg 360.517212 144.964676 431.766479 122.306122 417.471710 265.606476 351.373322 311.392639 
frame00446.jpg 360.517212 144.964676 431.766479 122.306122 417.471710 265.606476 351.373322 311.392639 
frame00447.jpg 360.517212 144.964676 431.766479 122.306122 417.471710 265.606476 351.373322 311.392639 
frame00448.jpg 360.517212 144.964676 431.766479 122.306122 417.471710 265.606476 351.373322 311.392639 
frame00449.jpg 360.517212 144.964676 431.766479 122.306122 417.471710 265.606476 351.373322 311.392639 
frame00450.jpg 360.517212 144.964676 431.766479 122.306122 417.471710 265.606476 351.373322 311.392639 
frame00451.jpg 360.517212 144.964676 431.766479 122.306122 417.471710 265.606476 351.373322 311.392639 
frame00452.jpg 360.517212 144.964676 431.766479 122.306122 417.471710 265.606476 351.373322 311.392639 
frame00453.jpg 360.517212 144.964676 431.766479 122.306122 417.471710 265.606476 351.373322 311.392639 
frame00454.jpg 360.517212 144.964676 431.766479 122.306122 417.471710 265.606476 351.373322 311.392639 
frame00455.jpg 360.517212 144.964676 431.766479 122.306122 417.471710 265.606476 351.373322 311.392639 
frame00456.jpg 360.517212 144.964676 431.766479 122.306122 417.471710 265.606476 351.373322 311.392639 
frame00457.jpg 360.517212 144.964676 431.766479 122.306122 417.471710 265.606476 351.373322 311.392639 
frame00458.jpg 360.517212 144.964676 431.766479 122.306122 417.471710 265.606476 351.373322 311.392639 
frame00459.jpg 360.517212 144.964676 431.766479 122.306122 417.471710 265.606476 351.373322 311.392639 
frame00460.jpg 360.517212 144.964676 431.766479 122.306122 417.471710 265.606476 351.373322 311.392639 
frame00461.jpg 360.517212 144.964676 431.766479 122.306122 417.471710 265.606476 351.373322 311.392639 
frame00462.jpg 360.517212 144.964676 431.766479 122.306122 417.471710 265.606476 351.373322 311.392639 
frame00463.jpg 360.517212 144.964676 431.766479 122.306122 417.471710 265.606476 351.373322 311.392639 
frame00464.jpg 360.517212 144.964676 431.766479 122.306122 417.471710 265.606476 351.373322 311.392639 
frame00465.jpg 360.517212 144.964676 431.766479 122.306122 417.471710 265.606476 351.373322 311.392639 
frame00466.jpg 360.517212 144.964676 431.766479 122.306122 417.471710 265.606476 351.373322 311.392639 
frame00467.jpg 360.517212 144.964676 431.766479 122.306122 417.471710 265.606476 351.373322 311.392639 
frame00468.jpg 360.517212 144.964676 431.766479 122.306122 417.471710 265.606476 351.373322 311.392639 
frame00469.jpg 360.517212 144.964676 431.766479 122.306122 417.471710 265.606476 351.373322 311.392639 
frame00470.jpg 360.517212 144.964676 431.766479 122.306122 417.471710 265.606476 351.373322 311.392639 
frame00471.jpg 360.517212 144.964676 431.766479 122.306122 417.471710 265.606476 351.373322 311.392639 
frame00472.jpg 360.517212 144.964676 431.766479 122.306122 417.471710 265.606476 351.373322 311.392639 
frame00473.jpg 360.517212 144.964676 431.766479 122.306122 417.471710 265.606476 351.373322 311.392639 
frame00474.jpg 360.517212 144.964676 431.766479 122.306122 417.471710 265.606476 351.373322 311.392639 
frame00475.jpg 360.517212 144.964676 431.766479 122.306122 417.471710 265.606476 351.373322 311.392639 
frame00476.jpg 360.517212 144.964676 431.766479 122.306122 417.471710 265.606476 351.373322 311.392639 
frame00477.jpg 360.517212 144.964676 431.766479 122.306122 417.471710 265.606476 351.373322 311.392639 
frame00478.jpg 360.517212 144.964676 431.766479 122.306122 417.471710 265.606476 351.373322 311.392639 
frame00479.jpg 360.517212 144.964676 431.766479 122.306122 417.471710 265.606476 351.373322 311.392639 
frame00480.jpg 360.517212 144.964676 431.766479 122.306122 417.471710 265.606476 351.373322 311.392639 
frame00481.jpg 360.517212 144.964676 431.766479 122.306122 417.471710 265.606476 351.373322 311.392639 
frame00482.jpg 360.517212 144.964676 431.766479 122.306122 417.471710 265.606476 351.373322 311.392639 
frame00483.jpg 360.517212 144.964676 431.766479 122.306122 417.471710 265.606476 351.373322 311.392639 
frame00484.jpg 360.517212 144.964676 431.766479 122.306122 417.471710 265.606476 351.373322 311.392639 
frame00485.jpg 360.517212 144.964676 431.766479 122.306122 417.471710 265.606476 351.373322 311.392639 
frame00486.jpg 360.517212 144.964676 431.766479 122.306122 417.471710 265.606476 351.373322 311.392639 
frame00487.jpg 360.517212 144.964676 431.766479 122.306122 417.471710 265.606476 351.373322 311.392639 
frame00488.jpg 360.517212 144.964676 431.766479 122.306122 417.471710 265.606476 351.373322 311.392639 
frame00489.jpg 360.517212 144.964676 431.766479 122.306122 417.471710 265.606476 351.373322 311.392639 
frame00490.jpg 360.517212 144.964676 431.766479 122.306122 417.471710 265.606476 351.373322 311.392639 
frame00491.jpg 360.517212 144.964676 431.766479 122.306122 417.471710 265.606476 351.373322 311.392639 
frame00492.jpg 360.517212 144.964676 431.766479 122.306122 417.471710 265.606476 351.373322 311.392639 
frame00493.jpg 360.517212 144.964676 431.766479 122.306122 417.471710 265.606476 351.373322 311.392639 
frame00494.jpg 360.517212 144.964676 431.766479 122.306122 417.471710 265.606476 351.373322 311.392639 
frame00495.jpg 360.517212 144.964676 431.766479 122.306122 417.471710 265.606476 351.373322 311.392639 
frame00496.jpg 392.183746 333.646362 391.774078 346.004730 391.786835 345.735718 391.772675 345.929535 
frame00497.jpg 393.000366 344.920898 392.873932 346.018463 392.813019 346.532715 392.883911 345.940491 
frame00498.jpg 394.800018 342.887299 395.824036 344.545685 395.690247 344.314423 395.873596 344.643616 
frame00499.jpg 398.997681 343.794525 399.056702 343.802765 399.087067 343.759308 399.051178 343.830536 
frame00500.jpg 398.997681 343.794525 399.056702 343.802765 399.087067 343.759308 399.051178 343.830536 
frame00501.jpg 403.982208 344.061005 403.995331 344.022797 403.975616 344.103546 403.989044 344.067200 
frame00502.jpg 407.148254 341.099365 407.111023 342.081665 407.117859 342.759766 407.093201 342.244659 
frame00503.jpg 407.148254 341.099365 407.111023 342.081665 407.117859 342.759766 407.093201 342.244659 
frame00504.jpg 418.000031 343.006561 418.000000 342.999298 418.000031 343.003906 418.000000 342.995575 
frame00505.jpg 425.002258 342.971191 425.008606 342.863892 425.000549 342.993683 425.000092 342.991455 
frame00506.jpg 438.259644 342.042084 437.966980 342.369965 438.003448 341.833801 437.932068 341.994659 
frame00507.jpg 456.995361 335.074036 456.920776 336.089539 457.000092 335.003876 456.976776 335.311890 
frame00508.jpg 474.710083 329.856720 477.327332 327.938599 477.947998 328.648163 477.265320 328.412781 
frame00509.jpg 500.000092 339.797821 499.992737 344.958588 499.993622 340.085297 500.000000 340.303497 
frame00510.jpg 521.997070 317.016998 521.999329 317.057281 521.999207 317.003143 522.002869 317.019226 
frame00511.jpg 521.997070 317.016998 521.999329 317.057281 521.999207 317.003143 522.002869 317.019226 
frame00512.jpg 561.043152 303.156647 561.041321 302.914673 561.041992 303.209076 561.039612 303.082947 
frame00513.jpg 579.999756 295.002533 579.998596 294.891510 580.000061 295.021729 579.999573 294.959595 
frame00514.jpg 594.002869 288.178436 594.010559 288.930115 594.000610 288.043732 594.003967 288.453125 
frame00515.jpg 605.945251 283.287231 605.866760 283.712708 605.983215 283.088715 605.902527 283.526978 
frame00516.jpg 614.016479 277.964386 613.999939 278.000153 613.999939 278.000061 613.999634 278.000946 
frame00517.jpg 619.008484 274.850159 618.998596 274.996979 619.001709 274.980560 619.000061 274.889526 
frame00518.jpg 471.998962 208.392914 471.988068 209.197174 472.003296 208.194077 471.995911 208.813110 
frame00519.jpg 620.998169 281.140717 621.001221 281.073120 620.999268 281.243530 621.008911 280.989990 
frame00520.jpg 618.904602 279.205811 619.945618 279.918823 620.836243 280.638428 619.823181 279.784241 
frame00521.jpg 610.906067 284.798187 616.678223 291.715485 615.909058 290.880951 618.173828 293.014191 
frame00522.jpg 612.000366 296.999207 612.000000 297.000031 612.000427 296.999512 611.999817 297.000427 
frame00523.jpg 608.787048 300.431427 608.181458 302.706390 607.859558 303.525177 608.189392 302.890839 
frame00524.jpg 601.999084 309.001190 602.000061 308.999878 601.998352 308.997345 602.000366 308.998444 
frame00525.jpg 597.725708 314.880951 596.859558 313.859375 596.977478 313.985016 596.744446 313.759216 
frame00526.jpg 597.725708 314.880951 596.859558 313.859375 596.977478 313.985016 596.744446 313.759216 
frame00527.jpg 586.998962 326.011322 587.000061 325.999176 587.000488 325.994843 587.000427 325.994965 
frame00528.jpg 582.930115 310.370300 583.006470 331.368805 582.979614 329.315613 583.007324 331.180084 
frame00529.jpg 579.014954 336.760742 578.743713 336.843903 579.964600 336.809784 578.811829 336.895081 
frame00530.jpg 575.999146 342.991150 575.999878 343.007996 575.999817 342.996368 576.001099 343.014893 
frame00531.jpg 572.992737 348.098663 573.003296 347.996552 573.012878 348.057343 573.019531 347.942780 
frame00532.jpg 571.162598 355.574249 571.135132 355.324463 571.218628 356.934906 571.133789 355.492065 
frame00533.jpg 569.084595 361.963409 569.051880 361.640717 569.157776 363.519440 569.052063 361.820587 
frame00534.jpg 566.166443 368.900940 566.096985 368.545258 566.331848 370.649139 566.099976 368.755829 
frame00535.jpg 564.139832 375.916321 564.098572 375.619751 564.200867 377.402527 564.091980 375.795227 
frame00536.jpg 564.139832 375.916321 564.098572 375.619751 564.200867 377.402527 564.091980 375.795227 
frame00537.jpg 564.139832 375.916321 564.098572 375.619751 564.200867 377.402527 564.091980 375.795227 
frame00538.jpg 564.139832 375.916321 564.098572 375.619751 564.200867 377.402527 564.091980 375.795227 
frame00539.jpg 564.139832 375.916321 564.098572 375.619751 564.200867 377.402527 564.091980 375.795227 
frame00540.jpg 564.139832 375.916321 564.098572 375.619751 564.200867 377.402527 564.091980 375.795227 
frame00541.jpg 564.139832 375.916321 564.098572 375.619751 564.200867 377.402527 564.091980 375.795227 
frame00542.jpg 564.139832 375.916321 564.098572 375.619751 564.200867 377.402527 564.091980 375.795227 
frame00543.jpg 564.139832 375.916321 564.098572 375.619751 564.200867 377.402527 564.091980 375.795227 
frame00544.jpg 564.139832 375.916321 564.098572 375.619751 564.200867 377.402527 564.091980 375.795227 
frame00545.jpg 564.139832 375.916321 564.098572 375.619751 564.200867 377.402527 564.091980 375.795227 
frame00546.jpg 564.139832 375.916321 564.098572 375.619751 564.200867 377.402527 564.091980 375.795227 
frame00547.jpg 564.139832 375.916321 564.098572 375.619751 564.200867 377.402527 564.091980 375.795227 
frame00548.jpg 564.139832 375.916321 564.098572 375.619751 564.200867 377.402527 564.091980 375.795227 
frame00549.jpg 564.139832 375.916321 564.098572 375.619751 564.200867 377.402527 564.091980 375.795227 
frame00550.jpg 564.139832 375.916321 564.098572 375.619751 564.200867 377.402527 564.091980 375.795227 
frame00551.jpg 564.139832 375.916321 564.098572 375.619751 564.200867 377.402527 564.091980 375.795227 
frame00552.jpg 564.139832 375.916321 564.098572 375.619751 564.200867 377.402527 564.091980 375.795227 
frame00553.jpg 564.139832 375.916321 564.098572 375.619751 564.200867 377.402527 564.091980 375.795227 
frame00554.jpg 564.139832 375.916321 564.098572 375.619751 564.200867 377.402527 564.091980 375.795227 
frame00555.jpg 564.139832 375.916321 564.098572 375.619751 564.200867 377.402527 564.091980 375.795227 
frame00556.jpg 564.139832 375.916321 564.098572 375.619751 564.200867 377.402527 564.091980 375.795227 
frame00557.jpg 564.139832 375.916321 564.098572 375.619751 564.200867 377.402527 564.091980 375.795227 
frame00558.jpg 564.139832 375.916321 564.098572 375.619751 564.200867 377.402527 564.091980 375.795227 
frame00559.jpg 564.139832 375.916321 564.098572 375.619751 564.200867 377.402527 564.091980 375.795227 
frame00560.jpg 564.139832 375.916321 564.098572 375.619751 564.200867 377.402527 564.091980 375.795227 
frame00561.jpg 564.139832 375.916321 564.098572 375.619751 564.200867 377.402527 564.091980 375.795227 
frame00562.jpg 564.139832 375.916321 564.098572 375.619751 564.200867 377.402527 564.091980 375.795227 
frame00563.jpg 564.139832 375.916321 564.098572 375.619751 564.200867 377.402527 564.091980 375.795227 
frame00564.jpg 564.139832 375.916321 564.098572 375.619751 564.200867 377.402527 564.091980 375.795227 
frame00565.jpg 370.381500 229.960846 461.623230 215.804886 457.704437 334.374481 376.932648 356.739960 
frame00566.jpg 371.664917 233.122040 467.561951 208.859253 468.774933 343.204132 380.713135 360.090240 
frame00567.jpg 369.839142 232.247940 472.455414 216.531342 467.349731 346.341827 382.773529 368.116089 
frame00568.jpg 375.595764 246.791794 478.757813 222.935211 476.532104 364.227386 381.738129 378.246277 
frame00569.jpg 376.796509 254.918762 478.190552 241.604065 481.938446 379.595734 381.945221 396.368744 
frame00570.jpg 380.507721 266.990021 490.172638 251.284348 486.537994 395.327362 383.170868 407.992828 
frame00571.jpg 382.232941 281.501038 495.333710 267.029663 493.173065 409.734619 388.299347 427.197571 
frame00572.jpg 386.243042 299.422241 504.650940 286.635071 501.249969 435.168732 390.697205 450.526215 
frame00573.jpg 389.277130 319.588043 515.852905 305.675079 508.552826 460.871826 396.276031 470.903595 
frame00574.jpg 393.947968 337.535339 522.262329 325.696350 515.760437 481.190277 397.498108 492.323608 
frame00575.jpg 397.332977 348.804260 532.050964 337.411835 521.815125 497.829163 402.574646 506.972839 
frame00576.jpg 403.922485 355.495972 538.225098 346.279449 531.805298 514.600769 405.103516 514.764282 
frame00577.jpg 406.334991 356.345428 546.318848 352.726288 537.213379 521.070129 408.506561 523.433960 
frame00578.jpg 411.471527 357.796509 555.393311 354.217896 543.247009 527.593445 411.708252 528.058350 
frame00579.jpg 415.284515 356.369629 561.075439 355.564636 548.573914 531.752625 413.311554 531.314270 
frame00580.jpg 418.351868 354.225677 568.121948 356.186859 555.377136 535.770020 415.966949 531.247559 
frame00581.jpg 421.786682 347.642426 575.358765 351.691925 559.346741 533.500854 419.243896 526.597351 
frame00582.jpg 427.282074 337.774597 581.727722 345.095764 565.434509 529.210266 422.390533 518.503113 
frame00583.jpg 430.446747 327.819946 587.996643 336.181580 568.897461 521.982422 424.912201 510.690094 
frame00584.jpg 432.508087 316.135223 591.846436 326.866547 572.170349 515.056396 426.531006 501.752075 
frame00585.jpg 433.195618 305.564423 593.272278 317.637054 574.366760 508.863312 426.692047 491.160797 
frame00586.jpg 431.778381 292.809326 594.613892 305.791748 573.400208 498.691833 425.064117 479.001404 
frame00587.jpg 427.335510 278.927826 590.807190 293.885071 570.384277 488.102173 421.456116 468.782074 
frame00588.jpg 422.672699 267.492584 586.279968 282.314392 565.048645 481.906403 416.807892 457.504181 
frame00589.jpg 414.986267 255.236984 580.378174 273.878662 557.599548 468.688934 409.819366 445.860352 
frame00590.jpg 405.983429 246.007828 568.437683 266.830811 547.961121 461.070557 402.686188 440.062836 
frame00591.jpg 395.118591 240.874557 557.927979 263.321991 537.277893 456.432526 391.890503 432.458496 
frame00592.jpg 384.071198 238.710129 544.639587 259.304474 523.909851 454.006866 380.061340 428.140228 
frame00593.jpg 370.784698 238.233444 530.001465 258.199646 511.764709 450.921143 370.266449 423.556946 
frame00594.jpg 359.949982 237.789612 511.202515 258.151001 497.588898 447.435181 360.226715 419.770569 
frame00595.jpg 349.330383 236.464355 496.108582 257.952057 484.023895 442.782867 350.358978 415.558929 
frame00596.jpg 340.894257 234.296890 482.078949 255.246948 472.349457 436.059967 342.755402 408.980896 
frame00597.jpg 333.940399 231.847458 469.541809 252.602615 461.307709 428.043762 336.322906 399.851685 
frame00598.jpg 327.423798 228.045334 457.686401 248.158997 450.202942 418.135620 331.390747 391.949493 
frame00599.jpg 321.620148 223.154388 446.786438 243.560181 441.932739 408.525482 326.598267 381.271667 
frame00600.jpg 317.390503 218.626419 436.753296 236.857574 433.228668 399.003998 322.360626 372.940369 
frame00601.jpg 313.589447 214.916397 429.301575 234.506470 424.844696 390.381195 319.231201 361.774933 
frame00602.jpg 308.913879 209.155136 421.507233 230.415665 417.989075 378.654938 316.677460 352.184906 
frame00603.jpg 308.765259 204.163788 415.675537 223.825821 413.734589 369.478271 316.245758 344.175781 
frame00604.jpg 308.359436 198.968521 410.748688 218.753098 410.393250 358.893921 317.511108 336.422211 
frame00605.jpg 309.320190 193.883698 408.547089 213.212204 408.069580 350.549011 318.506226 327.302704 
frame00606.jpg 309.798340 188.635437 408.101807 206.918411 405.723877 344.292542 318.593445 319.003510 
frame00607.jpg 311.107666 183.327118 404.616211 201.652084 403.810028 334.226013 320.399017 312.011688 
frame00608.jpg 314.692352 179.311356 403.274048 196.563110 403.189392 328.006348 321.942108 304.258789 
frame00609.jpg 318.489868 174.630722 404.655518 186.664673 404.307190 323.591797 325.851044 296.491425 
frame00610.jpg 318.489868 174.630722 404.655518 186.664673 404.307190 323.591797 325.851044 296.491425 
frame00611.jpg 318.489868 174.630722 404.655518 186.664673 404.307190 323.591797 325.851044 296.491425 
frame00612.jpg 318.489868 174.630722 404.655518 186.664673 404.307190 323.591797 325.851044 296.491425 
frame00613.jpg 318.489868 174.630722 404.655518 186.664673 404.307190 323.591797 325.851044 296.491425 
frame00614.jpg 318.489868 174.630722 404.655518 186.664673 404.307190 323.591797 325.851044 296.491425 
frame00615.jpg 318.489868 174.630722 404.655518 186.664673 404.307190 323.591797 325.851044 296.491425 
frame00616.jpg 318.489868 174.630722 404.655518 186.664673 404.307190 323.591797 325.851044 296.491425 
frame00617.jpg 318.489868 174.630722 404.655518 186.664673 404.307190 323.591797 325.851044 296.491425 
frame00618.jpg 318.489868 174.630722 404.655518 186.664673 404.307190 323.591797 325.851044 296.491425 
frame00619.jpg 318.489868 174.630722 404.655518 186.664673 404.307190 323.591797 325.851044 296.491425 
frame00620.jpg 318.489868 174.630722 404.655518 186.664673 404.307190 323.591797 325.851044 296.491425 
frame00621.jpg 318.489868 174.630722 404.655518 186.664673 404.307190 323.591797 325.851044 296.491425 
frame00622.jpg 318.489868 174.630722 404.655518 186.664673 404.307190 323.591797 325.851044 296.491425 
frame00623.jpg 318.489868 174.630722 404.655518 186.664673 404.307190 323.591797 325.851044 296.491425 
frame00624.jpg 318.489868 174.630722 404.655518 186.664673 404.307190 323.591797 325.851044 296.491425 
frame00625.jpg 318.489868 174.630722 404.655518 186.664673 404.307190 323.591797 325.851044 296.491425 
frame00626.jpg 318.489868 174.630722 404.655518 186.664673 404.307190 323.591797 325.851044 296.491425 
frame00627.jpg 318.489868 174.630722 404.655518 186.664673 404.307190 323.591797 325.851044 296.491425 
frame00628.jpg 318.489868 174.630722 404.655518 186.664673 404.307190 323.591797 325.851044 296.491425 
frame00629.jpg 318.489868 174.630722 404.655518 186.664673 404.307190 323.591797 325.851044 296.491425 
frame00630.jpg 318.489868 174.630722 404.655518 186.664673 404.307190 323.591797 325.851044 296.491425 
frame00631.jpg 318.489868 174.630722 404.655518 186.664673 404.307190 323.591797 325.851044 296.491425 
frame00632.jpg 318.489868 174.630722 404.655518 186.664673 404.307190 323.591797 325.851044 296.491425 
frame00633.jpg 318.489868 174.630722 404.655518 186.664673 404.307190 323.591797 325.851044 296.491425 
frame00634.jpg 318.489868 174.630722 404.655518 186.664673 404.307190 323.591797 325.851044 296.491425 
frame00635.jpg 318.489868 174.630722 404.655518 186.664673 404.307190 323.591797 325.851044 296.491425 
frame00636.jpg 318.489868 174.630722 404.655518 186.664673 404.307190 323.591797 325.851044 296.491425 
frame00637.jpg 318.489868 174.630722 404.655518 186.664673 404.307190 323.591797 325.851044 296.491425 
frame00638.jpg 318.489868 174.630722 404.655518 186.664673 404.307190 323.591797 325.851044 296.491425 
frame00639.jpg 318.489868 174.630722 404.655518 186.664673 404.307190 323.591797 325.851044 296.491425 
frame00640.jpg 318.489868 174.630722 404.655518 186.664673 404.307190 323.591797 325.851044 296.491425 
frame00641.jpg 318.489868 174.630722 404.655518 186.664673 404.307190 323.591797 325.851044 296.491425 
frame00642.jpg 318.489868 174.630722 404.655518 186.664673 404.307190 323.591797 325.851044 296.491425 
frame00643.jpg 318.489868 174.630722 404.655518 186.664673 404.307190 323.591797 325.851044 296.491425 
frame00644.jpg 318.489868 174.630722 404.655518 186.664673 404.307190 323.591797 325.851044 296.491425 
frame00645.jpg 318.489868 174.630722 404.655518 186.664673 404.307190 323.591797 325.851044 296.491425 
frame00646.jpg 318.489868 174.630722 404.655518 186.664673 404.307190 323.591797 325.851044 296.491425 
frame00647.jpg 318.489868 174.630722 404.655518 186.664673 404.307190 323.591797 325.851044 296.491425 
frame00648.jpg 318.489868 174.630722 404.655518 186.664673 404.307190 323.591797 325.851044 296.491425 
frame00649.jpg 318.489868 174.630722 404.655518 186.664673 404.307190 323.591797 325.851044 296.491425 
frame00650.jpg 318.489868 174.630722 404.655518 186.664673 404.307190 323.591797 325.851044 296.491425 
frame00651.jpg 318.489868 174.630722 404.655518 186.664673 404.307190 323.591797 325.851044 296.491425 
frame00652.jpg 318.489868 174.630722 404.655518 186.664673 404.307190 323.591797 325.851044 296.491425 
frame00653.jpg 318.489868 174.630722 404.655518 186.664673 404.307190 323.591797 325.851044 296.491425 
frame00654.jpg 318.489868 174.630722 404.655518 186.664673 404.307190 323.591797 325.851044 296.491425 
frame00655.jpg 318.489868 174.630722 404.655518 186.664673 404.307190 323.591797 325.851044 296.491425 
frame00656.jpg 387.730591 287.105621 472.109283 301.321777 472.778992 429.352783 393.579376 405.477966 
frame00657.jpg 390.386780 281.196716 477.258423 293.204559 477.688416 427.025085 396.114502 400.960449 
frame00658.jpg 390.750305 271.857544 482.513000 286.996826 481.989502 419.517059 397.107574 396.425903 
frame00659.jpg 391.955841 264.435211 485.696960 278.225922 486.050507 417.925049 399.765259 389.892395 
frame00660.jpg 392.018494 255.817642 491.976166 270.126251 488.853455 412.119171 397.762970 389.031830 
frame00661.jpg 391.464813 249.586533 492.565887 263.848450 493.264008 409.524628 397.912689 387.143951 
frame00662.jpg 390.671814 244.490112 495.245117 258.661407 493.377289 410.173492 395.979706 384.710785 
frame00663.jpg 386.858002 242.446228 494.041901 259.894409 492.067596 413.066681 391.112396 386.968170 
frame00664.jpg 379.243134 242.072571 491.536713 260.064972 487.726563 418.954407 385.197876 393.111206 
frame00665.jpg 372.031372 245.740997 486.480560 263.969055 485.190033 426.869232 378.340118 400.489105 
frame00666.jpg 365.250946 250.713272 482.838013 270.120575 481.526276 437.430573 370.132202 408.154907 
frame00667.jpg 357.295898 252.749954 479.463440 273.183380 477.533112 446.027313 364.137573 417.167725 
frame00668.jpg 351.942383 256.950958 478.413422 277.237091 475.646118 455.412140 357.635254 425.122620 
frame00669.jpg 347.181671 259.421051 478.445343 280.484100 476.486359 464.023193 352.957947 433.431641 
frame00670.jpg 344.812805 260.203949 480.366913 281.962219 479.280884 471.713745 350.797272 439.919922 
frame00671.jpg 343.934998 259.871307 485.430542 280.739868 481.801575 476.477020 350.809845 443.725189 
frame00672.jpg 343.557129 258.489044 489.039398 280.758362 486.406097 481.732788 350.442291 448.408173 
frame00673.jpg 344.112549 258.643799 493.922119 281.116119 489.832611 486.287415 350.868744 451.302429 
frame00674.jpg 344.328430 261.665527 498.497772 282.290283 493.228485 491.899475 352.164948 456.497894 
frame00675.jpg 344.584747 262.277252 501.842834 284.891815 497.630249 498.616791 351.803925 462.955078 
frame00676.jpg 345.415558 261.390930 506.970428 284.495300 501.528381 501.040405 352.619537 465.818268 
frame00677.jpg 347.765411 259.844177 511.927765 283.406586 506.518494 503.519531 353.028137 467.186249 
frame00678.jpg 348.667297 255.375290 516.431274 278.057800 511.167694 502.486816 355.574280 466.602356 
frame00679.jpg 350.302948 248.293900 522.364868 270.610748 515.746887 498.642975 357.882751 463.291199 
frame00680.jpg 352.130737 240.243713 528.443604 261.773895 520.333740 494.503387 359.366272 459.118439 
frame00681.jpg 353.289459 232.972855 532.040283 254.150040 523.729858 490.013245 359.860901 455.138062 
frame00682.jpg 353.205902 227.159607 534.336609 246.419312 526.576233 484.658569 359.868835 451.764557 
frame00683.jpg 349.355865 218.901596 535.283508 238.421936 525.739014 481.535248 359.008606 448.864899 
frame00684.jpg 347.167786 217.247940 529.922974 237.440506 524.606079 480.876251 354.572845 448.099701 
frame00685.jpg 340.424957 218.271271 526.232300 235.923737 516.553772 480.123260 349.722809 450.183044 
frame00686.jpg 330.683105 220.877304 518.814636 237.586349 508.748108 481.785950 344.403229 448.797546 
frame00687.jpg 322.246704 222.681412 507.609589 240.529663 499.732239 483.920990 335.208099 453.399017 
frame00688.jpg 312.993378 228.922668 494.793976 245.796875 491.367065 485.968201 325.880646 457.519440 
frame00689.jpg 303.864899 235.226456 486.707245 248.904526 480.711426 488.444489 316.543549 458.229584 
frame00690.jpg 293.344299 237.570053 472.922180 253.012314 471.379669 489.009369 307.771790 462.701721 
frame00691.jpg 284.127197 241.730896 462.806244 253.498337 463.709442 492.135864 299.726563 464.925140 
frame00692.jpg 272.052460 244.092102 450.770294 258.809875 452.145142 492.915894 290.561066 468.856049 
frame00693.jpg 259.536194 247.347870 438.708740 263.777954 440.632843 494.540344 279.266479 471.976563 
frame00694.jpg 249.625732 248.586746 426.371155 262.646820 428.087280 492.908539 270.081024 469.901947 
frame00695.jpg 241.016083 251.484543 413.985199 265.623810 419.351105 491.157166 261.109955 469.673523 
frame00696.jpg 232.437164 253.206894 404.298431 265.061737 410.124420 489.315216 253.418976 469.296631 
frame00697.jpg 226.871155 250.685745 394.938660 261.974487 402.475281 482.945740 248.746704 463.895203 
frame00698.jpg 226.216629 246.417862 390.878113 256.152039 399.669678 473.637878 247.715912 455.271881 
frame00699.jpg 228.610992 235.644592 390.800629 244.494339 399.467346 459.034515 250.189713 440.018066 
frame00700.jpg 233.098068 218.788620 388.770569 229.799194 401.375549 441.431702 253.161636 425.595642 
frame00701.jpg 235.184662 202.530014 393.549591 208.528259 400.853149 421.968353 255.231476 406.561707 
frame00702.jpg 238.579407 187.602295 392.249786 194.250259 401.006775 405.212555 256.634277 391.482300 
frame00703.jpg 243.531967 178.667969 394.115173 183.105560 402.043030 393.382690 261.798553 378.145081 
frame00704.jpg 246.417480 170.580322 395.526154 175.217300 401.821686 381.289215 263.073334 368.751984 
frame00705.jpg 250.378342 165.209564 395.800995 169.852173 402.468079 372.939514 266.151672 361.011169 
frame00706.jpg 254.702026 161.816666 397.190033 167.129700 402.733368 364.157440 269.987732 353.198547 
frame00707.jpg 260.305389 158.423965 398.442352 164.524628 403.237610 356.166016 274.156525 345.428101 
frame00708.jpg 265.580536 157.342239 398.080200 161.180695 402.894409 349.078156 278.480133 337.037720 
frame00709.jpg 269.228485 157.993301 397.211060 161.849472 401.466797 343.400726 280.580719 332.463806 
frame00710.jpg 269.172882 159.877655 394.470276 164.433151 396.295288 339.423950 280.148315 329.309631 
frame00711.jpg 268.095215 164.201965 387.685455 169.734711 391.019196 339.667450 277.436768 329.159973 
frame00712.jpg 265.572937 165.997253 381.955719 172.384064 384.905914 335.837738 275.546509 326.744232 
frame00713.jpg 265.171600 166.778702 376.816010 173.862946 381.010681 334.627563 273.392456 323.190033 
frame00714.jpg 263.136658 165.767975 374.367798 172.650650 375.782776 327.662506 272.641602 318.596008 
frame00715.jpg 263.479065 165.280731 371.222168 172.804733 371.880371 324.776550 271.850189 312.921326 
frame00716.jpg 264.084839 164.910904 367.643646 171.050156 370.589294 321.714783 271.001160 310.939667 
frame00717.jpg 260.973053 161.377075 364.291199 169.904251 367.874573 314.157806 272.681183 306.924835 
frame00718.jpg 263.777802 159.357407 363.489349 168.340347 366.996429 310.257507 270.454376 300.893707 
frame00719.jpg 263.227051 156.991928 362.129730 163.067596 364.521851 305.201050 271.728912 296.122192 
frame00720.jpg 264.558228 155.647644 360.757843 160.877518 362.364502 305.137085 271.625397 292.351715 
frame00721.jpg 264.167786 154.916702 359.276550 161.487701 360.868103 301.486542 270.969757 289.135895 
frame00722.jpg 266.129791 156.775848 357.307159 162.824539 353.946533 297.983582 272.434784 288.042389 
frame00723.jpg 261.401276 154.720764 356.158417 162.205185 355.998260 295.786133 270.587128 286.621552 
