frame ulx uly urx ury lrx lry llx lly
frame00000.jpg 235.999893 101.999603 497.000488 99.000603 495.000702 540.000488 244.000198 538.001221 
frame00001.jpg 235.999893 101.999603 497.000488 99.000603 495.000702 540.000488 244.000198 538.001221 
frame00002.jpg 235.891693 101.747330 497.422638 98.843048 494.202820 538.820862 244.003296 536.987488 
frame00003.jpg 237.591812 102.058716 497.862366 99.528534 495.373138 539.566956 244.924225 537.029968 
frame00004.jpg 239.762833 100.994370 497.799744 101.594841 495.990479 539.001404 245.036758 538.291260 
frame00005.jpg 240.494202 102.939598 500.113007 100.058952 496.856506 538.879822 248.249329 534.914368 
frame00006.jpg 243.772324 104.832993 501.048187 99.638290 498.001678 538.017151 247.751389 534.425781 
frame00007.jpg 244.856628 103.536247 502.067749 98.904732 498.995483 537.007324 249.504852 534.160278 
frame00008.jpg 245.058792 100.158371 503.445892 98.135307 499.544464 534.954163 251.318268 531.569946 
frame00009.jpg 246.891464 95.144676 504.383453 98.795441 498.350647 533.034912 252.136444 529.685181 
frame00010.jpg 247.369339 95.992401 506.078979 95.747864 502.445892 531.852478 252.899094 526.755066 
frame00011.jpg 251.166138 92.425339 507.077728 94.048264 501.528625 528.917236 254.083405 524.694031 
frame00012.jpg 250.517609 90.601753 507.966522 90.073715 502.777344 524.197998 256.619049 520.067810 
frame00013.jpg 251.127533 85.825706 509.171692 86.561195 503.734985 519.066040 258.234039 515.110657 
frame00014.jpg 253.893112 83.348495 511.003998 82.039047 505.330444 513.673828 259.309692 509.542358 
frame00015.jpg 255.380127 75.067848 513.123901 76.712181 506.572906 507.196686 261.903992 503.494263 
frame00016.jpg 257.024597 68.624329 515.156006 69.818382 507.710266 499.580597 264.592041 496.328094 
frame00017.jpg 260.188416 61.988071 517.700500 63.664314 510.202271 492.278229 267.488983 488.995453 
frame00018.jpg 261.937469 53.797836 519.983521 56.019947 512.420105 486.061432 270.010315 481.606812 
frame00019.jpg 266.744324 51.369358 522.987305 49.002228 515.114502 479.045013 271.681732 474.507904 
frame00020.jpg 267.368011 45.505466 524.747253 46.750301 515.540161 475.285919 274.692596 471.017670 
frame00021.jpg 268.364838 43.872494 526.322388 44.806335 515.746460 476.950165 276.564423 472.651154 
frame00022.jpg 267.107361 48.178650 526.568237 54.048656 515.845459 480.633118 274.525146 478.487244 
frame00023.jpg 268.681580 57.717617 527.493164 60.996201 515.674622 490.736084 274.404388 488.925873 
frame00024.jpg 265.864746 68.584076 529.092224 73.945038 514.414124 503.226715 275.240814 499.323975 
frame00025.jpg 265.169189 84.525169 528.925110 89.129303 514.271423 517.309692 273.800812 514.643433 
frame00026.jpg 263.781708 102.096519 528.462646 106.339470 511.992676 531.836548 273.253143 528.942200 
frame00027.jpg 261.506683 117.613358 527.050781 123.659126 510.086334 543.558044 271.410095 541.117371 
frame00028.jpg 261.888702 135.889008 524.979736 139.403870 507.576233 554.298218 270.678864 551.275024 
frame00029.jpg 261.495728 151.259628 523.749756 155.999252 506.107574 562.928772 273.355591 560.648560 
frame00030.jpg 265.321472 168.480881 524.750793 173.879120 505.520660 569.892822 276.069305 566.625916 
frame00031.jpg 269.324493 182.525436 525.254883 189.617020 505.460663 575.524597 279.851776 570.951904 
frame00032.jpg 273.631195 199.495026 525.092468 201.973312 506.050446 577.739990 285.170410 575.170349 
frame00033.jpg 280.872742 208.882446 525.928101 213.026245 505.632111 580.059570 291.791992 576.463745 
frame00034.jpg 286.378479 217.794922 528.927856 227.583328 506.516449 579.932251 295.747498 576.009644 
frame00035.jpg 291.754059 224.861420 529.306763 237.979095 507.125824 577.131470 298.103882 578.647644 
frame00036.jpg 297.132782 231.630402 530.684631 242.718460 506.993622 573.947083 305.813202 572.723083 
frame00037.jpg 303.693573 240.182236 531.131042 250.032242 506.220612 570.918762 309.182770 567.747253 
frame00038.jpg 306.735504 245.163696 530.057312 257.101288 503.922943 565.383301 311.189972 561.569397 
frame00039.jpg 310.393433 249.257828 524.984558 264.104492 500.324677 559.745667 312.454346 557.229614 
frame00040.jpg 310.603607 253.121826 521.286865 267.019104 496.099182 553.678528 312.811829 551.620728 
frame00041.jpg 310.968323 257.725952 517.316467 266.436584 491.194031 548.368225 314.593597 546.218628 
frame00042.jpg 309.733459 260.557373 511.519012 273.855621 486.712555 541.947144 312.123535 540.550903 
frame00043.jpg 311.447113 261.573273 503.650696 279.285492 481.559509 536.656006 311.120331 535.932007 
frame00044.jpg 313.061707 267.639893 499.855377 281.158966 477.087341 530.229431 311.355591 530.290161 
frame00045.jpg 311.254822 265.417053 495.009735 283.514801 472.226807 524.704041 311.284760 526.942932 
frame00046.jpg 312.797913 271.169769 490.052063 285.766418 470.348785 519.712341 310.479706 521.912598 
frame00047.jpg 311.637329 269.555359 485.671112 287.091431 465.945770 513.130249 309.493042 516.407349 
frame00048.jpg 313.748199 271.091644 482.555176 285.616516 463.377289 506.438416 310.508911 510.463715 
frame00049.jpg 313.748199 271.091644 482.555176 285.616516 463.377289 506.438416 310.508911 510.463715 
frame00050.jpg 317.041962 271.485229 478.686737 272.939606 458.475586 492.906586 313.780029 497.650085 
frame00051.jpg 317.041962 271.485229 478.686737 272.939606 458.475586 492.906586 313.780029 497.650085 
frame00052.jpg 317.041962 271.485229 478.686737 272.939606 458.475586 492.906586 313.780029 497.650085 
frame00053.jpg 317.041962 271.485229 478.686737 272.939606 458.475586 492.906586 313.780029 497.650085 
frame00054.jpg 317.041962 271.485229 478.686737 272.939606 458.475586 492.906586 313.780029 497.650085 
frame00055.jpg 317.041962 271.485229 478.686737 272.939606 458.475586 492.906586 313.780029 497.650085 
frame00056.jpg 317.041962 271.485229 478.686737 272.939606 458.475586 492.906586 313.780029 497.650085 
frame00057.jpg 317.041962 271.485229 478.686737 272.939606 458.475586 492.906586 313.780029 497.650085 
frame00058.jpg 317.041962 271.485229 478.686737 272.939606 458.475586 492.906586 313.780029 497.650085 
frame00059.jpg 317.041962 271.485229 478.686737 272.939606 458.475586 492.906586 313.780029 497.650085 
frame00060.jpg 317.041962 271.485229 478.686737 272.939606 458.475586 492.906586 313.780029 497.650085 
frame00061.jpg 317.041962 271.485229 478.686737 272.939606 458.475586 492.906586 313.780029 497.650085 
frame00062.jpg 317.041962 271.485229 478.686737 272.939606 458.475586 492.906586 313.780029 497.650085 
frame00063.jpg 317.041962 271.485229 478.686737 272.939606 458.475586 492.906586 313.780029 497.650085 
frame00064.jpg 317.041962 271.485229 478.686737 272.939606 458.475586 492.906586 313.780029 497.650085 
frame00065.jpg 317.041962 271.485229 478.686737 272.939606 458.475586 492.906586 313.780029 497.650085 
frame00066.jpg 317.041962 271.485229 478.686737 272.939606 458.475586 492.906586 313.780029 497.650085 
frame00067.jpg 317.041962 271.485229 478.686737 272.939606 458.475586 492.906586 313.780029 497.650085 
frame00068.jpg 317.041962 271.485229 478.686737 272.939606 458.475586 492.906586 313.780029 497.650085 
frame00069.jpg 317.041962 271.485229 478.686737 272.939606 458.475586 492.906586 313.780029 497.650085 
frame00070.jpg 317.041962 271.485229 478.686737 272.939606 458.475586 492.906586 313.780029 497.650085 
frame00071.jpg 317.041962 271.485229 478.686737 272.939606 458.475586 492.906586 313.780029 497.650085 
frame00072.jpg 317.041962 271.485229 478.686737 272.939606 458.475586 492.906586 313.780029 497.650085 
frame00073.jpg 317.041962 271.485229 478.686737 272.939606 458.475586 492.906586 313.780029 497.650085 
frame00074.jpg 317.041962 271.485229 478.686737 272.939606 458.475586 492.906586 313.780029 497.650085 
frame00075.jpg 317.041962 271.485229 478.686737 272.939606 458.475586 492.906586 313.780029 497.650085 
frame00076.jpg 317.041962 271.485229 478.686737 272.939606 458.475586 492.906586 313.780029 497.650085 
frame00077.jpg 317.041962 271.485229 478.686737 272.939606 458.475586 492.906586 313.780029 497.650085 
frame00078.jpg 317.041962 271.485229 478.686737 272.939606 458.475586 492.906586 313.780029 497.650085 
frame00079.jpg 317.041962 271.485229 478.686737 272.939606 458.475586 492.906586 313.780029 497.650085 
frame00080.jpg 317.041962 271.485229 478.686737 272.939606 458.475586 492.906586 313.780029 497.650085 
frame00081.jpg 317.041962 271.485229 478.686737 272.939606 458.475586 492.906586 313.780029 497.650085 
frame00082.jpg 317.041962 271.485229 478.686737 272.939606 458.475586 492.906586 313.780029 497.650085 
frame00083.jpg 317.041962 271.485229 478.686737 272.939606 458.475586 492.906586 313.780029 497.650085 
frame00084.jpg 317.041962 271.485229 478.686737 272.939606 458.475586 492.906586 313.780029 497.650085 
frame00085.jpg 317.041962 271.485229 478.686737 272.939606 458.475586 492.906586 313.780029 497.650085 
frame00086.jpg 317.041962 271.485229 478.686737 272.939606 458.475586 492.906586 313.780029 497.650085 
frame00087.jpg 317.041962 271.485229 478.686737 272.939606 458.475586 492.906586 313.780029 497.650085 
frame00088.jpg 317.041962 271.485229 478.686737 272.939606 458.475586 492.906586 313.780029 497.650085 
frame00089.jpg 317.041962 271.485229 478.686737 272.939606 458.475586 492.906586 313.780029 497.650085 
frame00090.jpg 317.041962 271.485229 478.686737 272.939606 458.475586 492.906586 313.780029 497.650085 
frame00091.jpg 317.041962 271.485229 478.686737 272.939606 458.475586 492.906586 313.780029 497.650085 
frame00092.jpg 317.041962 271.485229 478.686737 272.939606 458.475586 492.906586 313.780029 497.650085 
frame00093.jpg 317.041962 271.485229 478.686737 272.939606 458.475586 492.906586 313.780029 497.650085 
frame00094.jpg 317.041962 271.485229 478.686737 272.939606 458.475586 492.906586 313.780029 497.650085 
frame00095.jpg 317.041962 271.485229 478.686737 272.939606 458.475586 492.906586 313.780029 497.650085 
frame00096.jpg 317.041962 271.485229 478.686737 272.939606 458.475586 492.906586 313.780029 497.650085 
frame00097.jpg 317.041962 271.485229 478.686737 272.939606 458.475586 492.906586 313.780029 497.650085 
frame00098.jpg 317.041962 271.485229 478.686737 272.939606 458.475586 492.906586 313.780029 497.650085 
frame00099.jpg 317.041962 271.485229 478.686737 272.939606 458.475586 492.906586 313.780029 497.650085 
frame00100.jpg 317.041962 271.485229 478.686737 272.939606 458.475586 492.906586 313.780029 497.650085 
frame00101.jpg 317.041962 271.485229 478.686737 272.939606 458.475586 492.906586 313.780029 497.650085 
frame00102.jpg 317.041962 271.485229 478.686737 272.939606 458.475586 492.906586 313.780029 497.650085 
frame00103.jpg 317.041962 271.485229 478.686737 272.939606 458.475586 492.906586 313.780029 497.650085 
frame00104.jpg 317.041962 271.485229 478.686737 272.939606 458.475586 492.906586 313.780029 497.650085 
frame00105.jpg 317.041962 271.485229 478.686737 272.939606 458.475586 492.906586 313.780029 497.650085 
frame00106.jpg 317.041962 271.485229 478.686737 272.939606 458.475586 492.906586 313.780029 497.650085 
frame00107.jpg 317.041962 271.485229 478.686737 272.939606 458.475586 492.906586 313.780029 497.650085 
frame00108.jpg 317.041962 271.485229 478.686737 272.939606 458.475586 492.906586 313.780029 497.650085 
frame00109.jpg 317.041962 271.485229 478.686737 272.939606 458.475586 492.906586 313.780029 497.650085 
frame00110.jpg 317.041962 271.485229 478.686737 272.939606 458.475586 492.906586 313.780029 497.650085 
frame00111.jpg 317.041962 271.485229 478.686737 272.939606 458.475586 492.906586 313.780029 497.650085 
frame00112.jpg 317.041962 271.485229 478.686737 272.939606 458.475586 492.906586 313.780029 497.650085 
frame00113.jpg 317.041962 271.485229 478.686737 272.939606 458.475586 492.906586 313.780029 497.650085 
frame00114.jpg 317.041962 271.485229 478.686737 272.939606 458.475586 492.906586 313.780029 497.650085 
frame00115.jpg 317.041962 271.485229 478.686737 272.939606 458.475586 492.906586 313.780029 497.650085 
frame00116.jpg 317.041962 271.485229 478.686737 272.939606 458.475586 492.906586 313.780029 497.650085 
frame00117.jpg 317.041962 271.485229 478.686737 272.939606 458.475586 492.906586 313.780029 497.650085 
frame00118.jpg 317.041962 271.485229 478.686737 272.939606 458.475586 492.906586 313.780029 497.650085 
frame00119.jpg 317.041962 271.485229 478.686737 272.939606 458.475586 492.906586 313.780029 497.650085 
frame00120.jpg 317.041962 271.485229 478.686737 272.939606 458.475586 492.906586 313.780029 497.650085 
frame00121.jpg 317.041962 271.485229 478.686737 272.939606 458.475586 492.906586 313.780029 497.650085 
frame00122.jpg 317.041962 271.485229 478.686737 272.939606 458.475586 492.906586 313.780029 497.650085 
frame00123.jpg 317.041962 271.485229 478.686737 272.939606 458.475586 492.906586 313.780029 497.650085 
frame00124.jpg 317.041962 271.485229 478.686737 272.939606 458.475586 492.906586 313.780029 497.650085 
frame00125.jpg 317.041962 271.485229 478.686737 272.939606 458.475586 492.906586 313.780029 497.650085 
frame00126.jpg 317.041962 271.485229 478.686737 272.939606 458.475586 492.906586 313.780029 497.650085 
frame00127.jpg 317.041962 271.485229 478.686737 272.939606 458.475586 492.906586 313.780029 497.650085 
frame00128.jpg 317.041962 271.485229 478.686737 272.939606 458.475586 492.906586 313.780029 497.650085 
frame00129.jpg 317.041962 271.485229 478.686737 272.939606 458.475586 492.906586 313.780029 497.650085 
frame00130.jpg 317.041962 271.485229 478.686737 272.939606 458.475586 492.906586 313.780029 497.650085 
frame00131.jpg 317.041962 271.485229 478.686737 272.939606 458.475586 492.906586 313.780029 497.650085 
frame00132.jpg 317.041962 271.485229 478.686737 272.939606 458.475586 492.906586 313.780029 497.650085 
frame00133.jpg 317.041962 271.485229 478.686737 272.939606 458.475586 492.906586 313.780029 497.650085 
frame00134.jpg 317.041962 271.485229 478.686737 272.939606 458.475586 492.906586 313.780029 497.650085 
frame00135.jpg 317.041962 271.485229 478.686737 272.939606 458.475586 492.906586 313.780029 497.650085 
frame00136.jpg 317.041962 271.485229 478.686737 272.939606 458.475586 492.906586 313.780029 497.650085 
frame00137.jpg 317.041962 271.485229 478.686737 272.939606 458.475586 492.906586 313.780029 497.650085 
frame00138.jpg 317.041962 271.485229 478.686737 272.939606 458.475586 492.906586 313.780029 497.650085 
frame00139.jpg 317.041962 271.485229 478.686737 272.939606 458.475586 492.906586 313.780029 497.650085 
frame00140.jpg 317.041962 271.485229 478.686737 272.939606 458.475586 492.906586 313.780029 497.650085 
frame00141.jpg 317.041962 271.485229 478.686737 272.939606 458.475586 492.906586 313.780029 497.650085 
frame00142.jpg 317.041962 271.485229 478.686737 272.939606 458.475586 492.906586 313.780029 497.650085 
frame00143.jpg 317.041962 271.485229 478.686737 272.939606 458.475586 492.906586 313.780029 497.650085 
frame00144.jpg 317.041962 271.485229 478.686737 272.939606 458.475586 492.906586 313.780029 497.650085 
frame00145.jpg 317.041962 271.485229 478.686737 272.939606 458.475586 492.906586 313.780029 497.650085 
frame00146.jpg 317.041962 271.485229 478.686737 272.939606 458.475586 492.906586 313.780029 497.650085 
frame00147.jpg 317.041962 271.485229 478.686737 272.939606 458.475586 492.906586 313.780029 497.650085 
frame00148.jpg 317.041962 271.485229 478.686737 272.939606 458.475586 492.906586 313.780029 497.650085 
frame00149.jpg 317.041962 271.485229 478.686737 272.939606 458.475586 492.906586 313.780029 497.650085 
frame00150.jpg 317.041962 271.485229 478.686737 272.939606 458.475586 492.906586 313.780029 497.650085 
frame00151.jpg 317.041962 271.485229 478.686737 272.939606 458.475586 492.906586 313.780029 497.650085 
frame00152.jpg 317.041962 271.485229 478.686737 272.939606 458.475586 492.906586 313.780029 497.650085 
frame00153.jpg 317.041962 271.485229 478.686737 272.939606 458.475586 492.906586 313.780029 497.650085 
frame00154.jpg 317.041962 271.485229 478.686737 272.939606 458.475586 492.906586 313.780029 497.650085 
frame00155.jpg 317.041962 271.485229 478.686737 272.939606 458.475586 492.906586 313.780029 497.650085 
frame00156.jpg 317.041962 271.485229 478.686737 272.939606 458.475586 492.906586 313.780029 497.650085 
frame00157.jpg 317.041962 271.485229 478.686737 272.939606 458.475586 492.906586 313.780029 497.650085 
frame00158.jpg 317.041962 271.485229 478.686737 272.939606 458.475586 492.906586 313.780029 497.650085 
frame00159.jpg 317.041962 271.485229 478.686737 272.939606 458.475586 492.906586 313.780029 497.650085 
frame00160.jpg 317.041962 271.485229 478.686737 272.939606 458.475586 492.906586 313.780029 497.650085 
frame00161.jpg 317.041962 271.485229 478.686737 272.939606 458.475586 492.906586 313.780029 497.650085 
frame00162.jpg 317.041962 271.485229 478.686737 272.939606 458.475586 492.906586 313.780029 497.650085 
frame00163.jpg 317.041962 271.485229 478.686737 272.939606 458.475586 492.906586 313.780029 497.650085 
frame00164.jpg 317.041962 271.485229 478.686737 272.939606 458.475586 492.906586 313.780029 497.650085 
frame00165.jpg 317.041962 271.485229 478.686737 272.939606 458.475586 492.906586 313.780029 497.650085 
frame00166.jpg 317.041962 271.485229 478.686737 272.939606 458.475586 492.906586 313.780029 497.650085 
frame00167.jpg 317.041962 271.485229 478.686737 272.939606 458.475586 492.906586 313.780029 497.650085 
frame00168.jpg 317.041962 271.485229 478.686737 272.939606 458.475586 492.906586 313.780029 497.650085 
frame00169.jpg 317.041962 271.485229 478.686737 272.939606 458.475586 492.906586 313.780029 497.650085 
frame00170.jpg 317.041962 271.485229 478.686737 272.939606 458.475586 492.906586 313.780029 497.650085 
frame00171.jpg 317.041962 271.485229 478.686737 272.939606 458.475586 492.906586 313.780029 497.650085 
frame00172.jpg 317.041962 271.485229 478.686737 272.939606 458.475586 492.906586 313.780029 497.650085 
frame00173.jpg 317.041962 271.485229 478.686737 272.939606 458.475586 492.906586 313.780029 497.650085 
frame00174.jpg 317.041962 271.485229 478.686737 272.939606 458.475586 492.906586 313.780029 497.650085 
frame00175.jpg 317.041962 271.485229 478.686737 272.939606 458.475586 492.906586 313.780029 497.650085 
frame00176.jpg 317.041962 271.485229 478.686737 272.939606 458.475586 492.906586 313.780029 497.650085 
frame00177.jpg 317.041962 271.485229 478.686737 272.939606 458.475586 492.906586 313.780029 497.650085 
frame00178.jpg 317.041962 271.485229 478.686737 272.939606 458.475586 492.906586 313.780029 497.650085 
frame00179.jpg 317.041962 271.485229 478.686737 272.939606 458.475586 492.906586 313.780029 497.650085 
frame00180.jpg 317.041962 271.485229 478.686737 272.939606 458.475586 492.906586 313.780029 497.650085 
frame00181.jpg 317.041962 271.485229 478.686737 272.939606 458.475586 492.906586 313.780029 497.650085 
frame00182.jpg 317.041962 271.485229 478.686737 272.939606 458.475586 492.906586 313.780029 497.650085 
frame00183.jpg 317.041962 271.485229 478.686737 272.939606 458.475586 492.906586 313.780029 497.650085 
frame00184.jpg 281.769897 -24.020100 497.926239 -2.346121 476.645996 302.905823 303.337036 277.981506 
frame00185.jpg 288.951416 -34.854179 499.156769 -14.461159 479.399628 301.329437 305.131409 269.672272 
frame00186.jpg 289.745605 -46.333862 500.712250 -26.067120 482.223602 296.332550 305.478607 259.859009 
frame00187.jpg 283.382660 -63.812763 503.111420 -38.217827 480.769745 284.836639 305.326996 253.668991 
frame00188.jpg 285.047852 -74.484398 504.947693 -49.662731 480.152130 280.003693 303.825348 245.479706 
frame00189.jpg 278.506561 -85.094627 500.206909 -55.592403 478.209229 274.953888 303.542786 240.056808 
frame00190.jpg 280.046387 -86.437721 499.191437 -62.199520 476.328552 274.490112 303.328308 236.301086 
frame00191.jpg 280.368896 -87.244431 496.608704 -58.501648 474.827637 276.331146 303.435272 236.238922 
frame00192.jpg 286.995422 -77.144814 495.776917 -49.990952 473.472229 281.260986 303.083649 239.286255 
frame00193.jpg 284.581970 -70.319984 495.426605 -42.754211 474.315308 288.116241 304.623199 244.289703 
frame00194.jpg 294.217743 -52.636097 496.708221 -29.058542 475.273071 298.326843 309.331299 250.838974 
frame00195.jpg 294.939178 -46.701813 498.559387 -16.044466 476.366455 308.480377 313.993378 258.441071 
frame00196.jpg 301.929565 -33.723732 500.845886 0.452181 478.568024 320.142059 317.513062 269.989044 
frame00197.jpg 305.923737 -11.968891 506.630737 11.833083 483.461700 333.265961 322.450653 278.920135 
frame00198.jpg 313.416138 0.794255 508.560028 30.683884 486.195984 347.522766 326.062012 289.688873 
frame00199.jpg 321.226593 21.226448 512.628052 46.538597 488.969116 360.244141 330.974030 301.441681 
frame00200.jpg 324.487244 32.672092 515.145081 63.103527 491.991638 374.243927 334.515137 312.068848 
frame00201.jpg 331.186951 49.068420 518.566162 79.306862 494.408051 389.351227 338.539520 324.091003 
frame00202.jpg 336.582581 63.678623 522.681335 94.765617 497.496704 404.020172 342.004089 336.037567 
frame00203.jpg 337.822266 72.898407 526.124451 109.332283 501.114105 416.275391 345.208466 347.475433 
frame00204.jpg 343.601044 82.992088 529.822021 123.293709 503.808533 429.361633 349.217499 358.306732 
frame00205.jpg 348.255707 95.136063 533.666931 136.366531 507.720459 441.764893 352.867676 368.157043 
frame00206.jpg 355.245117 107.807388 538.963989 147.601578 510.891876 453.516052 356.322601 377.246735 
frame00207.jpg 359.919464 112.014130 542.658936 157.423523 513.064209 464.864227 358.998688 385.051636 
frame00208.jpg 361.158478 122.111160 544.613708 166.435822 515.839111 472.561493 361.855438 392.485962 
frame00209.jpg 363.976379 125.416985 547.775513 173.450089 516.901794 480.857513 363.159363 398.302856 
frame00210.jpg 365.574249 131.012863 550.649292 178.327667 519.276794 486.115326 364.707458 403.888580 
frame00211.jpg 368.130310 133.002396 552.244812 182.051865 520.536133 490.831726 366.937836 407.346405 
frame00212.jpg 370.675110 135.267929 554.136780 187.082794 522.090271 494.905396 368.013184 409.045746 
frame00213.jpg 373.365051 136.072632 556.856445 190.561584 522.910645 497.619232 369.651672 409.918610 
frame00214.jpg 374.742188 134.579010 559.858459 192.448563 522.007996 497.717377 371.577667 411.391479 
frame00215.jpg 374.198151 132.264420 559.796448 199.297180 522.188904 498.844116 369.832336 412.598480 
frame00216.jpg 378.410522 143.331604 561.564697 196.759781 523.005371 502.403503 372.387817 411.539246 
frame00217.jpg 377.507874 142.339401 560.501526 200.156143 521.980347 502.013123 370.861542 411.261169 
frame00218.jpg 379.426056 139.460693 558.620789 202.833084 519.924988 502.255066 370.213318 409.494476 
frame00219.jpg 376.200012 137.356400 560.133240 201.373795 519.094421 499.707184 369.085114 408.083008 
frame00220.jpg 380.163116 139.594803 560.790649 201.097733 516.630005 497.426544 368.788452 405.561035 
frame00221.jpg 378.880554 132.648651 558.926758 200.230713 514.177551 493.959869 368.843781 401.434326 
frame00222.jpg 376.709961 130.505402 557.768677 199.246429 513.662292 490.215759 364.606293 396.659424 
frame00223.jpg 379.414398 131.812515 557.071594 195.265961 510.791138 484.462830 366.217590 389.130402 
frame00224.jpg 375.482605 120.965019 554.146484 191.265060 507.321442 476.624481 361.979584 382.589386 
frame00225.jpg 376.753387 116.834045 550.784424 186.718323 501.468018 468.913269 360.249146 375.046204 
frame00226.jpg 374.855988 116.130363 546.875000 183.437302 496.903473 463.331512 357.395569 367.990814 
frame00227.jpg 366.302765 97.419746 542.025513 181.864243 490.821564 455.247589 353.018372 360.913086 
frame00228.jpg 369.324585 108.334290 537.218994 181.193237 485.932129 453.943787 350.028320 356.178253 
frame00229.jpg 360.215485 98.684341 531.749695 181.011780 479.890594 447.005920 345.677856 350.679626 
frame00230.jpg 355.568665 100.078621 526.031433 183.576935 474.149902 444.550873 341.181335 348.508514 
frame00231.jpg 352.187988 96.598450 519.541199 187.075867 468.217438 443.395599 337.882660 348.961945 
frame00232.jpg 349.112244 101.276398 514.974731 193.017441 463.372620 443.346741 333.220123 348.176361 
frame00233.jpg 347.884399 109.594200 510.833160 197.338211 458.228943 443.304596 330.849121 347.983398 
frame00234.jpg 346.875366 114.217102 506.238708 204.757782 453.746277 445.400421 326.811218 348.918701 
frame00235.jpg 342.774689 111.501755 502.945831 209.117859 450.348114 447.319183 323.433777 349.555054 
frame00236.jpg 341.685486 118.720421 499.654236 216.412979 446.330963 448.270111 322.741516 353.141022 
frame00237.jpg 339.900116 128.286896 497.974365 220.128311 443.338318 450.280334 320.778076 353.420868 
frame00238.jpg 339.077637 128.081177 495.655975 226.420135 441.331085 453.284119 317.438721 354.509674 
frame00239.jpg 339.268921 138.694336 493.660126 232.408600 440.338593 456.292847 317.264954 356.849945 
frame00240.jpg 339.448547 149.862427 493.677856 237.392609 439.338196 458.267609 318.827148 360.824432 
frame00241.jpg 344.475372 151.063934 493.655212 242.409027 437.798431 464.492737 318.686401 361.354004 
frame00242.jpg 343.125580 155.727417 494.673370 244.954849 437.408844 461.307404 319.580933 365.503326 
frame00243.jpg 346.308563 158.195267 493.938995 249.359940 438.056702 466.367004 318.273560 367.993011 
frame00244.jpg 340.825409 151.231323 494.930115 251.263260 439.939850 465.426147 317.433594 367.472351 
frame00245.jpg 340.901672 150.308899 496.996582 253.838547 440.350403 465.364838 322.272736 369.647034 
frame00246.jpg 348.787140 166.175064 498.114594 256.123688 441.547546 468.058655 324.617035 375.002899 
frame00247.jpg 348.727386 156.410278 501.449188 257.903595 441.811157 471.144104 323.563354 376.905609 
frame00248.jpg 350.150055 173.509476 501.647980 262.387390 447.922577 476.613495 322.448517 378.269592 
frame00249.jpg 352.299042 158.677673 503.606934 265.436188 444.589905 478.182648 324.815338 381.670593 
frame00250.jpg 347.467133 168.285019 505.294861 269.040070 450.626953 479.948547 325.988464 386.882446 
frame00251.jpg 352.981934 188.344589 508.201324 272.345245 452.366852 485.558319 329.758057 392.233032 
frame00252.jpg 354.105377 189.145432 508.917633 277.260529 454.993317 488.791077 328.353790 398.751373 
frame00253.jpg 354.105377 189.145432 508.917633 277.260529 454.993317 488.791077 328.353790 398.751373 
frame00254.jpg 354.105377 189.145432 508.917633 277.260529 454.993317 488.791077 328.353790 398.751373 
frame00255.jpg 354.105377 189.145432 508.917633 277.260529 454.993317 488.791077 328.353790 398.751373 
frame00256.jpg 354.105377 189.145432 508.917633 277.260529 454.993317 488.791077 328.353790 398.751373 
frame00257.jpg 354.105377 189.145432 508.917633 277.260529 454.993317 488.791077 328.353790 398.751373 
frame00258.jpg 354.105377 189.145432 508.917633 277.260529 454.993317 488.791077 328.353790 398.751373 
frame00259.jpg 354.105377 189.145432 508.917633 277.260529 454.993317 488.791077 328.353790 398.751373 
frame00260.jpg 354.105377 189.145432 508.917633 277.260529 454.993317 488.791077 328.353790 398.751373 
frame00261.jpg 354.105377 189.145432 508.917633 277.260529 454.993317 488.791077 328.353790 398.751373 
frame00262.jpg 354.105377 189.145432 508.917633 277.260529 454.993317 488.791077 328.353790 398.751373 
frame00263.jpg 354.105377 189.145432 508.917633 277.260529 454.993317 488.791077 328.353790 398.751373 
frame00264.jpg 354.105377 189.145432 508.917633 277.260529 454.993317 488.791077 328.353790 398.751373 
frame00265.jpg 354.105377 189.145432 508.917633 277.260529 454.993317 488.791077 328.353790 398.751373 
frame00266.jpg 354.105377 189.145432 508.917633 277.260529 454.993317 488.791077 328.353790 398.751373 
frame00267.jpg 354.105377 189.145432 508.917633 277.260529 454.993317 488.791077 328.353790 398.751373 
frame00268.jpg 354.105377 189.145432 508.917633 277.260529 454.993317 488.791077 328.353790 398.751373 
frame00269.jpg 354.105377 189.145432 508.917633 277.260529 454.993317 488.791077 328.353790 398.751373 
frame00270.jpg 354.105377 189.145432 508.917633 277.260529 454.993317 488.791077 328.353790 398.751373 
frame00271.jpg 354.105377 189.145432 508.917633 277.260529 454.993317 488.791077 328.353790 398.751373 
frame00272.jpg 354.105377 189.145432 508.917633 277.260529 454.993317 488.791077 328.353790 398.751373 
frame00273.jpg 354.105377 189.145432 508.917633 277.260529 454.993317 488.791077 328.353790 398.751373 
frame00274.jpg 354.105377 189.145432 508.917633 277.260529 454.993317 488.791077 328.353790 398.751373 
frame00275.jpg 354.105377 189.145432 508.917633 277.260529 454.993317 488.791077 328.353790 398.751373 
frame00276.jpg 354.105377 189.145432 508.917633 277.260529 454.993317 488.791077 328.353790 398.751373 
frame00277.jpg 354.105377 189.145432 508.917633 277.260529 454.993317 488.791077 328.353790 398.751373 
frame00278.jpg 354.105377 189.145432 508.917633 277.260529 454.993317 488.791077 328.353790 398.751373 
frame00279.jpg 354.105377 189.145432 508.917633 277.260529 454.993317 488.791077 328.353790 398.751373 
frame00280.jpg 354.105377 189.145432 508.917633 277.260529 454.993317 488.791077 328.353790 398.751373 
frame00281.jpg 354.105377 189.145432 508.917633 277.260529 454.993317 488.791077 328.353790 398.751373 
frame00282.jpg 354.105377 189.145432 508.917633 277.260529 454.993317 488.791077 328.353790 398.751373 
frame00283.jpg 354.105377 189.145432 508.917633 277.260529 454.993317 488.791077 328.353790 398.751373 
frame00284.jpg 354.105377 189.145432 508.917633 277.260529 454.993317 488.791077 328.353790 398.751373 
frame00285.jpg 354.105377 189.145432 508.917633 277.260529 454.993317 488.791077 328.353790 398.751373 
frame00286.jpg 354.105377 189.145432 508.917633 277.260529 454.993317 488.791077 328.353790 398.751373 
frame00287.jpg 354.105377 189.145432 508.917633 277.260529 454.993317 488.791077 328.353790 398.751373 
frame00288.jpg 354.105377 189.145432 508.917633 277.260529 454.993317 488.791077 328.353790 398.751373 
frame00289.jpg 354.105377 189.145432 508.917633 277.260529 454.993317 488.791077 328.353790 398.751373 
frame00290.jpg 354.105377 189.145432 508.917633 277.260529 454.993317 488.791077 328.353790 398.751373 
frame00291.jpg 354.105377 189.145432 508.917633 277.260529 454.993317 488.791077 328.353790 398.751373 
frame00292.jpg 354.105377 189.145432 508.917633 277.260529 454.993317 488.791077 328.353790 398.751373 
frame00293.jpg 354.105377 189.145432 508.917633 277.260529 454.993317 488.791077 328.353790 398.751373 
frame00294.jpg 354.105377 189.145432 508.917633 277.260529 454.993317 488.791077 328.353790 398.751373 
frame00295.jpg 354.105377 189.145432 508.917633 277.260529 454.993317 488.791077 328.353790 398.751373 
frame00296.jpg 354.105377 189.145432 508.917633 277.260529 454.993317 488.791077 328.353790 398.751373 
frame00297.jpg 354.105377 189.145432 508.917633 277.260529 454.993317 488.791077 328.353790 398.751373 
frame00298.jpg 354.105377 189.145432 508.917633 277.260529 454.993317 488.791077 328.353790 398.751373 
frame00299.jpg 354.105377 189.145432 508.917633 277.260529 454.993317 488.791077 328.353790 398.751373 
frame00300.jpg 354.105377 189.145432 508.917633 277.260529 454.993317 488.791077 328.353790 398.751373 
frame00301.jpg 354.105377 189.145432 508.917633 277.260529 454.993317 488.791077 328.353790 398.751373 
frame00302.jpg 354.105377 189.145432 508.917633 277.260529 454.993317 488.791077 328.353790 398.751373 
frame00303.jpg 354.105377 189.145432 508.917633 277.260529 454.993317 488.791077 328.353790 398.751373 
frame00304.jpg 354.105377 189.145432 508.917633 277.260529 454.993317 488.791077 328.353790 398.751373 
frame00305.jpg 354.105377 189.145432 508.917633 277.260529 454.993317 488.791077 328.353790 398.751373 
frame00306.jpg 354.105377 189.145432 508.917633 277.260529 454.993317 488.791077 328.353790 398.751373 
frame00307.jpg 354.105377 189.145432 508.917633 277.260529 454.993317 488.791077 328.353790 398.751373 
frame00308.jpg 354.105377 189.145432 508.917633 277.260529 454.993317 488.791077 328.353790 398.751373 
frame00309.jpg 354.105377 189.145432 508.917633 277.260529 454.993317 488.791077 328.353790 398.751373 
frame00310.jpg 354.105377 189.145432 508.917633 277.260529 454.993317 488.791077 328.353790 398.751373 
frame00311.jpg 354.105377 189.145432 508.917633 277.260529 454.993317 488.791077 328.353790 398.751373 
frame00312.jpg 354.105377 189.145432 508.917633 277.260529 454.993317 488.791077 328.353790 398.751373 
frame00313.jpg 354.105377 189.145432 508.917633 277.260529 454.993317 488.791077 328.353790 398.751373 
frame00314.jpg 354.105377 189.145432 508.917633 277.260529 454.993317 488.791077 328.353790 398.751373 
frame00315.jpg 354.105377 189.145432 508.917633 277.260529 454.993317 488.791077 328.353790 398.751373 
frame00316.jpg 354.105377 189.145432 508.917633 277.260529 454.993317 488.791077 328.353790 398.751373 
frame00317.jpg 354.105377 189.145432 508.917633 277.260529 454.993317 488.791077 328.353790 398.751373 
frame00318.jpg 354.105377 189.145432 508.917633 277.260529 454.993317 488.791077 328.353790 398.751373 
frame00319.jpg 354.105377 189.145432 508.917633 277.260529 454.993317 488.791077 328.353790 398.751373 
frame00320.jpg 354.105377 189.145432 508.917633 277.260529 454.993317 488.791077 328.353790 398.751373 
frame00321.jpg 354.105377 189.145432 508.917633 277.260529 454.993317 488.791077 328.353790 398.751373 
frame00322.jpg 354.105377 189.145432 508.917633 277.260529 454.993317 488.791077 328.353790 398.751373 
frame00323.jpg 354.105377 189.145432 508.917633 277.260529 454.993317 488.791077 328.353790 398.751373 
frame00324.jpg 354.105377 189.145432 508.917633 277.260529 454.993317 488.791077 328.353790 398.751373 
frame00325.jpg 354.105377 189.145432 508.917633 277.260529 454.993317 488.791077 328.353790 398.751373 
frame00326.jpg 354.105377 189.145432 508.917633 277.260529 454.993317 488.791077 328.353790 398.751373 
frame00327.jpg 354.105377 189.145432 508.917633 277.260529 454.993317 488.791077 328.353790 398.751373 
frame00328.jpg 354.105377 189.145432 508.917633 277.260529 454.993317 488.791077 328.353790 398.751373 
frame00329.jpg 354.105377 189.145432 508.917633 277.260529 454.993317 488.791077 328.353790 398.751373 
frame00330.jpg 354.105377 189.145432 508.917633 277.260529 454.993317 488.791077 328.353790 398.751373 
frame00331.jpg 354.105377 189.145432 508.917633 277.260529 454.993317 488.791077 328.353790 398.751373 
frame00332.jpg 354.105377 189.145432 508.917633 277.260529 454.993317 488.791077 328.353790 398.751373 
frame00333.jpg 354.105377 189.145432 508.917633 277.260529 454.993317 488.791077 328.353790 398.751373 
frame00334.jpg 354.105377 189.145432 508.917633 277.260529 454.993317 488.791077 328.353790 398.751373 
frame00335.jpg 354.105377 189.145432 508.917633 277.260529 454.993317 488.791077 328.353790 398.751373 
frame00336.jpg 354.105377 189.145432 508.917633 277.260529 454.993317 488.791077 328.353790 398.751373 
frame00337.jpg 354.105377 189.145432 508.917633 277.260529 454.993317 488.791077 328.353790 398.751373 
frame00338.jpg 354.105377 189.145432 508.917633 277.260529 454.993317 488.791077 328.353790 398.751373 
frame00339.jpg 354.105377 189.145432 508.917633 277.260529 454.993317 488.791077 328.353790 398.751373 
frame00340.jpg 354.105377 189.145432 508.917633 277.260529 454.993317 488.791077 328.353790 398.751373 
frame00341.jpg 354.105377 189.145432 508.917633 277.260529 454.993317 488.791077 328.353790 398.751373 
frame00342.jpg 354.105377 189.145432 508.917633 277.260529 454.993317 488.791077 328.353790 398.751373 
frame00343.jpg 354.105377 189.145432 508.917633 277.260529 454.993317 488.791077 328.353790 398.751373 
frame00344.jpg 354.105377 189.145432 508.917633 277.260529 454.993317 488.791077 328.353790 398.751373 
frame00345.jpg 354.105377 189.145432 508.917633 277.260529 454.993317 488.791077 328.353790 398.751373 
frame00346.jpg 354.105377 189.145432 508.917633 277.260529 454.993317 488.791077 328.353790 398.751373 
frame00347.jpg 354.105377 189.145432 508.917633 277.260529 454.993317 488.791077 328.353790 398.751373 
frame00348.jpg 354.105377 189.145432 508.917633 277.260529 454.993317 488.791077 328.353790 398.751373 
frame00349.jpg 354.105377 189.145432 508.917633 277.260529 454.993317 488.791077 328.353790 398.751373 
frame00350.jpg 354.105377 189.145432 508.917633 277.260529 454.993317 488.791077 328.353790 398.751373 
frame00351.jpg 354.105377 189.145432 508.917633 277.260529 454.993317 488.791077 328.353790 398.751373 
frame00352.jpg 354.105377 189.145432 508.917633 277.260529 454.993317 488.791077 328.353790 398.751373 
frame00353.jpg 354.105377 189.145432 508.917633 277.260529 454.993317 488.791077 328.353790 398.751373 
frame00354.jpg 354.105377 189.145432 508.917633 277.260529 454.993317 488.791077 328.353790 398.751373 
frame00355.jpg 354.105377 189.145432 508.917633 277.260529 454.993317 488.791077 328.353790 398.751373 
frame00356.jpg 354.105377 189.145432 508.917633 277.260529 454.993317 488.791077 328.353790 398.751373 
frame00357.jpg 354.105377 189.145432 508.917633 277.260529 454.993317 488.791077 328.353790 398.751373 
frame00358.jpg 354.105377 189.145432 508.917633 277.260529 454.993317 488.791077 328.353790 398.751373 
frame00359.jpg 354.105377 189.145432 508.917633 277.260529 454.993317 488.791077 328.353790 398.751373 
frame00360.jpg 354.105377 189.145432 508.917633 277.260529 454.993317 488.791077 328.353790 398.751373 
frame00361.jpg 354.105377 189.145432 508.917633 277.260529 454.993317 488.791077 328.353790 398.751373 
frame00362.jpg 354.105377 189.145432 508.917633 277.260529 454.993317 488.791077 328.353790 398.751373 
frame00363.jpg 354.105377 189.145432 508.917633 277.260529 454.993317 488.791077 328.353790 398.751373 
frame00364.jpg 354.105377 189.145432 508.917633 277.260529 454.993317 488.791077 328.353790 398.751373 
frame00365.jpg 354.105377 189.145432 508.917633 277.260529 454.993317 488.791077 328.353790 398.751373 
frame00366.jpg 354.105377 189.145432 508.917633 277.260529 454.993317 488.791077 328.353790 398.751373 
frame00367.jpg 354.105377 189.145432 508.917633 277.260529 454.993317 488.791077 328.353790 398.751373 
frame00368.jpg 354.105377 189.145432 508.917633 277.260529 454.993317 488.791077 328.353790 398.751373 
frame00369.jpg 354.105377 189.145432 508.917633 277.260529 454.993317 488.791077 328.353790 398.751373 
frame00370.jpg 354.105377 189.145432 508.917633 277.260529 454.993317 488.791077 328.353790 398.751373 
frame00371.jpg 354.105377 189.145432 508.917633 277.260529 454.993317 488.791077 328.353790 398.751373 
frame00372.jpg 354.105377 189.145432 508.917633 277.260529 454.993317 488.791077 328.353790 398.751373 
frame00373.jpg 354.105377 189.145432 508.917633 277.260529 454.993317 488.791077 328.353790 398.751373 
frame00374.jpg 354.105377 189.145432 508.917633 277.260529 454.993317 488.791077 328.353790 398.751373 
frame00375.jpg 354.105377 189.145432 508.917633 277.260529 454.993317 488.791077 328.353790 398.751373 
frame00376.jpg 354.105377 189.145432 508.917633 277.260529 454.993317 488.791077 328.353790 398.751373 
frame00377.jpg 354.105377 189.145432 508.917633 277.260529 454.993317 488.791077 328.353790 398.751373 
frame00378.jpg 354.105377 189.145432 508.917633 277.260529 454.993317 488.791077 328.353790 398.751373 
frame00379.jpg 354.105377 189.145432 508.917633 277.260529 454.993317 488.791077 328.353790 398.751373 
frame00380.jpg 354.105377 189.145432 508.917633 277.260529 454.993317 488.791077 328.353790 398.751373 
frame00381.jpg 354.105377 189.145432 508.917633 277.260529 454.993317 488.791077 328.353790 398.751373 
frame00382.jpg 354.105377 189.145432 508.917633 277.260529 454.993317 488.791077 328.353790 398.751373 
frame00383.jpg 354.105377 189.145432 508.917633 277.260529 454.993317 488.791077 328.353790 398.751373 
frame00384.jpg 354.105377 189.145432 508.917633 277.260529 454.993317 488.791077 328.353790 398.751373 
frame00385.jpg 354.105377 189.145432 508.917633 277.260529 454.993317 488.791077 328.353790 398.751373 
frame00386.jpg 354.105377 189.145432 508.917633 277.260529 454.993317 488.791077 328.353790 398.751373 
frame00387.jpg 354.105377 189.145432 508.917633 277.260529 454.993317 488.791077 328.353790 398.751373 
frame00388.jpg 354.105377 189.145432 508.917633 277.260529 454.993317 488.791077 328.353790 398.751373 
frame00389.jpg 354.105377 189.145432 508.917633 277.260529 454.993317 488.791077 328.353790 398.751373 
frame00390.jpg 354.105377 189.145432 508.917633 277.260529 454.993317 488.791077 328.353790 398.751373 
frame00391.jpg 354.105377 189.145432 508.917633 277.260529 454.993317 488.791077 328.353790 398.751373 
frame00392.jpg 354.105377 189.145432 508.917633 277.260529 454.993317 488.791077 328.353790 398.751373 
frame00393.jpg 354.105377 189.145432 508.917633 277.260529 454.993317 488.791077 328.353790 398.751373 
frame00394.jpg 354.105377 189.145432 508.917633 277.260529 454.993317 488.791077 328.353790 398.751373 
frame00395.jpg 354.105377 189.145432 508.917633 277.260529 454.993317 488.791077 328.353790 398.751373 
frame00396.jpg 354.105377 189.145432 508.917633 277.260529 454.993317 488.791077 328.353790 398.751373 
frame00397.jpg 354.105377 189.145432 508.917633 277.260529 454.993317 488.791077 328.353790 398.751373 
frame00398.jpg 354.105377 189.145432 508.917633 277.260529 454.993317 488.791077 328.353790 398.751373 
frame00399.jpg 354.105377 189.145432 508.917633 277.260529 454.993317 488.791077 328.353790 398.751373 
frame00400.jpg 354.105377 189.145432 508.917633 277.260529 454.993317 488.791077 328.353790 398.751373 
frame00401.jpg 354.105377 189.145432 508.917633 277.260529 454.993317 488.791077 328.353790 398.751373 
frame00402.jpg 354.105377 189.145432 508.917633 277.260529 454.993317 488.791077 328.353790 398.751373 
frame00403.jpg 354.105377 189.145432 508.917633 277.260529 454.993317 488.791077 328.353790 398.751373 
frame00404.jpg 354.105377 189.145432 508.917633 277.260529 454.993317 488.791077 328.353790 398.751373 
frame00405.jpg 354.105377 189.145432 508.917633 277.260529 454.993317 488.791077 328.353790 398.751373 
frame00406.jpg 354.105377 189.145432 508.917633 277.260529 454.993317 488.791077 328.353790 398.751373 
frame00407.jpg 354.105377 189.145432 508.917633 277.260529 454.993317 488.791077 328.353790 398.751373 
frame00408.jpg 354.105377 189.145432 508.917633 277.260529 454.993317 488.791077 328.353790 398.751373 
frame00409.jpg 354.105377 189.145432 508.917633 277.260529 454.993317 488.791077 328.353790 398.751373 
frame00410.jpg 354.105377 189.145432 508.917633 277.260529 454.993317 488.791077 328.353790 398.751373 
frame00411.jpg 354.105377 189.145432 508.917633 277.260529 454.993317 488.791077 328.353790 398.751373 
frame00412.jpg 354.105377 189.145432 508.917633 277.260529 454.993317 488.791077 328.353790 398.751373 
frame00413.jpg 354.105377 189.145432 508.917633 277.260529 454.993317 488.791077 328.353790 398.751373 
frame00414.jpg 354.105377 189.145432 508.917633 277.260529 454.993317 488.791077 328.353790 398.751373 
frame00415.jpg 354.105377 189.145432 508.917633 277.260529 454.993317 488.791077 328.353790 398.751373 
frame00416.jpg 354.105377 189.145432 508.917633 277.260529 454.993317 488.791077 328.353790 398.751373 
frame00417.jpg 354.105377 189.145432 508.917633 277.260529 454.993317 488.791077 328.353790 398.751373 
frame00418.jpg 354.105377 189.145432 508.917633 277.260529 454.993317 488.791077 328.353790 398.751373 
frame00419.jpg 354.105377 189.145432 508.917633 277.260529 454.993317 488.791077 328.353790 398.751373 
frame00420.jpg 354.105377 189.145432 508.917633 277.260529 454.993317 488.791077 328.353790 398.751373 
frame00421.jpg 354.105377 189.145432 508.917633 277.260529 454.993317 488.791077 328.353790 398.751373 
frame00422.jpg 354.105377 189.145432 508.917633 277.260529 454.993317 488.791077 328.353790 398.751373 
frame00423.jpg 354.105377 189.145432 508.917633 277.260529 454.993317 488.791077 328.353790 398.751373 
frame00424.jpg 354.105377 189.145432 508.917633 277.260529 454.993317 488.791077 328.353790 398.751373 
frame00425.jpg 354.105377 189.145432 508.917633 277.260529 454.993317 488.791077 328.353790 398.751373 
frame00426.jpg 354.105377 189.145432 508.917633 277.260529 454.993317 488.791077 328.353790 398.751373 
frame00427.jpg 354.105377 189.145432 508.917633 277.260529 454.993317 488.791077 328.353790 398.751373 
frame00428.jpg 354.105377 189.145432 508.917633 277.260529 454.993317 488.791077 328.353790 398.751373 
frame00429.jpg 354.105377 189.145432 508.917633 277.260529 454.993317 488.791077 328.353790 398.751373 
frame00430.jpg 354.105377 189.145432 508.917633 277.260529 454.993317 488.791077 328.353790 398.751373 
frame00431.jpg 354.105377 189.145432 508.917633 277.260529 454.993317 488.791077 328.353790 398.751373 
frame00432.jpg 354.105377 189.145432 508.917633 277.260529 454.993317 488.791077 328.353790 398.751373 
frame00433.jpg 354.105377 189.145432 508.917633 277.260529 454.993317 488.791077 328.353790 398.751373 
frame00434.jpg 354.105377 189.145432 508.917633 277.260529 454.993317 488.791077 328.353790 398.751373 
frame00435.jpg 354.105377 189.145432 508.917633 277.260529 454.993317 488.791077 328.353790 398.751373 
frame00436.jpg 354.105377 189.145432 508.917633 277.260529 454.993317 488.791077 328.353790 398.751373 
frame00437.jpg 354.105377 189.145432 508.917633 277.260529 454.993317 488.791077 328.353790 398.751373 
frame00438.jpg 354.105377 189.145432 508.917633 277.260529 454.993317 488.791077 328.353790 398.751373 
frame00439.jpg 354.105377 189.145432 508.917633 277.260529 454.993317 488.791077 328.353790 398.751373 
frame00440.jpg 354.105377 189.145432 508.917633 277.260529 454.993317 488.791077 328.353790 398.751373 
frame00441.jpg 354.105377 189.145432 508.917633 277.260529 454.993317 488.791077 328.353790 398.751373 
frame00442.jpg 354.105377 189.145432 508.917633 277.260529 454.993317 488.791077 328.353790 398.751373 
frame00443.jpg 354.105377 189.145432 508.917633 277.260529 454.993317 488.791077 328.353790 398.751373 
frame00444.jpg 354.105377 189.145432 508.917633 277.260529 454.993317 488.791077 328.353790 398.751373 
frame00445.jpg 354.105377 189.145432 508.917633 277.260529 454.993317 488.791077 328.353790 398.751373 
frame00446.jpg 354.105377 189.145432 508.917633 277.260529 454.993317 488.791077 328.353790 398.751373 
frame00447.jpg 354.105377 189.145432 508.917633 277.260529 454.993317 488.791077 328.353790 398.751373 
frame00448.jpg 354.105377 189.145432 508.917633 277.260529 454.993317 488.791077 328.353790 398.751373 
frame00449.jpg 354.105377 189.145432 508.917633 277.260529 454.993317 488.791077 328.353790 398.751373 
frame00450.jpg 354.105377 189.145432 508.917633 277.260529 454.993317 488.791077 328.353790 398.751373 
frame00451.jpg 354.105377 189.145432 508.917633 277.260529 454.993317 488.791077 328.353790 398.751373 
frame00452.jpg 354.105377 189.145432 508.917633 277.260529 454.993317 488.791077 328.353790 398.751373 
frame00453.jpg 354.105377 189.145432 508.917633 277.260529 454.993317 488.791077 328.353790 398.751373 
frame00454.jpg 354.105377 189.145432 508.917633 277.260529 454.993317 488.791077 328.353790 398.751373 
frame00455.jpg 354.105377 189.145432 508.917633 277.260529 454.993317 488.791077 328.353790 398.751373 
frame00456.jpg 354.105377 189.145432 508.917633 277.260529 454.993317 488.791077 328.353790 398.751373 
frame00457.jpg 354.105377 189.145432 508.917633 277.260529 454.993317 488.791077 328.353790 398.751373 
frame00458.jpg 354.105377 189.145432 508.917633 277.260529 454.993317 488.791077 328.353790 398.751373 
frame00459.jpg 354.105377 189.145432 508.917633 277.260529 454.993317 488.791077 328.353790 398.751373 
frame00460.jpg 354.105377 189.145432 508.917633 277.260529 454.993317 488.791077 328.353790 398.751373 
frame00461.jpg 354.105377 189.145432 508.917633 277.260529 454.993317 488.791077 328.353790 398.751373 
frame00462.jpg 354.105377 189.145432 508.917633 277.260529 454.993317 488.791077 328.353790 398.751373 
frame00463.jpg 354.105377 189.145432 508.917633 277.260529 454.993317 488.791077 328.353790 398.751373 
frame00464.jpg 354.105377 189.145432 508.917633 277.260529 454.993317 488.791077 328.353790 398.751373 
frame00465.jpg 354.105377 189.145432 508.917633 277.260529 454.993317 488.791077 328.353790 398.751373 
frame00466.jpg 354.105377 189.145432 508.917633 277.260529 454.993317 488.791077 328.353790 398.751373 
frame00467.jpg 354.105377 189.145432 508.917633 277.260529 454.993317 488.791077 328.353790 398.751373 
frame00468.jpg 354.105377 189.145432 508.917633 277.260529 454.993317 488.791077 328.353790 398.751373 
frame00469.jpg 354.105377 189.145432 508.917633 277.260529 454.993317 488.791077 328.353790 398.751373 
frame00470.jpg 354.105377 189.145432 508.917633 277.260529 454.993317 488.791077 328.353790 398.751373 
frame00471.jpg 354.105377 189.145432 508.917633 277.260529 454.993317 488.791077 328.353790 398.751373 
frame00472.jpg 354.105377 189.145432 508.917633 277.260529 454.993317 488.791077 328.353790 398.751373 
frame00473.jpg 354.105377 189.145432 508.917633 277.260529 454.993317 488.791077 328.353790 398.751373 
frame00474.jpg 354.105377 189.145432 508.917633 277.260529 454.993317 488.791077 328.353790 398.751373 
frame00475.jpg 354.105377 189.145432 508.917633 277.260529 454.993317 488.791077 328.353790 398.751373 
frame00476.jpg 354.105377 189.145432 508.917633 277.260529 454.993317 488.791077 328.353790 398.751373 
frame00477.jpg 354.105377 189.145432 508.917633 277.260529 454.993317 488.791077 328.353790 398.751373 
frame00478.jpg 354.105377 189.145432 508.917633 277.260529 454.993317 488.791077 328.353790 398.751373 
frame00479.jpg 354.105377 189.145432 508.917633 277.260529 454.993317 488.791077 328.353790 398.751373 
frame00480.jpg 354.105377 189.145432 508.917633 277.260529 454.993317 488.791077 328.353790 398.751373 
frame00481.jpg 354.105377 189.145432 508.917633 277.260529 454.993317 488.791077 328.353790 398.751373 
frame00482.jpg 354.105377 189.145432 508.917633 277.260529 454.993317 488.791077 328.353790 398.751373 
frame00483.jpg 354.105377 189.145432 508.917633 277.260529 454.993317 488.791077 328.353790 398.751373 
frame00484.jpg 354.105377 189.145432 508.917633 277.260529 454.993317 488.791077 328.353790 398.751373 
frame00485.jpg 354.105377 189.145432 508.917633 277.260529 454.993317 488.791077 328.353790 398.751373 
frame00486.jpg 354.105377 189.145432 508.917633 277.260529 454.993317 488.791077 328.353790 398.751373 
frame00487.jpg 354.105377 189.145432 508.917633 277.260529 454.993317 488.791077 328.353790 398.751373 
frame00488.jpg 354.105377 189.145432 508.917633 277.260529 454.993317 488.791077 328.353790 398.751373 
frame00489.jpg 354.105377 189.145432 508.917633 277.260529 454.993317 488.791077 328.353790 398.751373 
frame00490.jpg 354.105377 189.145432 508.917633 277.260529 454.993317 488.791077 328.353790 398.751373 
frame00491.jpg 354.105377 189.145432 508.917633 277.260529 454.993317 488.791077 328.353790 398.751373 
frame00492.jpg 354.105377 189.145432 508.917633 277.260529 454.993317 488.791077 328.353790 398.751373 
frame00493.jpg 354.105377 189.145432 508.917633 277.260529 454.993317 488.791077 328.353790 398.751373 
frame00494.jpg 354.105377 189.145432 508.917633 277.260529 454.993317 488.791077 328.353790 398.751373 
frame00495.jpg 354.105377 189.145432 508.917633 277.260529 454.993317 488.791077 328.353790 398.751373 
frame00496.jpg 354.105377 189.145432 508.917633 277.260529 454.993317 488.791077 328.353790 398.751373 
frame00497.jpg 354.105377 189.145432 508.917633 277.260529 454.993317 488.791077 328.353790 398.751373 
frame00498.jpg 354.105377 189.145432 508.917633 277.260529 454.993317 488.791077 328.353790 398.751373 
frame00499.jpg 354.105377 189.145432 508.917633 277.260529 454.993317 488.791077 328.353790 398.751373 
frame00500.jpg 354.105377 189.145432 508.917633 277.260529 454.993317 488.791077 328.353790 398.751373 
frame00501.jpg 354.105377 189.145432 508.917633 277.260529 454.993317 488.791077 328.353790 398.751373 
frame00502.jpg 354.105377 189.145432 508.917633 277.260529 454.993317 488.791077 328.353790 398.751373 
frame00503.jpg 354.105377 189.145432 508.917633 277.260529 454.993317 488.791077 328.353790 398.751373 
frame00504.jpg 354.105377 189.145432 508.917633 277.260529 454.993317 488.791077 328.353790 398.751373 
frame00505.jpg 354.105377 189.145432 508.917633 277.260529 454.993317 488.791077 328.353790 398.751373 
frame00506.jpg 354.105377 189.145432 508.917633 277.260529 454.993317 488.791077 328.353790 398.751373 
frame00507.jpg 354.105377 189.145432 508.917633 277.260529 454.993317 488.791077 328.353790 398.751373 
frame00508.jpg 354.105377 189.145432 508.917633 277.260529 454.993317 488.791077 328.353790 398.751373 
frame00509.jpg 354.105377 189.145432 508.917633 277.260529 454.993317 488.791077 328.353790 398.751373 
frame00510.jpg 354.105377 189.145432 508.917633 277.260529 454.993317 488.791077 328.353790 398.751373 
frame00511.jpg 354.105377 189.145432 508.917633 277.260529 454.993317 488.791077 328.353790 398.751373 
frame00512.jpg 354.105377 189.145432 508.917633 277.260529 454.993317 488.791077 328.353790 398.751373 
frame00513.jpg 354.105377 189.145432 508.917633 277.260529 454.993317 488.791077 328.353790 398.751373 
frame00514.jpg 354.105377 189.145432 508.917633 277.260529 454.993317 488.791077 328.353790 398.751373 
frame00515.jpg 354.105377 189.145432 508.917633 277.260529 454.993317 488.791077 328.353790 398.751373 
frame00516.jpg 354.105377 189.145432 508.917633 277.260529 454.993317 488.791077 328.353790 398.751373 
frame00517.jpg 354.105377 189.145432 508.917633 277.260529 454.993317 488.791077 328.353790 398.751373 
frame00518.jpg 354.105377 189.145432 508.917633 277.260529 454.993317 488.791077 328.353790 398.751373 
frame00519.jpg 354.105377 189.145432 508.917633 277.260529 454.993317 488.791077 328.353790 398.751373 
frame00520.jpg 354.105377 189.145432 508.917633 277.260529 454.993317 488.791077 328.353790 398.751373 
frame00521.jpg 354.105377 189.145432 508.917633 277.260529 454.993317 488.791077 328.353790 398.751373 
frame00522.jpg 354.105377 189.145432 508.917633 277.260529 454.993317 488.791077 328.353790 398.751373 
frame00523.jpg 354.105377 189.145432 508.917633 277.260529 454.993317 488.791077 328.353790 398.751373 
frame00524.jpg 354.105377 189.145432 508.917633 277.260529 454.993317 488.791077 328.353790 398.751373 
frame00525.jpg 354.105377 189.145432 508.917633 277.260529 454.993317 488.791077 328.353790 398.751373 
frame00526.jpg 354.105377 189.145432 508.917633 277.260529 454.993317 488.791077 328.353790 398.751373 
frame00527.jpg 354.105377 189.145432 508.917633 277.260529 454.993317 488.791077 328.353790 398.751373 
frame00528.jpg 354.105377 189.145432 508.917633 277.260529 454.993317 488.791077 328.353790 398.751373 
frame00529.jpg 354.105377 189.145432 508.917633 277.260529 454.993317 488.791077 328.353790 398.751373 
frame00530.jpg 354.105377 189.145432 508.917633 277.260529 454.993317 488.791077 328.353790 398.751373 
frame00531.jpg 354.105377 189.145432 508.917633 277.260529 454.993317 488.791077 328.353790 398.751373 
frame00532.jpg 354.105377 189.145432 508.917633 277.260529 454.993317 488.791077 328.353790 398.751373 
frame00533.jpg 354.105377 189.145432 508.917633 277.260529 454.993317 488.791077 328.353790 398.751373 
frame00534.jpg 354.105377 189.145432 508.917633 277.260529 454.993317 488.791077 328.353790 398.751373 
frame00535.jpg 354.105377 189.145432 508.917633 277.260529 454.993317 488.791077 328.353790 398.751373 
frame00536.jpg 354.105377 189.145432 508.917633 277.260529 454.993317 488.791077 328.353790 398.751373 
frame00537.jpg 354.105377 189.145432 508.917633 277.260529 454.993317 488.791077 328.353790 398.751373 
frame00538.jpg 354.105377 189.145432 508.917633 277.260529 454.993317 488.791077 328.353790 398.751373 
frame00539.jpg 354.105377 189.145432 508.917633 277.260529 454.993317 488.791077 328.353790 398.751373 
frame00540.jpg 354.105377 189.145432 508.917633 277.260529 454.993317 488.791077 328.353790 398.751373 
frame00541.jpg 354.105377 189.145432 508.917633 277.260529 454.993317 488.791077 328.353790 398.751373 
frame00542.jpg 354.105377 189.145432 508.917633 277.260529 454.993317 488.791077 328.353790 398.751373 
frame00543.jpg 354.105377 189.145432 508.917633 277.260529 454.993317 488.791077 328.353790 398.751373 
frame00544.jpg 354.105377 189.145432 508.917633 277.260529 454.993317 488.791077 328.353790 398.751373 
frame00545.jpg 354.105377 189.145432 508.917633 277.260529 454.993317 488.791077 328.353790 398.751373 
frame00546.jpg 354.105377 189.145432 508.917633 277.260529 454.993317 488.791077 328.353790 398.751373 
frame00547.jpg 354.105377 189.145432 508.917633 277.260529 454.993317 488.791077 328.353790 398.751373 
frame00548.jpg 354.105377 189.145432 508.917633 277.260529 454.993317 488.791077 328.353790 398.751373 
frame00549.jpg 354.105377 189.145432 508.917633 277.260529 454.993317 488.791077 328.353790 398.751373 
frame00550.jpg 354.105377 189.145432 508.917633 277.260529 454.993317 488.791077 328.353790 398.751373 
frame00551.jpg 354.105377 189.145432 508.917633 277.260529 454.993317 488.791077 328.353790 398.751373 
frame00552.jpg 354.105377 189.145432 508.917633 277.260529 454.993317 488.791077 328.353790 398.751373 
frame00553.jpg 354.105377 189.145432 508.917633 277.260529 454.993317 488.791077 328.353790 398.751373 
frame00554.jpg 354.105377 189.145432 508.917633 277.260529 454.993317 488.791077 328.353790 398.751373 
frame00555.jpg 354.105377 189.145432 508.917633 277.260529 454.993317 488.791077 328.353790 398.751373 
frame00556.jpg 354.105377 189.145432 508.917633 277.260529 454.993317 488.791077 328.353790 398.751373 
frame00557.jpg 354.105377 189.145432 508.917633 277.260529 454.993317 488.791077 328.353790 398.751373 
frame00558.jpg 354.105377 189.145432 508.917633 277.260529 454.993317 488.791077 328.353790 398.751373 
frame00559.jpg 354.105377 189.145432 508.917633 277.260529 454.993317 488.791077 328.353790 398.751373 
frame00560.jpg 354.105377 189.145432 508.917633 277.260529 454.993317 488.791077 328.353790 398.751373 
frame00561.jpg 354.105377 189.145432 508.917633 277.260529 454.993317 488.791077 328.353790 398.751373 
frame00562.jpg 354.105377 189.145432 508.917633 277.260529 454.993317 488.791077 328.353790 398.751373 
frame00563.jpg 354.105377 189.145432 508.917633 277.260529 454.993317 488.791077 328.353790 398.751373 
frame00564.jpg 354.105377 189.145432 508.917633 277.260529 454.993317 488.791077 328.353790 398.751373 
frame00565.jpg 354.105377 189.145432 508.917633 277.260529 454.993317 488.791077 328.353790 398.751373 
frame00566.jpg 354.105377 189.145432 508.917633 277.260529 454.993317 488.791077 328.353790 398.751373 
frame00567.jpg 354.105377 189.145432 508.917633 277.260529 454.993317 488.791077 328.353790 398.751373 
frame00568.jpg 354.105377 189.145432 508.917633 277.260529 454.993317 488.791077 328.353790 398.751373 
frame00569.jpg 354.105377 189.145432 508.917633 277.260529 454.993317 488.791077 328.353790 398.751373 
frame00570.jpg 354.105377 189.145432 508.917633 277.260529 454.993317 488.791077 328.353790 398.751373 
frame00571.jpg 354.105377 189.145432 508.917633 277.260529 454.993317 488.791077 328.353790 398.751373 
frame00572.jpg 354.105377 189.145432 508.917633 277.260529 454.993317 488.791077 328.353790 398.751373 
frame00573.jpg 354.105377 189.145432 508.917633 277.260529 454.993317 488.791077 328.353790 398.751373 
frame00574.jpg 354.105377 189.145432 508.917633 277.260529 454.993317 488.791077 328.353790 398.751373 
frame00575.jpg 354.105377 189.145432 508.917633 277.260529 454.993317 488.791077 328.353790 398.751373 
frame00576.jpg 354.105377 189.145432 508.917633 277.260529 454.993317 488.791077 328.353790 398.751373 
frame00577.jpg 354.105377 189.145432 508.917633 277.260529 454.993317 488.791077 328.353790 398.751373 
frame00578.jpg 354.105377 189.145432 508.917633 277.260529 454.993317 488.791077 328.353790 398.751373 
frame00579.jpg 354.105377 189.145432 508.917633 277.260529 454.993317 488.791077 328.353790 398.751373 
frame00580.jpg 354.105377 189.145432 508.917633 277.260529 454.993317 488.791077 328.353790 398.751373 
frame00581.jpg 354.105377 189.145432 508.917633 277.260529 454.993317 488.791077 328.353790 398.751373 
frame00582.jpg 354.105377 189.145432 508.917633 277.260529 454.993317 488.791077 328.353790 398.751373 
frame00583.jpg 354.105377 189.145432 508.917633 277.260529 454.993317 488.791077 328.353790 398.751373 
frame00584.jpg 354.105377 189.145432 508.917633 277.260529 454.993317 488.791077 328.353790 398.751373 
frame00585.jpg 354.105377 189.145432 508.917633 277.260529 454.993317 488.791077 328.353790 398.751373 
frame00586.jpg 354.105377 189.145432 508.917633 277.260529 454.993317 488.791077 328.353790 398.751373 
frame00587.jpg 354.105377 189.145432 508.917633 277.260529 454.993317 488.791077 328.353790 398.751373 
frame00588.jpg 354.105377 189.145432 508.917633 277.260529 454.993317 488.791077 328.353790 398.751373 
frame00589.jpg 354.105377 189.145432 508.917633 277.260529 454.993317 488.791077 328.353790 398.751373 
frame00590.jpg 354.105377 189.145432 508.917633 277.260529 454.993317 488.791077 328.353790 398.751373 
frame00591.jpg 354.105377 189.145432 508.917633 277.260529 454.993317 488.791077 328.353790 398.751373 
frame00592.jpg 354.105377 189.145432 508.917633 277.260529 454.993317 488.791077 328.353790 398.751373 
frame00593.jpg 354.105377 189.145432 508.917633 277.260529 454.993317 488.791077 328.353790 398.751373 
frame00594.jpg 354.105377 189.145432 508.917633 277.260529 454.993317 488.791077 328.353790 398.751373 
frame00595.jpg 354.105377 189.145432 508.917633 277.260529 454.993317 488.791077 328.353790 398.751373 
frame00596.jpg 354.105377 189.145432 508.917633 277.260529 454.993317 488.791077 328.353790 398.751373 
frame00597.jpg 354.105377 189.145432 508.917633 277.260529 454.993317 488.791077 328.353790 398.751373 
frame00598.jpg 354.105377 189.145432 508.917633 277.260529 454.993317 488.791077 328.353790 398.751373 
frame00599.jpg 354.105377 189.145432 508.917633 277.260529 454.993317 488.791077 328.353790 398.751373 
frame00600.jpg 354.105377 189.145432 508.917633 277.260529 454.993317 488.791077 328.353790 398.751373 
frame00601.jpg 354.105377 189.145432 508.917633 277.260529 454.993317 488.791077 328.353790 398.751373 
frame00602.jpg 354.105377 189.145432 508.917633 277.260529 454.993317 488.791077 328.353790 398.751373 
frame00603.jpg 354.105377 189.145432 508.917633 277.260529 454.993317 488.791077 328.353790 398.751373 
frame00604.jpg 354.105377 189.145432 508.917633 277.260529 454.993317 488.791077 328.353790 398.751373 
frame00605.jpg 354.105377 189.145432 508.917633 277.260529 454.993317 488.791077 328.353790 398.751373 
frame00606.jpg 354.105377 189.145432 508.917633 277.260529 454.993317 488.791077 328.353790 398.751373 
frame00607.jpg 354.105377 189.145432 508.917633 277.260529 454.993317 488.791077 328.353790 398.751373 
frame00608.jpg 354.105377 189.145432 508.917633 277.260529 454.993317 488.791077 328.353790 398.751373 
frame00609.jpg 354.105377 189.145432 508.917633 277.260529 454.993317 488.791077 328.353790 398.751373 
frame00610.jpg 354.105377 189.145432 508.917633 277.260529 454.993317 488.791077 328.353790 398.751373 
frame00611.jpg 354.105377 189.145432 508.917633 277.260529 454.993317 488.791077 328.353790 398.751373 
frame00612.jpg 354.105377 189.145432 508.917633 277.260529 454.993317 488.791077 328.353790 398.751373 
frame00613.jpg 354.105377 189.145432 508.917633 277.260529 454.993317 488.791077 328.353790 398.751373 
frame00614.jpg 354.105377 189.145432 508.917633 277.260529 454.993317 488.791077 328.353790 398.751373 
frame00615.jpg 354.105377 189.145432 508.917633 277.260529 454.993317 488.791077 328.353790 398.751373 
frame00616.jpg 354.105377 189.145432 508.917633 277.260529 454.993317 488.791077 328.353790 398.751373 
frame00617.jpg 354.105377 189.145432 508.917633 277.260529 454.993317 488.791077 328.353790 398.751373 
frame00618.jpg 354.105377 189.145432 508.917633 277.260529 454.993317 488.791077 328.353790 398.751373 
frame00619.jpg 354.105377 189.145432 508.917633 277.260529 454.993317 488.791077 328.353790 398.751373 
frame00620.jpg 354.105377 189.145432 508.917633 277.260529 454.993317 488.791077 328.353790 398.751373 
frame00621.jpg 354.105377 189.145432 508.917633 277.260529 454.993317 488.791077 328.353790 398.751373 
frame00622.jpg 354.105377 189.145432 508.917633 277.260529 454.993317 488.791077 328.353790 398.751373 
frame00623.jpg 354.105377 189.145432 508.917633 277.260529 454.993317 488.791077 328.353790 398.751373 
frame00624.jpg 354.105377 189.145432 508.917633 277.260529 454.993317 488.791077 328.353790 398.751373 
frame00625.jpg 354.105377 189.145432 508.917633 277.260529 454.993317 488.791077 328.353790 398.751373 
frame00626.jpg 354.105377 189.145432 508.917633 277.260529 454.993317 488.791077 328.353790 398.751373 
frame00627.jpg 354.105377 189.145432 508.917633 277.260529 454.993317 488.791077 328.353790 398.751373 
frame00628.jpg 354.105377 189.145432 508.917633 277.260529 454.993317 488.791077 328.353790 398.751373 
frame00629.jpg 354.105377 189.145432 508.917633 277.260529 454.993317 488.791077 328.353790 398.751373 
frame00630.jpg 354.105377 189.145432 508.917633 277.260529 454.993317 488.791077 328.353790 398.751373 
frame00631.jpg 354.105377 189.145432 508.917633 277.260529 454.993317 488.791077 328.353790 398.751373 
frame00632.jpg 354.105377 189.145432 508.917633 277.260529 454.993317 488.791077 328.353790 398.751373 
frame00633.jpg 354.105377 189.145432 508.917633 277.260529 454.993317 488.791077 328.353790 398.751373 
frame00634.jpg 354.105377 189.145432 508.917633 277.260529 454.993317 488.791077 328.353790 398.751373 
frame00635.jpg 354.105377 189.145432 508.917633 277.260529 454.993317 488.791077 328.353790 398.751373 
frame00636.jpg 354.105377 189.145432 508.917633 277.260529 454.993317 488.791077 328.353790 398.751373 
frame00637.jpg 354.105377 189.145432 508.917633 277.260529 454.993317 488.791077 328.353790 398.751373 
frame00638.jpg 354.105377 189.145432 508.917633 277.260529 454.993317 488.791077 328.353790 398.751373 
frame00639.jpg 354.105377 189.145432 508.917633 277.260529 454.993317 488.791077 328.353790 398.751373 
frame00640.jpg 354.105377 189.145432 508.917633 277.260529 454.993317 488.791077 328.353790 398.751373 
frame00641.jpg 354.105377 189.145432 508.917633 277.260529 454.993317 488.791077 328.353790 398.751373 
frame00642.jpg 354.105377 189.145432 508.917633 277.260529 454.993317 488.791077 328.353790 398.751373 
frame00643.jpg 354.105377 189.145432 508.917633 277.260529 454.993317 488.791077 328.353790 398.751373 
frame00644.jpg 354.105377 189.145432 508.917633 277.260529 454.993317 488.791077 328.353790 398.751373 
frame00645.jpg 354.105377 189.145432 508.917633 277.260529 454.993317 488.791077 328.353790 398.751373 
frame00646.jpg 354.105377 189.145432 508.917633 277.260529 454.993317 488.791077 328.353790 398.751373 
frame00647.jpg 354.105377 189.145432 508.917633 277.260529 454.993317 488.791077 328.353790 398.751373 
frame00648.jpg 354.105377 189.145432 508.917633 277.260529 454.993317 488.791077 328.353790 398.751373 
frame00649.jpg 354.105377 189.145432 508.917633 277.260529 454.993317 488.791077 328.353790 398.751373 
frame00650.jpg 354.105377 189.145432 508.917633 277.260529 454.993317 488.791077 328.353790 398.751373 
frame00651.jpg 354.105377 189.145432 508.917633 277.260529 454.993317 488.791077 328.353790 398.751373 
frame00652.jpg 354.105377 189.145432 508.917633 277.260529 454.993317 488.791077 328.353790 398.751373 
frame00653.jpg 354.105377 189.145432 508.917633 277.260529 454.993317 488.791077 328.353790 398.751373 
frame00654.jpg 354.105377 189.145432 508.917633 277.260529 454.993317 488.791077 328.353790 398.751373 
frame00655.jpg 354.105377 189.145432 508.917633 277.260529 454.993317 488.791077 328.353790 398.751373 
frame00656.jpg 354.105377 189.145432 508.917633 277.260529 454.993317 488.791077 328.353790 398.751373 
frame00657.jpg 354.105377 189.145432 508.917633 277.260529 454.993317 488.791077 328.353790 398.751373 
frame00658.jpg 354.105377 189.145432 508.917633 277.260529 454.993317 488.791077 328.353790 398.751373 
frame00659.jpg 354.105377 189.145432 508.917633 277.260529 454.993317 488.791077 328.353790 398.751373 
frame00660.jpg 354.105377 189.145432 508.917633 277.260529 454.993317 488.791077 328.353790 398.751373 
frame00661.jpg 354.105377 189.145432 508.917633 277.260529 454.993317 488.791077 328.353790 398.751373 
frame00662.jpg 354.105377 189.145432 508.917633 277.260529 454.993317 488.791077 328.353790 398.751373 
frame00663.jpg 354.105377 189.145432 508.917633 277.260529 454.993317 488.791077 328.353790 398.751373 
frame00664.jpg 354.105377 189.145432 508.917633 277.260529 454.993317 488.791077 328.353790 398.751373 
frame00665.jpg 354.105377 189.145432 508.917633 277.260529 454.993317 488.791077 328.353790 398.751373 
frame00666.jpg 354.105377 189.145432 508.917633 277.260529 454.993317 488.791077 328.353790 398.751373 
frame00667.jpg 354.105377 189.145432 508.917633 277.260529 454.993317 488.791077 328.353790 398.751373 
frame00668.jpg 354.105377 189.145432 508.917633 277.260529 454.993317 488.791077 328.353790 398.751373 
frame00669.jpg 354.105377 189.145432 508.917633 277.260529 454.993317 488.791077 328.353790 398.751373 
frame00670.jpg 354.105377 189.145432 508.917633 277.260529 454.993317 488.791077 328.353790 398.751373 
frame00671.jpg 354.105377 189.145432 508.917633 277.260529 454.993317 488.791077 328.353790 398.751373 
frame00672.jpg 354.105377 189.145432 508.917633 277.260529 454.993317 488.791077 328.353790 398.751373 
frame00673.jpg 354.105377 189.145432 508.917633 277.260529 454.993317 488.791077 328.353790 398.751373 
frame00674.jpg 354.105377 189.145432 508.917633 277.260529 454.993317 488.791077 328.353790 398.751373 
frame00675.jpg 354.105377 189.145432 508.917633 277.260529 454.993317 488.791077 328.353790 398.751373 
frame00676.jpg 354.105377 189.145432 508.917633 277.260529 454.993317 488.791077 328.353790 398.751373 
frame00677.jpg 354.105377 189.145432 508.917633 277.260529 454.993317 488.791077 328.353790 398.751373 
frame00678.jpg 354.105377 189.145432 508.917633 277.260529 454.993317 488.791077 328.353790 398.751373 
frame00679.jpg 354.105377 189.145432 508.917633 277.260529 454.993317 488.791077 328.353790 398.751373 
frame00680.jpg 354.105377 189.145432 508.917633 277.260529 454.993317 488.791077 328.353790 398.751373 
frame00681.jpg 354.105377 189.145432 508.917633 277.260529 454.993317 488.791077 328.353790 398.751373 
frame00682.jpg 354.105377 189.145432 508.917633 277.260529 454.993317 488.791077 328.353790 398.751373 
frame00683.jpg 354.105377 189.145432 508.917633 277.260529 454.993317 488.791077 328.353790 398.751373 
frame00684.jpg 354.105377 189.145432 508.917633 277.260529 454.993317 488.791077 328.353790 398.751373 
frame00685.jpg 354.105377 189.145432 508.917633 277.260529 454.993317 488.791077 328.353790 398.751373 
frame00686.jpg 354.105377 189.145432 508.917633 277.260529 454.993317 488.791077 328.353790 398.751373 
frame00687.jpg 354.105377 189.145432 508.917633 277.260529 454.993317 488.791077 328.353790 398.751373 
frame00688.jpg 354.105377 189.145432 508.917633 277.260529 454.993317 488.791077 328.353790 398.751373 
frame00689.jpg 354.105377 189.145432 508.917633 277.260529 454.993317 488.791077 328.353790 398.751373 
frame00690.jpg 354.105377 189.145432 508.917633 277.260529 454.993317 488.791077 328.353790 398.751373 
frame00691.jpg 354.105377 189.145432 508.917633 277.260529 454.993317 488.791077 328.353790 398.751373 
frame00692.jpg 354.105377 189.145432 508.917633 277.260529 454.993317 488.791077 328.353790 398.751373 
frame00693.jpg 354.105377 189.145432 508.917633 277.260529 454.993317 488.791077 328.353790 398.751373 
frame00694.jpg 354.105377 189.145432 508.917633 277.260529 454.993317 488.791077 328.353790 398.751373 
frame00695.jpg 354.105377 189.145432 508.917633 277.260529 454.993317 488.791077 328.353790 398.751373 
frame00696.jpg 354.105377 189.145432 508.917633 277.260529 454.993317 488.791077 328.353790 398.751373 
frame00697.jpg 354.105377 189.145432 508.917633 277.260529 454.993317 488.791077 328.353790 398.751373 
frame00698.jpg 354.105377 189.145432 508.917633 277.260529 454.993317 488.791077 328.353790 398.751373 
frame00699.jpg 354.105377 189.145432 508.917633 277.260529 454.993317 488.791077 328.353790 398.751373 
frame00700.jpg 354.105377 189.145432 508.917633 277.260529 454.993317 488.791077 328.353790 398.751373 
frame00701.jpg 354.105377 189.145432 508.917633 277.260529 454.993317 488.791077 328.353790 398.751373 
frame00702.jpg 354.105377 189.145432 508.917633 277.260529 454.993317 488.791077 328.353790 398.751373 
frame00703.jpg 354.105377 189.145432 508.917633 277.260529 454.993317 488.791077 328.353790 398.751373 
frame00704.jpg 354.105377 189.145432 508.917633 277.260529 454.993317 488.791077 328.353790 398.751373 
frame00705.jpg 354.105377 189.145432 508.917633 277.260529 454.993317 488.791077 328.353790 398.751373 
frame00706.jpg 354.105377 189.145432 508.917633 277.260529 454.993317 488.791077 328.353790 398.751373 
frame00707.jpg 354.105377 189.145432 508.917633 277.260529 454.993317 488.791077 328.353790 398.751373 
frame00708.jpg 354.105377 189.145432 508.917633 277.260529 454.993317 488.791077 328.353790 398.751373 
frame00709.jpg 354.105377 189.145432 508.917633 277.260529 454.993317 488.791077 328.353790 398.751373 
frame00710.jpg 354.105377 189.145432 508.917633 277.260529 454.993317 488.791077 328.353790 398.751373 
frame00711.jpg 354.105377 189.145432 508.917633 277.260529 454.993317 488.791077 328.353790 398.751373 
frame00712.jpg 354.105377 189.145432 508.917633 277.260529 454.993317 488.791077 328.353790 398.751373 
frame00713.jpg 354.105377 189.145432 508.917633 277.260529 454.993317 488.791077 328.353790 398.751373 
frame00714.jpg 354.105377 189.145432 508.917633 277.260529 454.993317 488.791077 328.353790 398.751373 
frame00715.jpg 354.105377 189.145432 508.917633 277.260529 454.993317 488.791077 328.353790 398.751373 
frame00716.jpg 354.105377 189.145432 508.917633 277.260529 454.993317 488.791077 328.353790 398.751373 
frame00717.jpg 354.105377 189.145432 508.917633 277.260529 454.993317 488.791077 328.353790 398.751373 
frame00718.jpg 354.105377 189.145432 508.917633 277.260529 454.993317 488.791077 328.353790 398.751373 
frame00719.jpg 354.105377 189.145432 508.917633 277.260529 454.993317 488.791077 328.353790 398.751373 
frame00720.jpg 354.105377 189.145432 508.917633 277.260529 454.993317 488.791077 328.353790 398.751373 
frame00721.jpg 354.105377 189.145432 508.917633 277.260529 454.993317 488.791077 328.353790 398.751373 
frame00722.jpg 354.105377 189.145432 508.917633 277.260529 454.993317 488.791077 328.353790 398.751373 
frame00723.jpg 354.105377 189.145432 508.917633 277.260529 454.993317 488.791077 328.353790 398.751373 
frame00724.jpg 354.105377 189.145432 508.917633 277.260529 454.993317 488.791077 328.353790 398.751373 
frame00725.jpg 354.105377 189.145432 508.917633 277.260529 454.993317 488.791077 328.353790 398.751373 
frame00726.jpg 354.105377 189.145432 508.917633 277.260529 454.993317 488.791077 328.353790 398.751373 
frame00727.jpg 354.105377 189.145432 508.917633 277.260529 454.993317 488.791077 328.353790 398.751373 
frame00728.jpg 354.105377 189.145432 508.917633 277.260529 454.993317 488.791077 328.353790 398.751373 
frame00729.jpg 354.105377 189.145432 508.917633 277.260529 454.993317 488.791077 328.353790 398.751373 
frame00730.jpg 354.105377 189.145432 508.917633 277.260529 454.993317 488.791077 328.353790 398.751373 
frame00731.jpg 354.105377 189.145432 508.917633 277.260529 454.993317 488.791077 328.353790 398.751373 
frame00732.jpg 354.105377 189.145432 508.917633 277.260529 454.993317 488.791077 328.353790 398.751373 
frame00733.jpg 354.105377 189.145432 508.917633 277.260529 454.993317 488.791077 328.353790 398.751373 
frame00734.jpg 354.105377 189.145432 508.917633 277.260529 454.993317 488.791077 328.353790 398.751373 
frame00735.jpg 354.105377 189.145432 508.917633 277.260529 454.993317 488.791077 328.353790 398.751373 
frame00736.jpg 354.105377 189.145432 508.917633 277.260529 454.993317 488.791077 328.353790 398.751373 
frame00737.jpg 354.105377 189.145432 508.917633 277.260529 454.993317 488.791077 328.353790 398.751373 
frame00738.jpg 354.105377 189.145432 508.917633 277.260529 454.993317 488.791077 328.353790 398.751373 
frame00739.jpg 354.105377 189.145432 508.917633 277.260529 454.993317 488.791077 328.353790 398.751373 
frame00740.jpg 354.105377 189.145432 508.917633 277.260529 454.993317 488.791077 328.353790 398.751373 
frame00741.jpg 354.105377 189.145432 508.917633 277.260529 454.993317 488.791077 328.353790 398.751373 
frame00742.jpg 354.105377 189.145432 508.917633 277.260529 454.993317 488.791077 328.353790 398.751373 
frame00743.jpg 354.105377 189.145432 508.917633 277.260529 454.993317 488.791077 328.353790 398.751373 
frame00744.jpg 354.105377 189.145432 508.917633 277.260529 454.993317 488.791077 328.353790 398.751373 
frame00745.jpg 354.105377 189.145432 508.917633 277.260529 454.993317 488.791077 328.353790 398.751373 
frame00746.jpg 354.105377 189.145432 508.917633 277.260529 454.993317 488.791077 328.353790 398.751373 
frame00747.jpg 354.105377 189.145432 508.917633 277.260529 454.993317 488.791077 328.353790 398.751373 
frame00748.jpg 354.105377 189.145432 508.917633 277.260529 454.993317 488.791077 328.353790 398.751373 
frame00749.jpg 354.105377 189.145432 508.917633 277.260529 454.993317 488.791077 328.353790 398.751373 
frame00750.jpg 354.105377 189.145432 508.917633 277.260529 454.993317 488.791077 328.353790 398.751373 
frame00751.jpg 354.105377 189.145432 508.917633 277.260529 454.993317 488.791077 328.353790 398.751373 
frame00752.jpg 354.105377 189.145432 508.917633 277.260529 454.993317 488.791077 328.353790 398.751373 
frame00753.jpg 354.105377 189.145432 508.917633 277.260529 454.993317 488.791077 328.353790 398.751373 
frame00754.jpg 354.105377 189.145432 508.917633 277.260529 454.993317 488.791077 328.353790 398.751373 
frame00755.jpg 354.105377 189.145432 508.917633 277.260529 454.993317 488.791077 328.353790 398.751373 
frame00756.jpg 354.105377 189.145432 508.917633 277.260529 454.993317 488.791077 328.353790 398.751373 
frame00757.jpg 354.105377 189.145432 508.917633 277.260529 454.993317 488.791077 328.353790 398.751373 
frame00758.jpg 354.105377 189.145432 508.917633 277.260529 454.993317 488.791077 328.353790 398.751373 
frame00759.jpg 354.105377 189.145432 508.917633 277.260529 454.993317 488.791077 328.353790 398.751373 
frame00760.jpg 354.105377 189.145432 508.917633 277.260529 454.993317 488.791077 328.353790 398.751373 
frame00761.jpg 354.105377 189.145432 508.917633 277.260529 454.993317 488.791077 328.353790 398.751373 
frame00762.jpg 354.105377 189.145432 508.917633 277.260529 454.993317 488.791077 328.353790 398.751373 
frame00763.jpg 354.105377 189.145432 508.917633 277.260529 454.993317 488.791077 328.353790 398.751373 
frame00764.jpg 354.105377 189.145432 508.917633 277.260529 454.993317 488.791077 328.353790 398.751373 
frame00765.jpg 354.105377 189.145432 508.917633 277.260529 454.993317 488.791077 328.353790 398.751373 
frame00766.jpg 354.105377 189.145432 508.917633 277.260529 454.993317 488.791077 328.353790 398.751373 
frame00767.jpg 354.105377 189.145432 508.917633 277.260529 454.993317 488.791077 328.353790 398.751373 
frame00768.jpg 354.105377 189.145432 508.917633 277.260529 454.993317 488.791077 328.353790 398.751373 
frame00769.jpg 354.105377 189.145432 508.917633 277.260529 454.993317 488.791077 328.353790 398.751373 
frame00770.jpg 354.105377 189.145432 508.917633 277.260529 454.993317 488.791077 328.353790 398.751373 
frame00771.jpg 354.105377 189.145432 508.917633 277.260529 454.993317 488.791077 328.353790 398.751373 
frame00772.jpg 354.105377 189.145432 508.917633 277.260529 454.993317 488.791077 328.353790 398.751373 
frame00773.jpg 354.105377 189.145432 508.917633 277.260529 454.993317 488.791077 328.353790 398.751373 
frame00774.jpg 354.105377 189.145432 508.917633 277.260529 454.993317 488.791077 328.353790 398.751373 
frame00775.jpg 354.105377 189.145432 508.917633 277.260529 454.993317 488.791077 328.353790 398.751373 
frame00776.jpg 354.105377 189.145432 508.917633 277.260529 454.993317 488.791077 328.353790 398.751373 
frame00777.jpg 354.105377 189.145432 508.917633 277.260529 454.993317 488.791077 328.353790 398.751373 
frame00778.jpg 354.105377 189.145432 508.917633 277.260529 454.993317 488.791077 328.353790 398.751373 
frame00779.jpg 354.105377 189.145432 508.917633 277.260529 454.993317 488.791077 328.353790 398.751373 
frame00780.jpg 354.105377 189.145432 508.917633 277.260529 454.993317 488.791077 328.353790 398.751373 
frame00781.jpg 354.105377 189.145432 508.917633 277.260529 454.993317 488.791077 328.353790 398.751373 
frame00782.jpg 354.105377 189.145432 508.917633 277.260529 454.993317 488.791077 328.353790 398.751373 
frame00783.jpg 354.105377 189.145432 508.917633 277.260529 454.993317 488.791077 328.353790 398.751373 
frame00784.jpg 354.105377 189.145432 508.917633 277.260529 454.993317 488.791077 328.353790 398.751373 
frame00785.jpg 354.105377 189.145432 508.917633 277.260529 454.993317 488.791077 328.353790 398.751373 
frame00786.jpg 354.105377 189.145432 508.917633 277.260529 454.993317 488.791077 328.353790 398.751373 
frame00787.jpg 354.105377 189.145432 508.917633 277.260529 454.993317 488.791077 328.353790 398.751373 
frame00788.jpg 354.105377 189.145432 508.917633 277.260529 454.993317 488.791077 328.353790 398.751373 
frame00789.jpg 354.105377 189.145432 508.917633 277.260529 454.993317 488.791077 328.353790 398.751373 
frame00790.jpg 354.105377 189.145432 508.917633 277.260529 454.993317 488.791077 328.353790 398.751373 
frame00791.jpg 354.105377 189.145432 508.917633 277.260529 454.993317 488.791077 328.353790 398.751373 
frame00792.jpg 354.105377 189.145432 508.917633 277.260529 454.993317 488.791077 328.353790 398.751373 
frame00793.jpg 354.105377 189.145432 508.917633 277.260529 454.993317 488.791077 328.353790 398.751373 
frame00794.jpg 354.105377 189.145432 508.917633 277.260529 454.993317 488.791077 328.353790 398.751373 
frame00795.jpg 354.105377 189.145432 508.917633 277.260529 454.993317 488.791077 328.353790 398.751373 
frame00796.jpg 354.105377 189.145432 508.917633 277.260529 454.993317 488.791077 328.353790 398.751373 
frame00797.jpg 354.105377 189.145432 508.917633 277.260529 454.993317 488.791077 328.353790 398.751373 
frame00798.jpg 354.105377 189.145432 508.917633 277.260529 454.993317 488.791077 328.353790 398.751373 
frame00799.jpg 354.105377 189.145432 508.917633 277.260529 454.993317 488.791077 328.353790 398.751373 
frame00800.jpg 354.105377 189.145432 508.917633 277.260529 454.993317 488.791077 328.353790 398.751373 
frame00801.jpg 354.105377 189.145432 508.917633 277.260529 454.993317 488.791077 328.353790 398.751373 
frame00802.jpg 354.105377 189.145432 508.917633 277.260529 454.993317 488.791077 328.353790 398.751373 
frame00803.jpg 354.105377 189.145432 508.917633 277.260529 454.993317 488.791077 328.353790 398.751373 
frame00804.jpg 354.105377 189.145432 508.917633 277.260529 454.993317 488.791077 328.353790 398.751373 
frame00805.jpg 354.105377 189.145432 508.917633 277.260529 454.993317 488.791077 328.353790 398.751373 
frame00806.jpg 354.105377 189.145432 508.917633 277.260529 454.993317 488.791077 328.353790 398.751373 
frame00807.jpg 354.105377 189.145432 508.917633 277.260529 454.993317 488.791077 328.353790 398.751373 
frame00808.jpg 354.105377 189.145432 508.917633 277.260529 454.993317 488.791077 328.353790 398.751373 
frame00809.jpg 354.105377 189.145432 508.917633 277.260529 454.993317 488.791077 328.353790 398.751373 
frame00810.jpg 354.105377 189.145432 508.917633 277.260529 454.993317 488.791077 328.353790 398.751373 
frame00811.jpg 354.105377 189.145432 508.917633 277.260529 454.993317 488.791077 328.353790 398.751373 
frame00812.jpg 354.105377 189.145432 508.917633 277.260529 454.993317 488.791077 328.353790 398.751373 
frame00813.jpg 354.105377 189.145432 508.917633 277.260529 454.993317 488.791077 328.353790 398.751373 
frame00814.jpg 354.105377 189.145432 508.917633 277.260529 454.993317 488.791077 328.353790 398.751373 
frame00815.jpg 354.105377 189.145432 508.917633 277.260529 454.993317 488.791077 328.353790 398.751373 
frame00816.jpg 354.105377 189.145432 508.917633 277.260529 454.993317 488.791077 328.353790 398.751373 
frame00817.jpg 354.105377 189.145432 508.917633 277.260529 454.993317 488.791077 328.353790 398.751373 
frame00818.jpg 354.105377 189.145432 508.917633 277.260529 454.993317 488.791077 328.353790 398.751373 
frame00819.jpg 354.105377 189.145432 508.917633 277.260529 454.993317 488.791077 328.353790 398.751373 
frame00820.jpg 354.105377 189.145432 508.917633 277.260529 454.993317 488.791077 328.353790 398.751373 
frame00821.jpg 354.105377 189.145432 508.917633 277.260529 454.993317 488.791077 328.353790 398.751373 
frame00822.jpg 354.105377 189.145432 508.917633 277.260529 454.993317 488.791077 328.353790 398.751373 
frame00823.jpg 354.105377 189.145432 508.917633 277.260529 454.993317 488.791077 328.353790 398.751373 
frame00824.jpg 354.105377 189.145432 508.917633 277.260529 454.993317 488.791077 328.353790 398.751373 
frame00825.jpg 354.105377 189.145432 508.917633 277.260529 454.993317 488.791077 328.353790 398.751373 
frame00826.jpg 354.105377 189.145432 508.917633 277.260529 454.993317 488.791077 328.353790 398.751373 
frame00827.jpg 354.105377 189.145432 508.917633 277.260529 454.993317 488.791077 328.353790 398.751373 
frame00828.jpg 354.105377 189.145432 508.917633 277.260529 454.993317 488.791077 328.353790 398.751373 
frame00829.jpg 354.105377 189.145432 508.917633 277.260529 454.993317 488.791077 328.353790 398.751373 
frame00830.jpg 354.105377 189.145432 508.917633 277.260529 454.993317 488.791077 328.353790 398.751373 
frame00831.jpg 354.105377 189.145432 508.917633 277.260529 454.993317 488.791077 328.353790 398.751373 
frame00832.jpg 354.105377 189.145432 508.917633 277.260529 454.993317 488.791077 328.353790 398.751373 
frame00833.jpg 354.105377 189.145432 508.917633 277.260529 454.993317 488.791077 328.353790 398.751373 
frame00834.jpg 354.105377 189.145432 508.917633 277.260529 454.993317 488.791077 328.353790 398.751373 
frame00835.jpg 354.105377 189.145432 508.917633 277.260529 454.993317 488.791077 328.353790 398.751373 
frame00836.jpg 354.105377 189.145432 508.917633 277.260529 454.993317 488.791077 328.353790 398.751373 
frame00837.jpg 354.105377 189.145432 508.917633 277.260529 454.993317 488.791077 328.353790 398.751373 
frame00838.jpg 354.105377 189.145432 508.917633 277.260529 454.993317 488.791077 328.353790 398.751373 
frame00839.jpg 354.105377 189.145432 508.917633 277.260529 454.993317 488.791077 328.353790 398.751373 
frame00840.jpg 354.105377 189.145432 508.917633 277.260529 454.993317 488.791077 328.353790 398.751373 
frame00841.jpg 354.105377 189.145432 508.917633 277.260529 454.993317 488.791077 328.353790 398.751373 
frame00842.jpg 354.105377 189.145432 508.917633 277.260529 454.993317 488.791077 328.353790 398.751373 
frame00843.jpg 354.105377 189.145432 508.917633 277.260529 454.993317 488.791077 328.353790 398.751373 
frame00844.jpg 354.105377 189.145432 508.917633 277.260529 454.993317 488.791077 328.353790 398.751373 
frame00845.jpg 354.105377 189.145432 508.917633 277.260529 454.993317 488.791077 328.353790 398.751373 
frame00846.jpg 354.105377 189.145432 508.917633 277.260529 454.993317 488.791077 328.353790 398.751373 
frame00847.jpg 354.105377 189.145432 508.917633 277.260529 454.993317 488.791077 328.353790 398.751373 
frame00848.jpg 354.105377 189.145432 508.917633 277.260529 454.993317 488.791077 328.353790 398.751373 
frame00849.jpg 354.105377 189.145432 508.917633 277.260529 454.993317 488.791077 328.353790 398.751373 
frame00850.jpg 354.105377 189.145432 508.917633 277.260529 454.993317 488.791077 328.353790 398.751373 
frame00851.jpg 354.105377 189.145432 508.917633 277.260529 454.993317 488.791077 328.353790 398.751373 
frame00852.jpg 354.105377 189.145432 508.917633 277.260529 454.993317 488.791077 328.353790 398.751373 
frame00853.jpg 354.105377 189.145432 508.917633 277.260529 454.993317 488.791077 328.353790 398.751373 
frame00854.jpg 354.105377 189.145432 508.917633 277.260529 454.993317 488.791077 328.353790 398.751373 
frame00855.jpg 354.105377 189.145432 508.917633 277.260529 454.993317 488.791077 328.353790 398.751373 
frame00856.jpg 354.105377 189.145432 508.917633 277.260529 454.993317 488.791077 328.353790 398.751373 
frame00857.jpg 354.105377 189.145432 508.917633 277.260529 454.993317 488.791077 328.353790 398.751373 
frame00858.jpg 354.105377 189.145432 508.917633 277.260529 454.993317 488.791077 328.353790 398.751373 
frame00859.jpg 354.105377 189.145432 508.917633 277.260529 454.993317 488.791077 328.353790 398.751373 
frame00860.jpg 354.105377 189.145432 508.917633 277.260529 454.993317 488.791077 328.353790 398.751373 
frame00861.jpg 354.105377 189.145432 508.917633 277.260529 454.993317 488.791077 328.353790 398.751373 
frame00862.jpg 354.105377 189.145432 508.917633 277.260529 454.993317 488.791077 328.353790 398.751373 
frame00863.jpg 354.105377 189.145432 508.917633 277.260529 454.993317 488.791077 328.353790 398.751373 
frame00864.jpg 354.105377 189.145432 508.917633 277.260529 454.993317 488.791077 328.353790 398.751373 
frame00865.jpg 354.105377 189.145432 508.917633 277.260529 454.993317 488.791077 328.353790 398.751373 
frame00866.jpg 354.105377 189.145432 508.917633 277.260529 454.993317 488.791077 328.353790 398.751373 
frame00867.jpg 354.105377 189.145432 508.917633 277.260529 454.993317 488.791077 328.353790 398.751373 
frame00868.jpg 354.105377 189.145432 508.917633 277.260529 454.993317 488.791077 328.353790 398.751373 
frame00869.jpg 354.105377 189.145432 508.917633 277.260529 454.993317 488.791077 328.353790 398.751373 
frame00870.jpg 354.105377 189.145432 508.917633 277.260529 454.993317 488.791077 328.353790 398.751373 
frame00871.jpg 354.105377 189.145432 508.917633 277.260529 454.993317 488.791077 328.353790 398.751373 
frame00872.jpg 354.105377 189.145432 508.917633 277.260529 454.993317 488.791077 328.353790 398.751373 
frame00873.jpg 354.105377 189.145432 508.917633 277.260529 454.993317 488.791077 328.353790 398.751373 
frame00874.jpg 354.105377 189.145432 508.917633 277.260529 454.993317 488.791077 328.353790 398.751373 
frame00875.jpg 354.105377 189.145432 508.917633 277.260529 454.993317 488.791077 328.353790 398.751373 
frame00876.jpg 354.105377 189.145432 508.917633 277.260529 454.993317 488.791077 328.353790 398.751373 
frame00877.jpg 354.105377 189.145432 508.917633 277.260529 454.993317 488.791077 328.353790 398.751373 
frame00878.jpg 354.105377 189.145432 508.917633 277.260529 454.993317 488.791077 328.353790 398.751373 
frame00879.jpg 354.105377 189.145432 508.917633 277.260529 454.993317 488.791077 328.353790 398.751373 
frame00880.jpg 354.105377 189.145432 508.917633 277.260529 454.993317 488.791077 328.353790 398.751373 
frame00881.jpg 354.105377 189.145432 508.917633 277.260529 454.993317 488.791077 328.353790 398.751373 
frame00882.jpg 354.105377 189.145432 508.917633 277.260529 454.993317 488.791077 328.353790 398.751373 
frame00883.jpg 354.105377 189.145432 508.917633 277.260529 454.993317 488.791077 328.353790 398.751373 
frame00884.jpg 354.105377 189.145432 508.917633 277.260529 454.993317 488.791077 328.353790 398.751373 
frame00885.jpg 354.105377 189.145432 508.917633 277.260529 454.993317 488.791077 328.353790 398.751373 
frame00886.jpg 354.105377 189.145432 508.917633 277.260529 454.993317 488.791077 328.353790 398.751373 
frame00887.jpg 354.105377 189.145432 508.917633 277.260529 454.993317 488.791077 328.353790 398.751373 
frame00888.jpg 354.105377 189.145432 508.917633 277.260529 454.993317 488.791077 328.353790 398.751373 
frame00889.jpg 354.105377 189.145432 508.917633 277.260529 454.993317 488.791077 328.353790 398.751373 
frame00890.jpg 354.105377 189.145432 508.917633 277.260529 454.993317 488.791077 328.353790 398.751373 
frame00891.jpg 354.105377 189.145432 508.917633 277.260529 454.993317 488.791077 328.353790 398.751373 
frame00892.jpg 354.105377 189.145432 508.917633 277.260529 454.993317 488.791077 328.353790 398.751373 
frame00893.jpg 354.105377 189.145432 508.917633 277.260529 454.993317 488.791077 328.353790 398.751373 
frame00894.jpg 354.105377 189.145432 508.917633 277.260529 454.993317 488.791077 328.353790 398.751373 
frame00895.jpg 354.105377 189.145432 508.917633 277.260529 454.993317 488.791077 328.353790 398.751373 
frame00896.jpg 354.105377 189.145432 508.917633 277.260529 454.993317 488.791077 328.353790 398.751373 
frame00897.jpg 354.105377 189.145432 508.917633 277.260529 454.993317 488.791077 328.353790 398.751373 
frame00898.jpg 354.105377 189.145432 508.917633 277.260529 454.993317 488.791077 328.353790 398.751373 
frame00899.jpg 354.105377 189.145432 508.917633 277.260529 454.993317 488.791077 328.353790 398.751373 
frame00900.jpg 354.105377 189.145432 508.917633 277.260529 454.993317 488.791077 328.353790 398.751373 
frame00901.jpg 354.105377 189.145432 508.917633 277.260529 454.993317 488.791077 328.353790 398.751373 
frame00902.jpg 354.105377 189.145432 508.917633 277.260529 454.993317 488.791077 328.353790 398.751373 
frame00903.jpg 354.105377 189.145432 508.917633 277.260529 454.993317 488.791077 328.353790 398.751373 
frame00904.jpg 354.105377 189.145432 508.917633 277.260529 454.993317 488.791077 328.353790 398.751373 
frame00905.jpg 354.105377 189.145432 508.917633 277.260529 454.993317 488.791077 328.353790 398.751373 
frame00906.jpg 354.105377 189.145432 508.917633 277.260529 454.993317 488.791077 328.353790 398.751373 
frame00907.jpg 354.105377 189.145432 508.917633 277.260529 454.993317 488.791077 328.353790 398.751373 
frame00908.jpg 354.105377 189.145432 508.917633 277.260529 454.993317 488.791077 328.353790 398.751373 
