frame ulx uly urx ury lrx lry llx lly
frame00001.jpg      234.940002      217.089996      584.419983      179.740005      630.280029      460.790009      280.799988      498.200012
frame00002.jpg      237.266837      215.684058      587.474623      180.705864      629.732569      463.494101      279.514463      497.450057
frame00003.jpg      244.855938      210.850777      596.583881      180.960606      628.338123      468.109328      275.745273      492.759539
frame00004.jpg      252.895290      207.520945      607.823671      180.503067      628.428968      477.680920      275.981445      494.148582
frame00005.jpg      259.789576      202.588347      617.583046      180.295128      629.313905      484.160606      276.142645      492.627618
frame00006.jpg      265.553374      197.593867      625.600155      180.822711      629.445994      489.742387      276.607698      490.544406
frame00007.jpg      270.144161      192.375054      632.788407      180.838006      629.115886      494.956887      276.326901      488.481355
frame00008.jpg      269.363684      190.856241      633.699197      181.423919      627.789591      497.613822      274.192204      488.816811
frame00009.jpg      267.423786      189.202116      629.571694      178.635419      627.542419      486.825467      267.402967      480.504781
frame00010.jpg      264.459839      182.434866      626.031528      171.685605      630.651395      468.327025      261.030079      467.264343
frame00011.jpg      264.918171      167.806191      634.071280      177.503271      639.904955      468.888350      291.609329      426.042221
frame00012.jpg      262.328038      164.453919      629.515289      177.620689      652.345348      448.268769      278.495875      424.317026
frame00013.jpg      262.479022      163.954986      629.967771      177.142715      655.555750      446.455113      279.912733      423.947233
frame00014.jpg      262.281622      167.225650      628.817851      177.704235      656.026291      445.930193      280.590058      426.146514
frame00015.jpg      262.065677      173.459336      627.020958      177.582271      661.211157      443.019294      285.844930      430.980901
frame00016.jpg      262.361239      182.715757      625.540563      174.329434      673.887990      432.486993      299.638196      434.927813
frame00017.jpg      266.052222      187.131175      628.275653      175.956331      681.297911      425.645241      304.909586      432.675414
frame00018.jpg      266.700453      190.841572      628.683744      177.173108      684.162270      424.842294      308.355759      435.893344
frame00019.jpg      264.058691      202.095402      624.838332      180.167177      690.960561      421.161176      312.807502      441.324809
frame00020.jpg      257.953443      212.046987      618.059212      181.520211      693.427557      414.770792      315.810144      447.215223
frame00021.jpg      253.651347      218.036494      612.070231      180.032349      695.133587      404.108216      316.109618      443.938136
frame00022.jpg      246.545686      223.359674      603.972351      177.869929      692.647547      392.482612      312.828536      442.703029
frame00023.jpg      239.205702      226.753305      595.706996      175.449332      689.237371      382.898055      308.455333      437.965358
frame00024.jpg      234.219626      228.736073      589.796831      173.240695      686.291629      374.468201      305.197362      436.831885
frame00025.jpg      228.510417      230.691352      582.471592      170.398297      682.836197      364.257759      302.100928      430.871484
frame00026.jpg      226.762507      238.849209      561.700422      150.236389      671.232304      339.740316      301.509568      443.620234
frame00027.jpg      218.387716      241.101463      550.650953      147.739549      664.872035      326.451618      296.966444      436.941426
frame00028.jpg      210.141514      246.013734      538.227786      145.225274      658.155421      310.045527      293.724060      429.957575
frame00029.jpg      203.440213      252.640253      528.229751      143.964942      651.973497      296.954483      289.530039      426.398880
frame00030.jpg      201.706498      258.935787      525.065166      144.589838      648.142041      291.670512      285.021679      427.252000
frame00031.jpg      205.463522      264.867905      527.661431      146.088774      648.316204      285.850475      283.150438      426.243896
frame00032.jpg      208.878936      275.378196      527.094950      145.149551      651.559947      276.367059      289.184749      429.986446
frame00033.jpg      214.175958      285.750041      525.792488      141.573433      654.695549      254.766163      297.373977      425.171536
frame00034.jpg      217.851885      289.245662      525.759401      138.682294      656.399530      238.087875      302.545641      416.780266
frame00035.jpg      218.885916      289.691061      525.690287      137.106346      658.226323      232.628947      305.647544      414.121060
frame00036.jpg      219.945103      290.487773      524.651592      134.592375      658.454620      220.887933      307.854025      406.650210
frame00037.jpg      221.551308      292.139833      522.654685      130.644980      657.729542      203.582538      310.450065      396.405796
frame00038.jpg      223.322722      293.829604      522.774506      128.602328      657.680818      193.995024      311.820158      391.458599
frame00039.jpg      227.086903      297.881852      524.067076      126.168514      657.644680      180.513764      313.561934      385.860282
frame00040.jpg      230.168552      302.564564      525.006176      125.756316      658.935597      173.775778      316.105119      385.772506
frame00041.jpg      231.555294      306.794664      525.281935      127.517747      657.856106      172.111734      315.125922      387.468507
frame00042.jpg      232.359833      310.844045      524.860564      127.979938      655.822941      171.257738      313.867676      390.817096
frame00043.jpg      233.050743      311.333268      526.577629      128.804162      657.319677      177.815881      313.786710      396.920547
frame00044.jpg      243.044767      307.136656      526.217041      128.178074      654.882193      195.689926      310.661176      415.269926
frame00045.jpg      264.056721      302.667017      527.076986      125.567394      648.897447      207.429676      293.450926      437.516802
frame00046.jpg      270.031468      295.427976      534.494821      121.273467      649.015384      216.296450      280.190628      441.413813
frame00047.jpg      270.306879      290.409317      538.292694      118.367769      648.831325      219.624040      272.139090      441.714885
frame00048.jpg      269.732084      284.586924      543.925432      114.998545      647.604685      225.467354      263.087241      440.948189
frame00049.jpg      271.056080      280.934147      550.077277      111.895750      647.431187      230.141711      258.899451      440.003586
frame00050.jpg      275.570500      274.661938      563.585034      107.759725      648.126957      243.566803      251.243175      443.418467
frame00051.jpg      282.406936      267.843996      578.696938      105.783759      648.662229      259.499302      241.068372      447.331307
frame00052.jpg      284.149133      264.504385      585.452354      103.387499      648.833092      265.981252      239.193001      446.652504
frame00053.jpg      288.451410      259.672280      594.996823       99.633129      649.831498      275.837031      237.709688      448.844688
frame00054.jpg      294.514964      254.564669      607.240211       96.477709      652.148330      290.602825      237.160536      453.664500
frame00055.jpg      300.811592      250.069182      618.728135       94.815103      655.342378      306.143348      239.677423      455.929998
frame00056.jpg      307.188356      245.072277      631.688037       90.353027      658.020819      322.851410      241.131522      461.453155
frame00057.jpg      311.790159      241.781248      637.979624       83.224497      661.008944      324.626290      243.626347      462.975545
frame00058.jpg      295.664387      229.808137      634.491255       85.044303      654.868931      327.025506      256.387460      456.925769
frame00059.jpg      293.475959      223.355125      634.846957       94.140863      656.361516      332.272325      264.158468      444.557151
frame00060.jpg      296.325300      230.648987      632.177334       87.617377      661.725090      328.507358      274.815443      455.108991
frame00061.jpg      299.124785      235.442346      632.052107       86.836958      663.460078      333.627872      280.802448      463.995682
frame00062.jpg      301.708341      237.848017      632.746851       86.548853      661.673139      339.395646      282.381605      469.703228
frame00063.jpg      303.931137      235.682495      635.233075       84.376022      661.615216      342.608866      283.179964      470.474811
frame00064.jpg      306.451241      233.009144      638.151453       81.657367      663.211514      344.639406      285.267418      470.456362
frame00065.jpg      307.694414      231.278415      639.818930       75.735572      670.236457      343.879027      291.559298      472.964805
frame00066.jpg      308.594295      231.074864      641.047818       70.627685      680.206749      346.574349      301.165726      479.172074
frame00067.jpg      313.207547      229.228647      645.274789       66.677848      688.315575      353.233621      311.813144      484.015235
frame00068.jpg      319.069859      225.270659      653.738632       68.729704      689.615217      365.381283      313.424055      484.857628
frame00069.jpg      322.691680      222.757878      658.510460       70.320564      684.456990      377.683568      310.537036      486.762115
frame00070.jpg      323.491174      220.404598      656.880136       65.340024      682.084211      391.181152      315.365386      493.988782
frame00071.jpg      320.178806      218.908694      649.961758       56.573246      687.156163      401.087431      330.412967      501.925842
frame00072.jpg      318.585470      218.564404      641.853765       46.145093      696.248709      402.135342      346.994989      506.277639
frame00073.jpg      318.868548      216.744589      637.263858       37.198015      703.577416      400.182085      359.438677      506.430401
frame00074.jpg      323.644355      210.735916      629.979132       22.348201      674.470413      387.728075      376.388972      493.351449
frame00075.jpg      322.449559      208.119934      625.133444       16.073010      663.448567      382.550924      384.876639      482.867597
frame00076.jpg      325.159952      198.078157      570.724807       44.504838      617.728245      364.635717      389.745190      499.156923
frame00077.jpg      322.381337      199.750579      563.707990       45.744928      610.643695      361.148685      390.160346      503.577977
frame00078.jpg      331.410424      201.780263      560.988695       39.368753      606.872045      367.357418      389.858592      507.041582
frame00079.jpg      333.595428      205.539336      554.159294       32.319734      605.495019      362.523555      400.835234      505.639614
frame00080.jpg      353.678201      222.903874      536.082711       46.672047      610.676685      352.764389      411.754538      521.106264
frame00081.jpg      375.309423      249.666095      502.242921       83.283181      625.401576      323.066889      432.425033      575.262143
frame00082.jpg      380.961468      252.069441      498.780627       83.893264      637.309049      326.367934      437.214288      565.862826
frame00083.jpg      388.447791      259.052302      492.294522       83.705424      659.212883      334.598320      444.457808      559.684838
frame00084.jpg      402.826090      282.031963      492.204707       52.474203      675.252541      331.963759      448.687161      506.843854
frame00085.jpg      412.332256      285.171233      487.803178       47.090596      684.095854      319.303315      455.178899      502.077737
frame00086.jpg      417.765881      282.267751      482.626531       54.236730      696.119789      311.632809      459.524275      504.716325
frame00087.jpg      420.679812      280.814857      480.039765       55.668682      705.859176      313.759070      460.691678      499.421198
frame00088.jpg      424.678742      277.945130      479.889876       51.833849      715.997730      311.581252      458.442995      495.442031
frame00089.jpg      428.299558      274.754954      479.664643       53.603787      734.904214      313.645767      454.417172      501.537132
frame00090.jpg      429.954443      272.534490      478.445626       60.937610      758.428296      318.262152      452.185103      507.594586
frame00091.jpg      430.155051      272.593962      478.394578       61.053691      763.814807      317.658123      451.798379      506.807497
frame00092.jpg      430.725798      274.232448      478.543413       56.766445      774.154237      314.003824      451.170771      500.018807
frame00093.jpg      430.740725      274.362923      478.537068       56.631330      772.784704      312.389812      451.131128      498.967158
frame00094.jpg      431.389978      273.491349      479.167724       52.961651      788.101766      318.968210      450.178436      493.167830
frame00095.jpg      432.043646      271.594249      479.266900       53.916415      789.192082      320.981717      449.220630      490.685421
frame00096.jpg      432.920667      268.970912      480.599623       46.219677      789.724453      317.461532      447.457108      472.643096
frame00097.jpg      433.234375      268.999683      480.220634       44.928261      795.216105      308.698570      447.167354      469.307814
frame00098.jpg      433.547447      269.647446      479.627799       47.179507      783.489643      301.319570      447.180910      468.264008
frame00099.jpg      435.372253      267.740959      477.456533       59.635519      790.584850      309.681275      447.028180      461.329326
frame00100.jpg      435.947541      265.491934      475.865351       67.646250      785.012512      313.946162      446.566219      466.642089
frame00101.jpg      436.376483      265.694061      474.162784       74.658674      771.760434      317.274961      446.452571      471.379699
frame00102.jpg      436.517779      265.815879      474.072341       74.744661      767.974025      318.093964      446.344144      471.631935
frame00103.jpg      436.915407      265.939021      473.688769       76.769736      745.966753      320.395497      445.906874      471.013422
frame00104.jpg      437.278026      265.102754      472.944982       79.971566      729.857659      325.526662      445.792990      469.051995
frame00105.jpg      437.513533      265.452525      472.563629       81.519679      727.973381      324.396458      445.486159      469.608878
frame00106.jpg      437.917948      266.487114      471.965978       84.022833      728.192334      321.331430      445.006346      469.059341
frame00107.jpg      438.120603      267.228949      471.934756       83.547102      738.344146      325.472458      444.705753      468.037829
frame00108.jpg      438.860486      273.681686      471.942711       80.142622      802.457569      310.481225      443.426715      462.774262
frame00109.jpg      439.087279      276.062848      471.630138       80.626203      810.386496      299.728560      443.165299      462.163621
frame00110.jpg      439.469610      281.637744      470.576723       83.707940      792.570124      291.124922      442.820040      460.494671
frame00111.jpg      439.977489      288.286203      471.208508       72.797516      796.760040      294.393098      442.227291      453.467238
frame00112.jpg      440.058129      288.853729      471.131468       72.878342      798.986654      298.343841      442.116442      453.560432
frame00113.jpg      440.116171      289.685606      470.938007       73.995976      796.347398      294.795144      441.994438      453.893561
frame00114.jpg      440.165085      290.052261      470.872188       74.249340      796.316600      293.553550      441.952016      453.174074
frame00115.jpg      440.195347      290.064373      470.792923       74.695455      798.188449      295.354147      441.932727      452.952144
frame00116.jpg      440.305846      290.545801      470.849674       73.664653      809.101374      290.514729      441.918776      449.502234
frame00117.jpg      440.521392      290.211170      470.795399       73.239179      840.441217      281.531435      441.851994      445.232081
frame00118.jpg      440.542394      290.179888      470.786122       73.231687      840.591699      281.667697      441.822288      445.209991
frame00119.jpg      440.672313      289.903138      470.679493       73.800442      861.192642      287.549918      441.731149      444.809320
frame00120.jpg      440.737637      290.995020      470.587210       74.118815      852.585845      281.180422      441.702180      442.805639
frame00121.jpg      441.057004      292.331570      470.029191       77.842230      854.608940      289.534281      441.428322      441.233341
frame00122.jpg      441.278725      293.568833      469.748647       79.237700      871.707214      293.454129      441.380885      437.924155
frame00123.jpg      441.313763      293.694537      469.716563       79.318200      860.316492      295.477314      441.395067      436.972354
frame00124.jpg      441.592078      300.694424      469.452704       77.475903      828.649986      249.775948      441.348438      426.973457
frame00125.jpg      441.747999      305.401455      469.297601       74.761385      809.560481      231.622424      441.205129      425.850799
frame00126.jpg      441.770679      305.764640      469.300375       74.281989      809.595645      229.097820      441.204505      425.402030
frame00127.jpg      441.967281      305.762751      468.466058       80.752363      789.825117      241.838464      441.068029      424.746101
frame00128.jpg      442.348984      305.547749      467.597445       86.337510      878.224556      238.780634      440.806404      424.026524
frame00129.jpg      442.593669      306.089953      467.797626       83.323143      951.869987      204.621477      440.775919      420.659018
frame00130.jpg      442.663144      306.730247      467.923049       81.357927     1036.063023      159.629386      440.798828      418.973845
frame00131.jpg      442.778047      306.733958      467.666647       83.576581     1193.969003      143.437038      440.733384      419.422653
frame00132.jpg      443.085037      310.406991      467.676486       79.738155     1451.998613       51.875420      440.456647      423.850334
frame00133.jpg      443.274446      312.872437      467.451430       79.361916     2874.669079     -251.022980      440.058872      425.887812
frame00134.jpg      443.576947      311.550579      466.460719       90.147941    -2600.744682     1234.359501      439.630322      429.400346
frame00135.jpg      443.651259      311.510882      466.184873       92.550796    -1380.095859      992.354445      439.539643      429.829210
frame00136.jpg      444.161046      311.898253      466.100202       92.245657     -681.624902      778.863416      438.905255      431.006311
frame00137.jpg      444.323618      314.537258      465.601674       98.408158     1043.299430     -675.515814      438.008368      437.012122
frame00138.jpg      444.359242      315.421656      465.835742       95.856016      701.187818     -238.994003      438.589386      427.800146
frame00139.jpg      444.405872      316.517987      466.879933       84.405380      682.581973     -247.372987      438.810143      422.891653
frame00140.jpg      444.785034      317.879280      466.728171       85.315313      200.437041      705.748635      437.298521      437.413731
frame00141.jpg      444.765681      319.074921      467.511653       76.317253      183.530870      777.585469      437.335814      436.044043
frame00142.jpg      444.770730      319.323737      467.774014       73.384724      179.114897      780.205824      437.377477      435.138433
frame00143.jpg      444.705519      321.853114      468.595969       63.987351      237.346491      695.257565      437.507934      432.048084
frame00144.jpg      444.687029      322.208008      468.659723       63.235076      228.269114      722.647469      437.499468      432.103445
frame00145.jpg      444.688187      322.329520      468.638336       63.447431      242.356719      693.136180      437.506445      431.929874
frame00146.jpg      444.525293      325.548892      468.641677       62.593041      232.716211      749.905541      437.279349      434.263242
frame00147.jpg      444.506170      326.432346      469.157911       56.527543      235.549597      760.995060      437.311688      433.259785
frame00148.jpg      444.573201      326.036734      468.588685       62.875612      252.765079      719.555422      437.171247      434.676484
frame00149.jpg      444.555038      326.954110      468.457896       63.990885      265.510880      695.912815      436.916457      437.499681
frame00150.jpg      444.637097      326.497092      468.544792       62.841938      216.539729      861.923115      436.864373      437.732546
frame00151.jpg      444.718752      326.027344      467.532735       74.080717      179.256537     1026.494070      436.697932      439.593163
frame00152.jpg      444.715822      326.216211      467.237297       77.327052      167.560820     1078.684815      436.587207      440.908717
frame00153.jpg      444.445362      330.987391      465.909441       91.509938      175.280062     1161.583597      436.415790      442.224028
frame00154.jpg      444.987448      325.927865      465.975737       90.924695      317.004697      707.095800      436.762493      435.986811
frame00155.jpg      445.017971      325.859405      465.824152       92.487685      312.645680      735.871326      436.655136      437.051195
frame00156.jpg      444.538490      334.258162      477.839822      -46.215073      117.541206     1919.160796      439.899797      395.354953
frame00157.jpg      444.212804      338.941254      490.890309     -197.315760      179.372401     1960.212277      440.579545      386.644360
frame00158.jpg      444.195428      339.297053      490.754644     -195.694388      240.134429     1645.844230      440.554205      386.810752
frame00159.jpg      444.224582      339.057831      490.307926     -190.500424      327.794440     1085.970648      440.524875      387.057304
frame00160.jpg      444.411097      337.258618      496.641577     -263.079797      366.919379      849.507829      440.808881      383.174303
frame00161.jpg      444.441312      337.321299      548.702351     -863.317583      381.605312      777.706665      441.425241      375.484271
frame00162.jpg      444.441086      337.324360      549.051642     -867.380103      381.393882      779.769692      441.425444      375.481749
frame00163.jpg      444.290441      339.461508     -416.763994    10277.877201      397.786629      677.865562      441.935925      369.278900
frame00164.jpg      444.404811      338.356481      311.606474     1873.228043      412.145996      582.167362      442.366490      364.027237
frame00165.jpg      444.399873      338.434831      314.435244     1840.592535      410.650800      595.624142      442.363501      364.049650
frame00166.jpg      444.637235      336.224383      492.815955     -219.272110      413.332639      657.404645      441.591857      372.606724
frame00167.jpg      444.443893      337.801420      486.178347     -143.015434      498.062555     -138.125345      441.803481      370.589871
frame00168.jpg      444.510717      337.250044      497.702432     -276.102075      564.125997     -746.133429      441.967576      368.486105
frame00169.jpg      444.531558      337.106501      493.847486     -231.615946      -82.089983     5067.373379      441.821226      370.120495
frame00170.jpg      444.513629      337.428059      489.711695     -183.968598      391.321108      830.434649      441.886980      369.265625
frame00171.jpg      444.157758      341.770532      534.756525     -705.086320      198.731911     2830.206726      442.343337      363.825020
frame00172.jpg      444.152572      341.895521      539.938318     -765.288644      379.479008     1000.682284      442.388993      363.245873
frame00173.jpg      444.152400      341.897627      540.226195     -768.626437      380.306065      992.361300      442.388950      363.246404
frame00174.jpg      444.130491      342.210688      630.861984    -1817.359213      400.739132      789.181552      442.478711      362.157707
frame00175.jpg      444.086262      342.795761      252.582131     2559.772623      409.452681      703.089865      442.706410      359.469482
frame00176.jpg      444.080712      342.879128      310.622677     1888.536822      413.519531      662.334792      442.716613      359.340811
frame00177.jpg      444.087816      342.802238      265.205795     2414.531142      415.905434      638.171108      442.699786      359.533725
frame00178.jpg      444.094039      342.737669      272.160073     2334.255036      418.546173      610.679612      442.696655      359.566189
frame00179.jpg      444.134817      342.285651      253.815734     2546.988285      423.065187      563.426072      442.674688      359.804614
frame00180.jpg      444.135826      342.287739      242.016090     2683.825697      424.266410      551.186071      442.674590      359.796393
frame00181.jpg      443.986887      344.083909      382.082322     1061.631813      429.277704      500.223145      442.781338      358.523096
frame00182.jpg      443.947584      344.568235      400.457551      848.848253      430.610967      486.182520      442.812593      358.145123
frame00183.jpg      443.758632      346.837920      421.853641      600.937827      432.436040      468.707010      442.879680      357.331428
frame00184.jpg      443.695864      347.584391      424.691559      568.121895      431.372199      481.393835      442.905679      357.027476
frame00185.jpg      443.692744      347.624461      424.824067      566.599085      431.140164      484.033144      442.899326      357.099298
frame00186.jpg      443.691261      347.644406      424.794850      566.939956      431.346113      481.946925      442.898230      357.110307
frame00187.jpg      443.692451      347.633002      424.687562      568.188266      431.644781      478.782429      442.895523      357.140340
frame00188.jpg      443.692271      347.635609      424.588036      569.344472      431.591217      479.415189      442.894233      357.155129
frame00189.jpg      443.696282      347.592092      424.094690      575.064639      431.701748      478.270076      442.885196      357.258251
frame00190.jpg      443.737824      347.138400      424.141968      574.576042      432.485631      471.093389      443.041430      355.427991
frame00191.jpg      443.637946      348.260100      428.005509      529.758801      414.274338      668.694447      442.958477      356.413613
frame00192.jpg      443.606389      348.570740      432.125828      482.027567      320.512658     1679.020982      443.113359      354.643237
frame00193.jpg      443.639914      348.222589      434.328033      456.521915      398.767897      834.708031      443.205478      353.552253
frame00194.jpg      443.472006      350.043809      431.388544      490.639569      434.603767      437.820118      442.719295      359.311613
frame00195.jpg      441.891639      368.994165      439.899295      392.275625      440.438155      389.089057      440.982905      380.549259
frame00196.jpg      441.553300      373.335298      440.350575      387.289427      440.641572      386.050610      440.994215      380.454259
frame00197.jpg      441.552583      373.345476      440.346731      387.338680      440.647397      385.968660      440.993544      380.462309
frame00198.jpg      441.553886      373.327243      440.348069      387.319213      440.643881      386.019347      440.993526      380.463074
frame00199.jpg      441.552368      373.348227      440.348848      387.311608      440.647481      385.968210      440.993773      380.459117
frame00200.jpg      441.660995      371.693158      440.175996      389.258019      440.214911      392.554328      440.917377      381.497318
frame00201.jpg      441.645999      371.922911      440.149111      389.587510      440.264896      391.805543      440.916150      381.502006
frame00202.jpg      441.643965      371.957696      440.152813      389.545223      440.279607      391.582830      440.920798      381.438503
frame00203.jpg      441.595948      372.668150      440.230511      388.645035      440.453515      388.949545      440.954127      380.986367
frame00204.jpg      441.589929      372.753168      440.231861      388.634604      440.471492      388.684921      440.954410      380.979503
frame00205.jpg      441.589167      372.764032      440.231622      388.638967      440.474822      388.636179      440.954476      380.978255
frame00206.jpg      441.588159      372.777492      440.231468      388.641511      440.476929      388.606589      440.954605      380.976245
frame00207.jpg      441.588235      372.778968      440.224822      388.723184      440.480152      388.560655      440.954090      380.981965
frame00208.jpg      441.587398      372.790500      440.222262      388.754641      440.481853      388.537345      440.953935      380.983609
frame00209.jpg      441.594842      372.686563      440.219512      388.785334      440.467535      388.746758      440.951497      381.017279
frame00210.jpg      441.595929      372.671150      440.220449      388.773050      440.464464      388.791429      440.951532      381.017429
frame00211.jpg      441.587465      372.789914      440.236899      388.583903      440.469295      388.709808      440.954554      380.976737
frame00212.jpg      441.586862      372.798504      440.234636      388.607857      440.467876      388.730292      440.954447      380.977741
frame00213.jpg      441.585727      372.814967      440.234764      388.605716      440.472766      388.657958      440.954908      380.970914
frame00214.jpg      441.585844      372.814075      440.235440      388.597240      440.473464      388.646782      440.954967      380.969844
frame00215.jpg      441.584438      372.833563      440.233270      388.621414      440.475164      388.623743      440.955112      380.967210
frame00216.jpg      441.582517      372.861011      440.229892      388.663121      440.479781      388.558764      440.955065      380.966549
frame00217.jpg      441.579586      372.901525      440.228914      388.674265      440.482883      388.516298      440.955650      380.957676
frame00218.jpg      441.616587      372.378125      440.203398      388.963846      440.422799      389.415423      440.941404      381.151638
frame00219.jpg      441.618298      372.354893      440.202907      388.970793      440.420217      389.451932      440.941037      381.157043
frame00220.jpg      441.619105      372.343362      440.201506      388.987506      440.418862      389.471974      440.940676      381.162122
frame00221.jpg      441.619837      372.333111      440.201869      388.983675      440.417444      389.492334      440.940557      381.164006
frame00222.jpg      441.620524      372.324127      440.201141      388.992918      440.416470      389.506146      440.940372      381.166563
frame00223.jpg      441.621469      372.311303      440.202263      388.980018      440.415200      389.523430      440.940233      381.168741
frame00224.jpg      441.621718      372.307874      440.201699      388.986713      440.413634      389.546250      440.940093      381.170765
frame00225.jpg      441.624132      372.275135      440.199852      389.009349      440.410513      389.590553      440.939386      381.180679
frame00226.jpg      441.625518      372.254137      440.203218      388.969148      440.407611      389.633127      440.939434      381.181205
frame00227.jpg      441.626116      372.243999      440.206201      388.934119      440.403834      389.689023      440.939373      381.183032
frame00228.jpg      441.616273      372.386769      440.207057      388.921157      440.428768      389.312528      440.941310      381.153932
frame00229.jpg      441.614030      372.417755      440.204512      388.952378      440.433963      389.237612      440.941092      381.155875
frame00230.jpg      441.611015      372.455505      440.197429      389.030994      440.432270      389.271482      440.939956      381.169506
frame00231.jpg      441.610794      372.457653      440.199173      389.009012      440.430535      389.297349      440.939980      381.169413
frame00232.jpg      441.611605      372.446589      440.200521      388.993238      440.430027      389.303977      440.939963      381.169845
frame00233.jpg      441.612543      372.433873      440.200630      388.991827      440.428775      389.321847      440.939792      381.172335
frame00234.jpg      441.613539      372.419922      440.199554      389.003549      440.425261      389.373465      440.939456      381.177157
frame00235.jpg      441.615492      372.379977      440.212235      388.854008      440.401060      389.735315      440.937988      381.201390
frame00236.jpg      441.616276      372.368933      440.213270      388.842371      440.399489      389.757214      440.937828      381.203977
frame00237.jpg      441.615469      372.380177      440.211960      388.857495      440.400769      389.739767      440.937907      381.202497
frame00238.jpg      441.612516      372.422148      440.219908      388.761607      440.404831      389.673763      440.939620      381.179878
frame00239.jpg      441.610199      372.454029      440.216827      388.801327      440.406180      389.656502      440.939438      381.181624
frame00240.jpg      441.612437      372.423420      440.216861      388.801695      440.404310      389.682634      440.939036      381.187458
frame00241.jpg      441.613910      372.402901      440.216921      388.799553      440.403987      389.686241      440.938864      381.190026
frame00242.jpg      441.614349      372.396313      440.217806      388.788388      440.402514      389.707670      440.938836      381.190754
frame00243.jpg      441.614050      372.402798      440.215722      388.812192      440.406937      389.641193      440.939068      381.186650
frame00244.jpg      441.612941      372.418367      440.216165      388.807948      440.409750      389.600028      440.939306      381.183102
frame00245.jpg      441.613121      372.417335      440.215074      388.821885      440.412176      389.563430      440.939315      381.182506
frame00246.jpg      441.612014      372.432481      440.215335      388.818763      440.414329      389.532180      440.939706      381.177064
frame00247.jpg      441.611440      372.442553      440.215877      388.811421      440.416265      389.503792      440.940975      381.159546
frame00248.jpg      441.609392      372.456133      440.214379      388.833378      440.408502      389.633030      440.938410      381.195208
frame00249.jpg      441.609580      372.445923      440.220292      388.767307      440.399486      389.769128      440.937947      381.204460
frame00250.jpg      441.610169      372.436063      440.222163      388.745232      440.398773      389.781319      440.937677      381.208787
frame00251.jpg      441.609620      372.443908      440.221402      388.753290      440.399613      389.769359      440.937756      381.207390
frame00252.jpg      441.607791      372.469212      440.222252      388.744119      440.403408      389.712953      440.938196      381.201225
frame00253.jpg      441.605298      372.503405      440.219770      388.773898      440.404463      389.699208      440.938351      381.198511
frame00254.jpg      441.604309      372.517174      440.219919      388.771818      440.407027      389.661954      440.938670      381.193905
frame00255.jpg      441.606625      372.483589      440.223760      388.727288      440.403189      389.716183      440.938166      381.202152
frame00256.jpg      441.607273      372.475886      440.224714      388.714540      440.401931      389.733048      440.938587      381.196422
frame00257.jpg      441.606584      372.485778      440.225938      388.699718      440.404553      389.694451      440.939039      381.190048
frame00258.jpg      441.607857      372.467624      440.225591      388.707990      440.402535      389.723433      440.938556      381.197233
frame00259.jpg      441.608481      372.461464      440.229522      388.650018      440.406695      389.665318      440.941517      381.156727
frame00260.jpg      441.674589      371.899765      440.784698      382.062944      440.777368      383.998428      441.211075      377.704070
frame00261.jpg      441.673334      371.916039      440.786479      382.041891      440.778273      383.984352      441.210850      377.706909
frame00262.jpg      441.674198      371.906351      440.781528      382.101087      440.777826      383.989592      441.210093      377.716230
frame00263.jpg      441.714199      371.385050      440.719607      382.788412      440.698835      385.093476      441.192436      377.938239
frame00264.jpg      441.714387      371.382235      440.719731      382.786944      440.696977      385.119032      441.192342      377.939637
frame00265.jpg      441.714576      371.379561      440.719896      382.785517      440.696724      385.122624      441.192295      377.940391
frame00266.jpg      441.714839      371.375950      440.720950      382.771786      440.695355      385.141462      441.192523      377.937583
frame00267.jpg      441.716637      371.352862      440.721195      382.767588      440.690932      385.200447      441.192316      377.940621
frame00268.jpg      441.718348      371.331013      440.722197      382.754985      440.688280      385.234868      441.192271      377.941480
frame00269.jpg      441.718393      371.330240      440.722041      382.756605      440.687314      385.248021      441.192192      377.942591
frame00270.jpg      441.785675      370.127672      440.442872      386.212835      440.024835      394.816458      440.986128      380.678540
frame00271.jpg      442.047392      367.039337      440.808558      381.642168      440.442446      388.531933      441.311304      376.415617
frame00272.jpg      442.048102      367.030922      440.805790      381.676968      440.445545      388.489726      441.311380      376.414410
frame00273.jpg      442.046490      367.052108      440.803556      381.705508      440.449821      388.432459      441.311278      376.415412
frame00274.jpg      442.047880      367.032628      440.778399      382.009203      440.444855      388.510698      441.306913      376.469363
frame00275.jpg      442.058107      366.897495      440.764438      382.182861      440.421295      388.831538      441.300613      376.552068
frame00276.jpg      442.058728      366.888979      440.764465      382.182189      440.418933      388.863677      441.300487      376.553956
frame00277.jpg      442.059982      366.872180      440.763677      382.189930      440.413098      388.943189      441.299956      376.561064
frame00278.jpg      442.060451      366.865563      440.764756      382.175037      440.408095      389.011059      441.299811      376.563175
frame00279.jpg      442.061816      366.847597      440.766774      382.149185      440.402875      389.081168      441.299807      376.563514
frame00280.jpg      441.961863      368.187869      440.842951      381.276282      440.649977      385.693420      441.343619      375.996967
frame00281.jpg      441.961738      368.189549      440.845066      381.249241      440.652519      385.659270      441.344454      375.986165
frame00282.jpg      441.960965      368.199514      440.846736      381.228897      440.655189      385.623243      441.344660      375.983386
frame00283.jpg      442.074321      366.499903      440.630479      383.782190      440.084919      393.723178      441.202385      377.842159
