frame ulx uly urx ury lrx lry llx lly
frame00001.jpg      265.000000      119.000000      581.000000      119.000000      581.000000      411.000000      265.000000      411.000000
frame00002.jpg      266.602435      118.782962      582.971117      120.676050      581.229407      412.850461      265.335223      411.323577
frame00003.jpg      267.612629      118.766146      583.734890      122.431326      581.342668      413.414728      265.809165      411.065717
frame00004.jpg      269.429133      118.476154      585.074602      123.265253      582.140644      412.893509      267.246846      410.482929
frame00005.jpg      271.049859      119.007509      586.200404      124.259284      582.441681      412.997403      268.289048      410.998483
frame00006.jpg      271.614294      119.321389      586.371170      125.089423      582.077458      412.544352      268.438191      411.211868
frame00007.jpg      271.504396      119.310806      585.999864      124.925492      581.311470      411.686410      267.883346      411.231585
frame00008.jpg      269.820506      119.698765      584.506047      125.506888      579.261020      413.014207      265.756248      412.828649
frame00009.jpg      267.574293      120.625107      582.549415      126.848087      577.732632      413.611452      263.920689      413.753085
frame00010.jpg      266.187841      120.925498      581.611004      127.479445      576.636274      413.571906      262.792996      414.130385
frame00011.jpg      264.769275      119.968374      580.825362      126.552710      575.787515      412.399881      261.794431      413.965822
frame00012.jpg      263.956209      119.228395      580.567061      125.420528      575.554724      410.588021      261.610528      413.129793
frame00013.jpg      263.554417      117.967310      580.380164      124.652009      574.566308      410.802373      260.598365      413.285752
frame00014.jpg      262.300184      118.081619      579.437581      125.715843      573.126242      411.534545      259.083154      413.700127
frame00015.jpg      261.510855      117.710354      578.684982      126.579045      572.059075      411.976196      257.966906      413.199626
frame00016.jpg      261.457399      116.762424      578.683833      126.996799      571.403624      412.512422      257.391435      413.243745
frame00017.jpg      261.111010      117.275890      578.543661      128.996508      569.926555      414.093831      256.134311      414.322909
frame00018.jpg      260.504850      117.519658      577.990818      131.340670      568.571475      415.118922      255.019403      414.731868
frame00019.jpg      260.884825      116.802436      578.320896      132.022077      568.553229      414.854786      255.164124      414.245890
frame00020.jpg      261.907480      116.271862      579.536866      132.170324      569.010881      414.504363      255.833527      413.989587
frame00021.jpg      262.610164      115.906595      580.568662      132.677339      568.999548      415.081754      255.865979      414.218348
frame00022.jpg      262.690766      115.173735      581.050229      133.006296      568.431133      414.907887      255.192468      413.740273
frame00023.jpg      262.263657      113.779695      581.220585      132.730844      567.827307      414.234918      254.442027      412.653820
frame00024.jpg      262.278707      111.601960      581.788142      131.919427      567.561378      413.501225      254.090106      411.649120
frame00025.jpg      262.486001      110.777865      582.492178      131.657216      567.555954      412.587843      254.158515      411.237866
frame00026.jpg      262.665749      108.914765      583.170880      130.436670      567.400626      411.545590      253.784772      410.347816
frame00027.jpg      262.641875      107.818153      583.932600      130.044709      567.623069      411.488250      253.773233      410.249080
frame00028.jpg      263.492809      107.812805      585.327733      130.730715      568.344684      413.121173      254.103714      411.172928
frame00029.jpg      263.622443      107.642212      586.294220      131.713385      568.329079      413.927746      253.337042      411.139555
frame00030.jpg      263.109925      107.941101      586.627070      132.094590      568.493744      414.937072      253.179196      412.429558
frame00031.jpg      263.126515      108.863327      587.233033      132.989276      568.768243      415.893461      253.218820      413.590690
frame00032.jpg      263.278676      109.632458      587.853287      134.399393      568.671385      417.203818      253.035027      414.524102
frame00033.jpg      263.732561      109.832627      588.530667      135.267213      568.973289      417.174788      253.471626      414.386757
frame00034.jpg      264.742967      109.002716      589.416844      135.016064      569.041484      416.462908      253.647710      413.634709
frame00035.jpg      265.069623      108.428357      589.724643      135.381494      568.409500      416.331911      253.428208      413.989753
frame00036.jpg      265.386682      107.939747      590.133635      135.016658      568.354562      414.452979      254.001278      413.299961
frame00037.jpg      266.434073      106.724411      591.235938      133.721029      568.914301      412.950515      255.121342      412.745654
frame00038.jpg      267.485436      106.485475      592.319379      133.409183      569.462636      412.693532      255.720179      413.266299
frame00039.jpg      267.707670      107.109404      592.955172      133.655632      569.556985      412.661800      255.848114      414.213306
frame00040.jpg      267.585705      107.219295      593.344453      133.121265      569.992810      411.950160      256.071971      414.354941
frame00041.jpg      267.969019      107.062830      594.114004      132.380788      570.993172      411.040539      257.164545      414.397129
frame00042.jpg      269.102597      106.641416      595.507531      131.527917      571.760545      410.599369      258.161483      414.931095
frame00043.jpg      270.100976      107.007239      596.393284      132.102805      571.788488      410.205582      258.594401      415.053900
frame00044.jpg      270.911853      105.734135      597.001023      131.738720      571.395654      409.179513      258.718926      413.893096
frame00045.jpg      271.946320      104.336134      597.601368      131.506573      570.829950      408.308256      258.909188      412.869701
frame00046.jpg      273.135308      103.420519      597.792798      132.219465      569.587560      408.815819      258.497924      412.526725
frame00047.jpg      274.074406      103.092237      597.601655      134.404935      568.012555      409.974182      258.014862      412.660660
frame00048.jpg      275.726934      103.841505      597.934759      137.568383      566.674742      411.157305      257.931463      413.180591
frame00049.jpg      277.570162      104.281076      598.703504      139.866358      565.791586      411.737515      258.515706      413.669281
frame00050.jpg      280.397485      105.462509      600.072231      142.529129      565.617434      412.628641      259.697808      414.215399
frame00051.jpg      283.091365      106.625147      601.682170      145.051301      565.191999      414.518755      260.513060      415.747302
frame00052.jpg      285.061986      109.354242      602.684110      149.491364      564.833243      417.681755      260.906447      418.133503
frame00053.jpg      287.594782      111.577416      604.109920      153.377253      565.244665      420.446005      261.882745      419.565082
frame00054.jpg      289.999572      112.766662      605.764050      156.778884      565.394121      422.827658      262.572622      420.237764
frame00055.jpg      292.488457      113.342350      607.472349      159.626678      565.609845      423.777423      263.418179      419.961938
frame00056.jpg      295.564070      113.391330      609.514159      161.127837      565.826501      424.189250      264.562458      419.852004
frame00057.jpg      298.205991      112.507304      611.315907      162.161081      565.719621      423.516425      265.251324      417.967497
frame00058.jpg      300.184590      110.109479      613.076487      161.360145      566.043698      422.336327      265.905285      416.525883
frame00059.jpg      301.948461      109.067295      614.792366      160.717733      566.717692      421.409177      266.704644      416.020833
frame00060.jpg      302.760153      107.827117      616.173958      159.649549      566.971635      420.402957      266.550799      414.851410
frame00061.jpg      302.053460      106.026773      616.354829      158.160078      566.875612      419.208280      266.034863      414.106230
frame00062.jpg      301.591068      105.085613      616.517538      156.275674      566.820880      417.482646      265.913950      413.670770
frame00063.jpg      300.884182      103.926741      615.991906      154.924014      565.642621      416.216119      264.717615      413.108171
frame00064.jpg      299.774258      102.978083      615.090952      154.411927      564.188834      415.308758      263.363730      412.722094
frame00065.jpg      298.910353      102.166547      614.090298      153.885366      562.720460      414.816530      261.951353      412.647917
frame00066.jpg      297.766688      100.742946      612.760079      153.835134      560.624941      414.241848      259.860810      411.593364
frame00067.jpg      297.046351       99.461073      611.874755      153.883969      559.360985      413.871570      258.854899      410.717169
frame00068.jpg      297.215394       98.611662      611.741485      153.750713      558.557955      413.316881      258.507689      410.298633
frame00069.jpg      297.551115       98.418633      611.461047      153.932576      557.745856      412.807015      258.206387      410.314801
frame00070.jpg      298.221879       98.062806      611.410940      153.828321      556.867395      411.811609      258.208700      409.823205
frame00071.jpg      299.253916       96.654539      611.121012      152.683775      555.611530      409.407903      258.224554      408.550553
frame00072.jpg      300.047865       95.870876      610.942578      151.927350      554.309682      407.237014      258.421042      407.418526
frame00073.jpg      301.663891       94.323489      610.858370      150.859529      553.659476      406.402749      258.885746      406.988546
frame00074.jpg      303.346788       97.043688      611.185955      153.548090      553.267378      409.163517      260.041627      410.476576
frame00075.jpg      304.958823      100.707925      611.458455      157.371839      553.126627      411.728132      260.403977      412.936152
frame00076.jpg      306.051311      103.858050      611.399752      160.408858      553.532785      413.401313      261.187983      415.314064
frame00077.jpg      308.005222      106.288476      612.603752      161.750723      554.844571      414.376172      263.069814      417.524289
frame00078.jpg      309.436836      108.785248      613.521237      163.314029      555.635856      415.546858      264.152799      419.253418
frame00079.jpg      310.891201      110.164239      613.865999      164.547012      555.508978      416.685903      264.698557      420.377325
frame00080.jpg      312.680280      112.367056      613.939010      167.709146      554.297582      419.150873      264.887532      421.939157
frame00081.jpg      314.409002      113.156264      613.523230      170.427933      552.801130      419.769308      264.729975      421.629070
frame00082.jpg      316.724397      112.877357      613.423291      172.286586      551.320752      419.490439      265.057922      420.460022
frame00083.jpg      319.699671      112.893283      613.877983      173.897388      550.138346      419.962148      266.086274      420.375845
frame00084.jpg      322.761248      114.435822      614.050297      176.875408      548.916075      420.912147      266.469629      420.657430
frame00085.jpg      324.417050      115.113408      613.858630      178.318209      548.527981      421.468123      266.820894      420.649070
frame00086.jpg      325.308249      115.739618      614.121863      179.271631      548.955487      421.650708      267.387904      420.916726
frame00087.jpg      326.083754      116.114965      614.854484      179.126459      549.493811      421.222124      268.209908      420.796509
frame00088.jpg      326.560487      115.610419      615.404351      178.464884      549.921968      420.467240      268.872770      419.921040
frame00089.jpg      326.860075      114.415383      615.754210      176.703981      550.648216      418.998752      269.438186      419.276131
frame00090.jpg      327.064317      114.319506      615.667258      175.431180      550.797100      418.080457      270.101107      419.696924
frame00091.jpg      327.516424      115.400788      615.555254      175.600553      550.648143      417.769601      271.165698      420.685038
frame00092.jpg      329.259536      116.481218      615.013042      175.368197      550.306851      415.444519      273.058030      420.654168
frame00093.jpg      332.563912      117.715174      614.967145      174.258983      550.017176      412.060271      276.519809      420.501395
frame00094.jpg      336.823570      119.379174      614.696399      173.762029      549.120947      410.073455      279.335329      420.935595
frame00095.jpg      339.742103      120.646850      612.869516      174.046328      547.447978      408.555775      280.669469      420.132943
frame00096.jpg      341.332373      119.741479      611.395811      173.602458      546.293804      407.318630      281.649004      418.821897
frame00097.jpg      342.404813      118.555353      609.870913      172.645716      544.642267      405.585158      281.727024      417.338011
frame00098.jpg      342.677441      117.861916      607.684404      172.898479      542.407673      405.147421      280.990375      416.664386
frame00099.jpg      343.303197      118.031031      605.679706      173.755929      539.948882      404.471847      280.916473      416.402532
frame00100.jpg      345.089514      119.147356      603.718131      174.653355      536.820441      404.141271      280.704110      416.155052
frame00101.jpg      347.185360      120.545974      601.443092      177.442696      533.586765      405.527437      280.862449      416.025379
frame00102.jpg      350.443144      121.557661      600.238937      181.623189      531.507978      406.748760      282.584239      415.582105
frame00103.jpg      356.939711      123.908422      600.725371      185.555125      531.101609      407.452710      286.045733      415.384724
frame00104.jpg      363.553055      125.978398      602.159441      189.563716      530.695636      409.714685      289.634391      414.793445
frame00105.jpg      369.345259      128.940378      602.937765      195.337179      529.889607      413.088673      292.471141      415.307879
frame00106.jpg      374.248204      132.314775      603.712244      200.738748      530.244536      416.259669      295.575352      416.507373
frame00107.jpg      377.817093      136.788932      604.151470      206.349736      530.373173      420.913567      297.827158      418.887707
frame00108.jpg      379.310687      142.499465      603.466074      211.887910      529.981053      425.435012      299.204103      422.656805
frame00109.jpg      379.137063      148.012499      601.533396      216.326339      530.196796      429.535320      299.787645      426.500413
frame00110.jpg      377.434255      151.351500      599.054929      219.189942      530.629646      432.539084      299.815515      429.608293
frame00111.jpg      374.416518      153.526097      596.732863      219.662317      531.712426      433.731620      300.048341      432.332553
frame00112.jpg      371.066985      154.959431      594.340333      217.383691      533.358136      432.886609      300.975660      433.949026
frame00113.jpg      366.484570      154.038926      591.307601      214.228730      534.694054      431.720026      301.231947      434.789189
frame00114.jpg      361.327669      153.266086      588.165176      210.302263      536.350660      430.159035      301.475194      434.920805
frame00115.jpg      356.295096      152.724485      585.551139      205.325649      538.968524      427.642468      302.424216      435.187395
frame00116.jpg      351.396965      150.863175      583.623919      199.782268      542.272396      424.946848      303.655519      434.090052
frame00117.jpg      346.574406      148.073144      583.109235      194.737604      546.319377      423.167227      303.695249      432.671584
frame00118.jpg      341.927072      146.408503      584.164082      189.395116      552.187104      421.666575      304.709825      431.700557
frame00119.jpg      336.724836      144.276625      585.597897      183.679182      558.520602      420.054605      304.527085      431.568414
frame00120.jpg      331.010012      143.669845      586.981092      178.876464      564.534136      419.725483      303.765192      432.584100
frame00121.jpg      326.097317      144.523869      588.887039      174.892279      571.017661      419.986537      303.553379      434.459962
frame00122.jpg      322.235729      144.534719      591.549611      170.640871      577.303635      420.461616      303.370301      435.509213
frame00123.jpg      319.117625      146.547549      593.980888      168.687320      583.625453      423.045330      303.496927      438.789484
frame00124.jpg      317.368391      148.172496      597.169625      166.657370      590.037750      424.686584      304.158312      439.427634
frame00125.jpg      316.438512      148.113679      600.570124      164.383591      596.208167      426.896659      305.345889      439.900982
frame00126.jpg      317.211387      149.517707      604.733573      163.811424      602.438546      429.994696      307.437303      440.906973
frame00127.jpg      319.496915      150.358951      609.856257      163.809208      608.391951      433.000954      310.092945      441.049599
frame00128.jpg      322.782848      150.608264      615.003975      164.359945      614.081777      436.116953      312.974623      440.808298
frame00129.jpg      326.383216      151.214141      620.453341      165.797140      619.338984      440.453904      315.367253      440.825000
frame00130.jpg      329.347680      151.904331      625.220351      166.700290      624.443661      443.673548      317.080444      440.497433
frame00131.jpg      331.059104      153.566250      629.019682      167.040285      628.876116      447.664373      318.420210      442.296175
frame00132.jpg      332.111582      156.122296      631.897002      168.593907      632.755049      451.877264      319.347954      443.793184
frame00133.jpg      333.633852      157.460308      635.433217      168.042664      637.672712      453.664106      321.276997      444.196163
frame00134.jpg      334.830358      158.763852      638.733062      166.636130      641.253077      456.187643      321.964879      445.614291
frame00135.jpg      334.264806      160.634170      639.922307      166.782987      642.671742      459.435209      321.015878      447.057944
frame00136.jpg      333.086656      161.862291      640.162886      166.488158      643.414831      461.764897      319.687485      447.974304
frame00137.jpg      331.602367      162.711680      639.573209      165.677993      643.355297      463.170047      318.003391      448.362025
frame00138.jpg      329.749443      164.160515      638.089434      164.270669      643.467419      463.244785      317.001804      449.236909
frame00139.jpg      328.146554      165.340784      636.558009      161.449656      643.885208      462.328078      316.547048      450.118020
frame00140.jpg      326.811036      167.216159      634.882180      159.305708      644.162496      461.513781      316.362307      450.959939
frame00141.jpg      325.789230      168.382244      633.427879      156.734565      643.874173      461.302686      315.816667      451.512823
frame00142.jpg      323.707075      170.002301      630.748817      155.350766      641.816279      461.964811      313.754330      452.823292
frame00143.jpg      320.944411      172.190508      627.144126      154.105327      639.581779      462.594687      311.469215      454.024176
frame00144.jpg      318.296582      174.125071      623.676539      152.400911      637.275829      463.686319      309.132437      455.708250
frame00145.jpg      315.151771      175.855821      619.804539      151.370978      633.884931      465.429318      306.068608      457.264768
frame00146.jpg      311.870520      177.594949      615.754434      150.520918      630.558187      466.545420      303.089180      458.233837
frame00147.jpg      309.595024      177.499237      612.386641      147.470426      628.293664      464.768913      301.261981      456.722207
frame00148.jpg      308.216069      175.373187      609.931049      142.026940      626.557757      462.347129      300.037576      454.343711
frame00149.jpg      306.764823      173.960893      607.521651      137.022224      624.763720      459.984059      299.047045      452.839446
frame00150.jpg      304.914900      172.114859      604.755720      131.067653      622.792286      456.291612      297.723824      450.643003
frame00151.jpg      302.987492      169.724466      601.840487      124.506486      621.049139      452.455682      296.772862      448.397204
frame00152.jpg      301.434864      168.262206      599.042368      117.831434      619.649460      449.827294      296.500630      447.975173
frame00153.jpg      299.812458      168.051205      595.465054      112.142901      617.223523      446.881272      295.620903      447.543222
frame00154.jpg      297.928259      168.323718      591.046281      106.301431      614.693537      444.973457      295.227146      448.175616
frame00155.jpg      296.851642      169.505930      586.753279      101.231666      612.498536      443.556135      295.655166      449.431907
frame00156.jpg      296.467777      171.253437      582.267076       96.775152      608.686025      442.954019      295.694612      450.580082
frame00157.jpg      295.607727      173.321436      576.306834       92.899159      603.853067      442.248484      294.968992      452.332821
frame00158.jpg      293.972441      176.045426      569.986225       89.463783      599.105771      441.651667      294.218786      454.424878
frame00159.jpg      292.347924      178.015001      563.628932       86.427952      594.647226      441.421686      293.677629      456.423221
frame00160.jpg      291.210230      180.181313      558.903762       84.888449      592.176998      441.109565      294.043174      458.334925
frame00161.jpg      290.518168      182.084677      555.427829       83.502897      589.954340      440.711570      294.199489      459.731535
frame00162.jpg      289.694042      183.465104      552.137905       82.537339      587.460955      440.266203      293.830964      460.766706
frame00163.jpg      288.964448      185.004990      549.115513       82.091055      585.064315      439.304241      293.226127      461.663324
frame00164.jpg      288.500323      186.089982      546.359525       81.376031      582.988319      437.905248      293.078399      461.988589
frame00165.jpg      288.624348      186.946801      544.292317       80.442020      581.909494      435.967298      293.669869      462.257478
frame00166.jpg      288.754184      188.040521      543.092324       79.660943      581.426062      434.268654      293.961881      462.852929
frame00167.jpg      287.936764      189.257099      541.363554       79.052159      580.217557      432.932281      293.185991      464.251931
frame00168.jpg      286.820065      191.186123      539.201104       79.733847      579.135087      431.978036      292.802611      465.508076
frame00169.jpg      286.158052      192.581194      537.755271       79.965423      579.011250      429.935236      292.837259      466.341250
frame00170.jpg      285.469502      194.632757      536.088381       79.203266      578.683573      426.898250      293.030159      468.138490
frame00171.jpg      284.380727      197.330845      533.506647       78.384286      577.766708      423.094418      292.823476      469.863122
frame00172.jpg      283.512826      200.150625      530.593149       76.901538      577.003386      418.878025      293.157622      471.814462
frame00173.jpg      282.146397      202.770946      527.349307       75.089190      576.234747      412.917100      293.418148      473.161992
frame00174.jpg      279.935803      205.802953      523.503482       72.291539      575.939869      406.126638      293.440922      475.423026
frame00175.jpg      276.957353      209.180639      519.115691       69.185548      575.842395      398.425285      293.358937      478.487086
frame00176.jpg      274.190076      213.981289      514.440187       66.564791      576.396161      389.958499      294.057137      482.096700
frame00177.jpg      271.682885      219.208061      510.247484       64.078264      577.865896      381.134530      295.253896      486.274850
frame00178.jpg      268.974326      225.173137      506.117406       62.221226      578.523899      373.577592      296.078979      491.290975
frame00179.jpg      266.175938      231.618819      500.819947       61.352737      577.646274      365.628155      296.820898      495.236277
frame00180.jpg      263.838202      237.146113      495.022288       59.336981      576.023988      357.494904      297.611172      498.798356
frame00181.jpg      262.152127      241.995796      489.056866       57.779587      574.226168      349.659273      299.255833      500.947014
frame00182.jpg      260.851120      246.937014      483.795186       56.100101      572.259099      342.441736      300.688743      503.728778
frame00183.jpg      258.002530      252.497719      477.588357       55.267920      568.262752      335.762920      299.903200      507.128861
frame00184.jpg      253.538316      258.042612      469.884077       55.425716      562.711023      328.875483      297.746540      509.998971
frame00185.jpg      247.421185      262.612855      460.911568       54.485782      557.059233      320.973534      294.799327      512.434956
frame00186.jpg      240.789582      267.095785      452.316185       53.953710      552.331301      314.121241      291.988399      514.981668
frame00187.jpg      234.116289      270.142772      444.336612       53.557791      548.001146      306.148716      289.140949      515.789793
frame00188.jpg      228.044286      272.831594      437.066337       51.980154      544.483995      298.501194      287.081351      516.283900
frame00189.jpg      222.608411      274.341782      430.722996       50.722172      541.469215      291.770208      285.038875      516.159633
frame00190.jpg      218.034211      276.155802      425.726884       50.102216      539.148634      286.588045      283.710212      516.792400
frame00191.jpg      214.401050      278.905319      421.522160       50.185467      537.670839      282.714560      283.358622      518.503226
frame00192.jpg      210.616867      281.892801      417.794429       51.325957      536.365323      280.588414      282.807399      520.586075
frame00193.jpg      206.196112      284.569411      414.613348       52.792653      535.898913      280.135287      281.912331      523.569331
frame00194.jpg      201.182336      285.930930      412.153409       54.476148      535.645411      281.396627      280.002411      525.080774
frame00195.jpg      194.995928      284.954203      410.240072       54.658304      534.493003      283.198169      275.665644      525.844570
frame00196.jpg      187.294012      282.902327      408.212151       55.063525      532.793272      285.975049      269.863366      526.707873
frame00197.jpg      179.647887      279.727530      407.213638       55.234862      531.926317      290.551065      264.006731      527.784372
frame00198.jpg      172.959910      275.281390      409.163438       57.191016      532.118840      297.465634      258.483979      528.364275
frame00199.jpg      167.819764      268.889563      413.933194       58.542676      534.059096      304.605464      254.266020      527.007723
frame00200.jpg      164.992689      261.272163      421.406491       60.418092      537.053166      312.435679      250.851387      525.005482
frame00201.jpg      164.620292      253.429623      430.782075       63.509633      541.694647      321.643614      249.060109      522.962708
frame00202.jpg      166.495400      244.891418      441.757092       66.443012      546.953416      330.096760      248.613507      519.958926
frame00203.jpg      170.394232      236.749181      452.949416       69.660309      552.438564      339.165103      249.699452      517.668792
frame00204.jpg      173.934740      231.023229      467.065288       75.855946      551.169596      341.170832      252.277559      513.698450
frame00205.jpg      180.820895      225.899719      479.257329       81.275480      548.336924      337.497020      255.012494      509.853628
frame00206.jpg      189.521080      228.760034      488.559031       82.573300      546.178797      328.705805      257.576876      506.777167
frame00207.jpg      197.729065      229.282350      493.613008       83.933971      542.613850      323.211255      259.534791      506.082022
frame00208.jpg      200.020567      227.655072      499.588881       81.796987      537.494602      316.932577      261.062149      503.952477
frame00209.jpg      202.110552      226.239162      505.943480       77.460719      532.261787      312.212285      262.481494      500.934254
frame00210.jpg      202.436396      224.074242      509.333058       75.491466      527.023861      307.499153      263.608888      501.456468
frame00211.jpg      203.057557      223.300591      510.592424       74.456669      525.072839      306.082444      263.004334      503.338370
frame00212.jpg      202.120252      223.590755      510.744169       74.656091      524.081161      304.972362      261.721224      504.945101
frame00213.jpg      201.367764      224.294374      511.208910       74.476294      523.081984      304.382114      261.115197      504.948748
frame00214.jpg      201.358031      224.303292      511.210400       74.475101      523.075171      304.373303      261.110183      504.951868
frame00215.jpg      200.508182      224.828487      511.710984       74.232474      522.591160      303.839434      260.487086      505.155508
frame00216.jpg      195.246588      228.798500      515.656500       71.811347      519.486451      300.571823      254.971102      508.710093
frame00217.jpg      195.571744      230.071679      516.088299       71.428765      519.087666      300.152924      254.610943      508.719669
frame00218.jpg      198.126603      231.793433      516.292202       71.452526      518.588824      299.504427      253.837040      508.699687
frame00219.jpg      198.741634      232.554100      516.600335       71.161931      517.884278      299.082631      252.554492      509.089302
frame00220.jpg      198.715867      235.559787      518.288069       69.595343      516.005614      297.733241      251.369180      509.233683
frame00221.jpg      200.118932      237.063144      518.139363       69.043412      514.720237      296.146312      249.171783      512.598385
frame00222.jpg      199.767212      237.514375      518.079369       68.958881      514.508432      295.877287      249.068268      512.809121
frame00223.jpg      199.272447      238.048930      518.257388       68.575506      514.029692      295.450985      248.920413      513.107210
frame00224.jpg      198.739533      239.352271      518.513417       68.618278      513.377818      294.518501      247.731677      514.438600
frame00225.jpg      198.170596      240.048489      518.882678       68.346309      512.692289      293.784055      246.115279      516.127324
frame00226.jpg      198.165435      240.056465      518.883344       68.344936      512.687486      293.779458      246.112708      516.128329
frame00227.jpg      196.055742      244.192093      519.355764       69.552288      508.849205      291.558380      242.070797      518.766539
frame00228.jpg      195.535811      244.759565      519.478402       69.434300      508.679755      291.249534      241.939103      518.822338
frame00229.jpg      195.542149      246.907848      519.792288       69.791902      507.455405      290.261876      239.657975      521.318818
frame00230.jpg      195.387446      247.014410      519.784232       69.811273      507.418253      290.189830      239.596752      521.365430
frame00231.jpg      193.608588      247.722490      520.741231       68.911163      506.466631      289.284493      239.586068      521.488825
frame00232.jpg      192.295145      249.453601      521.530565       68.084180      505.260429      288.591680      238.150360      522.590892
frame00233.jpg      181.983301      260.172236      523.987159       65.522348      500.152753      283.449407      237.547011      526.698485
frame00234.jpg      176.441118      263.256137      526.324724       62.657939      492.435870      278.719000      236.850513      530.466238
frame00235.jpg      176.431691      263.263013      526.326354       62.655538      492.433030      278.714260      236.847353      530.468327
frame00236.jpg      173.791130      264.623384      525.582340       64.804644      491.465838      276.078604      234.236996      535.159690
frame00237.jpg      173.780395      264.633096      525.582613       64.803368      491.462111      276.073619      234.234559      535.161291
frame00238.jpg      162.630569      265.658306      525.660529       66.421085      487.705870      274.092553      231.799567      539.384890
frame00239.jpg      144.775069      269.873208      526.292337       68.657181      484.607337      270.295063      227.557442      546.582925
frame00240.jpg      118.586351      288.441427      527.015019       71.621925      483.571261      257.757403      221.357344      559.932138
frame00241.jpg      117.895030      290.283029      527.095209       71.555094      483.657361      257.248055      221.734363      559.551279
frame00242.jpg      103.790914      304.877896      527.316456       72.981092      480.575058      252.934780      220.902815      563.923503
frame00243.jpg       99.552241      309.934989      526.252878       74.791808      478.514851      251.419222      217.170437      571.471970
frame00244.jpg       99.330400      312.178702      526.198563       74.944592      478.013886      250.723501      217.421364      572.209222
frame00245.jpg       99.128077      313.053523      526.319581       74.740612      477.912649      250.443066      217.649402      572.142634
frame00246.jpg       99.737281      314.032413      526.466792       74.517218      477.898702      250.018952      217.632372      572.484533
frame00247.jpg       98.596367      319.725945      526.263937       74.942063      478.114064      247.141946      217.252685      575.180816
frame00248.jpg       97.690690      320.939482      526.032809       75.327064      477.994254      246.769268      217.374567      575.307030
frame00249.jpg       85.039163      330.926304      524.802644       77.650420      476.036573      245.538918      216.693124      579.000480
frame00250.jpg       84.401371      331.305569      524.803397       77.633378      476.028192      245.489363      216.646555      579.062381
frame00251.jpg       85.288613      332.564443      524.788284       77.546816      475.895669      245.267910      216.423935      579.616110
frame00252.jpg       68.657059      350.497814      528.572633       71.464455      474.985329      242.518866      217.316093      580.114469
frame00253.jpg       73.296060      369.693789      531.032937       66.656076      474.492213      237.584677      221.363095      576.513231
frame00254.jpg       78.508914      373.392617      531.956485       64.939184      473.631190      236.572931      222.936271      575.853756
frame00255.jpg       84.892511      377.517460      533.517020       62.277361      473.422331      235.621894      225.353990      572.939372
frame00256.jpg       88.458345      378.039032      533.875631       61.574928      473.454642      235.267857      225.546369      572.785370
frame00257.jpg       98.139317      383.818884      536.021337       57.616532      473.744465      233.256273      226.825699      571.261883
frame00258.jpg      106.584247      390.960768      537.820251       54.369166      473.959578      230.809326      227.193433      570.678749
frame00259.jpg      107.023048      394.930842      538.951689       52.327556      473.993183      229.979282      227.637054      570.101184
frame00260.jpg       98.446594      403.970062      539.966808       50.773397      473.915124      228.842972      226.529304      572.355291
frame00261.jpg       93.664828      409.610314      540.517618       49.665950      473.994605      228.191061      227.369938      571.437265
frame00262.jpg       96.883009      409.218806      540.807883       49.147898      474.001605      227.860084      227.121342      572.024130
frame00263.jpg      103.528955      410.078305      541.666620       47.505893      474.046107      226.625507      225.586871      574.655316
frame00264.jpg      103.486698      410.123376      541.669422       47.499390      474.046839      226.620108      225.585474      574.657993
frame00265.jpg      100.571210      413.060227      541.809359       47.229127      474.090734      226.331598      225.214746      575.271148
frame00266.jpg      103.330959      414.430410      541.775660       47.411211      474.301496      225.636392      223.882888      577.380445
frame00267.jpg      103.716909      415.425889      541.735162       47.532953      474.308142      225.242190      223.410148      578.307666
frame00268.jpg      103.720764      415.443579      541.736782       47.529273      474.308752      225.237213      223.409654      578.308838
frame00269.jpg      109.937537      419.055190      541.706446       47.812776      474.415881      223.996529      221.522271      581.225971
frame00270.jpg      112.872943      419.954778      541.725019       47.865937      474.496603      223.458479      220.542365      582.735555
frame00271.jpg      116.724425      419.719666      542.127953       47.199784      474.482543      223.073751      220.539044      582.832455
frame00272.jpg      122.028491      418.970551      542.345201       46.893007      474.615350      222.584261      220.858263      582.473898
frame00273.jpg      122.008844      419.008105      542.346563       46.889515      474.616554      222.578652      220.861101      582.469945
frame00274.jpg      127.133737      418.257711      542.457708       46.744004      474.678894      222.111313      221.278556      582.038217
frame00275.jpg      130.055114      428.710767      544.249130       44.165476      474.730735      220.042184      225.344859      576.601947
frame00276.jpg      139.603754      424.071281      544.385994       44.164065      474.676106      219.726559      224.530207      577.839259
frame00277.jpg      133.578477      430.126227      544.911582       43.228959      474.437135      219.493529      226.622812      574.856596
frame00278.jpg      135.028379      429.619595      544.947225       43.150589      474.451645      219.396554      226.591178      574.925945
frame00279.jpg      137.533995      430.338165      545.098585       42.851389      474.532528      218.950251      226.482322      575.105182
frame00280.jpg      148.455760      431.934385      546.011904       40.944420      474.991937      217.111623      229.063799      571.403422
frame00281.jpg      153.281860      434.734821      546.998287       39.252370      475.163193      215.814091      229.482567      571.030551
frame00282.jpg      161.354632      442.838166      550.727962       33.497404      474.805691      213.791387      230.003099      570.627940
frame00283.jpg      168.240366      451.019721      554.561833       26.965844      474.569328      211.529404      231.475038      568.820013
frame00284.jpg      154.041708      475.317819      557.703234       21.443122      473.848159      210.285923      235.920098      562.422050
frame00285.jpg      163.247804      481.089824      560.114941       17.155790      473.988835      208.347463      237.846710      559.463191
frame00286.jpg      163.214974      481.144989      560.117939       17.149585      473.988570      208.340925      237.836682      559.478723
frame00287.jpg      163.182995      481.203045      560.119559       17.146520      473.989121      208.333507      237.811627      559.517993
frame00288.jpg      164.408870      488.808214      561.880030       14.490719      474.979425      205.377056      234.811595      564.198135
frame00289.jpg      169.630137      488.259640      562.778510       13.147759      475.425108      204.062946      233.990276      565.469062
frame00290.jpg      163.639055      504.139188      564.295846       10.813760      476.295905      200.912993      229.460451      572.706603
frame00291.jpg      178.008758      589.061650      651.282179     -127.959987      485.669065      168.393576      199.774974      620.783333
frame00292.jpg      189.827504      584.874601      674.239217     -164.918750      490.998603      157.167277      188.739479      638.917982
frame00293.jpg      187.925517      589.510129      677.045716     -169.446766      492.207066      154.786085      187.829786      640.451834
frame00294.jpg      130.920311      696.703141      702.546501     -209.767058      512.708133      116.760454      152.461681      698.478679
frame00295.jpg       85.701692      771.486192      708.417230     -219.110924      516.677316      109.198698      141.158091      716.989510
frame00296.jpg       80.211958      780.991004      710.460530     -222.401699      517.772412      107.191071      140.267001      718.478135
frame00297.jpg    -4361.817098     8041.658366      842.120512     -435.294319      631.501758      -86.656965     -516.803621     1796.607618
frame00298.jpg    -4361.899654     8041.792905      842.120518     -435.294329      631.501866      -86.657146     -516.804703     1796.609392
frame00299.jpg    -4453.681492     8191.383885      842.142609     -435.330069      631.632934      -86.878644     -518.550719     1799.472442
frame00300.jpg    -4482.762633     8238.781105      842.155865     -435.351626      631.678158      -86.954982     -519.060360     1800.307900
frame00301.jpg    -4762.376324     8695.131710      842.558805     -435.998542      632.910112      -89.006813     -535.450125     1827.214749
frame00302.jpg    -5216.553468     9436.150463      843.386419     -437.343145      633.837654      -90.565760     -553.323162     1856.551400
frame00303.jpg    -7966.821343    13928.182658      846.212453     -441.884772      642.569300     -105.104092     -716.230755     2123.955773
frame00304.jpg   -38629.141106    63948.918545      848.818619     -446.126989      648.276048     -114.588141     -799.578959     2260.763137
frame00305.jpg     8399.720432   -12769.451147      852.017673     -451.306218      659.086945     -132.530725     -972.618382     2544.852239
frame00306.jpg     7608.456872   -11478.840675      852.282647     -451.730928      660.610276     -135.054332    -1003.882949     2596.180461
frame00307.jpg     7110.042758   -10666.209848      852.537736     -452.139354      662.051173     -137.443096    -1040.107744     2655.648309
frame00308.jpg     6087.284515    -8998.483539      854.073015     -454.638482      664.801394     -142.010628    -1137.993680     2816.321803
frame00309.jpg     5973.351636    -8812.516434      854.071522     -454.635801      664.926448     -142.219709    -1140.916043     2821.116099
frame00310.jpg     5137.872976    -7448.893158      854.595760     -455.492573      665.640438     -143.423813    -1181.585366     2887.862518
frame00311.jpg     4353.371838    -6168.930699      856.236329     -458.162475      668.023623     -147.395049    -1269.508993     3032.213725
frame00312.jpg    -1955.015172     4119.077625      830.903601     -417.011963      647.890484     -113.163394     -525.101701     1809.962777
frame00313.jpg    -1774.099655     3824.032082      829.297358     -414.392253      647.702280     -112.801506     -506.482447     1779.407211
frame00314.jpg    -1486.080926     3353.854294      826.897048     -410.511268      645.048717     -108.297633     -451.336955     1688.893289
frame00315.jpg    -1408.065481     3226.542868      826.479101     -409.841057      644.225125     -106.897965     -436.981402     1665.334222
frame00316.jpg    -1047.398432     2638.119681      822.076395     -402.687187      639.876419      -99.560877     -377.010336     1566.927858
frame00317.jpg     -936.922667     2457.637765      820.285875     -399.783925      637.668342      -95.839625     -350.442340     1523.336397
frame00318.jpg     -936.883823     2457.574504      820.285721     -399.783676      637.668316      -95.839541     -350.436842     1523.327392
frame00319.jpg     -914.165653     2420.597782      820.191050     -399.629471      637.661261      -95.810080     -347.721477     1518.879442
frame00320.jpg     -812.943774     2255.730440      818.433251     -396.763225      636.968779      -94.597125     -337.193247     1501.597434
frame00321.jpg     -579.196244     1874.672587      813.982666     -389.504852      632.902865      -87.716103     -308.564382     1454.612118
frame00322.jpg     -285.223679     1395.176137      804.152841     -373.505996      622.885410      -70.793811     -237.893964     1338.641830
frame00323.jpg       80.912040      797.995459      782.004802     -337.406571      606.891713      -43.276654     -137.807314     1174.493287
frame00324.jpg       97.347307      771.219879      780.654503     -335.204109      606.148262      -41.956576     -132.669291     1166.075998
frame00325.jpg      105.627929      757.594070      779.520232     -333.363844      605.310469      -40.491630     -125.365079     1154.100339
frame00326.jpg      105.649344      757.559321      779.519431     -333.362529      605.309958      -40.490589     -125.362945     1154.096901
frame00327.jpg      141.187170      699.572250      776.459774     -328.384185      602.113069      -34.967286     -113.273520     1134.268652
frame00328.jpg      141.742768      698.670353      776.447260     -328.363671      602.080578      -34.908530     -113.194259     1134.140395
frame00329.jpg      172.336421      648.451924      771.595384     -320.466571      598.353788      -28.469455      -89.956969     1096.071917
frame00330.jpg      229.390047      555.185007      763.742428     -307.626979      593.915679      -20.681280      -70.569712     1064.372440
frame00331.jpg      227.987651      556.418607      761.070476     -303.329087      591.059822      -15.708081      -37.155895     1009.654568
frame00332.jpg      276.133807      474.436751      737.830626     -265.504014      583.252419       -1.342528       67.484532      838.523456
frame00333.jpg      277.598107      474.168402      741.158291     -270.915740      586.181517       -6.606249       50.949636      865.473997
frame00334.jpg      277.697230      474.188907      740.959384     -270.582735      586.387877       -7.034716       50.041346      866.981174
frame00335.jpg      276.971561      475.427014      740.902545     -270.488958      586.509405       -7.273068       50.106281      866.878660
frame00336.jpg      276.816620      475.678908      740.901089     -270.487003      586.518346       -7.292328       50.075962      866.927996
frame00337.jpg      276.729419      475.822351      740.900078     -270.485689      586.520862       -7.300544       50.030456      867.002231
frame00338.jpg      276.719902      475.837913      740.900621     -270.486625      586.521145       -7.301446       50.027971      867.006258
frame00339.jpg      276.571293      476.151703      740.767343     -270.264020      586.720545       -7.659947       49.228156      868.322214
frame00340.jpg      276.554738      476.178566      740.767064     -270.263606      586.720823       -7.660887       49.226247      868.325292
frame00341.jpg      276.109839      477.017443      740.703990     -270.155544      587.058687       -8.280384       49.334622      868.162915
frame00342.jpg      276.532036      476.502336      740.628740     -270.026482      587.383680       -8.869638       48.288482      869.884061
frame00343.jpg      273.338418      483.743455      746.751560     -280.014367      587.574711       -9.857702       19.250191      917.275541
frame00344.jpg      263.615315      499.771118      749.349924     -284.251058      588.326970      -11.284326        9.081913      933.910620
frame00345.jpg     -405.671586     1598.935215      838.668958     -430.352401      619.450491      -66.174785     -243.163913     1347.017355
frame00346.jpg     -489.335577     1736.653188      848.352789     -446.186925      621.715719      -70.125244     -286.675777     1418.361208
frame00347.jpg     -610.937415     1935.795820      856.438293     -459.415941      626.958410      -78.895470     -311.875465     1459.697966
frame00348.jpg     -695.273622     2073.773159      857.635413     -461.365476      630.462963      -84.735819     -318.480185     1470.548561
frame00349.jpg     -653.554036     2005.250696      855.348090     -457.647666      628.444374      -81.330980     -302.120499     1443.703390
frame00350.jpg     -653.519615     2005.194430      855.347727     -457.647076      628.444587      -81.331273     -302.114116     1443.692937
frame00351.jpg     -653.481807     2005.132632      855.347662     -457.646974      628.444480      -81.331039     -302.108311     1443.683431
frame00352.jpg     -604.257358     1924.479038      853.182379     -454.119551      626.298810      -77.733545     -289.986712     1423.796851
frame00353.jpg     -604.225141     1924.426396      853.182143     -454.119168      626.298943      -77.733711     -289.981578     1423.788444
frame00354.jpg     -604.195921     1924.378648      853.181988     -454.118918      626.299199      -77.734078     -289.976931     1423.780836
frame00355.jpg     -570.942926     1869.919609      852.051897     -452.276550      625.001357      -75.556365     -283.415975     1413.019855
frame00356.jpg     -570.919529     1869.881385      852.051320     -452.275607      625.001795      -75.557034     -283.412023     1413.013385
frame00357.jpg     -570.892654     1869.837479      852.051196     -452.275405      625.002025      -75.557362     -283.408608     1413.007794
frame00358.jpg     -552.460548     1839.651557      851.437544     -451.277938      624.310844      -74.391533     -278.897117     1405.606343
frame00359.jpg     -549.785323     1835.280873      851.449594     -451.298042      624.394140      -74.522963     -278.391831     1404.778476
frame00360.jpg     -549.760926     1835.240980      851.449547     -451.297970      624.393436      -74.521761     -278.388533     1404.773078
frame00361.jpg     -543.747830     1825.405911      851.311125     -451.072335      624.219259      -74.223711     -277.308870     1403.005182
frame00362.jpg     -535.322845     1811.610479      851.219790     -450.926277      623.757727      -73.448635     -275.536278     1400.097720
frame00363.jpg     -493.795505     1743.590005      849.258256     -447.730727      623.429711      -72.820211     -267.890107     1387.548118
frame00364.jpg     -468.772494     1702.463264      847.241554     -444.449903      621.799353      -70.067692     -256.693872     1369.181514
frame00365.jpg     -453.093429     1676.804101      847.100913     -444.221964      621.518095      -69.565379     -253.329039     1363.662031
frame00366.jpg     -378.618036     1554.812082      842.933203     -437.458421      619.688479      -66.359497     -233.596631     1331.264187
frame00367.jpg     -337.101698     1486.972072      838.032522     -429.442806      620.357437      -67.331665     -224.579840     1316.471112
frame00368.jpg     -330.422645     1476.063800      837.864504     -429.166323      620.384087      -67.351812     -223.902413     1315.361226
frame00369.jpg     -330.401665     1476.029555      837.864656     -429.166569      620.384988      -67.353210     -223.900697     1315.358414
frame00370.jpg     -323.906249     1465.294006      837.784234     -429.054493      620.729928      -67.860291     -219.017468     1307.339951
frame00371.jpg     -301.529986     1428.389667      834.987407     -424.523460      621.110734      -68.313420     -202.962826     1280.990496
frame00372.jpg     -298.256586     1423.048572      835.011974     -424.563774      621.282025      -68.580203     -202.589921     1280.379759
frame00373.jpg     -283.879975     1399.532888      834.737301     -424.125635      622.086637      -69.835874     -200.710341     1277.285890
frame00374.jpg     -273.165941     1382.015033      833.771682     -422.555003      622.980549      -71.253154     -198.290779     1273.309140
frame00375.jpg     -252.284270     1347.832451      832.037065     -419.722382      623.211926      -71.527822     -193.747662     1265.847720
frame00376.jpg     -249.032872     1342.005280      832.356138     -420.290303      620.804176      -67.457300     -180.485594     1244.091316
frame00377.jpg     -240.412797     1327.854344      830.084024     -416.578769      620.580522      -67.044157     -176.192929     1237.052767
frame00378.jpg     -241.514550     1329.468678      830.621564     -417.478806      619.921066      -65.919134     -171.574073     1229.473894
frame00379.jpg     -241.501992     1329.448173      830.621472     -417.478651      619.921314      -65.919470     -171.572074     1229.470617
frame00380.jpg     -236.454691     1321.094032      829.728848     -416.036024      619.188290      -64.670537     -166.429105     1221.031989
frame00381.jpg     -218.675292     1291.836793      827.814963     -412.936857      617.210564      -61.306624     -157.226645     1205.929008
frame00382.jpg     -205.102228     1269.541428      826.019562     -410.028300      616.387656      -59.862468     -150.996845     1195.697927
frame00383.jpg     -193.946607     1251.258730      824.816105     -408.066179      615.637180      -58.575701     -148.395620     1191.430279
frame00384.jpg     -184.388787     1235.607552      823.310161     -405.609742      615.254799      -57.897491     -146.071597     1187.614431
frame00385.jpg     -184.273671     1235.419477      823.304516     -405.600498      615.253123      -57.893993     -146.055934     1187.588858
frame00386.jpg     -166.101415     1205.598573      820.432064     -400.924344      613.609923      -55.085151     -139.842790     1177.392026
frame00387.jpg     -156.963045     1190.556058      819.056430     -398.685361      613.095823      -54.168793     -135.863641     1170.869296
frame00388.jpg     -141.230098     1164.482655      814.580880     -391.407941      611.846816      -51.946004     -124.052560     1151.501531
frame00389.jpg     -141.222119     1164.469626      814.580379     -391.407119      611.847061      -51.946335     -124.050870     1151.498770
frame00390.jpg     -132.970722     1150.837654      812.548734     -388.113292      610.521783      -49.683694     -117.841121     1141.308306
frame00391.jpg     -132.659693     1150.329766      812.511252     -388.051991      610.531325      -49.696370     -117.763550     1141.181676
frame00392.jpg     -119.233130     1128.284716      809.993877     -383.946221      609.207910      -47.437333     -113.388127     1134.004818
frame00393.jpg     -101.902325     1099.789828      806.007410     -377.451740      607.879775      -45.103387     -106.102234     1122.053502
frame00394.jpg      -96.573843     1091.023737      804.160299     -374.437604      607.329145      -44.154139     -103.376886     1117.585996
frame00395.jpg      -95.459725     1089.201716      804.114355     -374.362888      607.261471      -44.032768     -103.146834     1117.210613
frame00396.jpg      -71.450064     1049.567305      800.253558     -368.115303      603.558150      -37.669853      -88.907657     1093.840814
frame00397.jpg      -70.556317     1048.107927      800.190794     -368.012302      603.491266      -37.551594      -88.807764     1093.678145
frame00398.jpg      -70.548735     1048.095547      800.190237     -368.011390      603.490886      -37.550892      -88.806726     1093.676455
frame00399.jpg      -67.840395     1043.660816      799.668924     -367.159540      603.367487      -37.318757      -87.818144     1092.057016
frame00400.jpg      -60.429725     1031.395874      797.250783     -363.232995      602.779961      -36.219011      -80.818859     1080.571152
frame00401.jpg      -50.309700     1014.847982      795.404210     -360.215347      602.996393      -36.455403      -78.331712     1076.490037
frame00402.jpg      -50.302481     1014.836222      795.403616     -360.214369      602.997146      -36.456540      -78.330909     1076.488729
frame00403.jpg      -47.208541     1009.728361      794.434081     -358.636579      603.262754      -36.834809      -76.259223     1073.089407
frame00404.jpg      -47.201178     1009.716360      794.433953     -358.636364      603.263466      -36.835875      -76.258317     1073.087929
frame00405.jpg      -25.673099      974.356352      791.634725     -354.081068      604.128503      -37.953450      -69.807428     1062.498276
frame00406.jpg      -18.661474      962.908515      791.035675     -353.106626      604.507115      -38.486078      -68.767358     1060.783907
frame00407.jpg       -6.375974      942.854239      790.207980     -351.759712      604.401799      -38.181203      -67.174646     1058.158670
frame00408.jpg       -6.369033      942.842913      790.207496     -351.758910      604.402116      -38.181603      -67.173415     1058.156659
frame00409.jpg        1.963701      929.053031      788.525643     -349.044470      604.412419      -38.011431      -60.991311     1048.012237
frame00410.jpg        1.971691      929.040025      788.525435     -349.044116      604.413535      -38.013108      -60.990450     1048.010831
frame00411.jpg        1.979120      929.027919      788.525692     -349.044532      604.414563      -38.014644      -60.988558     1048.007734
frame00412.jpg       29.196145      884.617198      785.123795     -343.501228      605.234516      -39.023036      -56.818698     1041.137132
frame00413.jpg       41.433035      864.647026      784.159570     -341.956630      607.448318      -42.394784      -52.856843     1034.609768
frame00414.jpg      120.437716      734.688472      783.100426     -340.593336      617.251523      -55.905484      -15.931236      973.840944
frame00415.jpg      185.301363      627.762099      793.382466     -357.987171      643.267346      -93.788894       25.231701      905.986330
frame00416.jpg      186.064683      626.358087      796.601243     -363.302773      645.150938      -96.509153       28.366299      900.824962
frame00417.jpg      189.109683      621.163209      800.619495     -369.947508      648.636034     -101.547609       31.920070      894.960905
frame00418.jpg      194.519261      612.071014      802.796560     -373.586015      649.219433     -101.849979       36.783961      886.981654
frame00419.jpg      194.541258      612.035018      802.803641     -373.597429      649.235907     -101.873982       36.792609      886.967385
frame00420.jpg      204.189795      596.016257      804.242986     -376.078224      652.251427     -105.606514       44.349576      874.560314
frame00421.jpg      205.663533      593.546056      804.733021     -376.911475      652.503955     -105.785148       46.238206      871.458527
frame00422.jpg      209.797436      586.661866      806.287831     -379.552377      655.294003     -109.545983       51.812695      862.286134
frame00423.jpg      218.211882      572.461657      807.677786     -382.084108      662.855661     -119.796779       65.675443      839.573387
frame00424.jpg      254.877520      511.501856      795.820105     -363.577153      690.547777     -156.037692       99.810985      783.744212
frame00425.jpg      272.651656      481.361034      777.667216     -334.695160      719.472330     -193.473509      124.855060      742.873750
frame00426.jpg      273.546271      479.870219      777.778585     -334.899831      722.246765     -197.292545      125.982457      741.025763
frame00427.jpg      275.235141      476.966039      777.884384     -335.123161      724.618163     -199.840990      127.843535      738.019492
frame00428.jpg      275.324662      476.651701      777.882096     -335.147384      728.282975     -204.829802      128.396028      737.165005
frame00429.jpg      277.777889      472.494456      775.410132     -331.150653      736.411689     -215.819808      129.404975      735.570612
frame00430.jpg      360.762982      334.529087      650.476080     -129.150999     -929.117919     1973.741231      148.982093      706.530650
frame00431.jpg      372.569483      313.803166      615.324999      -73.360467       56.728072      680.275457      182.382286      654.117155
frame00432.jpg      373.814270      311.549927      614.250338      -71.881898      100.493872      623.668456      191.729683      638.627379
frame00433.jpg      374.358922      310.611251      613.563214      -70.850510      105.424422      616.379224      194.776701      633.576875
frame00434.jpg      375.134878      309.284571      609.607733      -64.533802      115.461441      602.382260      197.457200      629.225278
frame00435.jpg      387.260158      287.130494      583.925395      -23.913959      188.341231      486.117367      228.191619      579.853912
frame00436.jpg      387.688600      286.361541      583.875844      -23.837714      188.633476      485.083662      228.177194      580.005022
frame00437.jpg      389.042471      283.897825      582.674229      -21.947589      197.074482      472.456900      227.214772      582.091461
frame00438.jpg      390.425007      281.271603      580.152384      -17.932563      203.731601      461.975356      228.844822      579.743932
frame00439.jpg      390.441770      281.241457      580.166901      -17.954446      203.790264      461.836112      228.938536      579.574573
frame00440.jpg      390.442854      281.239602      580.158063      -17.940214      203.851821      461.773206      228.938690      579.575948
frame00441.jpg      392.092662      278.284710      577.559793      -13.753454      211.313100      450.085047      228.422945      580.786900
frame00442.jpg      392.187802      278.113374      577.185102      -13.145387      213.757591      447.535935      229.004573      579.815376
frame00443.jpg      392.733421      277.144601      576.732989      -12.443403      220.079801      439.465118      231.287262      575.915186
frame00444.jpg      405.954433      253.843155      546.550273       35.685640      269.784868      368.906102      245.954482      553.037854
frame00445.jpg      405.969559      253.817140      546.561672       35.667483      269.987515      368.743616      246.092565      552.806050
frame00446.jpg      407.185407      251.572481      544.558128       38.791193      272.219090      363.847838      248.276144      549.338614
frame00447.jpg      407.187128      251.569628      544.559019       38.789807      272.247319      363.817546      248.281813      549.329095
frame00448.jpg      408.218037      249.746618      543.293108       40.737304      277.473872      356.583784      251.990540      542.958664
frame00449.jpg      408.684121      248.884921      542.152082       42.510582      279.203460      354.170913      252.965757      541.391327
frame00450.jpg      408.998301      248.273192      541.510888       43.485402      279.613620      353.011536      254.914302      538.053284
frame00451.jpg      410.577426      245.360569      537.487866       49.661970      286.048334      343.161877      262.857462      524.854827
frame00452.jpg      414.548193      238.178177      528.790012       62.787955      306.759435      315.708213      285.861189      485.954990
frame00453.jpg      416.986974      233.956919      526.669680       65.992343      314.377352      304.974122      294.380832      471.416325
frame00454.jpg      418.653050      231.132277      525.485752       67.875117      318.773126      299.712166      298.187164      464.861230
frame00455.jpg      419.494992      229.607785      525.181110       68.314842      320.520583      296.744182      300.808973      460.414276
frame00456.jpg      419.654146      229.315049      525.078481       68.476975      320.345964      296.826680      300.727566      460.713078
frame00457.jpg      419.850606      228.961073      525.151141       68.368625      320.285372      296.590698      301.107361      460.093613
frame00458.jpg      420.305866      228.137085      525.383060       68.037811      320.879744      295.432853      301.594770      459.332381
frame00459.jpg      420.796956      227.275411      524.923515       68.779232      321.548996      294.241211      301.963865      458.840887
frame00460.jpg      421.201654      226.612755      524.767557       69.040540      322.599494      292.890996      302.355070      458.121980
frame00461.jpg      422.083944      225.041465      523.508505       71.097974      323.944479      290.141954      303.650214      456.333263
frame00462.jpg      424.662799      220.865023      523.045634       72.243396      330.051895      281.479647      305.788514      452.121871
frame00463.jpg      425.518469      219.500737      522.843678       72.673564      332.609182      278.337490      306.879559      449.993713
frame00464.jpg      427.453836      216.246089      523.723165       71.564135      335.187422      274.173520      307.299015      448.723402
frame00465.jpg      432.922118      207.084075      525.603034       68.968441      344.451344      259.454077      303.100570      456.681683
frame00466.jpg      435.207476      203.372358      527.314681       66.329665      352.642110      248.659162      309.487458      444.687294
frame00467.jpg      433.901043      205.546564      526.270944       68.003655      347.315755      257.563295      309.937404      443.794116
frame00468.jpg      426.107455      218.762910      526.001608       67.798387      322.705858      290.324340      292.836662      473.662715
frame00469.jpg      425.318575      220.169594      525.828329       68.012579      322.201741      291.991272      294.494872      470.188922
frame00470.jpg      420.263604      229.090595      527.127893       65.841241      316.428101      304.689585      298.253967      459.592625
frame00471.jpg      427.664372      216.499205      522.740979       73.102226      348.768206      271.790905      301.863131      457.473592
frame00472.jpg      427.665201      216.497935      522.730225       73.118491      348.841318      271.749789      301.879794      457.458088
frame00473.jpg      427.983966      215.909336      521.058321       75.563685      347.527848      270.616700      296.433096      467.975871
frame00474.jpg      427.345563      217.037040      521.025416       75.563146      346.098584      273.561868      295.959036      468.540536
frame00475.jpg      427.261716      217.172121      521.027836       75.547385      345.513018      274.021899      295.102199      470.022165
frame00476.jpg      427.341185      217.064140      520.988987       75.629578      343.793730      275.771623      293.604140      472.601199
frame00477.jpg      427.245879      217.211174      520.805924       75.912792      342.912236      276.615705      293.600807      472.541428
frame00478.jpg      427.130403      217.387442      520.360932       76.590065      342.193635      276.777099      291.848157      475.581524
frame00479.jpg      422.926394      224.386725      514.503718       85.402807      336.521321      286.647082      285.848338      485.664925
frame00480.jpg      421.944928      226.049006      513.182853       87.367662      334.647339      289.056660      283.331913      489.938074
frame00481.jpg      419.802041      229.661694      509.472858       92.919357      329.804702      295.915342      278.325582      499.136572
frame00482.jpg      418.177717      232.403093      508.020896       95.072945      326.560951      300.721853      275.058122      505.419950
frame00483.jpg      414.157502      239.603746      505.574989       98.514225      322.293032      308.698629      275.485897      504.676468
frame00484.jpg      413.856753      240.106626      505.123059       99.205408      321.299037      309.536153      273.806281      507.602654
frame00485.jpg      413.714416      240.341324      505.183320       99.121366      320.224613      310.982593      274.442065      506.382916
frame00486.jpg      409.439887      247.402679      502.279291      103.191275      306.253732      329.335826      263.297965      526.987118
frame00487.jpg      408.994062      248.125493      502.072739      103.430417      304.749978      331.263162      260.565246      532.105707
frame00488.jpg      408.704537      248.628967      502.044448      103.399319      303.046366      333.096207      257.870534      536.863252
frame00489.jpg      408.703274      248.630930      502.043919      103.400059      303.007397      333.130743      257.862077      536.876822
frame00490.jpg      408.100918      249.663003      502.160400      103.154474      299.625431      337.680125      256.792219      538.654638
frame00491.jpg      407.806521      250.190709      502.417402      102.716996      298.944605      338.451644      257.717706      536.615509
frame00492.jpg      407.804136      250.194594      502.417705      102.716532      298.898606      338.499520      257.720775      536.607846
frame00493.jpg      407.767961      250.253321      502.417211      102.717756      297.976475      339.348404      257.647304      536.681374
frame00494.jpg      407.757213      250.270087      502.409908      102.729426      297.712205      339.578208      257.640913      536.676634
frame00495.jpg      405.724700      253.909845      501.851631      103.409378      289.168714      348.863096      261.437635      528.743075
frame00496.jpg      403.728780      257.586117      502.571850      102.144957      276.309310      364.140289      259.462729      531.050979
frame00497.jpg      403.078404      258.755849      502.821172      101.732761      271.263180      371.528923      259.535284      530.720165
frame00498.jpg      403.077034      258.758195      502.822584      101.730449      271.223347      371.568270      259.529344      530.729434
frame00499.jpg      401.174306      262.111295      503.301214      100.916572      257.934029      388.781328      259.058777      530.823433
frame00500.jpg      400.584795      263.134169      504.264101       99.330824      256.197964      391.026570      259.484378      529.772002
frame00501.jpg      399.998164      264.104570      505.130388       97.926354      248.529056      400.023541      260.028779      528.699339
frame00502.jpg      399.664179      264.690689      505.380839       97.521572      244.650635      405.326203      259.512280      529.569235
frame00503.jpg      396.216894      270.838832      509.633885       90.483010      229.483057      429.460245      259.256593      528.457475
frame00504.jpg      391.653027      278.925606      514.663976       82.136146      202.819778      470.376536      259.715937      526.122929
frame00505.jpg      391.479086      279.267986      515.816800       80.277549      200.885876      473.923914      259.549882      526.199599
frame00506.jpg      391.151431      279.963165      515.872282       80.183716      199.125132      478.064053      258.310947      528.107152
frame00507.jpg      390.659760      280.973743      516.649878       78.898178      184.631782      496.390034      256.714057      530.420686
frame00508.jpg      385.262524      290.623053      517.094141       78.093637       86.844100      631.600975      250.933079      539.605785
frame00509.jpg      382.871345      294.885535      517.896214       76.772036      -27.073250      780.210626      248.799868      542.885245
frame00510.jpg      377.617596      304.030968      517.763031       77.037432     -569.228825     1492.131007      240.415079      556.918194
frame00511.jpg      362.287495      330.904323      510.053803       89.704601     1092.564008     -677.432886      233.511961      567.635348
frame00512.jpg      356.502926      340.971022      508.002353       93.100387      835.986042     -339.458312      229.312927      574.634179
frame00513.jpg      354.706064      344.115668      508.867233       91.715606      777.476156     -261.495111      227.472580      577.699223
frame00514.jpg      354.521602      344.255153      510.732988       88.599188      706.759699     -157.982424      227.405947      577.875289
frame00515.jpg      355.717930      342.172891      510.384908       89.161690      729.004793     -187.265433      228.375440      576.273317
frame00516.jpg      357.138053      339.709954      510.678639       88.650663      758.371387     -225.529471      230.327882      572.888725
frame00517.jpg      358.470261      337.434502      510.782794       88.463374      784.865017     -259.786579      231.945393      570.091059
frame00518.jpg      359.107502      336.343480      511.107669       87.914692      798.430709     -277.223296      233.446617      567.493203
frame00519.jpg      382.634370      296.362929      496.453444      112.041311       39.852728      713.216363      250.725078      538.452482
frame00520.jpg      382.966774      295.776540      496.368891      112.184651       51.570484      697.673312      251.238912      537.557622
frame00521.jpg      386.064579      290.482269      495.185343      114.116886      151.461324      566.074128      254.363826      532.150832
frame00522.jpg      386.532793      289.672656      495.108844      114.254769      161.182467      553.195224      255.590414      530.038406
frame00523.jpg      391.883261      280.430635      497.150733      111.071147      245.850598      442.499766      271.658774      501.996124
frame00524.jpg      393.568253      277.478910      499.206152      107.774768      261.175733      421.678253      277.620956      491.522678
frame00525.jpg      396.253636      272.777700      501.349882      104.356920      279.612406      395.303830      285.793225      477.391826
frame00526.jpg      399.215250      267.625660      504.479676       99.402617      294.357532      374.854778      294.976788      461.288289
frame00527.jpg      405.480184      256.751559      513.362076       85.151548      319.567257      337.834429      312.045964      431.543749
frame00528.jpg      412.977077      243.773073      528.098546       61.829225      342.790288      302.991165      328.013236      403.358425
frame00529.jpg      418.704345      233.907803      539.741166       43.298913      355.457119      282.317054      335.048384      390.930788
frame00530.jpg      419.099787      233.218242      540.836692       41.569307      356.509961      280.848071      335.904616      389.438184
frame00531.jpg      419.294002      232.883984      541.718192       40.175330      357.195993      280.142231      336.853153      387.746143
frame00532.jpg      419.348164      232.792629      541.956809       39.795305      357.421270      279.880154      337.038817      387.420348
frame00533.jpg      419.474783      232.575049      542.553407       38.844597      358.018804      279.130879      337.578259      386.454710
frame00534.jpg      419.856958      231.914276      543.885216       36.715141      359.645362      276.735416      338.719247      384.422263
frame00535.jpg      419.863133      231.903721      543.892292       36.703283      359.672152      276.686823      338.728630      384.405076
frame00536.jpg      419.870588      231.891294      543.911795       36.671753      359.723197      276.622889      338.742565      384.381016
frame00537.jpg      420.042389      231.593251      543.944372       36.609949      360.321188      275.731584      338.932219      384.065153
frame00538.jpg      420.288217      231.165295      544.568531       35.605706      361.166287      274.558171      339.596856      382.903676
frame00539.jpg      420.404175      230.963447      544.806240       35.219415      361.599601      273.922311      339.874540      382.421849
frame00540.jpg      420.598690      230.626592      544.963151       34.957296      362.768040      272.529392      340.367683      381.573450
frame00541.jpg      420.728232      230.400713      544.949766       34.976059      363.169485      271.907893      340.361998      381.602970
frame00542.jpg      420.807689      230.263134      544.927374       35.006291      363.504737      271.404918      340.668843      381.065278
frame00543.jpg      420.951294      230.010863      544.915435       35.018997      364.364500      270.167042      341.053431      380.400734
frame00544.jpg      421.076961      229.797088      544.931167       34.998410      365.087997      269.246893      341.255054      380.053432
frame00545.jpg      421.605496      228.903940      544.234159       36.113561      367.895072      265.364394      341.343582      380.001554
frame00546.jpg      420.973849      229.942270      544.283889       36.025433      366.183327      268.111510      341.303110      380.099490
frame00547.jpg      416.457210      237.567665      543.239039       37.427931      357.521918      281.232794      339.467639      383.550788
frame00548.jpg      414.732122      240.475991      543.172129       37.510826      353.042255      287.803737      338.495491      385.360195
frame00549.jpg      413.574962      242.492709      543.098904       37.519340      350.183988      292.162251      337.580259      386.920907
frame00550.jpg      413.370672      242.840001      543.602015       36.700342      349.514019      293.138472      337.466882      387.106827
frame00551.jpg      413.290193      242.979166      543.801689       36.384624      349.133245      293.667414      337.413425      387.190076
frame00552.jpg      413.181072      243.165719      543.781517       36.413723      348.702143      294.262037      337.339257      387.313286
frame00553.jpg      413.065085      243.359080      543.829112       36.341038      348.233666      294.995115      337.223783      387.514044
frame00554.jpg      412.682295      243.984978      544.444943       35.394761      346.210156      297.510347      336.597670      388.611622
frame00555.jpg      412.313334      244.599922      544.702321       34.979674      344.749904      299.485013      336.314978      389.100602
frame00556.jpg      412.312542      244.601212      544.702516       34.979341      344.738523      299.497044      336.315245      389.099765
frame00557.jpg      412.087188      244.975873      544.469255       35.353486      343.568646      301.084976      335.910600      389.824501
frame00558.jpg      411.997311      245.128047      544.429367       35.418793      343.134605      301.619227      335.766333      390.075844
frame00559.jpg      411.996517      245.129358      544.428901       35.419597      343.126611      301.628515      335.766204      390.075888
frame00560.jpg      411.703261      245.627768      544.346221       35.555214      342.117508      303.108963      335.261406      390.956688
frame00561.jpg      411.388730      246.170571      544.667681       35.038999      341.339139      304.186135      335.111958      391.152874
frame00562.jpg      411.387992      246.171771      544.667428       35.039478      341.329572      304.196404      335.112253      391.151921
frame00563.jpg      411.281158      246.356581      544.740659       34.922985      340.932767      304.746990      335.149961      391.057687
frame00564.jpg      411.142354      246.596536      545.032575       34.454975      340.497433      305.394031      335.238252      390.866968
frame00565.jpg      411.141268      246.598327      545.033660       34.453336      340.483790      305.409359      335.238979      390.865149
frame00566.jpg      411.131588      246.614100      545.058919       34.413512      340.341235      305.563638      335.250306      390.839622
frame00567.jpg      411.005576      246.828730      545.182385       34.220507      339.824902      306.381478      335.118654      391.048370
frame00568.jpg      410.889693      247.025108      545.167982       34.239580      339.472943      306.896592      334.864126      391.496924
frame00569.jpg      410.612837      247.499309      545.617082       33.506847      338.610735      308.119117      334.791856      391.577642
frame00570.jpg      409.968669      248.579662      545.319727       33.979393      335.875938      312.264012      334.233828      392.541355
frame00571.jpg      409.849633      248.779941      545.119321       34.306575      335.312747      313.116458      333.945543      393.044839
frame00572.jpg      409.383894      249.546227      544.944156       34.623931      332.252548      317.411334      333.094729      394.521520
frame00573.jpg      409.219449      249.823107      545.087342       34.401516      331.113700      318.938139      333.017800      394.628662
frame00574.jpg      408.512942      251.012220      545.059291       34.450852      326.338474      325.449238      332.550494      395.412658
frame00575.jpg      406.666712      254.115548      545.324244       34.030707      314.366725      342.302555      330.186503      399.539584
frame00576.jpg      397.215673      269.979496      557.969394       13.582348      199.025777      492.929354      318.947615      418.771103
frame00577.jpg      396.246395      271.588822      561.125973        8.517433      168.756129      531.642863      318.091200      420.185492
frame00578.jpg      395.919187      272.134533      562.232859        6.734353      161.226630      541.615860      317.980994      420.342129
frame00579.jpg      384.502456      291.066024      584.595517      -29.543091     -377.784816     1242.200357      313.812927      427.024449
frame00580.jpg      384.502430      291.066066      584.595521      -29.543098     -377.792235     1242.209841      313.812926      427.024447
frame00581.jpg      383.936639      292.013996      586.156467      -32.046692     -461.287643     1351.291567      313.454146      427.593883
frame00582.jpg      373.320053      309.852247      600.131459      -54.353751     3444.491329    -3752.516867      307.008916      438.260457
