frame ulx uly urx ury lrx lry llx lly
frame00001.jpg      136.000000       75.000000      540.000000       75.000000      540.000000      373.000000      136.000000      373.000000
frame00002.jpg      140.629657       76.133739      542.962171       77.398737      542.336850      373.878736      139.386206      372.445697
frame00003.jpg      145.070127       76.677656      545.938602       79.106287      544.314591      375.228560      142.702899      372.676139
frame00004.jpg      148.796514       78.120302      548.307887       81.821428      545.793590      377.959527      145.637467      374.261868
frame00005.jpg      152.322271       81.097879      550.223963       85.806675      547.348432      380.530355      148.688116      375.903041
frame00006.jpg      156.663490       83.669082      552.756492       89.050710      550.192160      382.258309      152.640045      376.846595
frame00007.jpg      161.220609       85.685421      556.049808       91.087168      553.872432      382.875442      157.441543      377.182546
frame00008.jpg      166.763489       86.840505      560.393218       92.119791      558.154162      382.435296      162.943122      376.501051
frame00009.jpg      171.910507       86.735623      564.568319       91.729547      561.803073      381.526817      167.692475      375.156573
frame00010.jpg      176.105360       86.434754      568.037538       91.344576      564.548353      380.843638      171.553168      374.234430
frame00011.jpg      178.914867       86.159681      570.141528       91.230395      566.098153      380.234878      174.134466      373.632390
frame00012.jpg      181.193854       85.963554      571.679123       91.000460      567.831000      379.330229      176.685090      372.923236
frame00013.jpg      183.878981       86.198998      573.753523       91.142444      570.048081      379.291666      180.071522      372.939690
frame00014.jpg      187.245047       87.046339      576.030112       91.779626      572.513136      379.017509      183.648858      372.824186
frame00015.jpg      190.365573       87.602486      578.080408       91.997281      574.579497      378.582970      186.781918      372.809111
frame00016.jpg      192.964915       88.286542      579.727624       92.308664      576.335905      377.911665      189.688733      372.538015
frame00017.jpg      195.173141       88.372118      580.932048       92.146212      577.475589      376.808444      192.041130      371.886542
frame00018.jpg      197.115559       88.305103      581.757802       92.062901      578.460054      375.449979      194.292640      370.887385
frame00019.jpg      198.916673       87.066452      582.652903       90.734059      578.965389      373.017871      195.928783      368.837435
frame00020.jpg      199.643095       85.861871      582.642414       89.418660      578.454183      371.026142      196.755233      367.406197
frame00021.jpg      199.740570       84.237429      581.886880       87.715257      577.676447      368.028460      197.186440      365.181666
frame00022.jpg      199.620806       82.487464      581.000783       86.129847      576.411805      366.337196      197.390022      364.075844
frame00023.jpg      199.408204       82.422222      579.598938       86.467090      574.672983      365.844019      197.073571      363.892207
frame00024.jpg      198.695107       82.670785      577.530620       87.239161      572.234407      365.521096      196.090849      363.832208
frame00025.jpg      197.693188       82.801679      575.047536       88.043495      569.474995      365.193155      194.756558      363.749600
frame00026.jpg      196.163910       83.084336      572.095119       89.213184      566.347634      365.241685      193.006427      363.942050
frame00027.jpg      195.011881       83.679600      569.580794       90.510696      564.084349      364.963510      192.146708      363.781760
frame00028.jpg      194.331646       83.326823      567.686930       90.882083      562.299405      363.579333      191.660295      362.608434
frame00029.jpg      194.188867       82.366231      566.311585       90.281462      561.063158      362.415776      191.669701      361.632442
frame00030.jpg      194.560611       82.643967      565.563019       90.571897      560.948808      361.549273      192.992496      361.065642
frame00031.jpg      196.066981       81.993460      565.976919       89.577295      561.764283      359.425461      195.021046      359.310575
frame00032.jpg      198.174227       80.610110      567.242110       88.115891      562.991942      357.603039      197.520100      357.531865
frame00033.jpg      200.626192       80.038474      568.780850       87.841939      563.895817      357.317995      199.831399      356.941277
frame00034.jpg      202.749966       80.326908      569.712500       88.646888      564.371227      356.881331      201.547168      356.219058
frame00035.jpg      204.612403       79.990508      570.402769       88.857360      564.391750      356.299410      202.959191      355.470134
frame00036.jpg      205.685101       79.999192      570.238598       89.233800      563.768208      355.683820      203.822478      354.959295
frame00037.jpg      206.211480       80.359209      569.472807       89.908119      562.864016      355.757645      204.527873      355.434611
frame00038.jpg      206.872506       81.193279      568.565463       90.907221      561.822711      354.999611      204.910346      355.044213
frame00039.jpg      206.626976       81.284784      566.875306       90.959243      559.892148      353.775750      204.641906      354.391161
frame00040.jpg      205.782360       80.909773      564.600226       90.577796      557.931714      351.852309      204.341148      353.334569
frame00041.jpg      205.049303       80.134590      562.330120       89.630680      555.452889      350.001758      203.471351      352.237587
frame00042.jpg      203.304144       79.725714      559.124144       89.124591      552.438091      347.922536      202.023655      351.012028
frame00043.jpg      200.508916       77.780164      555.150178       86.555380      548.658825      343.960370      199.862852      348.443894
frame00044.jpg      196.530146       74.623262      550.288470       82.825563      544.542261      339.230962      197.164246      345.402732
frame00045.jpg      192.493120       71.092889      545.533997       78.568233      540.616042      334.055124      194.773146      341.929871
frame00046.jpg      189.342942       67.135301      541.859117       74.201223      537.129920      328.676302      193.084366      337.998067
frame00047.jpg      187.277881       64.734476      538.815715       71.727878      534.519278      325.335244      191.999185      335.579392
frame00048.jpg      185.585822       60.445140      536.292264       67.372127      531.840313      320.054386      191.080027      330.761933
frame00049.jpg      184.287886       57.389509      534.088297       64.939803      529.343510      316.880474      190.598511      328.202828
frame00050.jpg      184.173694       56.945503      532.439036       65.222277      527.384090      317.245577      190.607740      328.473660
frame00051.jpg      184.613910       58.429838      530.811416       67.569117      525.513963      318.168586      190.458097      329.127157
frame00052.jpg      185.109766       59.607280      529.224654       69.752893      523.694507      319.463047      190.374286      330.296242
frame00053.jpg      185.703350       62.509339      527.973988       72.923341      522.975596      322.054285      191.843940      332.964032
frame00054.jpg      188.125640       66.154887      528.212021       76.516981      524.003428      323.183015      194.586370      334.182580
frame00055.jpg      191.586782       68.068363      529.737105       78.310086      526.103999      325.057056      198.187589      336.253310
frame00056.jpg      195.336081       71.675029      531.576460       81.445837      527.989516      326.137362      201.624249      337.668641
frame00057.jpg      198.613770       73.846154      533.197974       82.889163      529.813154      326.230836      204.873598      338.436556
frame00058.jpg      200.616588       75.028759      533.929840       83.261841      530.733671      325.525762      207.182779      338.596613
frame00059.jpg      201.889525       74.546547      534.048536       81.711215      531.015751      322.680786      208.537599      336.722956
frame00060.jpg      202.161181       71.362827      533.530565       77.581168      530.816570      318.054075      210.042170      333.319510
frame00061.jpg      202.564657       68.836085      533.169192       74.461149      530.307106      314.389626      210.945902      330.487428
frame00062.jpg      201.862690       65.525300      531.723686       70.460208      528.280153      309.699956      210.752070      326.927042
frame00063.jpg      199.526667       62.337798      528.529584       67.003436      524.420481      305.454326      208.310018      323.853857
frame00064.jpg      194.967929       60.219820      522.945520       65.201335      517.510216      302.759727      203.166406      322.998927
frame00065.jpg      188.687434       59.887420      515.440718       65.152104      509.370110      301.049267      196.307413      323.123455
frame00066.jpg      181.156677       60.017229      506.146533       65.350154      501.387877      300.491161      190.710729      323.984502
frame00067.jpg      176.095688       61.271183      498.981319       66.638665      496.299252      299.682420      188.185800      323.661408
frame00068.jpg      173.185549       59.779025      494.471086       65.321614      492.376390      296.745123      186.449623      321.511487
frame00069.jpg      171.810905       59.519318      491.415001       64.976631      490.109114      296.360767      186.595658      322.248395
frame00070.jpg      172.964058       62.338566      490.247588       67.345603      489.632272      297.860441      188.778599      324.230591
frame00071.jpg      175.592966       65.304987      490.224031       70.159896      489.867418      298.819727      191.264673      325.363945
frame00072.jpg      179.150245       67.425074      491.117910       72.518329      490.852098      299.879206      194.652238      326.174252
frame00073.jpg      183.642226       69.306926      493.220183       74.691713      493.204798      300.816236      199.110271      326.899822
frame00074.jpg      189.230339       71.352374      496.352393       76.744762      496.234437      301.467024      204.052254      327.379664
frame00075.jpg      195.134203       72.999492      499.859251       77.990007      499.529659      300.990971      209.349941      327.078084
frame00076.jpg      199.351138       72.560934      502.090503       76.695160      501.133459      298.936211      212.925056      325.379558
frame00077.jpg      200.785154       72.448391      501.966890       76.138095      500.649845      297.948163      214.389307      325.140205
frame00078.jpg      201.428286       73.009349      500.726595       76.393903      499.644970      297.485908      215.135823      325.291855
frame00079.jpg      201.499818       73.518683      499.246587       76.654387      498.491038      296.297276      215.688231      324.975430
frame00080.jpg      201.629887       73.742318      497.466217       76.426264      497.110402      296.587591      216.023428      326.380384
frame00081.jpg      201.772982       76.708206      495.801291       79.121796      495.272037      298.792297      215.897143      329.351797
frame00082.jpg      200.269289       79.695371      492.454336       81.987709      491.940054      299.604319      213.997902      331.173620
frame00083.jpg      197.812094       80.955573      488.182007       82.934208      488.983164      298.709018      212.872756      331.179580
frame00084.jpg      197.000764       80.504424      485.743081       82.018688      487.808577      297.109195      213.619407      330.649320
frame00085.jpg      198.324816       81.408177      485.361761       82.223516      488.761537      297.207364      216.576523      331.936029
frame00086.jpg      202.040041       83.529267      486.834998       83.119936      491.093605      296.354746      220.978415      331.962084
frame00087.jpg      205.411226       84.143792      488.199576       82.479722      492.732720      295.282007      224.797050      331.960459
frame00088.jpg      208.071110       85.315989      488.642675       82.301955      493.619950      293.720784      227.682083      331.221852
frame00089.jpg      209.304241       84.628721      488.162371       80.703572      493.077373      291.565024      229.286571      330.284387
frame00090.jpg      209.241426       85.529560      485.862658       80.984736      491.037776      290.723326      229.156678      330.105659
frame00091.jpg      211.722429       82.760782      479.126324       77.334540      491.847413      293.805928      223.552172      335.097808
frame00092.jpg      209.571045       79.687238      472.188514       72.602912      495.025397      300.033177      222.254430      342.007577
frame00093.jpg      208.656224       77.934197      467.276496       67.811343      502.459226      309.671053      222.954191      347.832287
frame00094.jpg      207.350222       74.376227      463.139616       65.306335      509.602329      320.234396      221.117414      356.708715
frame00095.jpg      207.130908       73.566006      462.653908       64.498928      509.899860      321.180401      221.310262      357.964413
frame00096.jpg      206.196479       72.100070      462.375567       61.770045      510.810258      322.942011      221.927521      360.452535
frame00097.jpg      206.035476       71.230907      462.186727       60.884739      511.249569      324.098961      221.973502      361.891703
frame00098.jpg      204.898965       68.905828      461.873074       58.463565      511.858674      326.157432      222.459938      364.469759
frame00099.jpg      204.634503       67.778630      461.728182       55.709046      512.896992      328.374228      222.903306      367.043132
frame00100.jpg      204.647097       67.782113      461.718530       55.695318      512.915382      328.406630      222.891998      367.101399
frame00101.jpg      209.612420       71.467157      460.476048       53.790077      517.841587      334.166218      220.171225      373.819580
frame00102.jpg      209.629746       71.479028      460.464219       53.785428      517.869541      334.208070      220.154330      373.884194
frame00103.jpg      216.670389       78.232063      458.489493       50.906063      525.808755      342.322073      216.241440      384.049448
frame00104.jpg      216.681996       78.243231      458.478696       50.901600      525.837060      342.356631      216.228628      384.104022
frame00105.jpg      227.342525       85.534857      454.802374       49.222505      542.958459      360.806076      205.527408      405.567210
frame00106.jpg      227.358467       85.540996      454.795827       49.217029      543.002940      360.863611      205.511593      405.628164
frame00107.jpg      227.359924       85.541465      454.794662       49.216774      543.006788      360.869066      205.509453      405.635831
frame00108.jpg      229.311145       86.012126      453.934040       48.997185      546.406254      365.601827      203.310700      411.795202
frame00109.jpg      233.330061       86.233855      452.857949       47.545073      553.173918      375.458541      198.728892      424.329073
frame00110.jpg      233.331433       86.233659      452.856712       47.544588      553.178592      375.466213      198.726435      424.338155
frame00111.jpg      233.332860       86.233347      452.855578       47.543522      553.183659      375.474710      198.723789      424.348874
frame00112.jpg      233.411874       86.145466      452.732120       47.368954      553.546565      376.189710      198.535790      425.319058
frame00113.jpg      233.570517       85.981065      452.500619       47.064886      554.267469      377.584623      198.073857      427.189027
frame00114.jpg      233.659021       85.890682      452.401457       46.911451      554.663836      378.305248      197.892060      428.036846
frame00115.jpg      233.964021       84.934843      451.815504       45.010866      556.951540      382.945524      196.768531      434.130160
frame00116.jpg      234.593526       84.852439      451.365420       44.378447      558.952622      386.630109      195.404656      439.196082
frame00117.jpg      234.957644       84.866555      451.107528       44.090299      560.253893      388.856127      194.608436      442.093027
frame00118.jpg      234.958776       84.866734      451.106567       44.089425      560.257165      388.862512      194.605692      442.102810
frame00119.jpg      234.959884       84.866615      451.105529       44.088603      560.260850      388.869306      194.603173      442.112149
frame00120.jpg      234.961259       84.866771      451.104563       44.087709      560.265472      388.877223      194.600427      442.122190
frame00121.jpg      234.962650       84.867287      451.103452       44.086903      560.270450      388.885543      194.596613      442.134579
frame00122.jpg      234.963842       84.867982      451.102490       44.085986      560.275029      388.892552      194.593387      442.145756
frame00123.jpg      234.964952       84.868396      451.101472       44.085365      560.279992      388.899823      194.590398      442.155699
frame00124.jpg      234.966216       84.868887      451.100527       44.084809      560.285139      388.907115      194.587979      442.164288
frame00125.jpg      234.967389       84.869503      451.099667       44.084182      560.289867      388.913852      194.585316      442.173174
frame00126.jpg      234.968272       84.869557      451.098521       44.083497      560.293834      388.920998      194.582381      442.183354
frame00127.jpg      235.207016       84.577204      450.778787       43.463672      561.482364      391.248898      193.714388      445.693390
frame00128.jpg      235.207715       84.576569      450.777925       43.462453      561.485606      391.255312      193.712520      445.701879
frame00129.jpg      235.208484       84.576033      450.776995       43.461290      561.490285      391.263311      193.710343      445.711733
frame00130.jpg      235.215274       81.586015      449.230422       39.801579      564.822281      400.308950      191.997635      458.588521
frame00131.jpg      235.216322       81.585226      449.229361       39.800365      564.825469      400.317273      191.994778      458.599675
frame00132.jpg      235.243562       81.580921      449.209546       39.782672      564.920563      400.509196      191.926529      458.833825
frame00133.jpg      235.393444       81.631372      449.121190       39.717300      565.472045      401.368318      191.684392      459.838730
frame00134.jpg      237.148136       83.168925      448.637953       38.807181      568.838153      405.301520      189.887632      465.682519
frame00135.jpg      237.149741       83.169655      448.637107       38.806445      568.844100      405.310870      189.884500      465.694196
frame00136.jpg      238.991146       83.831138      448.549701       37.450182      571.258444      409.806198      187.145524      473.586822
frame00137.jpg      239.079598       83.838646      448.497163       37.388707      571.562166      410.381999      186.953460      474.301996
frame00138.jpg      240.700555       84.432142      447.791795       35.530259      574.594902      415.467054      183.512552      486.158370
frame00139.jpg      241.435179       84.591903      447.658463       34.677401      577.046823      420.158851      181.861940      492.455244
frame00140.jpg      242.314771       84.978364      448.058852       32.427345      580.342703      425.706041      179.102085      501.367148
frame00141.jpg      242.316574       84.978210      448.058075       32.425730      580.348459      425.719540      179.096539      501.385840
frame00142.jpg      242.318646       84.978605      448.057084       32.423499      580.356964      425.735332      179.090157      501.409043
frame00143.jpg      242.320417       84.979575      448.055712       32.421543      580.367572      425.751218      179.083616      501.432907
frame00144.jpg      242.321667       84.979917      448.054367       32.419941      580.373774      425.762253      179.078187      501.451889
frame00145.jpg      242.323279       84.980444      448.053309       32.418212      580.381312      425.774569      179.072950      501.470915
frame00146.jpg      242.325017       84.980917      448.052092       32.416577      580.389935      425.788696      179.067599      501.490736
frame00147.jpg      243.741884       85.775550      447.898390       29.563969      584.843371      431.479328      175.033454      514.738410
frame00148.jpg      243.744092       85.775956      447.897326       29.561379      584.853198      431.496552      175.026900      514.762923
frame00149.jpg      243.746156       85.776235      447.896212       29.558992      584.861575      431.512634      175.020364      514.787425
frame00150.jpg      243.747891       85.776381      447.895199       29.557181      584.868991      431.527476      175.014089      514.809377
frame00151.jpg      243.750547       85.776549      447.894018       29.554822      584.881579      431.548301      175.007734      514.834491
frame00152.jpg      244.784430       85.368724      447.592764       26.322273      589.338077      439.937323      172.071203      528.898768
frame00153.jpg      244.787633       85.368716      447.590117       26.319222      589.356265      439.968126      172.061774      528.939684
frame00154.jpg      244.790586       85.368694      447.588109       26.316207      589.370885      439.995879      172.051324      528.979266
frame00155.jpg      244.794213       85.368933      447.586203       26.312845      589.389125      440.026915      172.041664      529.017256
frame00156.jpg      244.797661       85.369565      447.584363       26.309427      589.405485      440.054711      172.032427      529.054999
frame00157.jpg      244.800768       85.370000      447.582275       26.306187      589.421118      440.082103      172.021547      529.095197
frame00158.jpg      244.823303       85.374778      447.557675       26.278046      589.552044      440.317944      171.908309      529.509238
frame00159.jpg      244.825980       85.375398      447.555299       26.275326      589.568426      440.345393      171.897929      529.548577
frame00160.jpg      244.829176       85.375746      447.552971       26.272163      589.583513      440.373278      171.887402      529.588218
frame00161.jpg      244.831721       85.375998      447.550836       26.269040      589.593769      440.395309      171.877491      529.625436
frame00162.jpg      244.834133       85.376023      447.548793       26.266400      589.604140      440.417218      171.865851      529.665317
frame00163.jpg      244.865695       85.385239      447.520090       26.238704      589.794638      440.753590      171.723219      530.166348
frame00164.jpg      244.868183       85.385906      447.517869       26.235161      589.804877      440.775125      171.710899      530.210236
frame00165.jpg      244.870808       85.386632      447.515428       26.232187      589.817803      440.799954      171.697514      530.255387
frame00166.jpg      244.873754       85.387358      447.512875       26.229384      589.832523      440.826832      171.685939      530.297726
frame00167.jpg      244.876605       85.388051      447.510210       26.226819      589.846238      440.852924      171.673568      530.341405
frame00168.jpg      244.879722       85.388728      447.508344       26.223450      589.859094      440.877439      171.662483      530.381514
frame00169.jpg      244.883198       85.389863      447.505868       26.220771      589.874880      440.906408      171.650389      530.424829
frame00170.jpg      244.886655       85.390706      447.503435       26.217192      589.892060      440.935271      171.638997      530.469453
frame00171.jpg      244.890514       85.391764      447.501616       26.213458      589.909300      440.963986      171.629220      530.508313
frame00172.jpg      245.244928       85.461580      447.318239       25.851518      591.740500      443.930248      170.663046      534.363205
frame00173.jpg      245.249153       85.460272      447.316211       25.848098      591.757715      443.966902      170.651476      534.404599
frame00174.jpg      245.251934       85.460434      447.314294       25.845147      591.771621      443.992454      170.640348      534.443624
frame00175.jpg      245.654854       85.288276      447.061363       25.458155      593.950406      448.133893      169.244719      539.439503
frame00176.jpg      245.658353       85.287762      447.059658       25.455365      593.968056      448.166610      169.233481      539.478790
frame00177.jpg      245.660866       85.288524      447.057885       25.452465      593.983302      448.191506      169.222878      539.516325
frame00178.jpg      245.663993       85.288591      447.055802       25.449307      594.000968      448.220986      169.212119      539.556917
frame00179.jpg      245.666448       85.288982      447.053553       25.446650      594.016185      448.245753      169.201260      539.596481
frame00180.jpg      246.030914       85.274737      446.909511       25.142952      595.709485      451.373841      168.137422      543.297154
frame00181.jpg      259.024643       93.430311      436.627186        9.764954      658.498037      534.297956      104.901451      749.206212
frame00182.jpg      259.024943       93.430299      436.626927        9.764782      658.501031      534.303327      104.898308      749.216466
frame00183.jpg      261.927232       94.095346      434.667869        7.371925      672.766159      561.073469       80.768090      827.744898
frame00184.jpg      266.115482       94.138105      431.089923        3.167026      698.254156      610.620621       28.821871      995.747154
frame00185.jpg      266.115679       94.138052      431.089714        3.166918      698.257064      610.626350       28.817118      995.762419
frame00186.jpg      266.534307       93.919195      430.696682        3.007204      705.697525      624.604113       20.027440     1024.236047
frame00187.jpg      266.534538       93.919037      430.696486        3.007078      705.701458      624.611609       20.022507     1024.251866
frame00188.jpg      266.558236       93.902394      430.673120        2.999147      706.168243      625.477369       19.504384     1025.938156
frame00189.jpg      266.558364       93.902351      430.672908        2.999021      706.170556      625.481694       19.500057     1025.952387
frame00190.jpg      266.558539       93.902225      430.672703        2.998890      706.172966      625.486625       19.495732     1025.966469
frame00191.jpg      266.558805       93.902049      430.672548        2.998758      706.176749      625.493948       19.491605     1025.979901
frame00192.jpg      266.559032       93.901926      430.672375        2.998599      706.181022      625.501876       19.486749     1025.995578
frame00193.jpg      266.559231       93.901787      430.672179        2.998431      706.184094      625.507803       19.482005     1026.011078
frame00194.jpg      266.559446       93.901717      430.672004        2.998287      706.188034      625.514416       19.477891     1026.024788
frame00195.jpg      270.430754       93.647169      427.198498       -2.286513      767.396768      720.460415      -65.211243     1305.840699
frame00196.jpg      277.924361       92.891624      421.696719      -11.251337      961.822177     1040.570066     -540.350570     2837.857902
frame00197.jpg      277.924380       92.891618      421.696701      -11.251344      961.823527     1040.572393     -540.354846     2837.871565
frame00198.jpg      278.869645       93.087220      420.854416      -12.222782     1037.645444     1165.038161     -823.161383     3741.685248
frame00199.jpg      278.869663       93.087222      420.854399      -12.222790     1037.647220     1165.041014     -823.168949     3741.709468
frame00200.jpg      278.869685       93.087219      420.854379      -12.222800     1037.649312     1165.044408     -823.176392     3741.733425
frame00201.jpg      280.921193       92.634716      419.219311      -13.964238     1203.274716     1429.360992    -1687.763258     6528.352238
frame00202.jpg      281.362560       92.402687      418.913524      -14.151569     1270.716099     1542.582168    -2219.562151     8238.354769
frame00203.jpg      283.335235       92.729519      417.145788      -15.659123     1508.903306     1913.973740    31119.641180   -98643.103545
frame00204.jpg      283.335236       92.729519      417.145788      -15.659123     1508.903310     1913.973747    31119.637446   -98643.091574
frame00205.jpg      284.359123       92.245329      415.928769      -16.780201     1852.231490     2474.069600     3425.582288    -9891.917509
frame00206.jpg      285.435627       91.736113      414.819863      -17.833287     2450.555746     3453.515463     2000.591361    -5320.484091
frame00207.jpg      285.435639       91.736104      414.819852      -17.833290     2450.568642     3453.536709     2000.580674    -5320.449739
frame00208.jpg      285.435651       91.736096      414.819840      -17.833293     2450.582765     3453.560060     2000.569546    -5320.413955
frame00209.jpg      286.236740       91.990772      413.760199      -18.984501     3504.023219     5149.484442     1513.562661    -3747.502165
frame00210.jpg      286.236750       91.990765      413.760190      -18.984502     3504.051903     5149.531062     1513.558381    -3747.488410
frame00211.jpg      287.320274       91.165877      412.820990      -19.730137    10427.262279    16335.424540     1229.740735    -2838.916548
frame00212.jpg      288.338187       90.601330      411.790371      -20.527837   -12773.053141   -21133.554162     1057.385284    -2284.529734
frame00213.jpg      288.440817       90.510578      411.706964      -20.549406    -9285.106641   -15523.670229     1040.867062    -2231.124909
frame00214.jpg      288.440818       90.510578      411.706963      -20.549406    -9285.085256   -15523.635829     1040.866906    -2231.124403
frame00215.jpg      288.440818       90.510577      411.706962      -20.549407    -9285.064738   -15523.602804     1040.866759    -2231.123927
frame00216.jpg      288.765863       90.347586      411.280278      -20.821178    -4990.649504    -8605.160912      976.600870    -2024.303823
frame00217.jpg      288.765864       90.347586      411.280277      -20.821178    -4990.642023    -8605.148880      976.600731    -2024.303374
frame00218.jpg      288.765865       90.347585      411.280276      -20.821178    -4990.633355    -8605.134931      976.600589    -2024.302916
frame00219.jpg      288.765866       90.347584      411.280275      -20.821178    -4990.626131    -8605.123314      976.600445    -2024.302448
frame00220.jpg      288.765867       90.347583      411.280274      -20.821178    -4990.617587    -8605.109603      976.600285    -2024.301929
frame00221.jpg      288.891603       90.234969      411.192211      -20.841162    -4189.450842    -7314.344615      963.652480    -1982.609940
frame00222.jpg      288.891604       90.234968      411.192210      -20.841162    -4189.443520    -7314.332789      963.652342    -1982.609494
frame00223.jpg      289.314841       89.958213      410.770389      -21.123026    -2533.724208    -4634.945059      906.352741    -1798.241820
frame00224.jpg      290.364450       89.948595      409.745094      -21.921615    -1547.830616    -3041.188848      832.831553    -1562.598629
frame00225.jpg      290.364463       89.948586      409.745085      -21.921617    -1547.816961    -3041.166764      832.830695    -1562.595852
frame00226.jpg      290.487125       89.853524      409.660759      -21.941232    -1433.813499    -2857.849770      824.519001    -1535.717799
frame00227.jpg      290.842098       89.752334      409.187303      -22.212458    -1125.712934    -2358.103870      788.304669    -1419.040073
frame00228.jpg      290.881380       89.727250      409.149994      -22.221147    -1097.891068    -2313.703406      785.136284    -1408.774666
frame00229.jpg      291.040653       89.639855      408.954796      -22.260483     -979.936499    -2124.248572      770.247846    -1360.749304
frame00230.jpg      291.894451       89.081386      408.141619      -22.799412     -654.291424    -1590.461479      717.039832    -1190.307825
frame00231.jpg      293.019178       88.839567      407.047777      -23.620613     -475.192892    -1293.826101      677.189598    -1061.741549
frame00232.jpg      293.099144       88.803965      406.970644      -23.629210     -455.443351    -1262.491450      673.300941    -1048.906737
frame00233.jpg      293.184980       88.759078      406.893432      -23.639128     -435.828006    -1231.193646      669.451662    -1036.294206
frame00234.jpg      293.185088       88.758994      406.893345      -23.639136     -435.805666    -1231.158355      669.447632    -1036.281037
frame00235.jpg      294.488662       88.143929      405.308519      -24.610334     -262.363268     -947.307988      621.310877     -881.296129
frame00236.jpg      295.452200       88.057121      404.087156      -25.688332     -162.058712     -782.626347      591.937019     -789.372008
frame00237.jpg      296.128427       87.432604      403.518177      -26.073174      -94.627783     -677.886342      575.855735     -737.887317
frame00238.jpg      296.197664       87.393671      403.413149      -26.082052      -87.188642     -666.028252      573.281561     -729.385894
frame00239.jpg      296.197800       87.393529      403.413047      -26.082073      -87.179667     -666.014354      573.278865     -729.377007
frame00240.jpg      297.545396       86.678397      401.505733      -27.353552      -10.061883     -538.266364      540.273370     -621.971530
frame00241.jpg      297.545564       86.678259      401.505598      -27.353557      -10.052691     -538.251663      540.270714     -621.962849
frame00242.jpg      300.014689       85.385836      398.932806      -28.652280       69.965154     -408.155766      507.918220     -517.475639
frame00243.jpg      300.014940       85.385572      398.932643      -28.652298       69.973215     -408.143717      507.915766     -517.467487
frame00244.jpg      300.506621       84.823054      398.634762      -28.707624       85.209049     -386.040317      503.464954     -502.545867
frame00245.jpg      301.763490       83.830410      397.474407      -30.016202      115.939936     -340.829694      492.148072     -467.361195
frame00246.jpg      295.965211       90.594402      402.109488      -25.889927      -55.380110     -596.257156      548.533084     -645.252290
frame00247.jpg      295.960972       90.598303      402.113630      -25.888916      -55.705418     -596.724391      548.624148     -645.540798
frame00248.jpg      295.945928       90.613476      402.126040      -25.886654      -56.745650     -598.203724      548.889109     -646.388107
frame00249.jpg      295.924578       90.635749      402.143144      -25.883481      -58.235519     -600.327618      549.262412     -647.577351
frame00250.jpg      294.053729       92.406583      404.081719      -24.586728     -152.508770     -749.393546      581.061666     -748.722510
frame00251.jpg      294.041019       92.419813      404.092361      -24.584657     -153.840761     -751.323666      581.357382     -749.664365
frame00252.jpg      290.068004       95.942803      408.195786      -20.463808     -720.083493    -1635.507388      683.962866    -1072.724922
frame00253.jpg      289.477479       96.197365      409.027301      -19.661471     -901.505323    -1929.986406      716.181105    -1176.345503
frame00254.jpg      289.477388       96.197441      409.027384      -19.661445     -901.551854    -1930.057925      716.185859    -1176.360625
frame00255.jpg      288.285274       97.279957      410.124732      -18.669977    -1609.403534    -3036.609057      773.438372    -1357.743122
frame00256.jpg      288.285263       97.279967      410.124739      -18.669975    -1609.414033    -3036.625158      773.438915    -1357.744862
frame00257.jpg      288.201479       97.352965      410.201322      -18.636529    -1713.365717    -3197.161260      779.296518    -1376.418448
frame00258.jpg      287.487406       97.877849      411.017720      -17.709200    -2622.470389    -4631.052789      827.590270    -1528.731165
frame00259.jpg      287.163601       98.196649      411.347368      -17.384927    -3689.013277    -6294.704925      856.283783    -1619.194382
frame00260.jpg      285.905721       98.959275      412.928172      -15.326156    29370.675486    45753.301188      990.322602    -2045.072947
frame00261.jpg      283.066649      100.247714      417.910298       -8.547790     1753.824708     2310.472562     3121.046713    -8769.618951
frame00262.jpg      283.066642      100.247718      417.910306       -8.547785     1753.821315     2310.466957     3121.066944    -8769.682937
frame00263.jpg      283.066635      100.247723      417.910313       -8.547781     1753.816931     2310.459748     3121.087331    -8769.747425
frame00264.jpg      282.514209      100.617796      418.635056       -7.395383     1587.992907     2049.888046     5462.004007   -16159.381711
frame00265.jpg      282.514209      100.617796      418.635057       -7.395383     1587.992583     2049.887513     5462.010790   -16159.403128
frame00266.jpg      281.134386      101.441316      420.634458       -4.626932     1256.282265     1513.501783    -3330.402560    11591.789894
frame00267.jpg      280.858922      101.635089      420.937846       -4.140229     1207.925718     1432.546168    -2384.230295     8603.858461
frame00268.jpg      280.258983      102.034717      421.842642       -2.661108     1129.313051     1306.863479    -1381.747986     5437.315744
frame00269.jpg      279.836435      102.310803      422.591550       -1.424829     1081.847652     1232.080462     -986.003462     4188.455848
frame00270.jpg      278.712518      102.999727      424.245260        1.361981      969.254031     1054.227476     -584.664949     2913.381359
frame00271.jpg      278.236966      103.012868      425.186631        2.629404      935.421051     1004.742476     -467.216799     2538.835655
frame00272.jpg      277.670540      103.125088      425.999652        4.067492      905.147806      958.928405     -371.116950     2235.942747
frame00273.jpg      277.670428      103.125153      425.999727        4.067550      905.141373      958.917245     -371.105315     2235.906462
frame00274.jpg      277.323930      103.290550      426.341442        4.486199      887.352282      929.521464     -329.460429     2104.689699
frame00275.jpg      277.323852      103.290576      426.341535        4.486249      887.347301      929.513010     -329.449011     2104.653919
frame00276.jpg      277.222726      103.367358      426.431187        4.546186      882.442820      920.602900     -319.283921     2072.659849
frame00277.jpg      277.212425      103.373339      426.442417        4.549951      881.904418      919.615942     -317.969121     2068.581859
frame00278.jpg      277.062492      103.431682      426.607997        4.644432      873.254139      904.551963     -297.986283     2006.591535
frame00279.jpg      277.052236      103.434166      426.618788        4.650527      872.646913      903.562234     -296.889614     2003.114673
frame00280.jpg      276.961798      103.472621      426.697054        4.697763      867.939573      895.552283     -288.042687     1975.436822
frame00281.jpg      276.961689      103.472658      426.697144        4.697794      867.934103      895.542750     -288.032545     1975.405379
frame00282.jpg      276.868542      103.494613      426.778750        4.739048      863.131658      887.296309     -278.563021     1946.065804
frame00283.jpg      276.843816      103.498966      426.811565        4.747631      861.585346      884.736044     -275.486692     1936.461436
frame00284.jpg      276.808151      103.507361      426.854100        4.758114      859.363010      881.010426     -271.284236     1923.442396
frame00285.jpg      276.808067      103.507380      426.854195        4.758143      859.357945      881.001840     -271.274524     1923.412403
frame00286.jpg      276.807989      103.507414      426.854281        4.758189      859.354235      880.995063     -271.265121     1923.383489
frame00287.jpg      276.807909      103.507435      426.854363        4.758255      859.349909      880.988078     -271.257364     1923.358747
frame00288.jpg      276.071892      103.712892      427.711740        5.991218      836.780949      846.829518     -225.388494     1775.648381
frame00289.jpg      276.071805      103.712913      427.711835        5.991265      836.776019      846.821357     -225.380172     1775.622305
frame00290.jpg      276.071688      103.712955      427.711924        5.991327      836.770590      846.811978     -225.371139     1775.594320
frame00291.jpg      276.071597      103.712975      427.712008        5.991399      836.766051      846.804085     -225.362099     1775.566455
frame00292.jpg      276.066905      103.713746      427.717507        5.994372      836.493948      846.340074     -224.848733     1773.972510
frame00293.jpg      275.516792      103.448034      428.744187        7.520720      820.859511      823.583657     -164.760774     1589.744135
frame00294.jpg      275.516717      103.448046      428.744291        7.520773      820.855426      823.576503     -164.753028     1589.720257
frame00295.jpg      275.516629      103.448065      428.744400        7.520823      820.850856      823.568481     -164.744824     1589.694934
frame00296.jpg      275.516517      103.448102      428.744503        7.520895      820.846101      823.560148     -164.737468     1589.671902
frame00297.jpg      275.503003      103.452633      428.756068        7.528435      820.253796      822.503492     -163.789081     1586.747876
frame00298.jpg      275.502879      103.452703      428.756166        7.528511      820.248980      822.494817     -163.781773     1586.725125
frame00299.jpg      275.079062      105.423275      430.593295       11.068664      781.194919      755.994123      -76.474710     1306.387560
frame00300.jpg      274.678993      106.383826      431.606631       12.689947      768.037310      731.880453      -45.609529     1208.817431
frame00301.jpg      274.474089      108.142172      433.640215       16.760628      751.597132      703.438725        2.104099     1053.243314
frame00302.jpg      274.156624      109.343900      434.406813       18.810471      739.683796      679.082129       17.803187     1001.932133
frame00303.jpg      274.156496      109.344020      434.406919       18.810552      739.681230      679.077043       17.805916     1001.923835
frame00304.jpg      273.905449      110.343322      435.595254       20.503425      736.274683      672.468114       35.104352      945.611553
frame00305.jpg      272.664567      115.697533      439.818704       28.531654      711.912953      615.652991       90.222995      764.302539
frame00306.jpg      272.654385      115.699837      439.829486       28.539748      711.712665      615.302893       90.369997      763.855167
frame00307.jpg      272.653523      115.699668      439.830390       28.540586      711.688716      615.267839       90.381901      763.817534
frame00308.jpg      272.652759      115.699800      439.831305       28.541357      711.674437      615.241794       90.394248      763.780392
frame00309.jpg      272.263249      115.245684      440.805848       30.198888      701.752310      601.931992       97.378639      741.227475
frame00310.jpg      272.262415      115.245598      440.806868       30.199455      701.732089      601.900196       97.391038      741.190446
frame00311.jpg      270.853753      114.653747      444.089501       34.678517      682.287701      572.829576      120.685344      667.260696
frame00312.jpg      265.792428      112.004803      452.403244       55.222902      628.247721      486.859181      155.579341      532.042459
frame00313.jpg      252.082287      105.669756      461.240239       99.920275      575.931388      386.396520      200.300052      377.989341
frame00314.jpg      251.736327      105.601494      461.365659      100.203624      575.185169      384.685319      201.528603      375.523418
frame00315.jpg      251.156964      105.479549      461.556307      101.152594      573.380897      381.466144      203.380353      371.331094
frame00316.jpg      251.150400      105.476970      461.564605      101.156439      573.350096      381.419507      203.404677      371.271168
frame00317.jpg      250.790471      105.331813      461.836847      101.376718      572.111477      379.552960      204.444950      369.008450
frame00318.jpg      250.783662      105.327743      461.845646      101.380707      572.081613      379.509765      204.468971      368.948747
frame00319.jpg      250.636207      105.253066      461.986136      101.480320      571.596171      378.752737      204.907138      367.860293
frame00320.jpg      250.165721      105.002803      462.462402      101.824388      569.566866      375.939347      206.337489      364.254620
frame00321.jpg      250.158697      104.998434      462.469130      101.829764      569.540426      375.902320      206.354404      364.205948
frame00322.jpg      250.151527      104.993472      462.476804      101.835551      569.514651      375.865452      206.374343      364.150919
frame00323.jpg      250.083875      104.945504      462.536659      101.895485      569.321604      375.557784      206.579955      363.631112
frame00324.jpg      249.741543      104.697107      462.743410      102.271614      568.318498      374.208157      207.218485      361.613290
frame00325.jpg      249.734842      104.691707      462.748190      102.278046      568.296821      374.178195      207.235264      361.566409
frame00326.jpg      249.726897      104.686133      462.752327      102.284906      568.264534      374.138893      207.249134      361.520551
frame00327.jpg      249.719523      104.679819      462.756653      102.291049      568.235628      374.104373      207.265412      361.473968
frame00328.jpg      249.638805      104.622445      462.796605      102.356629      567.947292      373.733613      207.436534      360.994730
frame00329.jpg      249.630756      104.616687      462.801935      102.363096      567.923200      373.699983      207.454240      360.945664
frame00330.jpg      248.423613      103.698841      462.843246      103.041198      566.329822      371.600828      208.880664      358.365471
frame00331.jpg      236.415156       95.830458      464.444118      110.458796      549.539212      350.862660      222.054841      333.217204
frame00332.jpg      236.262671       95.786846      464.574384      110.616714      549.154260      350.307424      222.247681      332.468351
frame00333.jpg      236.254978       95.784780      464.579840      110.625013      549.138059      350.281177      222.259124      332.429249
frame00334.jpg      236.248602       95.784310      464.585476      110.633177      549.125303      350.256984      222.270893      332.390525
frame00335.jpg      236.242613       95.783889      464.590652      110.641622      549.110291      350.231876      222.281392      332.352854
frame00336.jpg      236.173611       95.774499      464.646525      110.726888      548.922914      349.951312      222.382943      331.976742
frame00337.jpg      236.166406       95.773625      464.651605      110.735334      548.906354      349.924302      222.394615      331.937947
frame00338.jpg      236.096170       95.764013      464.715521      110.815699      548.706894      349.629818      222.513649      331.541438
frame00339.jpg      235.550041       95.697891      464.908214      111.519098      547.494326      347.959814      223.634384      329.165550
frame00340.jpg      235.540168       95.696378      464.913729      111.529012      547.470899      347.924161      223.648387      329.120430
frame00341.jpg      235.530934       95.694490      464.918953      111.538235      547.449429      347.891728      223.661981      329.077559
frame00342.jpg      235.522322       95.693092      464.925041      111.547308      547.427354      347.858379      223.676588      329.032746
frame00343.jpg      235.170677       95.982129      465.104287      112.721484      546.476330      346.098860      224.431543      326.397844
frame00344.jpg      233.111021       97.112147      464.920761      117.003796      541.147980      337.496213      229.312120      315.143149
frame00345.jpg      233.098188       97.110485      464.930170      117.016028      541.113631      337.447643      229.331349      315.083976
frame00346.jpg      232.408841       97.537848      464.931360      118.393268      539.232508      334.511808      230.878324      311.548159
frame00347.jpg      232.397270       97.536342      464.939954      118.404602      539.201815      334.467943      230.896536      311.493300
frame00348.jpg      232.384694       97.534446      464.951659      118.415629      539.174164      334.425078      230.916485      311.435458
frame00349.jpg      232.373390       97.532758      464.963388      118.427001      539.145935      334.382629      230.936507      311.377146
frame00350.jpg      231.182392       97.568284      465.228217      119.354712      537.738016      331.801860      232.881033      307.886310
frame00351.jpg      231.165206       97.563481      465.235874      119.367597      537.704138      331.752939      232.902784      307.825755
frame00352.jpg      231.147850       97.558586      465.243441      119.380735      537.673152      331.705960      232.925301      307.765040
frame00353.jpg      231.130764       97.553600      465.255043      119.393619      537.637145      331.655136      232.946940      307.700843
frame00354.jpg      231.112891       97.548460      465.267514      119.407009      537.601108      331.603472      232.968162      307.635016
frame00355.jpg      229.215129       96.994398      465.609917      121.230012      535.254238      328.275186      234.366027      303.899797
frame00356.jpg      224.504383       95.198719      466.179075      125.573387      530.097927      321.259687      236.637969      296.456661
frame00357.jpg      200.733989       86.662115      464.763171      146.833815      508.881515      294.063198      244.158088      267.830338
frame00358.jpg      200.708655       86.654761      464.768904      146.848777      508.864289      294.036262      244.168101      267.789628
frame00359.jpg      195.124599       84.973377      464.372365      151.697942      504.513862      288.653031      245.092104      261.774810
frame00360.jpg      195.100703       84.965993      464.380915      151.711455      504.501017      288.631679      245.100444      261.738171
frame00361.jpg      193.142602       84.406857      464.292318      153.250767      503.488641      287.135637      245.272461      259.868743
frame00362.jpg      193.118691       84.397867      464.299161      153.262552      503.473752      287.115554      245.278881      259.836453
frame00363.jpg      193.094880       84.389483      464.305445      153.274637      503.459922      287.095761      245.285063      259.804324
frame00364.jpg      193.072424       84.382502      464.313396      153.286848      503.449103      287.077205      245.292647      259.771377
frame00365.jpg      193.050036       84.375227      464.321940      153.298834      503.438567      287.058989      245.300292      259.738333
frame00366.jpg      193.027681       84.367988      464.329108      153.310804      503.427189      287.040434      245.307352      259.706071
frame00367.jpg      193.010581       84.364827      464.339098      153.323124      503.419545      287.023534      245.314846      259.672809
frame00368.jpg      192.992185       84.360934      464.347947      153.335445      503.410726      287.005943      245.322155      259.639863
frame00369.jpg      192.973736       84.356447      464.356965      153.347628      503.400728      286.988183      245.329161      259.607174
frame00370.jpg      192.956263       84.353312      464.364588      153.360300      503.392791      286.971256      245.335574      259.575014
frame00371.jpg      192.597081       84.272500      464.522400      153.596567      503.219506      286.644844      245.445311      258.978627
frame00372.jpg      190.966832       83.966666      464.971449      154.844076      502.886628      285.705218      245.733697      257.087889
frame00373.jpg      189.635341       83.931209      465.516487      156.276345      502.544575      284.696299      245.755077      254.954238
frame00374.jpg      157.517834       80.933418      474.252493      181.147572      502.678133      271.283242      245.101206      220.326407
frame00375.jpg      130.111773       76.673320      481.038103      197.438020      501.929476      263.617746      240.979023      200.336710
frame00376.jpg      130.065490       76.657795      481.052935      197.451828      501.923755      263.606506      240.983084      200.313306
frame00377.jpg      120.312094       76.126302      485.529536      204.722566      501.818100      260.748941      237.815178      191.686842
frame00378.jpg      174.627421       59.790334      419.766967      163.480204      467.674425      320.422649     -219.305175      946.894900
frame00379.jpg      174.605584       59.777103      419.782901      163.507268      467.642098      320.348283     -216.397128      942.616738
frame00380.jpg      174.605145       59.776853      419.783073      163.507556      467.641746      320.347562     -216.376770      942.583858
frame00381.jpg      174.604039       59.776205      419.783251      163.507863      467.641340      320.346641     -216.351366      942.544038
frame00382.jpg      174.602842       59.775574      419.783461      163.508223      467.640883      320.345675     -216.330776      942.508772
frame00383.jpg      174.601480       59.774933      419.783643      163.508594      467.640406      320.344626     -216.310336      942.474479
frame00384.jpg      173.179718       59.083853      419.933585      163.850384      467.199561      319.364404     -198.208579      912.347329
frame00385.jpg      147.887678       52.402173      422.822448      187.880650      450.162284      289.858671     -490.743107      878.839601
frame00386.jpg      147.888099       52.402419      422.822387      187.880506      450.162411      289.858917     -490.755763      878.854228
frame00387.jpg      147.888985       52.402941      422.822327      187.880361      450.162548      289.859193     -490.767555      878.868305
frame00388.jpg      147.889461       52.403222      422.822266      187.880222      450.162679      289.859443     -490.780440      878.882982
frame00389.jpg      147.889871       52.403469      422.822214      187.880096      450.162796      289.859673     -490.793212      878.897102
frame00390.jpg      147.890063       52.403553      422.822153      187.879955      450.162913      289.859926     -490.813691      878.917259
frame00391.jpg      147.890628       52.403898      422.822099      187.879829      450.163026      289.860185     -490.835131      878.937915
frame00392.jpg      147.891217       52.404289      422.822041      187.879692      450.163160      289.860451     -490.856252      878.958710
frame00393.jpg      147.891913       52.404672      422.821968      187.879532      450.163314      289.860750     -490.872125      878.976190
frame00394.jpg      147.892700       52.405141      422.821903      187.879383      450.163455      289.861029     -490.886604      878.992408
frame00395.jpg      147.937450       52.430628      422.818249      187.871159      450.170845      289.876808     -491.817463      879.975262
frame00396.jpg      147.938213       52.431070      422.818172      187.871002      450.170983      289.877099     -491.834417      879.993613
frame00397.jpg      148.128288       52.540895      422.797655      187.829700      450.210619      289.955251     -497.020588      885.368325
frame00398.jpg      148.129439       52.541545      422.797590      187.829553      450.210773      289.955575     -497.037866      885.386655
frame00399.jpg      148.130644       52.542210      422.797519      187.829391      450.210933      289.955913     -497.053357      885.403926
frame00400.jpg      149.744603       53.461336      422.653829      187.553439      450.500060      290.596057     -557.032071      941.429773
frame00401.jpg      149.751182       53.464962      422.653269      187.551789      450.501534      290.598732     -557.059185      941.509524
frame00402.jpg      151.540840       54.421412      422.512282      187.192262      450.834842      291.234318     -573.173257      967.349025
frame00403.jpg      151.541509       54.421771      422.512217      187.192118      450.834972      291.234590     -573.188075      967.366179
frame00404.jpg      151.542072       54.422027      422.512157      187.191992      450.835106      291.234873     -573.208955      967.387205
frame00405.jpg      151.542961       54.422483      422.512103      187.191865      450.835246      291.235173     -573.226852      967.405985
frame00406.jpg      151.543958       54.422985      422.512046      187.191729      450.835388      291.235495     -573.245881      967.425906
frame00407.jpg      151.686292       54.501680      422.500670      187.170223      450.857479      291.286470     -578.601752      972.459455
frame00408.jpg      152.690917       55.058704      422.429130      187.040369      450.998173      291.620438     -615.326303     1006.643398
frame00409.jpg      152.772415       55.100635      422.421509      187.025103      451.013450      291.653924     -618.530501     1009.767355
frame00410.jpg      152.773367       55.101128      422.421446      187.024944      451.013610      291.654253     -618.547668     1009.786911
frame00411.jpg      152.774565       55.101799      422.421388      187.024790      451.013772      291.654587     -618.566743     1009.807899
frame00412.jpg      152.775306       55.102197      422.421320      187.024632      451.013908      291.654887     -618.588084     1009.830771
frame00413.jpg      152.776300       55.102745      422.421245      187.024477      451.014062      291.655226     -618.620046     1009.862146
frame00414.jpg      153.032395       55.240107      422.404989      186.989725      451.047977      291.731582     -624.751364     1016.082062
frame00415.jpg      153.033580       55.240721      422.404906      186.989554      451.048145      291.731952     -624.778755     1016.110469
frame00416.jpg      150.423549       40.981679      420.859236      167.671986      463.340109      314.615862     -207.447568      869.233938
frame00417.jpg      150.420614       40.980187      420.859582      167.672699      463.339415      314.614280     -207.419165      869.185445
frame00418.jpg      147.944518       39.704524      421.103874      168.252688      462.789296      313.306008     -179.501621      825.923711
frame00419.jpg      146.982039       39.198419      421.204070      168.462113      462.588328      312.839486     -171.763332      812.914737
frame00420.jpg      137.332649       37.405180      422.832945      176.856036      458.183248      304.042535     -210.120030      747.458607
frame00421.jpg      137.331903       37.404833      422.833028      176.856211      458.183106      304.042196     -210.113069      747.448669
frame00422.jpg      135.006699       37.392924      423.180023      178.872753      457.353768      302.051022     -196.339080      712.315989
frame00423.jpg      134.024695       37.315048      423.382280      179.886327      456.878626      301.103159     -199.009886      703.325378
frame00424.jpg      133.127002       36.920285      423.469206      180.644306      456.419306      300.388331     -202.363706      698.363923
frame00425.jpg      132.368495       36.767339      423.510408      181.455611      455.924545      299.582202     -200.830957      688.123294
frame00426.jpg      130.419416       35.784497      423.492383      182.212469      455.407935      298.726515     -202.639661      681.794234
frame00427.jpg      129.862488       35.923567      423.553090      183.132248      454.865537      297.782297     -203.813817      672.918152
frame00428.jpg      129.858321       35.921083      423.553375      183.132985      454.864822      297.780858     -203.773512      672.871085
frame00429.jpg      129.749127       35.852466      423.559552      183.154328      454.845061      297.740791     -202.460969      671.396844
frame00430.jpg      129.065594       36.064299      423.379354      184.107091      454.410627      296.754325     -208.670155      666.541584
frame00431.jpg      129.062216       36.062262      423.379513      184.107810      454.410023      296.753177     -208.650652      666.512569
frame00432.jpg      128.763872       36.472211      423.416280      185.126135      453.985185      295.879370     -217.814055      662.676110
frame00433.jpg      128.761986       36.471287      423.416539      185.126704      453.984979      295.878640     -217.794265      662.650288
frame00434.jpg      128.760512       36.470542      423.416779      185.127246      453.984844      295.877988     -217.764524      662.617927
frame00435.jpg      128.542822       36.663476      423.426633      185.778550      453.783196      295.385668     -220.405396      657.387841
frame00436.jpg       70.340773       -1.443051      423.286728      188.899207      450.686955      289.726766     -149.660375      582.041043
frame00437.jpg       70.346476       -1.439691      423.286055      188.897506      450.688245      289.729050     -149.681924      582.087617
frame00438.jpg       70.356636       -1.433677      423.285401      188.895886      450.689607      289.731569     -149.719534      582.144161
frame00439.jpg       70.368647       -1.426585      423.284713      188.894144      450.690944      289.734237     -149.766404      582.208618
frame00440.jpg       71.501618       -0.795076      423.217186      188.699168      450.820802      289.971067     -148.533703      584.797484
frame00441.jpg       71.514476       -0.787518      423.216395      188.697314      450.822376      289.974027     -148.593329      584.872927
frame00442.jpg       76.122756        0.495609      422.724709      186.020872      452.202379      292.399405     -122.606193      594.391660
frame00443.jpg       77.035256        1.021339      422.673736      185.887904      452.308407      292.606715     -125.794670      599.074413
frame00444.jpg       87.530937        4.566194      421.455819      179.439619      455.874752      298.779287      -94.790998      640.511419
frame00445.jpg       87.539241        4.571126      421.455132      179.438023      455.875996      298.781737      -94.808412      640.556544
frame00446.jpg       89.293360        5.592954      421.336896      179.152007      456.120800      299.261634     -100.116063      650.471997
frame00447.jpg       90.273660        6.151870      421.265842      178.985109      456.261451      299.536464     -103.043178      656.152140
frame00448.jpg       94.465541        8.218706      420.991125      178.025491      456.943243      300.803469     -107.579495      674.242031
frame00449.jpg       97.809895        8.916762      420.416332      175.360468      458.366164      303.378846      -88.567746      684.438648
frame00450.jpg      104.266819       11.334661      419.715270      172.258016      460.200641      306.640322      -91.023961      719.328678
frame00451.jpg      104.530398       11.485578      419.691854      172.207156      460.248618      306.732256      -91.856714      721.196801
frame00452.jpg      105.441979       11.970885      419.580179      171.965483      460.464602      307.152784      -96.655860      730.909694
frame00453.jpg      105.451851       11.976121      419.578833      171.962683      460.467100      307.157560      -96.706435      731.018273
frame00454.jpg      105.452776       11.976648      419.578720      171.962441      460.467285      307.157937      -96.711011      731.027804
frame00455.jpg      105.453335       11.976998      419.578614      171.962205      460.467430      307.158230      -96.715366      731.036914
frame00456.jpg      105.454211       11.977433      419.578482      171.961937      460.467651      307.158665      -96.721372      731.048411
frame00457.jpg      105.455440       11.978118      419.578364      171.961677      460.467872      307.159111      -96.726868      731.059274
frame00458.jpg      105.456709       11.978836      419.578235      171.961431      460.468100      307.159571      -96.733507      731.071311
frame00459.jpg      105.464899       11.983371      419.577109      171.958769      460.469879      307.163089      -96.769316      731.157831
frame00460.jpg      105.465601       11.983668      419.576996      171.958494      460.470065      307.163474      -96.773723      731.167357
frame00461.jpg      103.512055        7.996152      418.754707      169.362241      461.001910      309.030015      -96.111077      764.861321
frame00462.jpg       65.154273      -66.315728      410.109588      127.515653      460.864821      329.398273      -28.252520     1252.224181
frame00463.jpg       59.659891      -38.961476      416.394390      151.357141      454.638177      311.864589       -1.481191      866.476702
frame00464.jpg       59.583006      -39.003749      416.401584      151.372229      454.630786      311.841100       -1.304026      865.885982
frame00465.jpg       58.312666      -39.597423      416.537209      151.662863      454.489610      311.389549        1.556141      855.714615
frame00466.jpg       55.071025      -40.908357      416.846013      152.319529      454.114686      310.198938        9.250678      831.140917
frame00467.jpg       53.267006      -41.804701      416.979019      152.608903      453.942809      309.681672       11.630470      821.892941
frame00468.jpg       50.284411      -43.089532      417.257807      153.234078      453.599600      308.669138       16.405727      803.374520
frame00469.jpg       38.639953      -44.330351      418.299352      157.171947      452.002471      303.929548       15.526702      757.300127
frame00470.jpg       38.637146      -44.331789      418.299620      157.172604      452.002105      303.928590       15.532548      757.281034
frame00471.jpg       37.092675      -45.189986      418.380477      157.359848      451.866548      303.582159       17.863109      750.671669
frame00472.jpg       37.087987      -45.192759      418.380740      157.360562      451.866148      303.581166       17.869654      750.650971
frame00473.jpg       36.000968      -45.848298      418.438089      157.528497      451.776345      303.360439       19.573980      745.635595
frame00474.jpg       37.729958      -36.593151      419.930093      165.320117      449.217344      298.542628       37.911833      656.225004
frame00475.jpg       37.707395      -36.605843      419.931322      165.323969      449.215168      298.537769       37.938768      656.140806
frame00476.jpg       37.695901      -36.611107      419.932638      165.327903      449.213380      298.533611       37.964457      656.059253
frame00477.jpg       37.689007      -36.613434      419.933978      165.331586      449.211365      298.529625       37.982342      655.987997
frame00478.jpg       37.672852      -36.621963      419.935279      165.334990      449.209122      298.525144       38.011169      655.904602
frame00479.jpg       37.658001      -36.629174      419.936881      165.338753      449.207183      298.520424       38.040879      655.815724
frame00480.jpg       30.600468      -32.280515      420.936843      169.840741      448.756588      295.186596       31.860746      625.022074
frame00481.jpg       30.590744      -32.284561      420.937541      169.842460      448.756106      295.184461       31.867493      624.992354
frame00482.jpg       25.093597      -32.442649      421.158198      172.035666      448.262371      293.423987       39.466658      602.928509
frame00483.jpg       25.084271      -32.447061      421.158689      172.036942      448.261565      293.422106       39.477812      602.899717
frame00484.jpg       14.685561      -33.014308      421.676750      176.984921      446.324390      289.252883       40.486341      572.095248
frame00485.jpg        9.780616      -33.518142      421.857426      178.603831      445.638504      287.783727       45.952206      556.317407
frame00486.jpg       10.847969      -31.045040      422.039511      180.146569      445.055652      286.666912       45.439385      547.087497
frame00487.jpg       10.831670      -31.054920      422.039906      180.147677      445.054877      286.665417       45.451528      547.061649
frame00488.jpg        6.193793      -32.711992      422.226620      181.562026      444.474480      285.693877       49.949847      534.303752
frame00489.jpg        6.182180      -32.718854      422.226937      181.562958      444.473863      285.692578       49.961881      534.280447
frame00490.jpg        6.144462      -32.744383      422.230800      181.573692      444.467466      285.681130       50.068934      534.045426
frame00491.jpg        5.208767      -32.133407      422.425275      182.957298      443.838993      284.713550       52.143961      523.306398
frame00492.jpg        5.202359      -32.136977      422.425629      182.958311      443.838395      284.712351       52.153222      523.285422
frame00493.jpg        3.815120      -31.088335      422.624406      184.470096      443.184548      283.632819       47.867014      516.669840
frame00494.jpg        0.740759      -28.885924      423.067711      187.674296      441.926305      281.497130       36.913186      504.636568
frame00495.jpg       -3.259539      -29.628476      423.165560      189.130309      441.309999      280.469632       33.459486      497.912923
frame00496.jpg      -19.168425      -38.245363      423.370082      191.095326      440.314054      279.015701       36.224566      481.828110
frame00497.jpg      -21.764247      -35.658072      423.504560      193.851191      439.142806      277.052757       33.490310      465.202255
frame00498.jpg      -27.210674      -35.519443      423.511798      196.443832      437.954658      275.119558       28.250937      451.755532
frame00499.jpg      -35.720240      -30.057974      423.457732      203.862941      434.715137      269.706074      -10.956559      423.284623
frame00500.jpg      -49.777875      -30.095428      423.240210      208.948630      432.353089      265.797932      -34.611472      395.587047
frame00501.jpg      -63.894440      -36.120684      423.234418      210.027774      431.806353      264.887257      -47.230521      390.255729
frame00502.jpg      -69.395321      -33.787872      422.719383      212.964206      430.059021      262.689247      -66.920542      370.959817
frame00503.jpg     -135.892419      -62.726465      422.059476      218.629813      426.091343      258.723804      -55.195829      318.497503
frame00504.jpg     -193.572791      -93.762172      421.774610      222.748590      422.493193      256.034889      -27.095773      281.412145
frame00505.jpg     9992.400017     4551.508028      409.745842      237.924380      405.566297      241.282291      110.552628      150.212481
frame00506.jpg     4186.603161     1933.654035      409.463364      237.997238      405.384313      241.121317       99.000466      145.327314
frame00507.jpg      876.203132      442.452939      403.815354      237.823037      400.495307      238.252809       80.110560      121.369344
frame00508.jpg      683.743859      358.352629      400.631128      237.111392      397.754544      236.897561       -1.394303       84.488672
frame00509.jpg      418.828738      245.550140      390.636137      233.666234      389.215876      233.123543      502.887415      279.925171
frame00510.jpg      418.083651      245.234639      390.551761      233.633263      389.182240      233.108508      500.390792      278.928038
frame00511.jpg      410.713766      242.122514      389.702057      233.296382      388.686710      232.894178      470.067371      266.621791
frame00512.jpg      426.054405      248.583859      390.578016      233.631229      389.647004      233.307559      553.148806      300.539547
frame00513.jpg      432.046745      251.115695      390.814677      233.714846      389.935161      233.434125      586.209271      313.884861
frame00514.jpg      435.838560      252.718224      390.935463      233.753216      390.239952      233.566085      595.586283      317.489236
frame00515.jpg      459.399762      262.850686      391.801165      233.969581      391.045595      233.968860     1019.399652      484.410236
frame00516.jpg      496.036020      278.900442      393.160325      234.140999      393.197401      235.030196     5661.393425     2231.993147
frame00517.jpg      527.217628      292.748625      393.352577      233.874976      394.519716      235.724315    13058.798445     4847.186289
frame00518.jpg      539.408881      298.383696      393.346835      233.646804      395.401237      236.183237   473806.203429   167392.823302
frame00519.jpg      542.718690      299.844556      393.328984      233.570779      395.605135      236.296358    15255.184912     5418.464230
frame00520.jpg      543.012884      299.961910      393.325186      233.567028      395.611235      236.299554    15486.998439     5495.634455
frame00521.jpg      542.958803      299.935190      393.323357      233.565559      395.613649      236.300868    13517.836407     4808.143582
frame00522.jpg      611.721047      330.846716      392.798500      232.689718      397.486068      237.362650     3448.604914     1216.793055
frame00523.jpg      611.756459      330.856597      392.770124      232.654381      397.565059      237.405925     2997.134613     1066.787211
frame00524.jpg      616.635993      333.108564      392.721995      232.573020      397.726212      237.501111     2490.900815      896.526606
frame00525.jpg      766.088063      409.177223      389.387144      228.441789      405.181553      241.976568      937.683198      285.021284
frame00526.jpg     1375.194745      720.836238      383.810104      222.510557      415.195157      248.522041      575.518388      109.931400
frame00527.jpg     1750.812944      911.801214      382.233617      220.977467      417.759378      250.278403      517.129953       82.417717
frame00528.jpg      799.748191      428.329828      389.371369      227.944073      406.899598      242.942619      584.342790      221.173288
frame00529.jpg      759.621922      407.739750      390.114187      228.702006      405.863589      242.256131      601.027881      233.544108
frame00530.jpg      630.750643      339.921297      393.726853      232.891668      398.668710      237.865972      757.933874      336.214181
frame00531.jpg      615.082861      332.372341      393.888783      233.221173      397.914495      237.439307      761.748201      343.287279
frame00532.jpg      612.105762      330.840214      393.910420      233.308174      397.683086      237.308753      769.129006      347.301483
frame00533.jpg      587.653629      318.605381      393.752109      233.747646      395.983801      236.368338      781.730725      363.967608
frame00534.jpg      543.409873      297.916676      392.967031      234.043583      393.239485      234.955626      768.086053      373.525322
frame00535.jpg      512.337265      283.699077      391.017167      233.653838      390.009092      233.455703      723.958428      365.754927
frame00536.jpg      494.651386      276.045497      388.234102      232.641488      386.824333      232.104484      654.234976      340.339751
frame00537.jpg      495.127267      276.165599      385.935405      231.725941      384.421831      231.117838      646.696568      337.689160
frame00538.jpg      494.948349      276.092487      385.866842      231.698251      384.353353      231.089901      640.203789      335.055029
frame00539.jpg      483.818998      271.559397      385.043302      231.364961      383.711924      230.828199      605.466817      320.965833
frame00540.jpg      482.684293      271.097201      384.942183      231.323987      383.661402      230.807563      599.295668      318.459745
frame00541.jpg      481.390984      270.570779      384.909210      231.310664      383.637587      230.797826      600.356507      318.892763
frame00542.jpg      475.512000      268.177484      384.555211      231.167316      383.274886      230.649978      566.572937      305.168129
frame00543.jpg      474.046934      267.581139      384.498160      231.144209      383.231556      230.632300      561.870985      303.257945
frame00544.jpg      468.008721      265.124704      384.538015      231.160327      383.264434      230.645718      569.209140      306.239612
frame00545.jpg      476.058885      268.400505      384.668019      231.212926      383.460355      230.725550      572.758019      307.677940
frame00546.jpg      477.398483      268.946412      384.898078      231.306049      383.656519      230.805568      586.547741      313.275164
frame00547.jpg      477.409160      268.950745      384.898344      231.306156      383.657103      230.805806      586.507854      313.258913
frame00548.jpg      477.453254      268.968663      384.898849      231.306360      383.658317      230.806300      586.237150      313.148802
frame00549.jpg      482.376170      270.971698      385.077070      231.378452      383.839299      230.880107      570.786195      306.860469
frame00550.jpg      483.108939      271.269697      385.080028      231.379644      383.846951      230.883223      568.482259      305.923607
frame00551.jpg      482.951267      271.205349      385.085248      231.381750      383.856909      230.887276      568.188695      305.803710
frame00552.jpg      482.958686      271.208366      385.085281      231.381763      383.856989      230.887309      568.177604      305.799198
frame00553.jpg      513.683588      283.718804      386.236194      231.845312      385.433594      231.530764      657.380454      341.965807
frame00554.jpg      514.210917      283.933075      386.239772      231.846737      385.443431      231.534771      657.984827      342.209966
frame00555.jpg      519.829902      286.221391      386.361397      231.895393      385.678264      231.630679      654.649313      340.841484
frame00556.jpg      520.501632      286.495810      386.669875      232.018320      386.342963      231.902178      628.150945      330.032575
frame00557.jpg      520.501931      286.495927      386.669887      232.018325      386.343070      231.902221      628.131464      330.024655
frame00558.jpg      522.231138      287.201228      386.854097      232.091465      386.720999      232.056750      628.292689      330.055006
frame00559.jpg      528.889690      289.913205      386.895148      232.107070      386.971865      232.159298      623.427982      328.064473
frame00560.jpg      537.895058      293.582986      387.019751      232.154734      387.541183      232.392265      640.753419      335.038131
frame00561.jpg      537.761050      293.527851      387.014259      232.152369      387.574848      232.406013      635.807739      333.028742
frame00562.jpg      538.018898      293.632405      387.010989      232.150991      387.590616      232.412455      628.645133      330.122885
frame00563.jpg      548.153255      297.766306      387.133451      232.196187      388.328441      232.714701      650.176883      338.777204
frame00564.jpg      572.860222      307.833413      387.163121      232.202885      389.153366      233.052755      654.608976      340.481557
frame00565.jpg      581.104555      311.192666      387.062214      232.158450      389.698766      233.276170      637.652991      333.547854
frame00566.jpg      586.375516      313.347462      386.822433      232.055033      390.522730      233.614088      629.909055      330.294112
frame00567.jpg      586.385770      313.351631      386.822330      232.054990      390.522978      233.614190      629.884338      330.284080
frame00568.jpg      589.024611      314.423121      386.751169      232.024605      390.734990      233.701025      621.149106      326.715263
frame00569.jpg      553.379838      299.830072      388.594157      232.794503      390.662152      233.659216      657.509158      341.791532
frame00570.jpg      551.550214      299.084230      388.620632      232.805730      390.647016      233.652786      656.066013      341.215598
frame00571.jpg      544.331238      296.149119      388.638734      232.813734      390.494888      233.590666      660.280977      342.939956
frame00572.jpg      539.679478      294.256610      388.653897      232.820483      390.346760      233.530181      657.086152      341.654924
frame00573.jpg      525.382059      288.439236      388.700206      232.841210      389.875306      233.337669      632.490414      331.710620
frame00574.jpg      383.674326      230.811386      383.621981      230.790112      383.620048      230.789326      383.731304      230.834542
frame00575.jpg      383.680478      230.813886      383.622326      230.790252      383.620429      230.789481      383.725134      230.832035
frame00576.jpg      383.691529      230.818377      383.622632      230.790376      383.620772      230.789621      383.730042      230.834029
frame00577.jpg      383.693980      230.819373      383.622804      230.790446      383.621005      230.789715      383.730387      230.834170
frame00578.jpg      383.694144      230.819440      383.622802      230.790446      383.621004      230.789715      383.730460      230.834199
frame00579.jpg      383.694618      230.819633      383.622983      230.790519      383.621164      230.789780      383.731994      230.834823
frame00580.jpg      383.669708      230.809509      383.619994      230.789305      383.618203      230.788576      383.691168      230.818231
frame00581.jpg      383.670979      230.810026      383.620243      230.789406      383.618394      230.788654      383.691354      230.818306
frame00582.jpg      383.676320      230.812196      383.621219      230.789802      383.619212      230.788987      383.700346      230.821961
frame00583.jpg      383.667833      230.808747      383.620655      230.789573      383.618409      230.788660      383.700833      230.822159
frame00584.jpg      383.665484      230.807792      383.619964      230.789292      383.617983      230.788487      383.695455      230.819973
frame00585.jpg      383.661600      230.806214      383.619831      230.789238      383.617691      230.788368      383.694254      230.819485
frame00586.jpg      383.659056      230.805180      383.619471      230.789092      383.617178      230.788160      383.691469      230.818353
frame00587.jpg      383.655828      230.803868      383.618342      230.788633      383.616637      230.787940      383.681569      230.814329
frame00588.jpg      383.652810      230.802641      383.618275      230.788606      383.616570      230.787913      383.679813      230.813616
frame00589.jpg      383.651080      230.801938      383.618193      230.788573      383.616409      230.787847      383.678519      230.813090
frame00590.jpg      383.649956      230.801481      383.618080      230.788527      383.616330      230.787815      383.676522      230.812278
frame00591.jpg      383.647591      230.800520      383.617288      230.788205      383.615795      230.787598      383.670447      230.809809
frame00592.jpg      383.643714      230.798944      383.616673      230.787955      383.615393      230.787435      383.663650      230.807047
frame00593.jpg      383.641708      230.798129      383.616278      230.787794      383.615127      230.787326      383.658749      230.805055
frame00594.jpg      383.641437      230.798019      383.616218      230.787770      383.615087      230.787310      383.658124      230.804801
frame00595.jpg      383.639613      230.797278      383.616206      230.787765      383.614848      230.787213      383.657600      230.804588
frame00596.jpg      383.618429      230.788668      383.585874      230.775438      383.606783      230.783935      383.591302      230.777644
frame00597.jpg      383.612591      230.786296      383.588718      230.776593      383.603765      230.782709      383.592358      230.778073
frame00598.jpg      383.599904      230.781140      383.594200      230.778822      383.597950      230.780346      383.594798      230.779064
frame00599.jpg invalid_tracker_state
frame00600.jpg invalid_tracker_state
frame00601.jpg invalid_tracker_state
frame00602.jpg invalid_tracker_state
frame00603.jpg invalid_tracker_state
frame00604.jpg invalid_tracker_state
frame00605.jpg invalid_tracker_state
frame00606.jpg invalid_tracker_state
frame00607.jpg invalid_tracker_state
frame00608.jpg invalid_tracker_state
frame00609.jpg invalid_tracker_state
frame00610.jpg invalid_tracker_state
frame00611.jpg invalid_tracker_state
frame00612.jpg invalid_tracker_state
frame00613.jpg invalid_tracker_state
frame00614.jpg invalid_tracker_state
frame00615.jpg invalid_tracker_state
frame00616.jpg invalid_tracker_state
frame00617.jpg invalid_tracker_state
frame00618.jpg invalid_tracker_state
frame00619.jpg invalid_tracker_state
frame00620.jpg invalid_tracker_state
frame00621.jpg invalid_tracker_state
frame00622.jpg invalid_tracker_state
frame00623.jpg invalid_tracker_state
frame00624.jpg invalid_tracker_state
frame00625.jpg invalid_tracker_state
frame00626.jpg invalid_tracker_state
frame00627.jpg invalid_tracker_state
frame00628.jpg invalid_tracker_state
frame00629.jpg invalid_tracker_state
frame00630.jpg invalid_tracker_state
frame00631.jpg invalid_tracker_state
frame00632.jpg invalid_tracker_state
frame00633.jpg invalid_tracker_state
frame00634.jpg invalid_tracker_state
frame00635.jpg invalid_tracker_state
frame00636.jpg invalid_tracker_state
frame00637.jpg invalid_tracker_state
frame00638.jpg invalid_tracker_state
frame00639.jpg invalid_tracker_state
frame00640.jpg invalid_tracker_state
frame00641.jpg invalid_tracker_state
frame00642.jpg invalid_tracker_state
frame00643.jpg invalid_tracker_state
frame00644.jpg invalid_tracker_state
frame00645.jpg invalid_tracker_state
frame00646.jpg invalid_tracker_state
frame00647.jpg invalid_tracker_state
frame00648.jpg invalid_tracker_state
frame00649.jpg invalid_tracker_state
frame00650.jpg invalid_tracker_state
frame00651.jpg invalid_tracker_state
frame00652.jpg invalid_tracker_state
frame00653.jpg invalid_tracker_state
frame00654.jpg invalid_tracker_state
frame00655.jpg invalid_tracker_state
frame00656.jpg invalid_tracker_state
frame00657.jpg invalid_tracker_state
frame00658.jpg invalid_tracker_state
frame00659.jpg invalid_tracker_state
frame00660.jpg invalid_tracker_state
frame00661.jpg invalid_tracker_state
frame00662.jpg invalid_tracker_state
frame00663.jpg invalid_tracker_state
frame00664.jpg invalid_tracker_state
frame00665.jpg invalid_tracker_state
frame00666.jpg invalid_tracker_state
frame00667.jpg invalid_tracker_state
frame00668.jpg invalid_tracker_state
frame00669.jpg invalid_tracker_state
frame00670.jpg invalid_tracker_state
frame00671.jpg invalid_tracker_state
frame00672.jpg invalid_tracker_state
frame00673.jpg invalid_tracker_state
frame00674.jpg invalid_tracker_state
frame00675.jpg invalid_tracker_state
frame00676.jpg invalid_tracker_state
frame00677.jpg invalid_tracker_state
frame00678.jpg invalid_tracker_state
frame00679.jpg invalid_tracker_state
frame00680.jpg invalid_tracker_state
frame00681.jpg invalid_tracker_state
frame00682.jpg invalid_tracker_state
frame00683.jpg invalid_tracker_state
frame00684.jpg invalid_tracker_state
frame00685.jpg invalid_tracker_state
frame00686.jpg invalid_tracker_state
frame00687.jpg invalid_tracker_state
frame00688.jpg invalid_tracker_state
frame00689.jpg invalid_tracker_state
frame00690.jpg invalid_tracker_state
frame00691.jpg invalid_tracker_state
frame00692.jpg invalid_tracker_state
frame00693.jpg invalid_tracker_state
frame00694.jpg invalid_tracker_state
frame00695.jpg invalid_tracker_state
frame00696.jpg invalid_tracker_state
frame00697.jpg invalid_tracker_state
frame00698.jpg invalid_tracker_state
frame00699.jpg invalid_tracker_state
frame00700.jpg invalid_tracker_state
