frame ulx uly urx ury lrx lry llx lly
frame00001.jpg      291.000000      150.029999      564.059998      149.940002      564.059998      444.059998      291.029999      443.950012
frame00002.jpg      291.970908      150.050917      564.759340      150.139518      564.986474      444.057845      292.198286      443.500440
frame00003.jpg      293.220825      149.267196      566.381244      149.939192      565.547258      443.920126      292.461670      442.578368
frame00004.jpg      292.506493      148.429333      565.586137      148.941468      564.234894      443.247600      291.039288      442.360166
frame00005.jpg      290.428005      148.732486      564.059035      148.928441      563.175003      443.363143      289.949416      443.286874
frame00006.jpg      289.789867      149.072192      563.194662      149.138036      563.066355      443.653229      289.863894      443.670913
frame00007.jpg      290.737436      149.768635      563.624097      149.744892      564.005232      443.565982      291.225191      443.420879
frame00008.jpg      292.169949      149.782226      565.136709      149.986855      564.902252      444.436765      291.842697      443.812315
frame00009.jpg      292.027164      150.687490      565.010164      151.037471      564.001628      445.635062      291.070992      444.848496
frame00010.jpg      290.708207      151.607776      563.933014      151.608889      563.602870      445.636129      290.528003      445.510136
frame00011.jpg      291.019280      151.512423      564.006766      151.457467      564.150943      445.242608      291.082609      444.791767
frame00012.jpg      291.482622      150.808535      564.463618      150.930213      563.980944      445.099634      290.986481      444.518216
frame00013.jpg      291.123348      151.108736      563.911721      151.307220      563.837510      444.868170      290.764123      444.502643
frame00014.jpg      291.712187      150.397560      564.311063      150.285753      564.638531      444.634161      291.562190      443.732856
frame00015.jpg      292.471152      150.452566      565.660734      150.579772      565.126155      445.738836      291.737995      443.902359
frame00016.jpg      292.747786      150.708048      565.995536      150.897709      565.115709      446.190520      291.583809      443.736079
frame00017.jpg      292.623336      150.833309      565.715334      150.694975      564.914139      446.851217      291.161601      444.055544
frame00018.jpg      292.820227      152.234851      566.002896      151.801243      565.260696      448.914649      291.778096      444.816998
frame00019.jpg      295.385625      152.137964      568.308754      152.224787      567.523050      448.814041      294.641435      442.660264
frame00020.jpg      298.649999      151.121876      571.567989      151.515962      569.407491      448.920404      296.449087      441.094506
frame00021.jpg      299.772938      150.712677      572.463701      151.318150      569.485732      448.893241      296.601584      440.482262
frame00022.jpg      299.995141      151.237427      572.276739      151.628214      569.057223      449.122533      296.509879      440.419730
frame00023.jpg      299.789087      151.758164      571.586689      152.065795      568.376471      449.948580      296.010701      440.680351
frame00024.jpg      299.447609      152.463393      570.965980      152.187850      568.273978      449.716168      295.712827      440.600884
frame00025.jpg      299.867633      152.080906      571.375112      152.221634      568.472112      450.838245      295.788410      440.388774
frame00026.jpg      300.750465      151.100445      573.233523      152.612488      568.585518      452.733796      295.442940      439.263220
frame00027.jpg      301.334827      149.344627      574.638928      153.405116      568.135762      454.105161      294.366172      437.522479
frame00028.jpg      302.015992      146.265099      576.356638      152.312502      568.458718      453.790094      294.258191      434.350335
frame00029.jpg      302.913308      142.956116      578.474187      150.321703      568.529668      453.827012      293.975237      431.641638
frame00030.jpg      302.487509      140.489047      579.118017      148.303502      567.966681      452.987032      293.300204      429.898669
frame00031.jpg      301.947613      138.453140      579.364678      146.256884      567.711385      452.655112      292.612624      428.340201
frame00032.jpg      302.067977      136.056367      580.204200      145.389984      567.502113      453.634232      292.049017      426.671648
frame00033.jpg      302.470918      134.295032      581.843714      145.501964      567.094555      455.083111      291.528846      425.396819
frame00034.jpg      302.796095      132.304132      582.690025      145.454178      566.610567      455.375691      290.892500      423.392094
frame00035.jpg      302.971002      130.123959      583.647749      144.447169      566.439417      454.963326      290.942318      421.342459
frame00036.jpg      304.129863      127.313804      585.146287      143.312740      566.766219      454.709227      291.092612      418.716546
frame00037.jpg      304.651751      125.586673      586.256155      141.620332      566.259958      454.539386      290.635600      417.136937
frame00038.jpg      303.453453      124.401129      584.947248      138.131131      565.618350      453.486113      289.742056      416.360303
frame00039.jpg      302.361502      123.592229      584.287030      135.099548      566.493804      452.712271      290.578968      415.519734
frame00040.jpg      304.486564      122.962516      585.964339      132.660497      568.658852      452.738272      293.119953      414.515943
frame00041.jpg      306.662154      122.879451      588.051132      130.822852      570.719770      452.893805      295.490990      414.543156
frame00042.jpg      308.511176      123.396582      589.904534      130.564951      572.050616      454.118146      297.144716      414.953262
frame00043.jpg      309.763256      124.542914      590.503960      131.093704      572.094576      454.825848      297.553944      415.721105
frame00044.jpg      309.258710      126.421933      588.773977      129.827606      571.874966      454.716247      298.008430      417.333513
frame00045.jpg      309.408207      129.360039      588.184446      131.057981      572.147468      457.527752      298.771968      419.945869
frame00046.jpg      309.332559      132.126443      587.346503      133.092894      571.677127      459.253214      298.805236      422.508206
frame00047.jpg      308.610806      135.119008      585.252999      133.340791      571.660337      458.988908      299.210859      424.618105
frame00048.jpg      309.043040      136.402315      584.869508      132.499508      572.440419      458.427532      300.631048      424.735978
frame00049.jpg      309.728798      136.667775      585.172285      131.301886      573.032393      457.331577      301.609179      424.629920
frame00050.jpg      310.100264      136.612573      585.090957      129.262688      573.443937      455.374650      302.678587      423.375090
frame00051.jpg      310.547007      135.643311      584.435851      125.444024      573.730331      452.458971      303.641645      422.137770
frame00052.jpg      310.208470      135.501405      582.464754      121.227041      573.452591      450.415468      304.515874      422.540542
frame00053.jpg      309.855765      136.422374      580.817514      117.798614      573.549953      448.133300      306.000654      422.510762
frame00054.jpg      309.936242      137.411228      579.197082      115.130475      573.220338      445.584173      307.006677      422.722805
frame00055.jpg      309.642517      138.727905      575.969302      112.045729      571.715670      442.612675      307.424368      423.797041
frame00056.jpg      307.659857      141.430756      570.381060      108.960259      568.433703      440.075996      306.577853      425.929342
frame00057.jpg      304.146339      144.494704      564.566699      106.287370      566.124806      438.421629      305.685537      428.031973
frame00058.jpg      303.390426      146.708000      561.649977      104.937403      565.309991      438.127632      305.916395      429.249215
frame00059.jpg      303.848875      149.144683      559.896742      104.262769      563.668236      437.122252      306.689930      430.108794
frame00060.jpg      304.006207      151.472761      555.188771      100.825690      560.907594      433.205592      307.621714      430.721710
frame00061.jpg      303.281887      153.838666      550.327039       96.643712      559.007089      430.697224      308.271979      432.016547
frame00062.jpg      302.435954      155.882404      546.759099       94.264651      557.169760      428.809164      308.303679      433.128837
frame00063.jpg      301.853434      157.258441      544.515519       92.714590      556.149155      427.110835      308.304105      433.771735
frame00064.jpg      302.258109      158.060113      543.698321       91.707327      555.077069      425.678107      308.254999      433.616777
frame00065.jpg      302.654633      159.572817      541.649445       90.524445      553.199219      424.250616      308.048556      434.499964
frame00066.jpg      302.318385      161.799158      539.656751       89.736613      551.810582      422.335157      308.097105      435.498135
frame00067.jpg      302.738458      163.529874      537.982577       88.017154      551.586557      420.518155      309.025715      435.836186
frame00068.jpg      303.515328      164.668454      536.747325       86.508555      550.380697      417.243492      309.956671      436.080665
frame00069.jpg      303.737859      166.411731      534.324596       83.354440      549.831901      413.749550      311.121016      436.649355
frame00070.jpg      304.429274      167.030377      533.669032       80.486924      550.263766      411.098076      312.503802      436.569267
frame00071.jpg      305.533745      168.358255      532.901715       78.757389      548.572029      406.844505      312.347052      437.151882
frame00072.jpg      305.792226      172.314932      530.768682       77.988995      548.313392      401.866788      311.638261      438.774495
frame00073.jpg      306.360996      175.096423      531.640554       79.147216      549.357624      400.194911      311.144517      439.610461
frame00074.jpg      308.116691      177.943343      532.567629       81.665067      549.631259      397.928088      310.858957      439.958556
frame00075.jpg      309.543122      179.629808      531.384810       82.629935      548.878826      393.829908      311.343772      440.568158
frame00076.jpg      310.187118      182.143324      529.681514       82.716023      547.516877      391.145524      310.991963      441.369024
frame00077.jpg      309.413217      185.274233      526.556055       82.221433      543.874291      387.587185      309.944153      442.422870
frame00078.jpg      308.592353      188.888597      521.556883       80.744421      540.882144      382.871471      310.273179      444.514741
frame00079.jpg      308.758681      191.806530      518.829398       79.317352      539.242183      379.436196      310.724410      445.607409
frame00080.jpg      309.142601      194.608073      517.241246       79.737978      538.243368      376.733904      310.454931      446.859732
frame00081.jpg      310.000582      197.332069      516.155132       80.616115      536.814946      374.044188      310.436841      447.305429
frame00082.jpg      312.143678      200.498041      515.994549       81.891793      536.125379      370.479530      310.760722      447.969571
frame00083.jpg      313.717536      204.932402      516.551477       87.652173      537.432096      368.365967      310.449072      449.290537
frame00084.jpg      315.570050      209.187575      517.515635       96.890702      538.357481      367.771129      309.981440      449.762288
frame00085.jpg      318.657584      211.998155      510.642067      126.752169      538.518985      374.489190      309.077195      446.540927
frame00086.jpg      321.104481      213.138447      513.317334      136.626797      541.560307      379.052386      308.450729      442.352915
frame00087.jpg      321.205183      213.557162      514.672200      138.157187      542.576790      379.030335      307.968424      439.904930
frame00088.jpg      319.369815      214.175244      514.298052      142.223628      540.220037      376.334169      304.443087      436.708341
frame00089.jpg      317.689234      214.854287      511.939398      145.487515      538.060874      371.846415      301.347563      433.455235
frame00090.jpg      316.026048      216.733078      507.816740      148.457316      535.469108      363.269110      299.038597      433.969388
frame00091.jpg      311.435327      218.236328      500.149370      157.086846      519.466295      350.172809      300.416380      434.840850
frame00092.jpg      309.556937      221.622974      492.078652      167.384054      521.275691      345.194405      300.526535      435.537725
frame00093.jpg      308.027223      227.072477      481.584584      179.421409      520.402486      338.700963      298.905783      440.158456
frame00094.jpg      282.810796      265.013922      477.497892      190.491494      502.599639      301.844276      309.450306      430.805101
frame00095.jpg      282.605794      302.050779      483.041959      218.683723      484.824112      298.619292      309.935787      415.766157
frame00096.jpg      284.166039      304.266763      474.450339      236.700923      489.850058      301.611451      303.367695      409.505474
frame00097.jpg      284.895181      287.608203      461.227972      265.778469      479.312215      313.975055      289.324922      394.847898
frame00098.jpg      284.152623      262.241181      449.097371      286.620890      470.607099      321.881950      292.491276      357.448017
frame00099.jpg      286.422836      263.711795      441.671195      292.540982      475.935023      319.382305      283.444067      341.024892
frame00100.jpg      286.217287      263.655386      441.686481      292.562298      475.941797      319.390177      283.164510      340.980951
frame00101.jpg      287.668541      263.499340      441.431164      293.307093      475.959149      319.191365      283.692279      333.916859
frame00102.jpg      287.525994      261.507993      444.000541      296.763902      477.488111      319.314977      301.343085      308.495586
frame00103.jpg      283.688733      260.153991      445.222610      298.204733      477.350169      318.705585      306.425414      301.975923
frame00104.jpg      284.725598      260.221445      445.996449      299.401555      478.481979      318.543052      307.954034      296.272596
frame00105.jpg      284.586656      260.129635      446.428308      299.717933      478.652129      318.518253      309.032623      295.046806
frame00106.jpg      284.178812      259.757779      448.011860      301.125897      481.095093      318.917516      315.560527      289.964696
frame00107.jpg      284.137934      259.749709      448.269969      301.300087      481.455502      318.994032      315.998058      289.387383
frame00108.jpg      282.712320      259.343389      448.560972      301.598551      482.184516      319.126396      317.486529      288.714105
frame00109.jpg      282.483581      258.983718      450.101132      302.984014      485.430182      319.714737      319.567943      285.740266
frame00110.jpg      281.747259      258.627388      451.546260      304.046526      488.506970      320.382851      323.868552      284.092294
frame00111.jpg      277.927837      257.543681      454.358646      305.558852      494.544889      321.919844      328.820837      282.470506
frame00112.jpg      278.317205      257.425271      459.369573      307.983458      503.712708      324.351831      333.136299      280.085186
frame00113.jpg      274.701763      256.510554      463.894312      309.705563      508.302784      325.532399      344.095554      281.402963
frame00114.jpg      271.148770      255.722066      466.987763      310.775512      510.383407      326.013049      347.223042      281.697723
frame00115.jpg      268.902120      255.268381      469.347870      311.621252      512.504420      326.503346      348.941859      281.819059
frame00116.jpg      267.497616      255.170625      473.604991      313.113202      517.257246      327.675654      350.300413      281.698315
frame00117.jpg      267.469492      255.163305      473.628515      313.121600      517.292495      327.685524      350.275234      281.689568
frame00118.jpg      266.811269      255.014112      474.363522      313.380712      518.379384      327.967561      350.416788      281.657762
frame00119.jpg      265.749274      254.726176      474.694980      313.489533      518.148307      327.887620      351.003502      281.800929
frame00120.jpg      262.628213      253.874142      475.948368      313.914126      518.081139      327.816258      351.819304      281.964247
frame00121.jpg      262.557245      253.854246      475.979773      313.924590      518.092036      327.819156      351.771709      281.949273
frame00122.jpg      261.083639      253.436036      476.414229      314.068196      518.094226      327.809364      351.284167      281.792847
frame00123.jpg      259.256890      252.920535      476.868519      314.223819      518.334300      327.867128      350.635453      281.588320
frame00124.jpg      259.103348      252.876444      476.900318      314.234390      518.349832      327.871540      350.540551      281.560235
frame00125.jpg      258.379796      252.676105      477.380502      314.385543      518.390766      327.875938      350.071917      281.404981
frame00126.jpg      257.707611      252.489904      477.717363      314.493776      517.965814      327.746452      349.692079      281.282778
frame00127.jpg      256.086024      252.029961      478.077119      314.616219      517.547615      327.617373      348.536747      280.939032
frame00128.jpg      256.067854      252.024755      478.078925      314.616853      517.546524      327.617045      348.527132      280.936219
frame00129.jpg      254.671812      251.647360      478.555672      314.768493      517.039172      327.460881      347.190347      280.522765
frame00130.jpg      253.004224      251.198581      479.408351      315.024801      516.518718      327.303046      345.477592      279.989863
frame00131.jpg      252.030283      250.934608      480.147232      315.241794      516.169119      327.200280      344.223873      279.606148
frame00132.jpg      248.449709      249.968983      483.564342      316.232001      513.406499      326.401200      340.514280      278.446632
frame00133.jpg      245.135358      249.086641      487.057010      317.239785      511.017138      325.710488      337.542215      277.506924
frame00134.jpg      245.118749      249.081928      487.059370      317.240633      511.016077      325.710162      337.530402      277.503448
frame00135.jpg      244.806328      249.020314      488.773743      317.740885      511.148188      325.742582      335.787381      276.966553
frame00136.jpg      244.787600      249.014981      488.777998      317.742263      511.147064      325.742240      335.773955      276.962624
frame00137.jpg      244.315919      248.908682      490.698319      318.295835      509.974261      325.403493      334.313561      276.507412
frame00138.jpg      244.288997      248.941875      493.715967      319.165259      507.676945      324.743187      332.464689      275.924097
frame00139.jpg      244.223677      248.934763      494.728466      319.457538      506.943935      324.533168      331.639573      275.671490
frame00140.jpg      239.763668      247.719769      499.500481      320.838094      501.458788      322.957878      329.784626      275.063497
frame00141.jpg      239.021490      247.515462      498.904483      320.702121      499.501863      322.391546      329.208456      274.881026
frame00142.jpg      237.772843      247.193363      497.953506      320.501572      496.597907      321.543442      327.814990      274.429357
frame00143.jpg      237.311001      247.067875      497.288220      320.344130      494.977147      321.074681      327.279854      274.256715
frame00144.jpg      236.532874      246.861635      497.239850      320.392221      492.565177      320.377120      326.394610      273.952042
frame00145.jpg      236.998727      247.008503      495.906241      320.095411      491.200815      319.964751      325.234901      273.561458
frame00146.jpg      237.074331      247.044420      496.189935      320.212888      489.706538      319.530325      325.034901      273.461184
frame00147.jpg      237.866897      247.322844      495.322957      320.072544      488.033601      319.020320      324.634422      273.229454
frame00148.jpg      237.987583      247.357758      495.355193      320.083797      488.038294      319.021403      324.607071      273.219776
frame00149.jpg      238.901303      247.638615      495.333995      320.127644      487.925109      318.970722      324.419266      273.117135
frame00150.jpg      238.059564      247.470904      495.459691      320.285083      487.702409      318.853055      327.262836      273.783605
frame00151.jpg      235.706722      246.879498      495.660244      320.434341      489.192703      319.228793      330.234735      274.514981
frame00152.jpg      234.413974      246.545374      493.820233      319.971057      489.469364      319.281330      332.374788      275.063873
frame00153.jpg      232.075294      245.924362      494.858169      320.313603      488.733666      319.049214      335.604183      275.917517
frame00154.jpg      231.054408      245.661575      498.186275      321.276849      488.901667      319.085668      336.518900      276.144336
frame00155.jpg      230.437515      245.491650      498.305351      321.319622      488.620376      319.003009      336.506935      276.131889
frame00156.jpg      218.835644      242.229569      494.429027      320.279690      483.535930      317.542677      340.204067      277.123671
frame00157.jpg      218.867039      242.238639      494.417246      320.276729      483.540246      317.543853      340.186216      277.118356
frame00158.jpg      217.472249      241.848760      494.805376      320.388915      483.683731      317.582691      340.733399      277.268713
frame00159.jpg      216.290485      241.585068      495.276100      320.575486      484.754496      317.859475      342.870779      277.813101
frame00160.jpg      211.960963      240.376849      493.166898      320.003520      484.204565      317.693103      343.515881      277.974271
frame00161.jpg      212.033964      240.397678      493.199455      320.012914      484.206877      317.693719      343.506723      277.971475
frame00162.jpg      211.751175      240.339487      495.270239      320.609686      484.313500      317.717669      344.568610      278.256393
frame00163.jpg      208.393463      239.461352      494.125168      320.331486      484.021203      317.611115      350.092829      279.772962
frame00164.jpg      215.159842      241.394521      491.931660      319.725532      485.213380      317.942399      350.062065      279.753270
frame00165.jpg      219.191968      242.547509      492.402040      319.866793      486.429585      318.282791      349.674528      279.636090
frame00166.jpg      220.191960      242.842120      491.513059      319.625774      486.055067      318.171756      351.730134      280.208302
frame00167.jpg      220.426923      242.919517      489.587552      319.090274      484.286706      317.666229      358.057746      281.990611
frame00168.jpg      209.174474      239.750691      492.468023      319.914616      483.030974      317.305257      364.792317      283.886422
frame00169.jpg      195.350882      235.861539      495.582825      320.804996      483.774827      317.509908      371.272244      285.709686
frame00170.jpg      197.647363      236.559505      507.259417      324.116602      489.774823      319.198754      378.976874      287.878477
frame00171.jpg      188.184328      233.890560      507.975490      324.321838      488.009675      318.698171      382.403447      288.845810
frame00172.jpg      183.811784      232.661490      508.066266      324.350126      486.243700      318.197604      384.815506      289.526386
frame00173.jpg      185.324591      233.105097      496.358368      321.046756      485.649971      318.027023      386.635547      290.037331
frame00174.jpg      181.900399      232.142679      498.658626      321.698668      487.955419      318.677870      391.673180      291.460240
frame00175.jpg      173.049969      229.644569      500.116107      322.111797      486.622968      318.300622      397.927736      293.227590
frame00176.jpg      186.123546      233.342667      504.924470      323.471679      487.365237      318.510203      396.196980      292.737917
frame00177.jpg      182.729566      232.384195      503.876650      323.175987      487.732304      318.613751      396.281732      292.761566
frame00178.jpg      174.280277      229.996309      506.127045      323.812377      487.173112      318.455555      400.859659      294.055507
frame00179.jpg      185.897379      233.281188      504.476744      323.345994      487.642291      318.588109      404.618222      295.117913
frame00180.jpg      177.861067      231.009747      504.547078      323.365986      487.310622      318.494294      407.065918      295.809756
frame00181.jpg      185.860968      233.271682      503.457471      323.058112      486.388606      318.233592      406.361317      295.610451
frame00182.jpg      132.568974      218.205528      502.760045      322.861206      482.519780      317.139822      404.212340      295.002728
frame00183.jpg      129.880629      217.445623      503.283642      323.009272      481.396813      316.822351      404.331620      295.036388
frame00184.jpg      133.158417      218.372335      503.012593      322.932671      481.047770      316.723671      403.694816      294.856340
frame00185.jpg      167.411746      228.054256      494.897346      320.638737      473.815237      314.679012      385.248092      289.641164
frame00186.jpg      143.569983      221.313893      494.834014      320.620837      473.513318      314.593659      386.047099      289.867030
frame00187.jpg      141.091456      220.613176      494.828356      320.619238      473.511809      314.593233      386.023884      289.860467
frame00188.jpg      141.460747      220.717764      494.718823      320.588297      471.984611      314.161491      385.306882      289.657705
frame00189.jpg       79.961494      203.330916      494.040123      320.396450      470.484940      313.737531      383.769315      289.222984
frame00190.jpg       41.316450      192.405548      493.060111      320.119418      469.339624      313.413748      380.454189      288.285754
frame00191.jpg       10.926878      183.813701      492.386011      319.928855      469.042365      313.329712      378.413556      287.708855
frame00192.jpg     -175.763212      131.033449      485.635894      318.020637      467.603080      312.922813      372.493120      286.035002
frame00193.jpg     -177.987281      130.404671      485.635447      318.020510      467.602989      312.922787      372.489590      286.034004
frame00194.jpg    -1551.784789     -257.990822      481.189329      316.763612      466.948060      312.737627      363.703018      283.549897
frame00195.jpg    42723.682305    12259.418841      480.217190      316.488790      466.740110      312.678838      361.018117      282.790835
frame00196.jpg      635.784479      360.471174      475.615303      315.187846      467.230541      312.817470      369.508638      285.190977
frame00197.jpg      588.378628      347.068973      474.613284      314.904576      467.159491      312.797381      363.380730      283.458519
frame00198.jpg      594.603916      348.829024      474.412043      314.847686      467.167913      312.799762      357.919547      281.914592
frame00199.jpg      566.485708      340.879598      474.144793      314.772134      467.054444      312.767683      354.233515      280.872508
frame00200.jpg      566.505805      340.885280      474.144785      314.772132      467.054439      312.767682      354.233781      280.872583
frame00201.jpg      572.887789      342.689556      473.980937      314.725812      467.068060      312.771532      348.365865      279.213665
frame00202.jpg      574.790438      343.227358      473.854432      314.690049      467.036361      312.762570      347.663722      279.015148
frame00203.jpg      567.171501      341.073328      473.772308      314.666833      466.978904      312.746327      351.297767      280.042508
frame00204.jpg      579.933875      344.681531      473.466838      314.580480      466.251195      312.540598      349.490395      279.531474
frame00205.jpg      579.755133      344.630996      473.466674      314.580434      466.251072      312.540564      349.481786      279.529040
frame00206.jpg      557.468842      338.330604      472.041907      314.177655      464.251903      311.975382      342.332878      277.507804
frame00207.jpg      556.872159      338.161908      472.037428      314.176389      464.248439      311.974403      342.194029      277.468550
frame00208.jpg      556.785547      338.137421      472.037017      314.176272      464.248113      311.974311      342.187369      277.466667
frame00209.jpg      540.761529      333.607147      471.143448      313.923663      462.328835      311.431713      338.171543      276.331218
frame00210.jpg      538.376821      332.932985      471.020374      313.888869      462.263909      311.413358      335.619108      275.609614
frame00211.jpg      538.428324      332.947546      471.020345      313.888861      462.263881      311.413350      335.623753      275.610927
frame00212.jpg      540.396406      333.503941      470.939100      313.865892      462.248420      311.408979      335.416116      275.552223
frame00213.jpg      537.825998      332.777279      470.494352      313.740161      461.678979      311.247992      329.175794      273.787981
frame00214.jpg      544.190319      334.576670      470.079506      313.622883      461.066012      311.074700      324.750726      272.536918
frame00215.jpg      513.685081      325.952376      468.914570      313.293550      459.615620      310.664658      318.209858      270.687647
frame00216.jpg      514.290891      326.123524      468.728332      313.240899      459.519448      310.637469      318.735461      270.836228
frame00217.jpg      488.660584      318.877434      467.528165      312.901606      457.720900      310.128999      292.366454      263.381273
frame00218.jpg      483.746156      317.488086      467.383911      312.860825      457.621091      310.100781      288.225400      262.210538
frame00219.jpg      481.841161      316.949466      467.197764      312.808199      457.554187      310.081867      289.590446      262.596444
frame00220.jpg      481.517110      316.857849      467.170538      312.800502      457.534032      310.076169      290.989434      262.991955
frame00221.jpg      481.437804      316.835426      467.169861      312.800311      457.533495      310.076017      290.973218      262.987370
frame00222.jpg      481.401258      316.825094      467.169439      312.800191      457.533143      310.075918      290.961432      262.984038
frame00223.jpg      481.363169      316.814325      467.169032      312.800076      457.532821      310.075826      290.952366      262.981475
frame00224.jpg      481.298186      316.795952      467.168587      312.799950      457.532452      310.075722      290.946542      262.979829
frame00225.jpg      475.041170      315.026997      466.870665      312.715725      457.317406      310.014926      286.494054      261.721047
frame00226.jpg      473.684706      314.643477      466.344148      312.566874      456.979525      309.919403      283.016456      260.737846
frame00227.jpg      466.008374      312.473227      465.812425      312.416552      456.393991      309.753865      280.132030      259.922328
frame00228.jpg      465.989735      312.467957      465.811764      312.416366      456.393485      309.753722      279.906524      259.858575
frame00229.jpg      466.030051      312.479355      465.811594      312.416318      456.393378      309.753692      279.975465      259.878065
frame00230.jpg      466.037288      312.481410      465.810580      312.416031      456.392467      309.753435      280.129271      259.921548
frame00231.jpg      465.928212      312.450567      465.809932      312.415848      456.391979      309.753297      279.979793      259.879289
frame00232.jpg      464.065880      311.924035      465.477067      312.321744      456.239801      309.710274      273.678015      258.097674
frame00233.jpg      462.343461      311.437049      465.392817      312.297925      456.173389      309.691499      270.547259      257.212566
frame00234.jpg      462.296271      311.423707      465.392024      312.297701      456.172733      309.691313      270.573935      257.220108
frame00235.jpg      461.270475      311.133731      465.355240      312.287302      456.141306      309.682428      272.137674      257.662196
frame00236.jpg      461.078010      311.079319      465.353927      312.286931      456.139998      309.682059      272.351967      257.722779
frame00237.jpg      461.029939      311.065727      465.353470      312.286801      456.139620      309.681952      272.378858      257.730382
frame00238.jpg      460.943930      311.041407      465.352314      312.286475      456.139049      309.681790      271.901290      257.595367
frame00239.jpg      460.619155      310.949580      465.156458      312.231104      456.026046      309.649843      267.467983      256.342001
frame00240.jpg      462.828116      311.574093      465.129173      312.223391      456.003163      309.643374      265.243199      255.713028
frame00241.jpg      540.887888      333.642211      457.203724      309.982802      441.740951      305.611186   -23661.907800    -6508.968121
frame00242.jpg      540.643937      333.573231      455.344515      309.457169      441.509941      305.545874     2977.163435     1022.425745
frame00243.jpg      539.269349      333.184604      454.715811      309.279423      441.385723      305.510755     2474.959205      880.442674
frame00244.jpg      537.587768      332.709186      454.406203      309.191891      441.338903      305.497518     2245.282202      815.508423
frame00245.jpg      537.591265      332.710175      454.406074      309.191855      441.338798      305.497488     2245.256160      815.501060
frame00246.jpg      537.642648      332.724702      454.404998      309.191551      441.337926      305.497241     2246.509371      815.855368
frame00247.jpg      537.642751      332.724731      454.404879      309.191517      441.337829      305.497214     2246.501834      815.853237
frame00248.jpg      535.708620      332.177913      454.052162      309.091797      441.181984      305.453154     2050.921957      760.558922
frame00249.jpg      535.533522      332.128410      454.040798      309.088584      441.172336      305.450426     2051.823187      760.813719
frame00250.jpg      528.498325      330.139408      452.478667      308.646941      440.421956      305.238278     1539.817756      616.059676
frame00251.jpg      530.442318      330.689010      451.237602      308.296069      440.131060      305.156035     1353.490896      563.381412
frame00252.jpg      530.162035      330.609769      451.223275      308.292018      440.118799      305.152569     1351.754492      562.890496
frame00253.jpg      530.163068      330.610061      451.223135      308.291979      440.118679      305.152535     1351.724699      562.882073
frame00254.jpg      530.280513      330.643267      450.412298      308.062740      439.676196      305.027436     1269.489282      539.632512
frame00255.jpg      527.368382      329.819947      450.140995      307.986037      439.538917      304.988624     1190.799619      517.385358
frame00256.jpg      528.072500      330.019013      449.893527      307.916073      439.611179      305.009053     1157.518913      507.976253
frame00257.jpg      523.047129      328.598238      449.610194      307.835970      439.158152      304.880974     1126.266366      499.140542
frame00258.jpg      523.103372      328.614139      449.606855      307.835026      439.155300      304.880167     1126.243788      499.134159
frame00259.jpg      522.437857      328.425985      449.543452      307.817101      439.100473      304.864667     1132.936255      501.026259
frame00260.jpg      519.021121      327.459996      448.463232      307.511702      439.252443      304.907631      969.872132      454.924741
frame00261.jpg      508.183619      324.396008      447.507923      307.241617      438.618553      304.728417      866.926708      425.819993
frame00262.jpg      500.272037      322.159235      446.511820      306.960000      437.957898      304.541636      816.894839      411.674991
frame00263.jpg      493.003684      320.104309      444.485620      306.387155      435.203258      303.762841      841.414757      418.607397
frame00264.jpg      493.097792      320.130914      444.109316      306.280766      434.731681      303.629516      866.379906      425.665589
frame00265.jpg      490.967958      319.528764      443.611763      306.140098      434.036246      303.432902      870.568245      426.849745
frame00266.jpg      490.277702      319.333614      443.313181      306.055683      433.768041      303.357075      869.048041      426.419960
frame00267.jpg      490.271141      319.331760      443.310243      306.054852      433.765421      303.356334      868.965546      426.396637
frame00268.jpg      482.622676      317.169372      441.900403      305.656262      432.823776      303.090111      755.961086      394.447914
frame00269.jpg      480.616161      316.602094      383.643544      289.186059      497.225300      321.297756      469.609971      313.490370
frame00270.jpg      483.791882      317.499930      387.646219      290.317696      498.110298      321.547964      471.354710      313.983644
frame00271.jpg      483.809802      317.504997      387.657154      290.320787      498.115888      321.549544      471.360376      313.985246
frame00272.jpg      483.783029      317.497427      387.642579      290.316667      498.117019      321.549864      471.362302      313.985790
frame00273.jpg      483.757406      317.490183      387.625708      290.311897      498.117092      321.549884      471.363203      313.986045
frame00274.jpg      484.761287      317.773999      391.450084      291.393123      497.772878      321.452569      472.177260      314.216196
frame00275.jpg      488.031897      318.698663      395.413397      292.513632      498.234540      321.583092      473.162748      314.494815
frame00276.jpg      488.832570      318.925029      396.251420      292.750558      498.610968      321.689515      473.518440      314.595376
frame00277.jpg      493.749626      320.315177      405.192356      295.278338      499.494351      321.939267      476.037941      315.307691
frame00278.jpg      493.981120      320.380625      405.783143      295.445365      499.603023      321.969991      476.237809      315.364198
frame00279.jpg      495.683199      320.861836      408.944947      296.339269      499.986813      322.078496      477.175863      315.629404
frame00280.jpg      496.305910      321.037889      409.839378      296.592143      500.225098      322.145864      477.536363      315.731325
frame00281.jpg      501.096475      322.392275      412.992410      297.483569      501.801206      322.591461      478.868514      316.107951
frame00282.jpg      502.503785      322.790149      414.268164      297.844250      502.464307      322.778932      479.622575      316.321139
frame00283.jpg      506.685026      323.972267      419.905853      299.438134      504.255826      323.285430      481.889752      316.962114
frame00284.jpg      508.630896      324.522402      421.920815      300.007804      505.292696      323.578573      483.005086      317.277440
frame00285.jpg      509.195072      324.681907      422.832448      300.265541      505.732670      323.702962      483.488586      317.414135
frame00286.jpg      514.043554      326.052670      429.824407      302.242305      507.866631      324.306275      486.421198      318.243242
frame00287.jpg      514.073423      326.061115      429.857566      302.251679      507.876871      324.309170      486.431321      318.246104
frame00288.jpg      514.381655      326.148259      431.409760      302.690515      507.971867      324.336028      486.974973      318.399805
frame00289.jpg      514.741956      326.250124      431.749350      302.786524      508.112312      324.375735      487.148262      318.448797
frame00290.jpg      514.626746      326.217552      434.185022      303.475136      507.912032      324.319113      487.805865      318.634715
frame00291.jpg      515.149921      326.365464      434.922222      303.683557      508.078634      324.366215      488.069846      318.709347
frame00292.jpg      516.315128      326.694892      436.555106      304.145207      508.369463      324.448438      488.621907      318.865426
frame00293.jpg      488.008129      318.691990      412.526349      297.351788      501.744753      322.575501      480.989407      316.707554
frame00294.jpg      487.601909      318.577144      412.491133      297.341830      501.478866      322.500329      480.817106      316.658841
frame00295.jpg      487.482634      318.543425      411.376503      297.026701      501.372336      322.470211      480.419206      316.546345
frame00296.jpg      487.277873      318.485535      410.759932      296.852384      501.386983      322.474352      480.250442      316.498632
frame00297.jpg      488.911803      318.947497      400.132299      293.847743      503.665925      323.118650      478.515594      316.008150
frame00298.jpg      488.400564      318.802960      399.765683      293.744092      503.368001      323.034421      478.226713      315.926476
frame00299.jpg      488.268531      318.765635      398.924952      293.506400      503.375178      323.036450      477.970716      315.854100
frame00300.jpg      486.684026      318.317691      390.906033      291.239295      504.367535      323.317008      476.408603      315.412453
frame00301.jpg      486.540848      318.277214      390.939538      291.248766      504.150099      323.255534      476.237162      315.363982
frame00302.jpg      486.490027      318.262847      390.691419      291.178617      504.049076      323.226973      476.048833      315.310737
frame00303.jpg      486.224334      318.187733      390.244542      291.052275      503.950129      323.198998      475.844582      315.252991
frame00304.jpg      483.740742      317.485614      386.894971      290.105267      501.927652      322.627203      473.379027      314.555914
frame00305.jpg      480.161019      316.473596      385.339239      289.665411      499.902758      322.054725      471.729309      314.089490
frame00306.jpg      478.266607      315.938027      384.334023      289.381209      499.336792      321.894715      471.246102      313.952871
frame00307.jpg      478.280208      315.941876      384.354484      289.386991      499.214989      321.860279      471.150723      313.925903
frame00308.jpg      478.295506      315.946201      384.329996      289.380068      499.187628      321.852543      471.120845      313.917456
frame00309.jpg      478.159126      315.907653      385.093808      289.596004      498.450948      321.644268      470.816344      313.831362
frame00310.jpg      478.001138      315.862995      385.240146      289.637369      497.795956      321.459088      470.397215      313.712860
frame00311.jpg      470.421258      313.720320      379.220475      287.935301      489.148104      319.014145      462.370311      311.443344
frame00312.jpg      470.427965      313.722426      377.138557      287.346571      485.956592      318.111821      458.854154      310.449149
frame00313.jpg      474.493718      314.872115      376.616592      287.198870      483.983652      317.554010      455.926367      309.621298
frame00314.jpg      476.487859      315.436140      374.101422      286.487625      481.719991      316.913998      452.516907      308.657243
frame00315.jpg      477.612114      315.754294      370.893901      285.580520      478.276810      315.940480      448.067246      307.399032
frame00316.jpg      475.058867      315.032640      367.199865      284.535797      474.353382      314.831154      443.754157      306.179401
frame00317.jpg      472.565611      314.327824      365.714197      284.115584      471.902262      314.138113      441.571181      305.562102
frame00318.jpg      472.603539      314.338584      365.749313      284.125422      470.717797      313.803206      440.535700      305.269285
frame00319.jpg      472.957288      314.438754      365.832693      284.148659      467.044847      312.764671      437.277876      304.348001
frame00320.jpg      473.249471      314.521394      365.820435      284.145145      466.523699      312.617314      436.762149      304.202158
frame00321.jpg      473.998590      314.733238      366.065463      284.214324      465.479869      312.322160      435.741743      303.913595
frame00322.jpg      474.217136      314.795033      366.132101      284.233153      465.348233      312.284938      435.588753      303.870331
frame00323.jpg      477.903304      315.837374      367.984935      284.756745      462.923248      311.599247      433.335035      303.232965
frame00324.jpg      480.893121      316.682819      368.669765      284.950150      461.202446      311.112659      431.358806      302.674083
frame00325.jpg      486.970729      318.401368      370.162826      285.371977      458.792681      310.431245      428.590617      301.891223
frame00326.jpg      492.668625      320.012549      370.355489      285.426203      457.103104      309.953466      426.145342      301.199695
frame00327.jpg      497.031513      321.246231      370.728228      285.531394      455.664916      309.546778      424.291298      300.675368
frame00328.jpg      497.238572      321.304760      370.777415      285.545242      455.037146      309.369263      423.753300      300.523223
frame00329.jpg      499.725845      322.008026      370.497229      285.465666      451.794254      308.452257      420.436453      299.585230
frame00330.jpg      499.717306      322.005610      370.524039      285.473245      451.740382      308.437024      420.387221      299.571309
frame00331.jpg      499.764149      322.018787      371.042956      285.619775      449.674706      307.852905      418.745298      299.106974
frame00332.jpg      500.612047      322.258500      371.517693      285.753795      447.298382      307.180941      416.679265      298.522705
frame00333.jpg      501.114648      322.400541      372.345856      285.987724      444.511899      306.392989      414.459042      297.894827
frame00334.jpg      501.552648      322.524353      372.011857      285.893054      441.456270      305.528930      411.698634      297.114200
frame00335.jpg      500.969044      322.359229      370.363433      285.426615      437.312563      304.357174      407.725271      295.990557
frame00336.jpg      498.068987      321.539067      365.667885      284.098589      433.590758      303.304711      403.635829      294.834097
frame00337.jpg      496.914199      321.212462      362.103997      283.090623      430.496327      302.429657      400.114242      293.838223
frame00338.jpg      491.103417      319.569131      356.975180      281.640017      425.196031      300.930814      394.941905      292.375527
frame00339.jpg      486.950676      318.394714      352.701573      280.431335      420.698667      299.659028      390.478469      291.113309
frame00340.jpg      483.728536      317.483477      348.732191      279.308733      417.101997      298.641942      386.774078      290.065744
frame00341.jpg      477.073776      315.601513      343.859327      277.930591      411.309791      297.003991      381.434364      288.555727
frame00342.jpg      472.611374      314.339555      338.721920      276.477699      406.598246      295.671634      376.612039      287.192027
frame00343.jpg      462.397445      311.451117      331.794581      274.518580      397.685434      293.151220      368.493313      284.896143
frame00344.jpg      457.446053      310.050885      324.253906      272.386090      390.843081      291.216298      361.233307      282.843101
frame00345.jpg      447.005511      307.098399      312.387607      269.030400      383.282434      289.078251      353.450552      280.642235
frame00346.jpg      440.490601      305.256051      308.837929      268.026564      378.925042      287.846041      349.752159      279.596376
frame00347.jpg      430.846056      302.528686      303.791394      266.599430      372.324720      285.979563      344.340519      278.066033
frame00348.jpg      427.326417      301.533373      299.839013      265.481732      368.662568      284.943957      340.596878      277.007381
frame00349.jpg      420.054813      299.477052      292.745638      263.475800      363.197770      283.398588      335.323604      275.516168
frame00350.jpg      416.029365      298.338703      288.568353      262.294505      359.233355      282.277506      331.386875      274.402913
frame00351.jpg      411.216764      296.977756      283.279861      260.798979      355.668305      281.269359      327.819634      273.394144
frame00352.jpg      409.246299      296.420530      279.434824      259.711647      353.505863      280.657849      325.264029      272.671453
frame00353.jpg      404.623911      295.113375      275.852958      258.698733      349.903476      279.639143      321.991536      271.746035
frame00354.jpg      402.201901      294.428461      274.721420      258.378744      348.023218      279.107432      320.395286      271.294637
frame00355.jpg      398.104375      293.269732      272.584190      257.774357      345.064700      278.270804      317.953960      270.604262
frame00356.jpg      395.213846      292.452328      271.676282      257.517607      342.323201      277.495546      315.701050      269.967169
frame00357.jpg      391.434759      291.383650      269.676363      256.952048      338.277812      276.351565      312.286523      269.001587
frame00358.jpg      388.185285      290.464740      266.918686      256.172209      334.940197      275.407733      309.092946      268.098486
frame00359.jpg      384.391193      289.391819      262.955613      255.051498      330.295686      274.094329      304.655879      266.843743
frame00360.jpg      380.460183      288.280181      259.474069      254.066960      325.937161      272.861798      300.466046      265.658914
frame00361.jpg      376.709313      287.219484      256.081063      253.107459      321.506788      271.608948      296.196747      264.451614
frame00362.jpg      374.943107      286.720024      252.885633      252.203833      319.086158      270.924427      293.475507      263.682084
frame00363.jpg      370.303442      285.407988      244.088178      249.716029      313.387694      269.312979      287.080402      261.873635
frame00364.jpg      367.224339      284.537259      234.980008      247.140359      308.645821      267.972042      281.199629      260.210632
frame00365.jpg      364.876978      283.873456      230.736788      245.940433      304.931757      266.921755      277.267136      259.098576
frame00366.jpg      361.265988      282.852317      225.013439      244.321945      300.698552      265.724662      272.690894      257.804476
frame00367.jpg      356.357617      281.464295      218.756220      242.552487      294.961400      264.102273      266.833650      256.148127
frame00368.jpg      350.326959      279.758906      215.214549      241.550949      291.220355      263.044356      263.814465      255.294342
frame00369.jpg      346.506658      278.678577      214.067118      241.226470      289.223969      262.479805      262.512061      254.926040
frame00370.jpg      341.975334      277.397179      213.513947      241.070041      286.606854      261.739721      260.890868      254.467588
frame00371.jpg      340.222506      276.901503      212.069490      240.661567      285.176285      261.335175      259.572633      254.094809
frame00372.jpg      338.159215      276.318032      210.453010      240.204448      283.516476      260.865803      258.121220      253.684369
frame00373.jpg      337.711777      276.191502      208.637825      239.691138      281.699164      260.351892      255.979420      253.078697
frame00374.jpg      337.649520      276.173897      208.610122      239.683304      281.688682      260.348928      255.969635      253.075930
frame00375.jpg      337.528865      276.139777      207.864145      239.472352      281.481806      260.290426      255.647370      252.984798
frame00376.jpg      337.628010      276.167814      207.410741      239.344136      281.333228      260.248411      255.399146      252.914604
frame00377.jpg      336.866192      275.952382      206.170687      238.993465      281.171270      260.202611      255.120768      252.835882
frame00378.jpg      336.608020      275.879375      205.842634      238.900696      281.079298      260.176602      254.994361      252.800136
frame00379.jpg      336.750503      275.919667      205.795735      238.887434      281.018911      260.159526      254.923500      252.780097
frame00380.jpg      336.601498      275.877530      204.937829      238.644829      280.980650      260.148706      254.769963      252.736679
frame00381.jpg      333.826736      275.092865      204.724694      238.584558      278.785942      259.528072      253.097676      252.263779
frame00382.jpg      333.645570      275.041634      204.587443      238.545745      278.463169      259.436797      252.795538      252.178338
frame00383.jpg      333.528876      275.008634      204.525226      238.528151      278.355892      259.406460      252.692078      252.149081
frame00384.jpg      333.226645      274.923167      204.043986      238.392062      278.288959      259.387532      252.601821      252.123558
frame00385.jpg      332.793889      274.800790      203.672585      238.287035      278.191428      259.359952      252.499658      252.094668
frame00386.jpg      329.472200      273.861461      203.094293      238.123502      277.559192      259.181164      252.597929      252.122457
frame00387.jpg      328.967911      273.718855      201.915992      237.790294      277.593049      259.190738      252.541422      252.106478
frame00388.jpg      321.014925      271.469857      201.221001      237.593760      277.582262      259.187688      254.229723      252.583907
frame00389.jpg      320.496387      271.323221      200.827485      237.482479      278.324043      259.397453      255.169427      252.849642
frame00390.jpg      320.533212      271.333635      200.839416      237.485852      278.313950      259.394599      255.196403      252.857270
frame00391.jpg      325.672740      272.787024      201.797441      237.756769      278.670244      259.495354      254.632980      252.697942
frame00392.jpg      324.505812      272.457032      202.816410      238.044920      278.668710      259.494921      254.944940      252.786160
frame00393.jpg      324.302037      272.399407      203.736437      238.305091      278.635107      259.485418      255.117947      252.835084
frame00394.jpg      324.279492      272.393032      204.381928      238.487627      278.737351      259.514331      255.363816      252.904612
frame00395.jpg      322.147271      271.790069      206.861124      239.188710      279.265903      259.663799      256.834441      253.320485
frame00396.jpg      315.687872      269.963439      217.163990      242.102221      280.761791      260.086815      261.568932      254.659335
frame00397.jpg      316.413224      270.168559      220.843383      243.142703      283.093988      260.746329      264.469611      255.479608
frame00398.jpg      313.504430      269.345991      230.077669      245.754035      285.381382      261.393173      269.021877      256.766927
frame00399.jpg      313.417303      269.321354      235.274653      247.223672      289.489721      262.554956      274.121441      258.209015
frame00400.jpg      314.368979      269.590477      239.870823      248.523408      293.273746      263.625027      278.585736      259.471457
frame00401.jpg      314.480793      269.622097      240.109156      248.590806      293.395887      263.659567      278.732003      259.512820
frame00402.jpg      314.593849      269.654067      240.791170      248.783670      293.511686      263.692313      278.951058      259.574765
frame00403.jpg      314.699696      269.683999      241.282050      248.922484      293.643396      263.729559      279.173244      259.637596
frame00404.jpg      314.916231      269.745232      241.470966      248.975907      293.793854      263.772107      279.327727      259.681282
frame00405.jpg      314.399738      269.599175      243.849828      249.648617      294.244623      263.899578      280.328937      259.964411
frame00406.jpg      312.063139      268.938416      251.328848      251.763582      294.604610      264.001378      282.553009      260.593348
frame00407.jpg      312.064728      268.938866      251.360618      251.772567      294.648969      264.013922      282.607938      260.608882
frame00408.jpg      302.466352      266.224574      262.972879      255.056357      296.205745      264.454157      288.327017      262.226160
frame00409.jpg      292.578146      263.428324      262.757469      254.995443      295.887074      264.364041      289.792062      262.640455
frame00410.jpg      292.586805      263.430773      262.732324      254.988333      295.915692      264.372134      289.815680      262.647134
frame00411.jpg      293.014142      263.551618      263.377850      255.170878      295.676552      264.304508      289.601145      262.586466
frame00412.jpg      293.082499      263.570948      263.411546      255.180407      295.647152      264.296195      289.561774      262.575333
frame00413.jpg      293.120382      263.581661      263.423698      255.183843      295.624877      264.289895      289.532494      262.567053
frame00414.jpg      296.035825      264.406108      260.914111      254.474166      296.164982      264.442630      289.010342      262.419395
frame00415.jpg      302.772667      266.311195      256.862474      253.328418      296.182303      264.447528      286.956876      261.838703
frame00416.jpg      302.774612      266.311745      256.804678      253.312074      296.150940      264.438659      286.922814      261.829070
frame00417.jpg      307.380414      267.614203      255.364576      252.904833      296.041870      264.407815      285.764766      261.501590
frame00418.jpg      307.667204      267.695304      255.356997      252.902690      296.016527      264.400649      285.687872      261.479846
frame00419.jpg      307.520610      267.653849      255.240552      252.869760      295.959138      264.384420      285.622585      261.461383
frame00420.jpg      307.455683      267.635488      255.187969      252.854891      295.939663      264.378912      285.600931      261.455260
frame00421.jpg      305.881851      267.190431      257.128737      253.403714      297.571568      264.840393      287.995993      262.132551
frame00422.jpg      299.709128      265.444868      288.209627      262.192967      298.062266      264.979157      296.131199      264.433077
frame00423.jpg      299.702736      265.443060      288.204360      262.191477      298.069015      264.981065      296.140290      264.435648
frame00424.jpg      299.694815      265.440820      288.205894      262.191911      298.073834      264.982428      296.147715      264.437748
frame00425.jpg      299.695783      265.441094      288.229351      262.198545      298.079327      264.983981      296.156315      264.440180
frame00426.jpg      299.693473      265.440441      288.233340      262.199673      298.084681      264.985495      296.163360      264.442172
frame00427.jpg      299.678409      265.436181      288.237115      262.200740      298.090244      264.987068      296.173191      264.444952
frame00428.jpg      299.638349      265.424853      288.222143      262.196506      298.113937      264.993768      296.204798      264.453890
frame00429.jpg      299.651961      265.428702      288.222630      262.196644      298.107058      264.991823      296.191805      264.450216
frame00430.jpg      299.647616      265.427473      288.171850      262.182284      298.096862      264.988940      296.173703      264.445097
frame00431.jpg      299.638273      265.424831      288.140914      262.173536      298.077233      264.983389      296.149087      264.438136
frame00432.jpg      299.645679      265.426925      288.140973      262.173553      298.068775      264.980997      296.138207      264.435059
frame00433.jpg      299.659991      265.430973      288.163428      262.179902      298.063693      264.979560      296.131638      264.433201
frame00434.jpg      299.677805      265.436010      288.102807      262.162760      298.054197      264.976875      296.109292      264.426882
frame00435.jpg      299.668424      265.433357      288.063550      262.151658      298.040373      264.972965      296.091342      264.421806
frame00436.jpg      299.639753      265.425250      287.994039      262.132002      298.019379      264.967029      296.062421      264.413628
frame00437.jpg      299.639881      265.425286      288.009178      262.136283      298.032647      264.970781      296.080079      264.418621
frame00438.jpg      299.646492      265.427155      288.028400      262.141718      298.038669      264.972484      296.087389      264.420688
frame00439.jpg      299.661202      265.431315      288.078480      262.155880      298.047488      264.974977      296.098420      264.423808
frame00440.jpg      299.658062      265.430427      288.087583      262.158455      298.056818      264.977616      296.110104      264.427112
frame00441.jpg      299.661380      265.431365      288.118417      262.167174      298.064692      264.979843      296.125150      264.431367
frame00442.jpg      299.652202      265.428770      288.128463      262.170015      298.081062      264.984472      296.147783      264.437767
frame00443.jpg      301.700413      266.007975      302.291062      266.175003      300.906713      265.783527      300.913452      265.785433
frame00444.jpg      301.700924      266.008120      302.294854      266.176076      300.907057      265.783624      300.913980      265.785582
frame00445.jpg      301.702271      266.008501      302.295381      266.176225      300.907491      265.783747      300.914695      265.785784
frame00446.jpg      301.702143      266.008464      302.296537      266.176552      300.907498      265.783749      300.914704      265.785787
frame00447.jpg      301.701830      266.008376      302.295865      266.176362      300.907502      265.783750      300.914703      265.785787
frame00448.jpg      301.701273      266.008218      302.290451      266.174831      300.906824      265.783558      300.913597      265.785474
frame00449.jpg      301.701303      266.008227      302.289550      266.174576      300.906624      265.783502      300.913308      265.785392
frame00450.jpg      301.704370      266.009094      302.271606      266.169502      300.906011      265.783329      300.911831      265.784974
frame00451.jpg      301.703878      266.008955      302.257408      266.165487      300.906435      265.783448      300.912287      265.785104
frame00452.jpg      301.704436      266.009113      302.254941      266.164789      300.906451      265.783453      300.912320      265.785113
frame00453.jpg      301.703927      266.008969      302.254584      266.164688      300.906503      265.783468      300.912385      265.785131
frame00454.jpg      301.704090      266.009015      302.253793      266.164464      300.906571      265.783487      300.912475      265.785157
frame00455.jpg      301.708977      266.010397      302.249972      266.163384      300.906411      265.783442      300.912189      265.785076
frame00456.jpg      301.710706      266.010886      302.256615      266.165262      300.907661      265.783795      300.914088      265.785613
frame00457.jpg      301.711519      266.011116      302.256077      266.165110      300.907969      265.783882      300.914478      265.785723
frame00458.jpg      301.711383      266.011077      302.258595      266.165822      300.908146      265.783932      300.914761      265.785803
frame00459.jpg      301.704613      266.009163      302.307826      266.179744      300.912491      265.785161      300.922732      265.788057
frame00460.jpg      301.704414      266.009107      302.309285      266.180157      300.912209      265.785081      300.922358      265.787951
frame00461.jpg      301.704552      266.009145      302.308837      266.180030      300.912210      265.785082      300.922357      265.787951
frame00462.jpg      301.704831      266.009224      302.307862      266.179754      300.912172      265.785071      300.922175      265.787900
frame00463.jpg      301.705033      266.009282      302.309443      266.180201      300.912061      265.785039      300.922032      265.787859
frame00464.jpg      301.705356      266.009373      302.312097      266.180952      300.911643      265.784921      300.921463      265.787698
frame00465.jpg      301.706322      266.009646      302.307565      266.179670      300.911381      265.784847      300.920957      265.787555
frame00466.jpg      301.706471      266.009688      302.307769      266.179728      300.911373      265.784845      300.920946      265.787552
frame00467.jpg      301.706528      266.009704      302.307918      266.179770      300.911374      265.784845      300.920949      265.787553
frame00468.jpg      301.706370      266.009660      302.313232      266.181273      300.911336      265.784835      300.920919      265.787545
frame00469.jpg      301.706507      266.009699      302.317522      266.182486      300.911600      265.784909      300.921253      265.787639
frame00470.jpg      301.706335      266.009650      302.317934      266.182602      300.911605      265.784911      300.921257      265.787640
frame00471.jpg      301.706315      266.009644      302.318766      266.182838      300.911677      265.784931      300.921359      265.787669
frame00472.jpg      301.706543      266.009709      302.316914      266.182314      300.911768      265.784957      300.921463      265.787698
frame00473.jpg      301.707514      266.009983      302.316297      266.182140      300.911806      265.784967      300.921500      265.787709
frame00474.jpg      301.707875      266.010085      302.315655      266.181958      300.911864      265.784984      300.921570      265.787728
frame00475.jpg      301.708078      266.010143      302.314599      266.181659      300.912010      265.785025      300.921790      265.787791
frame00476.jpg      301.707106      266.009868      302.320872      266.183433      300.912581      265.785187      300.923264      265.788208
frame00477.jpg      301.706892      266.009807      302.321162      266.183515      300.912828      265.785257      300.923774      265.788352
frame00478.jpg      301.707015      266.009842      302.319317      266.182994      300.912897      265.785276      300.923848      265.788373
frame00479.jpg      301.706850      266.009796      302.332962      266.186852      300.914053      265.785603      300.926441      265.789106
frame00480.jpg      301.707051      266.009852      302.327047      266.185180      300.914293      265.785671      300.926795      265.789206
frame00481.jpg      301.720343      266.013611      302.366122      266.196229      300.920626      265.787462      300.935843      265.791765
frame00482.jpg      301.720112      266.013546      302.361204      266.194839      300.920332      265.787378      300.935277      265.791605
frame00483.jpg      301.719155      266.013275      302.359461      266.194346      300.919742      265.787211      300.933958      265.791232
frame00484.jpg      301.719625      266.013408      302.359286      266.194296      300.919583      265.787166      300.933665      265.791149
frame00485.jpg      301.719950      266.013500      302.359461      266.194346      300.919238      265.787069      300.933183      265.791013
frame00486.jpg      301.719498      266.013372      302.351294      266.192036      300.918264      265.786794      300.930626      265.790289
frame00487.jpg      301.722418      266.014198      302.354949      266.193070      300.917685      265.786630      300.929848      265.790069
frame00488.jpg      301.737000      266.018321      302.297103      266.176712      300.914812      265.785817      300.922395      265.787962
frame00489.jpg      301.737162      266.018367      302.299162      266.177294      300.914476      265.785722      300.921181      265.787618
frame00490.jpg      301.737369      266.018426      302.295788      266.176340      300.914167      265.785635      300.920689      265.787479
frame00491.jpg      301.737988      266.018601      302.296101      266.176428      300.913920      265.785565      300.920200      265.787341
frame00492.jpg      301.738259      266.018678      302.292427      266.175389      300.913628      265.785483      300.919760      265.787217
frame00493.jpg      301.736662      266.018226      302.293241      266.175620      300.913476      265.785440      300.919499      265.787143
frame00494.jpg      301.734185      266.017525      302.292094      266.175295      300.912804      265.785250      300.918497      265.786860
frame00495.jpg      301.734393      266.017584      302.291265      266.175061      300.912576      265.785185      300.918135      265.786757
frame00496.jpg      301.733451      266.017318      302.285516      266.173435      300.911838      265.784976      300.916930      265.786416
frame00497.jpg      301.734234      266.017539      302.280953      266.172145      300.911199      265.784796      300.916030      265.786162
frame00498.jpg      301.726570      266.015372      302.282422      266.172560      300.908779      265.784111      300.912842      265.785260
frame00499.jpg      301.724983      266.014923      302.293006      266.175553      300.908579      265.784055      300.912163      265.785068
frame00500.jpg      301.725070      266.014948      302.293702      266.175750      300.908503      265.784033      300.912058      265.785039
