frame ulx uly urx ury lrx lry llx lly
frame00001.jpg      286.000000      180.000000      544.000000      180.000000      544.000000      390.000000      286.000000      390.000000
frame00002.jpg      286.998208      179.334765      545.004932      179.426410      544.748719      389.249888      286.933642      389.084709
frame00003.jpg      287.981931      178.444852      545.540187      179.025694      545.018717      388.795604      287.358298      387.938522
frame00004.jpg      288.721345      177.823116      545.948630      178.472368      545.494359      388.194624      287.902199      387.358790
frame00005.jpg      288.630600      177.089992      546.044254      178.017977      545.048930      387.694216      287.253823      386.555770
frame00006.jpg      284.635937      176.342663      542.074325      177.467479      540.463137      387.055598      282.996737      385.782435
frame00007.jpg      282.682829      175.442466      539.738903      177.602787      538.413190      386.753746      281.253814      384.881083
frame00008.jpg      282.376871      175.079061      539.297786      177.378933      538.044234      386.399726      281.240569      384.452282
frame00009.jpg      282.570119      175.105026      539.148545      177.152210      537.987543      385.955121      281.386997      384.091110
frame00010.jpg      282.924458      174.969098      539.018349      177.366931      537.657868      386.030079      281.502255      383.672541
frame00011.jpg      283.031708      175.045373      538.847865      177.929202      537.269594      386.233046      281.382639      383.461181
frame00012.jpg      283.107011      175.816234      538.482415      178.728165      536.876875      386.790619      281.444892      383.970233
frame00013.jpg      283.209733      176.579243      538.206406      179.389668      536.610588      387.037840      281.620928      384.296189
frame00014.jpg      283.303238      177.071427      537.884482      179.949293      536.302663      387.438759      281.645332      384.652248
frame00015.jpg      283.139324      178.016241      537.457168      181.166942      535.519403      388.590321      281.300837      385.349121
frame00016.jpg      282.991043      179.106374      536.905255      182.947486      534.605310      390.125491      280.821499      385.930358
frame00017.jpg      282.993513      179.203372      536.519904      184.462621      533.603260      391.126234      280.261646      385.584328
frame00018.jpg      283.184671      178.586572      536.198167      185.170288      532.591149      390.922610      279.894216      384.067724
frame00019.jpg      283.384676      176.320226      535.835564      183.657751      531.765765      388.787498      279.873797      381.194408
frame00020.jpg      284.050296      174.401521      535.783339      182.048416      531.957769      386.579707      280.801714      378.580178
frame00021.jpg      287.860974      172.106638      538.935204      179.900283      535.264902      383.947256      285.007499      375.456097
frame00022.jpg      292.781625      170.200624      543.030899      177.867500      539.336064      381.262948      290.005725      372.548566
frame00023.jpg      297.428173      168.468932      546.652610      175.675180      542.954406      378.401409      294.713833      369.889258
frame00024.jpg      301.815898      166.704315      550.103656      173.644778      546.360797      375.656030      299.278746      367.195005
frame00025.jpg      306.300273      165.473503      553.561109      172.225644      549.826985      373.660997      303.827465      365.285130
frame00026.jpg      309.045774      167.444495      555.171612      172.993668      551.422408      374.287142      306.523482      367.190460
frame00027.jpg      308.458601      172.175427      553.557341      176.382851      549.733794      376.631696      305.980198      370.894742
frame00028.jpg      306.322940      174.979730      550.166910      178.510304      546.913095      377.451489      304.336991      372.669326
frame00029.jpg      305.483844      177.791572      547.906932      181.630643      544.801887      379.890121      303.401436      375.163124
frame00030.jpg      305.721290      181.697010      546.817819      186.121275      543.899196      382.391330      303.897847      377.612610
frame00031.jpg      306.390829      182.717752      545.992303      187.272245      542.929181      381.796632      304.300468      377.389561
frame00032.jpg      306.293866      184.014592      544.298453      188.852545      541.012751      382.648303      303.782920      378.279270
frame00033.jpg      305.495432      187.803636      541.568667      193.903200      537.833030      386.341492      302.291615      381.298691
frame00034.jpg      304.588033      192.098937      538.735000      198.902804      535.056880      389.025413      301.448311      384.320015
frame00035.jpg      304.408354      195.311825      536.692645      201.368979      533.916072      389.211901      302.045898      386.017859
frame00036.jpg      305.651223      197.004456      536.098384      201.355674      534.414025      387.318877      304.321683      386.315332
frame00037.jpg      307.632414      197.430706      536.318464      199.405668      535.897081      383.688862      307.614858      385.485341
frame00038.jpg      310.122153      197.416385      536.902248      197.534272      537.387152      380.235317      311.058035      384.298733
frame00039.jpg      313.417019      197.529778      538.184452      196.699589      539.245849      377.757105      314.892438      383.047855
frame00040.jpg      316.775540      197.160230      539.490371      195.736070      540.585713      375.055378      318.454491      381.189075
frame00041.jpg      319.157737      195.721206      539.779346      194.007726      541.135048      371.603782      321.016591      378.293665
frame00042.jpg      323.773202      194.351571      542.405375      192.570655      544.263419      368.490330      326.033747      375.525158
frame00043.jpg      329.193852      193.308186      545.704768      191.437144      547.494505      365.837207      331.327870      372.981978
frame00044.jpg      335.177693      192.013825      549.818869      190.138505      551.771907      363.118142      337.548258      370.305175
frame00045.jpg      341.735979      191.056349      554.527915      189.740693      556.059156      361.368820      343.705917      367.890798
frame00046.jpg      346.646710      189.946645      557.531643      189.808470      558.171281      360.091659      347.736741      365.469424
frame00047.jpg      349.274283      189.019221      558.293247      189.654715      558.310529      358.394437      349.697962      362.994476
frame00048.jpg      350.345780      187.834137      557.441734      189.188839      556.972085      356.470781      350.302390      360.365442
frame00049.jpg      352.168415      186.992453      557.401086      189.524369      556.576712      355.400887      351.825459      358.218875
frame00050.jpg      354.015174      189.330828      557.156420      192.179527      555.935548      357.324245      352.894207      359.529196
frame00051.jpg      353.692499      192.909343      554.816434      196.029245      553.344243      359.265475      352.174797      361.301608
frame00052.jpg      352.356257      195.805197      551.501545      199.369420      549.736145      361.075420      350.599722      362.486714
frame00053.jpg      351.052373      198.393426      548.220310      202.979887      546.214782      363.037942      348.872202      363.469873
frame00054.jpg      350.261356      201.068949      545.501357      206.629179      543.112834      365.116326      347.584818      364.513542
frame00055.jpg      349.139469      202.058454      542.593692      208.809643      539.690220      365.454230      345.871857      363.633160
frame00056.jpg      347.434471      201.526901      539.163305      209.379314      535.860295      364.483694      343.634815      361.635580
frame00057.jpg      345.018374      201.181213      535.138347      209.493264      531.474838      363.257531      341.011772      359.944383
frame00058.jpg      342.468576      201.609126      530.901669      209.725912      527.358118      362.161567      338.537562      358.938597
frame00059.jpg      339.864118      202.276635      526.624766      210.053871      523.292545      361.168278      336.126911      358.271450
frame00060.jpg      338.272507      203.065135      523.314914      210.537372      520.337144      360.292906      334.757125      357.562419
frame00061.jpg      336.951684      203.465836      520.473865      210.950645      517.414609      359.537424      333.394733      356.606687
frame00062.jpg      335.197883      203.732386      517.250038      211.692276      513.858058      359.049764      331.328088      355.506683
frame00063.jpg      333.388908      203.957637      513.880465      212.087246      510.504640      358.098889      329.569578      354.299600
frame00064.jpg      332.372258      204.181178      511.262278      212.281668      508.028840      357.009088      328.636748      353.131194
frame00065.jpg      331.321467      204.155533      508.627187      211.665728      505.655685      355.080071      327.874346      351.691497
frame00066.jpg      331.200541      204.224936      506.914368      210.709270      504.520308      352.836601      328.468689      350.361318
frame00067.jpg      331.545916      204.007318      505.704580      209.431750      503.789554      350.242983      329.289670      348.678446
frame00068.jpg      332.268786      203.548822      504.852804      208.856058      502.928593      348.557921      329.821311      346.803769
frame00069.jpg      332.014142      202.500646      503.081368      208.485269      500.762767      346.939034      329.092540      344.392539
frame00070.jpg      330.787387      199.705120      500.527443      205.729162      498.302475      343.937198      327.608852      340.346091
frame00071.jpg      329.308330      194.217705      497.707829      200.042796      495.502594      337.061476      326.364726      333.761140
frame00072.jpg      330.432510      188.010584      497.756249      192.611887      496.312571      329.135943      328.002342      326.575181
frame00073.jpg      334.822229      185.204288      501.254228      188.904070      500.628246      323.469613      333.649954      322.695924
frame00074.jpg      339.535587      184.484428      504.771098      187.391788      504.145131      321.126101      338.721814      321.125552
frame00075.jpg      343.937370      184.465977      508.087072      186.708539      507.643312      319.650645      343.416362      320.145378
frame00076.jpg      347.143067      184.583058      510.158457      186.858898      509.494034      319.025576      346.334547      319.338650
frame00077.jpg      348.827855      183.868778      510.787205      187.301417      509.433055      318.649531      347.329804      317.691798
frame00078.jpg      349.497352      183.509284      510.510535      188.291005      508.528815      319.054072      347.311114      316.778068
frame00079.jpg      350.043620      183.736871      510.281652      189.283220      507.990805      319.185645      347.536198      316.206847
frame00080.jpg      350.339455      183.148856      509.907216      189.486636      507.219778      318.823390      347.354557      315.081016
frame00081.jpg      349.878402      183.136967      508.956241      189.626259      506.230975      318.569557      346.863304      314.762194
frame00082.jpg      349.753744      182.643771      508.335237      189.403485      505.361042      317.927864      346.585906      313.769494
frame00083.jpg      348.651883      181.741723      506.857758      188.767034      503.785747      316.890543      345.064929      312.659929
frame00084.jpg      345.943537      180.379673      503.703727      187.783537      500.567624      315.559645      342.300581      311.109401
frame00085.jpg      344.977738      179.399091      502.469382      186.950020      499.358059      314.608571      341.596340      310.125732
frame00086.jpg      343.882518      178.542192      501.214034      186.213666      497.930724      313.602839      340.194925      309.139146
frame00087.jpg      341.956500      178.271974      499.109058      185.733366      496.016832      313.319951      338.480420      309.255194
frame00088.jpg      339.580278      180.169519      496.657677      187.803963      493.455105      315.414919      335.730228      311.401963
frame00089.jpg      336.903809      182.778015      493.807662      190.215059      490.876595      317.922676      333.465925      314.299001
frame00090.jpg      335.544738      185.073526      492.379888      192.041022      489.763390      319.370642      332.413229      316.567399
frame00091.jpg      334.350053      186.480607      491.159199      192.585441      489.150099      319.975980      331.676724      318.266661
frame00092.jpg      334.471093      189.461527      491.422171      194.003760      489.993480      322.344006      332.388555      322.318497
frame00093.jpg      333.989294      196.453003      490.873390      199.572671      490.480002      327.959552      332.607225      329.735429
frame00094.jpg      335.643911      199.388920      492.780444      201.252186      493.558426      328.939491      335.565264      332.547487
frame00095.jpg      341.686304      201.249452      498.946876      200.849271      501.179117      328.608642      342.876543      334.671502
frame00096.jpg      348.875562      202.215201      506.142778      199.387549      509.480012      327.472810      351.112278      336.107815
frame00097.jpg      354.768168      205.755571      511.720112      200.647722      515.911731      329.765865      357.914598      340.582525
frame00098.jpg      358.007117      210.277434      514.845663      204.407124      519.062283      333.162549      361.528611      344.976084
frame00099.jpg      359.937262      211.368921      516.726631      205.843050      520.587643      334.086997      363.394504      345.735761
frame00100.jpg      361.770848      209.569480      518.368506      203.630895      522.325510      331.905932      365.301437      343.946815
frame00101.jpg      362.688791      206.980524      519.029446      200.490827      523.159698      328.626690      366.515185      341.725480
frame00102.jpg      362.791870      206.539107      518.672914      199.274024      523.179282      327.280914      366.920823      341.417622
frame00103.jpg      363.029723      200.368638      518.390328      193.424867      523.183156      323.632091      366.662694      335.835777
frame00104.jpg      361.026351      191.146031      516.170436      183.911360      521.698545      315.549080      364.471594      326.690336
frame00105.jpg      359.552442      185.188429      514.305801      179.298080      518.106381      306.886982      363.217070      320.104525
frame00106.jpg      361.978478      179.174268      516.401496      176.379066      519.166395      304.067135      364.334981      314.255299
frame00107.jpg      365.260943      172.628004      519.283659      171.841918      520.911154      299.738403      366.647618      307.841665
frame00108.jpg      367.231621      167.079802      521.002906      166.789556      522.442373      294.779368      368.495349      302.333008
frame00109.jpg      369.493960      163.027162      522.927975      163.067155      524.195097      290.303991      370.856871      298.356233
frame00110.jpg      370.846462      160.927523      523.843879      160.337744      525.182727      287.547649      372.287726      296.211263
frame00111.jpg      369.424824      159.683154      522.190582      158.414408      523.618057      285.782737      370.954191      295.609137
frame00112.jpg      367.945179      167.923494      520.687399      165.268747      521.276533      295.622685      368.225684      305.107880
frame00113.jpg      363.697702      175.154761      516.296797      173.644185      516.160704      304.039465      363.114941      311.985169
frame00114.jpg      360.496027      183.733700      511.712701      183.182484      512.869621      310.929689      361.561046      320.106818
frame00115.jpg      361.993453      188.297544      512.738737      186.428703      515.546533      312.209805      364.400679      323.860864
frame00116.jpg      368.425994      189.599740      518.827291      186.115987      522.585238      311.774695      371.994742      324.866147
frame00117.jpg      374.565455      190.923186      524.561687      186.682078      528.345226      312.510301      378.236258      326.091243
frame00118.jpg      378.678393      193.003032      528.122021      188.585881      531.595254      314.889789      381.873507      328.469303
frame00119.jpg      380.880049      198.117741      530.009055      194.012118      532.884176      321.030020      383.473904      333.825129
frame00120.jpg      380.831375      203.741613      529.690725      199.587038      532.132034      326.871190      382.838728      339.673421
frame00121.jpg      379.864807      210.770246      528.318536      207.148264      530.628446      334.409992      381.696808      346.708196
frame00122.jpg      379.259043      216.237327      527.366080      212.961696      529.975352      338.791791      381.493504      351.427432
frame00123.jpg      379.744893      218.659229      527.703508      215.085599      530.791809      339.949389      382.586364      353.397010
frame00124.jpg      382.011895      219.177133      529.810940      213.880631      533.923989      338.686653      385.978222      354.028897
frame00125.jpg      385.790470      219.311820      533.633488      212.177013      538.566729      337.013409      390.725423      354.013295
frame00126.jpg      388.508422      218.520489      536.210803      210.073805      541.522429      334.997095      393.902798      353.012955
frame00127.jpg      390.458292      216.631977      538.165299      208.407163      543.320738      333.434482      395.685282      351.391875
frame00128.jpg      390.858469      215.424920      538.648864      207.098599      543.576665      332.220854      395.482319      350.268357
frame00129.jpg      386.207577      213.959250      534.047176      204.760380      539.278843      329.802652      391.272200      349.099095
frame00130.jpg      383.831679      213.290377      531.474968      203.053152      537.361644      328.030241      389.766531      348.382297
frame00131.jpg      382.931040      212.638726      530.596712      201.148064      536.997670      326.206350      389.521213      347.746963
frame00132.jpg      382.094117      211.855854      529.835485      199.646204      536.581653      324.682316      389.187843      346.945616
frame00133.jpg      382.216795      210.556989      529.961631      198.714902      536.585202      323.894368      389.127954      345.599740
frame00134.jpg      382.411204      207.312438      530.239444      196.154506      536.508647      321.487297      388.915513      342.392929
frame00135.jpg      382.566396      202.961105      530.530959      192.381131      536.522923      318.272386      388.706617      338.177848
frame00136.jpg      381.718628      198.907353      529.978042      188.340991      535.894477      314.193799      387.684484      334.400502
frame00137.jpg      377.461720      195.820477      525.924240      185.370884      531.877860      311.274441      382.795213      331.542410
frame00138.jpg      372.013323      192.766127      520.654156      182.612623      526.506684      308.613164      377.378784      328.794585
frame00139.jpg      367.794224      189.566276      516.589211      179.819118      522.237319      305.729018      373.438320      325.752797
frame00140.jpg      365.907022      185.914524      514.906503      177.160664      520.128077      303.287487      371.446485      322.303996
frame00141.jpg      365.974779      181.461811      515.146140      173.337342      520.175844      300.053996      371.356326      318.136738
frame00142.jpg      366.938727      177.089648      516.239773      168.985044      521.511875      295.757995      372.440544      313.971751
frame00143.jpg      373.450970      172.034608      521.940228      162.115451      530.692162      295.575080      376.245560      309.057565
frame00144.jpg      385.125580      164.957361      533.764771      153.649068      543.512174      291.334202      386.659507      301.985666
frame00145.jpg      396.503802      157.571698      546.343951      145.658707      556.453497      287.462037      397.339647      294.671776
frame00146.jpg      405.297518      152.324298      556.399192      140.356770      568.156975      284.238750      406.817319      289.241320
frame00147.jpg      410.389156      149.528165      559.767163      139.427953      568.550858      274.424430      414.426828      287.411995
frame00148.jpg      412.480494      146.972868      563.254432      138.032824      569.124980      266.322587      418.878420      285.020545
frame00149.jpg      417.751542      143.596725      568.523704      134.271580      574.581611      263.159383      423.866157      281.796193
frame00150.jpg      422.773066      136.716699      574.301397      127.251346      579.739247      256.761924      429.132726      274.999234
frame00151.jpg      425.213083      132.636000      576.665932      124.947597      581.079802      254.288007      430.538545      271.559805
frame00152.jpg      423.850444      131.011950      575.545596      125.126550      578.947133      254.819788      427.806114      270.555736
frame00153.jpg      420.441052      130.971062      572.252868      126.605938      574.887151      256.698798      423.438691      271.077690
frame00154.jpg      417.491042      133.280878      569.202811      130.337652      571.117933      260.588541      420.119994      273.674211
frame00155.jpg      415.905212      134.578019      567.639272      132.111966      569.653305      262.014723      418.690514      274.860765
frame00156.jpg      415.525136      135.051322      567.346071      132.375037      569.575073      262.119841      418.460015      275.324993
frame00157.jpg      415.225310      135.068126      567.154110      131.939721      569.570516      262.130761      418.425380      275.650722
frame00158.jpg      415.436015      137.075804      567.486905      134.073567      569.657374      264.869110      418.346716      278.095684
frame00159.jpg      415.433304      139.939870      567.597237      137.365278      569.627267      268.220392      418.095250      281.101035
frame00160.jpg      415.271303      142.137614      567.687464      140.253303      569.245402      271.238038      417.600571      283.402163
frame00161.jpg      414.772255      144.260119      567.322025      143.579214      568.241496      274.663502      416.185653      285.634823
frame00162.jpg      412.401279      146.501620      565.462646      147.117822      565.332322      278.736534      412.366087      288.088724
frame00163.jpg      407.737521      149.131347      560.916997      151.558199      559.739733      283.216356      406.657673      291.038528
frame00164.jpg      402.997430      152.176511      556.206820      155.331642      554.948890      286.275084      401.993256      294.146737
frame00165.jpg      398.865686      155.364432      552.072058      157.165400      551.875583      288.117939      399.075455      297.477486
frame00166.jpg      399.117444      158.358017      552.368267      159.421902      553.488786      290.829196      400.224033      300.852242
frame00167.jpg      404.036621      161.231513      558.007140      161.861497      559.435231      293.228317      405.601633      303.788296
frame00168.jpg      407.888935      163.562390      562.524858      162.948039      564.433554      294.700177      409.993465      306.150985
frame00169.jpg      410.600428      164.888407      565.933070      163.077393      568.148084      294.969523      413.266218      307.338824
frame00170.jpg      412.162292      162.007895      568.364623      158.953243      570.913515      291.865233      414.998346      304.492427
frame00171.jpg      413.016899      156.840681      570.284653      153.653324      572.794880      287.106430      415.959961      299.708190
frame00172.jpg      412.500914      153.773404      570.938717      150.929735      573.217960      284.756396      415.239354      297.640670
frame00173.jpg      409.883760      152.922346      569.552466      148.582542      572.456441      283.123832      413.150362      297.399626
frame00174.jpg      407.612398      150.954169      568.575782      144.706002      572.523854      280.261275      411.915865      295.925852
frame00175.jpg      407.258720      147.990734      569.825173      141.697643      573.939640      278.112004      411.927197      294.006317
frame00176.jpg      406.538525      147.050691      570.871605      141.695048      574.211670      279.122312      410.502932      294.057876
frame00177.jpg      403.532463      145.464304      569.514265      140.466695      572.635725      278.792423      406.988351      293.349087
frame00178.jpg      399.082330      146.144130      566.728125      141.221451      569.556814      280.878636      402.074477      295.300884
frame00179.jpg      394.164681      148.500698      563.361725      142.590818      566.588587      283.233541      397.934597      298.391982
frame00180.jpg      391.189757      151.776932      561.854744      144.354570      565.900691      285.933098      395.826633      302.295039
frame00181.jpg      388.612165      155.687000      560.821387      146.676869      565.374046      289.417622      393.663786      306.953894
frame00182.jpg      384.803914      159.242098      558.729607      150.683264      562.614200      294.587924      388.518769      311.001249
frame00183.jpg      377.670861      162.117609      553.491173      155.774825      555.833620      300.665975      379.060165      314.205782
frame00184.jpg      367.464483      164.683231      546.418144      156.161776      546.699247      305.252208      368.075202      316.745250
frame00185.jpg      356.852433      166.491925      536.431547      160.586778      536.388117      308.826243      357.703405      319.104999
frame00186.jpg      349.443706      167.817601      528.184878      167.094505      528.260846      312.963674      349.232913      321.312383
frame00187.jpg      342.875639      169.499338      522.476996      169.828427      522.471108      315.861879      342.433275      323.314179
frame00188.jpg      336.902862      169.055412      517.373998      169.403396      517.671237      315.674231      336.662756      322.575371
frame00189.jpg      330.828025      166.740739      512.326954      165.135140      513.260904      311.836973      331.810894      320.830403
frame00190.jpg      325.333011      164.849323      507.851223      161.627653      509.776339      309.284898      327.012278      319.032956
frame00191.jpg      320.030006      160.615675      503.378866      156.621301      505.269196      304.325521      322.146128      315.115754
frame00192.jpg      314.774542      158.784773      498.869992      153.616917      501.327075      301.886847      317.273299      313.601746
frame00193.jpg      309.014239      156.668683      493.889758      150.476395      496.756589      299.073527      312.247649      311.848137
frame00194.jpg      304.128435      154.789216      489.562750      147.867054      492.765182      296.916428      307.583937      310.168614
frame00195.jpg      299.341347      152.342153      485.488004      143.899263      489.337627      293.604809      303.461367      307.953221
frame00196.jpg      294.574723      151.343584      481.720525      141.253365      486.210881      291.594310      299.865689      307.733011
frame00197.jpg      290.041458      151.409640      478.103270      140.742187      482.688275      291.606317      294.877750      308.431802
frame00198.jpg      283.641318      153.200646      472.606965      141.396835      477.606491      293.590352      289.001583      311.456609
frame00199.jpg      279.136560      156.108399      469.019301      143.952656      474.438865      296.910311      285.195648      314.680720
frame00200.jpg      276.687957      156.957802      467.757007      144.637870      473.461647      298.059859      283.382634      316.003926
frame00201.jpg      275.091812      159.495802      467.261949      145.342235      473.859307      299.947631      282.706165      319.561666
frame00202.jpg      274.064213      161.366372      467.406977      146.331165      474.423565      301.957215      282.064000      322.400916
frame00203.jpg      273.485603      164.203037      468.056629      148.712217      475.383071      305.143027      281.819452      326.013460
frame00204.jpg      272.864625      164.634735      468.742138      148.307655      476.560810      305.469311      281.669769      327.178091
frame00205.jpg      272.950074      164.792015      470.201667      148.771318      477.869161      307.521326      281.522572      328.693816
frame00206.jpg      272.985719      164.914015      471.749024      150.249164      478.913166      310.089526      280.982355      330.066281
frame00207.jpg      272.633831      165.539736      472.962415      150.049612      480.417529      310.967603      281.039204      331.770048
frame00208.jpg      272.612483      165.823204      474.535893      150.390059      482.055173      312.822345      280.981139      333.496457
frame00209.jpg      272.277561      166.609654      476.020009      150.678208      483.639483      314.247384      280.943377      335.517690
frame00210.jpg      271.639032      167.434468      477.171168      150.170068      485.313909      315.321278      280.878831      337.886322
frame00211.jpg      269.654177      169.102000      477.231559      150.635364      485.330396      317.247627      279.227976      341.020909
frame00212.jpg      263.144692      171.718271      473.389178      151.344852      481.394787      320.676459      272.829983      346.555323
frame00213.jpg      258.007718      182.340596      468.987578      162.289055      477.340054      334.289527      267.748252      359.147832
frame00214.jpg      254.916766      188.643101      467.288517      168.561163      476.467555      340.330380      265.268919      365.860096
frame00215.jpg      253.905057      192.724667      467.685248      172.530424      477.229288      344.363352      264.605352      370.150454
frame00216.jpg      253.828180      193.644603      469.094238      173.459570      478.659928      346.173119      264.693016      371.937980
frame00217.jpg      253.912917      193.094491      470.684474      173.763690      479.722227      347.539681      264.329845      372.389058
frame00218.jpg      253.717732      192.788407      471.952341      173.961710      480.598758      348.940084      263.613590      373.362193
frame00219.jpg      250.500449      194.605411      470.380991      175.606723      478.594130      352.294777      260.231223      376.833861
frame00220.jpg      246.313328      198.509463      467.261316      179.566637      475.425836      358.945787      254.949185      383.387984
frame00221.jpg      241.726127      203.981327      464.016876      185.725768      472.098659      364.798359      250.151789      389.409499
frame00222.jpg      237.703421      209.843402      461.088795      190.487386      469.888159      371.070290      246.865877      396.585085
frame00223.jpg      235.301908      213.832330      459.733555      194.633216      468.908030      374.957005      244.753016      400.566591
frame00224.jpg      233.869215      217.311546      459.207456      197.060302      469.022455      378.214065      243.831513      405.000056
frame00225.jpg      233.046275      221.765852      458.962890      200.155333      469.484473      381.543843      243.459369      409.851804
frame00226.jpg      231.988800      224.291187      458.793219      201.804505      469.592368      383.526597      242.964986      412.699624
frame00227.jpg      230.964121      224.543419      458.354706      201.976467      469.207755      383.774832      241.989784      412.920317
frame00228.jpg      230.254589      222.803110      458.178610      200.979288      468.849745      383.289318      240.953083      411.485272
frame00229.jpg      229.797455      219.556112      458.407371      199.057577      468.510589      381.801403      239.747456      408.407854
frame00230.jpg      227.908360      215.182880      457.237740      194.635055      466.908281      377.902661      236.937462      405.095930
frame00231.jpg      222.048129      213.041725      451.766316      192.179091      461.277371      375.939025      230.335145      404.115644
frame00232.jpg      216.797259      211.419670      447.485514      190.593728      457.430346      374.804306      226.318782      402.723882
frame00233.jpg      214.059743      210.152051      445.267019      189.015985      455.670138      373.432896      223.958103      401.690915
frame00234.jpg      211.156483      207.224766      442.974456      185.463102      453.509537      370.235119      221.370627      399.261844
frame00235.jpg      207.786320      206.857837      440.033853      184.323310      450.639860      369.508111      217.819369      399.661406
frame00236.jpg      202.671732      207.466101      435.190036      183.503441      446.553353      368.836947      213.385498      400.497955
frame00237.jpg      198.682627      206.627797      431.751024      182.784676      443.204853      368.286157      209.443832      399.614849
frame00238.jpg      195.681608      203.342522      429.367672      180.521220      440.373356      366.346820      206.161529      396.375441
frame00239.jpg      193.266895      199.699726      427.431439      178.102955      438.091048      364.256023      203.018734      392.801255
frame00240.jpg      190.790069      194.770762      425.834433      174.084973      435.927763      360.949043      200.642527      388.429255
frame00241.jpg      191.911912      192.013588      427.057151      172.805994      437.980338      360.412761      202.259321      386.593640
frame00242.jpg      196.084937      191.140725      431.593517      173.185536      441.504020      361.862133      205.502506      386.106254
frame00243.jpg      201.080852      192.322314      435.934307      175.086009      446.205381      364.162191      208.913972      388.274286
frame00244.jpg      209.372655      195.696876      442.622413      177.570630      454.767278      366.425366      217.023255      392.445969
frame00245.jpg      220.663592      195.348088      454.840516      177.414268      465.807288      366.564361      228.294975      390.804108
frame00246.jpg      227.347509      191.579658      463.155005      173.717138      473.107385      363.785176      236.354035      385.769755
frame00247.jpg      229.802176      190.203626      466.778408      173.638914      474.554117      365.168817      238.111754      384.676000
frame00248.jpg      230.300350      188.564133      468.276007      175.210722      475.165169      367.353398      237.895504      383.996029
frame00249.jpg      235.790439      187.794930      472.017400      177.243822      479.345912      369.458785      239.975228      384.445363
frame00250.jpg      243.870718      187.414912      469.140453      183.434958      483.353098      369.860532      240.924733      393.032171
frame00251.jpg      252.037881      186.047797      469.422642      186.294866      488.881092      368.391437      243.672377      400.500554
frame00252.jpg      256.901886      182.839483      474.391169      182.738277      494.740910      365.733624      247.976081      401.106074
frame00253.jpg      260.029657      179.096407      479.682400      179.178068      498.674254      364.289140      250.904673      396.730844
frame00254.jpg      261.922401      175.912591      480.811038      177.764974      500.325223      363.031045      250.652954      395.410426
frame00255.jpg      264.103061      173.492206      482.878265      176.709721      501.546740      362.584042      252.492478      392.633141
frame00256.jpg      267.302129      171.492583      484.821686      176.077829      503.633149      362.339309      254.577247      391.363916
frame00257.jpg      271.491580      170.503323      488.611738      174.907962      507.407897      361.601841      259.119841      389.917302
frame00258.jpg      275.064736      170.436882      492.541205      174.881494      510.614817      361.478111      262.897027      388.484077
frame00259.jpg      276.905484      170.280051      493.302871      175.154984      511.025844      361.285216      263.619085      389.096296
frame00260.jpg      275.656632      169.965371      495.693397      173.767315      511.527421      361.644850      264.623804      385.774138
frame00261.jpg      274.805579      169.964905      495.364738      172.469832      511.895390      362.645237      265.347402      384.099382
frame00262.jpg      275.330559      171.112136      495.686636      172.841647      512.347430      362.517625      265.676043      384.342966
frame00263.jpg      276.737414      171.546878      496.814480      173.734665      513.045004      361.662747      266.974077      384.857621
frame00264.jpg      278.044150      171.070143      498.106497      173.799722      514.302567      361.762806      268.223104      384.188832
frame00265.jpg      279.320405      170.958230      499.386896      173.644473      515.479374      361.550095      269.110786      383.860826
frame00266.jpg      280.969507      172.312199      506.769983      171.118892      518.343651      363.433225      273.353664      376.394665
frame00267.jpg      280.001918      173.058725      517.943488      168.852370      519.040344      364.412755      280.869851      366.036789
frame00268.jpg      280.304452      172.519672      518.519142      168.958965      519.084498      364.616489      280.876363      365.427740
frame00269.jpg      280.679730      171.564185      519.075552      169.048648      519.099602      364.802498      280.596796      364.372133
frame00270.jpg      280.763669      170.829963      519.624458      169.172178      519.145871      365.077142      280.391211      363.408559
frame00271.jpg      280.755180      170.545391      520.037599      169.013683      519.568564      364.984395      280.589949      363.572716
frame00272.jpg      280.892753      170.504954      520.168944      168.547635      520.113354      364.536324      280.852444      363.729908
frame00273.jpg      280.869360      170.433937      520.451580      167.755541      520.506779      363.842623      281.226005      363.602244
frame00274.jpg      280.893661      169.503690      520.391512      166.890844      520.482975      363.224061      281.164679      362.791997
frame00275.jpg      280.817307      168.018656      520.572661      166.011296      520.271540      362.390711      280.830327      361.423193
frame00276.jpg      280.539456      166.233781      520.360143      165.578633      519.426956      361.890642      280.145507      359.754507
frame00277.jpg      279.774209      164.975724      519.877967      165.204824      518.365032      361.670573      278.690772      359.075308
frame00278.jpg      277.603406      165.144997      517.490487      165.231513      516.088950      361.586792      276.215399      359.245723
frame00279.jpg      274.811984      166.133008      514.591591      165.301776      513.522872      361.542348      273.758895      360.407698
frame00280.jpg      272.758544      167.389799      512.065031      166.080243      511.386168      361.668178      272.155130      361.071965
frame00281.jpg      271.038559      167.330968      509.899361      165.858529      509.158591      361.056593      269.955425      360.704684
frame00282.jpg      267.237557      166.755393      505.830190      165.192945      504.312957      360.085397      264.489597      359.711578
frame00283.jpg      262.026094      164.969431      500.451787      164.393721      498.181637      358.938704      259.368710      357.564409
frame00284.jpg      256.434668      161.675185      494.393947      163.934939      491.300100      357.916098      253.134267      354.372894
frame00285.jpg      250.647238      160.549180      488.225552      163.167482      485.557769      356.866201      247.725657      353.357184
frame00286.jpg      246.311014      160.015791      483.685500      162.355038      481.582559      355.935846      244.302202      352.852636
frame00287.jpg      243.028802      160.168099      480.187942      161.750227      478.568488      355.248841      241.280826      353.099120
frame00288.jpg      239.578230      160.241648      476.591343      161.613472      475.158335      354.969012      237.629665      353.075003
frame00289.jpg      235.790299      159.854476      472.792348      161.602493      471.198995      354.724446      233.818250      352.571479
frame00290.jpg      232.524755      160.171471      469.361375      161.624168      468.265823      354.775788      230.940162      353.180207
frame00291.jpg      230.209096      161.238442      466.814318      162.757685      465.621108      355.794560      228.579499      354.236771
frame00292.jpg      228.147686      162.758681      464.462358      164.821418      463.310612      357.947241      226.399424      355.636866
frame00293.jpg      227.235605      164.553343      463.202467      166.907591      462.219629      359.654046      225.319796      357.149584
frame00294.jpg      227.650165      167.317742      463.026960      169.070023      462.586597      361.784773      225.711629      359.560816
frame00295.jpg      230.555676      169.369483      465.622105      171.373736      465.574757      363.777690      228.820234      361.078941
frame00296.jpg      235.883630      170.210403      470.430009      173.504537      469.815286      365.908679      233.284617      361.724088
frame00297.jpg      240.813284      173.387872      474.731694      178.139319      473.440871      370.557601      236.444741      365.239593
frame00298.jpg      244.987115      175.737681      478.867799      182.099749      476.704922      374.350213      240.347068      367.154925
frame00299.jpg      249.994981      178.820963      483.499168      186.083349      481.437400      378.387482      244.447620      370.562880
frame00300.jpg      256.341443      180.932883      489.405045      187.983427      487.879482      380.102222      250.491741      372.406530
frame00301.jpg      265.227379      182.040007      497.156125      189.668662      496.537613      381.984437      257.760870      373.881539
frame00302.jpg      273.744739      182.050489      504.374662      191.823890      504.810491      383.982284      264.947405      375.948285
frame00303.jpg      280.671007      182.279831      514.109231      192.344776      511.422754      384.938454      274.660419      373.732932
frame00304.jpg      286.977572      182.654481      520.457776      193.457380      517.728854      386.150509      280.747761      374.716328
frame00305.jpg      293.681554      183.199835      528.039119      194.598891      524.636592      387.668744      287.889279      375.330085
frame00306.jpg      300.573824      183.592742      535.592482      195.537021      531.549933      389.208888      294.950230      375.753489
frame00307.jpg      306.962662      183.882403      542.389844      196.557448      538.060155      390.353403      301.203105      376.047297
frame00308.jpg      312.813498      183.780450      548.710128      196.754913      543.579652      390.809622      306.945213      375.741218
frame00309.jpg      317.592232      183.672101      553.816922      195.924982      549.044987      390.062392      312.111298      375.547366
frame00310.jpg      323.328662      182.258709      560.055096      194.623478      554.866865      389.053246      317.685958      373.874202
frame00311.jpg      327.317464      180.404142      564.510399      192.773757      558.512256      387.648444      321.207238      372.062131
frame00312.jpg      329.628624      179.755236      566.893936      192.288825      560.416673      387.557373      323.004404      371.431160
frame00313.jpg      330.157335      179.535806      567.499667      192.469487      560.445945      387.800597      323.080300      371.407527
frame00314.jpg      329.451153      180.158552      566.855273      192.520507      560.509497      388.063839      322.707099      372.564426
frame00315.jpg      330.194392      180.928678      567.521913      193.154915      561.740603      388.807834      322.889057      373.761693
frame00316.jpg      329.951430      181.815163      567.080788      192.920825      561.581287      388.704539      322.429661      374.709400
frame00317.jpg      328.739321      182.643715      564.824732      193.188636      559.305646      388.926736      319.977833      374.846315
frame00318.jpg      325.129169      183.403864      561.213926      193.741586      555.447845      388.981230      316.127051      375.398261
frame00319.jpg      319.858052      183.428538      556.459382      194.289238      550.213489      389.063552      310.382792      375.613659
frame00320.jpg      314.352253      183.441596      550.837124      194.321702      544.636661      388.926236      304.792523      375.171523
frame00321.jpg      309.005578      183.231394      545.818302      193.845916      539.748835      388.290514      300.432515      374.851838
frame00322.jpg      303.498056      182.816904      540.546312      193.088240      534.087024      387.624261      294.884302      374.403959
frame00323.jpg      296.961882      181.267005      534.270959      192.277408      526.969534      386.676850      287.546264      373.067630
frame00324.jpg      289.237521      179.045282      526.697397      191.197772      519.323102      385.416630      280.335878      371.313960
frame00325.jpg      283.667114      177.323469      521.344170      189.555411      514.645893      383.747440      276.298242      370.021449
frame00326.jpg      280.690131      175.246741      518.477508      186.748169      512.370549      380.826799      274.125102      367.824818
frame00327.jpg      278.315892      172.642856      516.120024      182.355242      510.626090      376.228447      272.298233      364.958268
frame00328.jpg      274.151798      169.274201      512.109236      177.230295      507.209880      371.430193      268.873194      362.161945
frame00329.jpg      269.598321      167.789261      507.476912      174.450557      503.280111      368.500594      264.731363      360.475623
frame00330.jpg      264.940857      164.757635      502.845324      170.693254      498.869308      364.637863      260.284075      357.263949
frame00331.jpg      259.762626      161.730633      497.633601      166.868191      493.721604      360.866382      254.695697      354.118348
frame00332.jpg      252.003274      158.510735      489.978206      163.346502      485.791190      357.439412      246.174795      351.162753
frame00333.jpg      243.395352      156.559784      481.796203      160.597229      478.279001      354.841239      238.621743      349.782936
frame00334.jpg      236.331774      153.739747      474.945984      156.797007      472.193421      350.809910      231.926064      346.714263
frame00335.jpg      228.789285      151.041314      467.758006      153.621322      465.417939      348.165767      224.264209      345.090903
frame00336.jpg      220.303665      148.684990      459.912938      150.341901      458.255291      344.975002      216.739277      343.118012
frame00337.jpg      213.053020      145.206924      453.577863      147.263085      451.711302      342.641886      209.908330      340.533919
frame00338.jpg      207.296739      142.390106      448.855662      144.212895      447.488091      340.129624      205.523816      338.628376
frame00339.jpg      204.764156      138.880261      447.307068      139.936870      446.787442      336.363587      204.162332      335.714452
frame00340.jpg      201.980862      137.166600      445.464746      136.264376      445.254348      333.695865      201.503403      335.249923
frame00341.jpg      197.199293      137.680411      441.654902      134.754080      442.242643      333.043337      197.736901      336.424125
frame00342.jpg      193.592097      135.254704      439.015634      133.416474      439.354185      332.207168      194.097217      334.535620
frame00343.jpg      191.639314      133.022088      437.972445      132.344090      438.239972      331.794157      192.360453      333.479502
frame00344.jpg      191.696040      132.117737      438.734471      131.448496      439.497994      331.487385      192.972720      333.064907
frame00345.jpg      195.058627      130.617074      442.457460      131.018228      443.281075      331.692508      196.151481      332.020568
frame00346.jpg      199.327098      130.401798      447.379388      130.880897      448.174784      332.395653      200.657367      332.953347
frame00347.jpg      203.886959      132.468724      452.670529      133.437237      453.162238      335.975079      205.338565      336.127646
frame00348.jpg      208.915431      134.768756      458.077970      136.128034      458.604216      338.733234      210.210947      338.345829
frame00349.jpg      216.448205      135.356349      465.998973      137.226765      467.073044      339.932616      217.631157      338.877333
frame00350.jpg      228.066245      136.355605      477.318948      138.174813      479.257308      341.366152      228.971461      339.553394
frame00351.jpg      239.877568      136.934636      489.036417      139.771683      490.253429      342.882582      239.926448      339.750984
frame00352.jpg      250.184312      137.624357      499.100656      141.036863      499.684865      344.237417      249.513840      339.789591
frame00353.jpg      260.252159      140.385528      508.642421      142.306529      509.955054      345.453275      259.066264      341.896777
frame00354.jpg      272.291507      143.882447      520.007163      143.391778      522.890978      346.260149      271.358002      344.406403
frame00355.jpg      283.568656      147.674425      530.631353      144.222336      533.953295      347.223566      283.767520      347.691150
frame00356.jpg      294.176057      152.278971      539.980999      146.509742      544.095011      350.374468      295.130073      352.101237
frame00357.jpg      301.808438      159.539876      547.111410      153.187229      549.977332      356.388269      303.400575      358.856666
frame00358.jpg      305.375728      169.902488      549.561883      161.650548      552.265820      365.046461      307.269286      369.098115
frame00359.jpg      306.798649      182.253320      549.942559      173.610545      552.338536      376.539890      308.489269      380.606846
frame00360.jpg      306.538587      192.622185      548.608434      183.188549      551.574442      383.666546      308.707258      389.265051
frame00361.jpg      306.918321      200.312134      547.889005      188.991818      552.315940      388.110608      310.180688      395.593019
frame00362.jpg      308.923675      204.315538      549.362450      191.717082      554.627180      390.115167      313.282377      399.125195
frame00363.jpg      311.386886      208.397145      551.271369      194.635480      557.063337      392.694815      316.253831      402.672120
frame00364.jpg      313.799137      210.153140      553.415400      195.979803      559.400040      393.600386      318.901596      403.898999
frame00365.jpg      315.750419      211.811592      554.914628      198.217804      560.436739      395.908168      320.341833      405.666415
frame00366.jpg      316.554943      214.744769      555.262483      201.647144      560.572127      398.995762      320.655900      408.537072
frame00367.jpg      316.807706      216.458521      555.255358      204.097104      560.550330      400.628420      320.848150      409.635351
frame00368.jpg      317.993410      215.507118      556.025367      204.014176      561.747582      399.780270      321.560219      408.813774
frame00369.jpg      319.839378      214.657664      557.643542      202.689674      563.693095      398.578471      324.080868      408.039755
frame00370.jpg      322.298473      214.238571      559.715629      203.491763      565.605992      399.167487      325.638917      407.849807
frame00371.jpg      325.626507      215.686815      562.056936      205.341717      569.404475      401.081215      327.886788      410.632316
frame00372.jpg      331.074141      217.767490      567.737564      207.584657      573.919938      403.663006      335.192552      410.483860
frame00373.jpg      336.754255      218.354759      573.518786      208.351403      579.477420      403.807450      341.625329      410.262829
frame00374.jpg      344.113168      217.985395      580.826489      208.746728      586.322781      403.847816      349.298265      409.181104
frame00375.jpg      352.925238      215.891463      588.636015      209.848046      592.840831      404.415086      356.211742      406.750557
frame00376.jpg      360.404278      213.290922      595.990436      209.404870      598.696025      404.237157      361.788331      403.864705
frame00377.jpg      367.209927      210.551646      602.632485      207.832761      604.930606      404.539676      368.953129      400.755908
frame00378.jpg      374.012940      208.045905      610.804523      205.809718      611.819142      403.932965      375.696031      397.885198
frame00379.jpg      380.442264      202.981530      617.398862      202.019464      617.872980      404.316223      379.328114      392.915484
frame00380.jpg      385.774181      197.683325      622.503421      199.061524      622.133984      406.563505      381.238943      387.579951
frame00381.jpg      386.184924      193.818593      622.104713      198.656311      622.687585      407.506845      379.256503      386.726502
frame00382.jpg      383.143853      191.736902      622.235879      197.955861      623.363765      407.814930      377.268145      386.466988
frame00383.jpg      383.209549      191.146224      622.139994      197.864475      623.310731      407.913514      376.985269      386.414702
frame00384.jpg      383.211954      191.089830      622.129966      197.853397      623.317901      407.933407      376.948075      386.413423
frame00385.jpg      383.204686      191.043812      622.121575      197.832729      623.333005      407.956683      376.916858      386.420291
frame00386.jpg      383.172402      191.010458      622.117164      197.798148      623.349194      407.980618      376.886776      386.443919
frame00387.jpg      378.594231      186.995957      621.559001      194.688349      624.729309      409.575636      374.818071      387.344768
frame00388.jpg      373.588468      183.259402      620.911226      192.310660      625.822987      410.853722      372.834590      388.071577
frame00389.jpg      373.529581      183.239958      620.903084      192.273690      625.840394      410.869346      372.813234      388.087397
frame00390.jpg      373.480871      183.237860      620.900054      192.230851      625.869123      410.891387      372.790059      388.119047
frame00391.jpg      374.101127      183.242297      620.814578      192.786324      625.504131      410.599755      373.131718      387.419744
frame00392.jpg      374.267012      183.239712      620.792258      192.926963      625.403029      410.517674      373.234894      387.204027
frame00393.jpg      374.377434      183.240991      620.777238      193.020814      625.335359      410.462921      373.295300      387.073639
frame00394.jpg      374.381150      183.238920      620.781604      193.024163      625.326341      410.451935      373.302481      387.057991
frame00395.jpg      374.939396      183.243063      620.754390      193.507242      624.983214      410.180952      373.604730      386.448136
frame00396.jpg      357.604207      180.255346      619.812558      177.910636      634.237590      418.115563      365.967461      400.412958
frame00397.jpg      356.005693      179.211147      619.405197      176.637971      634.843694      418.815594      365.048664      401.292898
frame00398.jpg      355.978804      179.171637      619.380864      176.602543      634.862253      418.847692      365.011754      401.324561
frame00399.jpg      355.977566      179.145939      619.369748      176.576351      634.882267      418.873797      364.978234      401.357080
frame00400.jpg      355.944872      179.145358      619.369159      176.535985      634.910008      418.896537      364.958106      401.403112
frame00401.jpg      352.827974      179.221261      619.402949      173.391421      636.887590      420.428737      363.604003      404.865642
frame00402.jpg      352.560049      179.242555      619.404708      173.079223      637.074606      420.568560      363.474161      405.180605
frame00403.jpg      352.807530      179.189600      619.431823      173.367762      636.862741      420.398064      363.599805      404.847526
frame00404.jpg      352.974143      179.166848      619.463874      173.536171      636.728189      420.296467      363.683968      404.639509
frame00405.jpg      353.050821      179.152661      619.480194      173.616926      636.657689      420.233480      363.730021      404.519877
frame00406.jpg      359.689751      178.548664      619.650082      180.657745      632.087003      416.642652      366.689784      396.736204
frame00407.jpg      362.343465      178.504328      619.704045      183.466459      630.405578      415.071780      367.963882      393.646312
frame00408.jpg      362.424021      178.496962      619.725119      183.548402      630.339390      415.010802      368.006320      393.529259
frame00409.jpg      362.299863      178.555011      619.602693      183.439277      630.557736      415.224169      367.812453      393.913694
frame00410.jpg      358.087857      189.450733      621.895852      171.405301      638.561947      420.297135      360.698866      412.198598
frame00411.jpg      357.899353      190.744509      621.861157      170.572191      639.105594      420.405364      360.650160      412.981430
frame00412.jpg      352.011638      195.937486      622.851462      162.823636      643.908555      422.480873      360.618122      415.442138
frame00413.jpg      346.720037      199.710070      620.915358      156.577591      649.849905      425.868236      358.650313      419.708160
frame00414.jpg      352.314200      208.980985      604.622010      137.174725      678.664454      451.053151      340.039430      456.958489
frame00415.jpg      352.507929      209.182062      603.274497      135.933305      681.686169      453.254581      337.833256      461.090535
frame00416.jpg      353.999157      210.002979      600.965540      134.600640      689.745304      459.202345      331.740450      469.942177
frame00417.jpg      353.926330      210.072178      600.711935      134.514314      690.612998      459.688960      331.032977      470.883517
frame00418.jpg      353.658990      210.149379      600.402538      134.407412      691.466027      460.104032      330.328757      471.794374
