frame ulx uly urx ury lrx lry llx lly
frame00001.jpg      241.000000      168.000000      431.000000      173.000000      427.000000      442.000000      245.000000      438.000000
frame00002.jpg      241.401402      167.905133      431.748999      172.937631      427.628303      442.078177      245.376689      438.053933
frame00003.jpg      242.071858      167.899757      432.364766      172.827165      428.161319      442.247203      245.954129      438.058278
frame00004.jpg      242.531580      168.216378      432.878247      173.280280      428.738522      442.615173      246.500963      438.528280
frame00005.jpg      243.021026      168.434219      433.380238      173.361070      429.136354      443.046243      246.871639      438.810461
frame00006.jpg      243.320828      168.835170      433.768178      173.820061      429.402444      443.449300      247.113540      439.166309
frame00007.jpg      243.823146      169.534175      434.031701      174.632231      429.784529      444.058127      247.620478      439.865069
frame00008.jpg      243.937851      169.984849      434.102044      175.052228      429.796150      444.522609      247.681446      440.162723
frame00009.jpg      243.923014      170.084517      434.095141      175.222519      429.764441      444.543266      247.694850      440.153124
frame00010.jpg      244.177478      170.702355      434.107079      175.704387      429.745429      444.982551      247.790540      440.527884
frame00011.jpg      244.039371      170.900563      433.944293      176.005457      429.672430      445.100390      247.725324      440.623473
frame00012.jpg      244.073551      171.282199      433.932326      176.436614      429.653661      445.758561      247.723878      441.193089
frame00013.jpg      244.403046      172.706752      434.022511      177.732158      429.823388      446.884792      248.039154      442.144186
frame00014.jpg      245.013299      174.213195      434.293680      179.191427      430.087531      448.078106      248.556901      443.337371
frame00015.jpg      245.466610      175.765262      434.597800      180.806990      430.347758      449.153247      248.973811      444.453450
frame00016.jpg      245.912917      176.906020      434.877508      181.856755      430.716856      450.181311      249.462139      445.350537
frame00017.jpg      246.625600      177.716626      435.618989      182.768309      431.331605      450.969256      250.073817      446.213809
frame00018.jpg      247.429340      178.547746      436.216952      183.521516      432.013168      451.728088      250.772196      446.750876
frame00019.jpg      248.183435      179.381674      436.972657      184.332783      432.833809      452.541798      251.612143      447.493443
frame00020.jpg      248.881198      179.884953      437.808670      184.776097      433.567714      452.951214      252.235832      448.043427
frame00021.jpg      249.554022      180.153044      438.502103      185.124045      434.246138      453.442624      252.975765      448.443052
frame00022.jpg      250.368211      180.420902      439.263017      185.323484      435.123434      453.662802      253.901921      448.573012
frame00023.jpg      251.341863      180.404735      440.222066      185.238523      435.989085      453.606090      254.705190      448.432151
frame00024.jpg      252.411915      180.470244      441.125386      185.157225      436.938355      453.393238      255.796374      448.381993
frame00025.jpg      253.626181      180.155116      442.219314      184.913356      438.139430      452.795901      257.212422      447.778199
frame00026.jpg      255.459909      179.987966      443.670779      184.572223      439.440860      452.096243      258.824197      446.863310
frame00027.jpg      256.997224      178.722313      445.040788      183.378360      440.776034      450.545717      260.412899      445.346417
frame00028.jpg      259.018196      178.014576      446.671334      182.664999      442.280111      449.274397      262.488326      443.970269
frame00029.jpg      261.539982      178.372631      448.503513      182.967687      444.149841      448.939957      265.004382      443.552364
frame00030.jpg      265.121211      181.323567      450.609808      185.891480      446.271019      449.844200      268.700096      444.453062
frame00031.jpg      269.697032      187.404517      452.793544      191.956225      448.496831      452.964767      272.902437      447.259670
frame00032.jpg      275.137795      197.640646      454.313437      202.054655      449.780408      457.501270      277.919984      451.678474
frame00033.jpg      279.590164      208.002272      454.832715      212.540101      450.141127      461.682140      282.001152      455.792190
frame00034.jpg      283.327899      216.428183      454.382084      220.921282      449.754662      463.252182      285.981251      457.399816
frame00035.jpg      287.683683      224.000496      454.158675      228.524963      449.596449      463.743050      290.068510      457.805970
frame00036.jpg      292.578099      230.681215      454.018032      235.233416      449.506297      463.091940      294.614251      457.271386
frame00037.jpg      297.579544      236.806446      454.207371      241.443236      449.719517      462.051175      299.392695      456.251558
frame00038.jpg      302.564165      243.248382      454.394093      247.997567      449.869630      461.348756      304.150425      455.520797
frame00039.jpg      307.980117      248.810801      454.937742      253.545230      450.283941      459.626217      309.299087      453.702974
frame00040.jpg      313.418571      253.061525      455.578449      257.752584      450.892648      456.963696      314.388924      450.760617
frame00041.jpg      318.495326      254.957749      456.321955      259.714229      451.515696      451.922960      319.270295      445.769674
frame00042.jpg      323.183952      254.133667      456.728602      258.901799      451.817821      444.729555      323.594063      438.555656
frame00043.jpg      327.247801      251.228650      456.941807      256.033544      451.835843      436.270389      327.335838      430.232320
frame00044.jpg      330.680480      247.151604      456.508582      251.925762      451.163856      426.402678      330.582424      420.370346
frame00045.jpg      333.615319      242.756726      455.386150      247.845269      450.190174      416.246779      333.051325      410.081001
frame00046.jpg      336.480581      250.246378      449.857622      259.148694      449.080449      403.070050      331.526504      395.383449
frame00047.jpg      340.251867      260.163538      446.775731      280.143926      444.649507      395.477163      330.330242      375.920039
frame00048.jpg      340.262013      262.004301      439.672457      290.166127      440.975918      388.872861      325.513609      374.052048
frame00049.jpg      361.427361      227.659673      758.309954     -319.709167      365.092382      -86.442166      236.175583      484.702308
frame00050.jpg      362.202050      227.732015      733.926058     -272.591051      363.810998      -71.798221      236.401173      481.994753
frame00051.jpg      362.201813      227.733922      733.920391     -272.573734      363.807975      -71.758606      236.402896      481.990065
frame00052.jpg      363.744751      228.799396      660.493622     -148.640356      363.548792      -30.259512      233.896547      481.681450
frame00053.jpg      360.238757      261.373347      458.510156      216.050665      346.823077      185.363357      267.174526      383.402770
frame00054.jpg      360.042239      261.769437      457.599170      217.689700      346.570472      187.426916      267.102732      382.988838
frame00055.jpg      354.534102      253.442777     1537.241290     -980.028789      338.249749      131.906753      287.426633      377.546488
frame00056.jpg      410.324827      337.047865      444.409252      370.522537      374.013466      299.985329      328.952854      261.673679
frame00057.jpg      411.335920      338.081433      444.960136      371.199457      375.358287      301.431638      327.884929      259.815536
frame00058.jpg      411.767787      338.524206      445.677124      371.975758      375.831918      301.952762      329.138861      260.605568
frame00059.jpg      412.920476      339.696348      446.815724      373.228229      378.196491      304.414415      333.944488      264.483366
frame00060.jpg      413.115098      339.895465      447.937634      374.389665      377.745731      303.970831      332.396742      262.720559
frame00061.jpg      413.540419      340.331953      449.556797      376.084175      376.757491      302.988527      329.694656      259.648875
frame00062.jpg      416.055368      342.884678      455.476690      382.228665      377.202895      303.549796      334.098449      262.794316
frame00063.jpg      416.239211      343.071743      456.530102      383.307280      378.256739      304.617577      338.064819      266.581317
frame00064.jpg      416.241060      343.073605      456.553176      383.330827      378.281773      304.642799      338.068443      266.583048
frame00065.jpg      419.515824      346.385925      462.433698      389.377163      383.857033      310.336467      349.622660      277.272312
frame00066.jpg      419.980793      346.857799      464.371223      391.350758      383.770891      310.259253      353.642691      281.147029
frame00067.jpg      421.645515      348.539703      465.315277      392.349288      385.705448      312.234862      355.217838      282.538539
frame00068.jpg      423.091428      350.000249      465.954215      393.028815      387.549554      314.112600      355.327564      282.511129
frame00069.jpg      425.021139      351.947983      468.082781      395.210408      388.982630      315.578273      355.693473      282.726240
frame00070.jpg      423.841686      350.758510      466.408336      393.507080      387.085815      313.657558      354.153532      281.272085
frame00071.jpg      419.011440      345.885746      460.791957      387.754959      378.511315      304.955984      344.269417      271.884050
frame00072.jpg      416.306796      343.152933      457.841875      384.698725      372.511885      298.845925      335.554121      263.707919
frame00073.jpg      415.536482      342.374031      457.257356      384.080538      371.203716      297.506301      334.081733      262.413609
frame00074.jpg      411.411301      338.196919      454.041083      380.639004      361.269221      287.327062      325.033430      254.685393
frame00075.jpg      410.683882      337.459665      453.527390      380.077435      359.402564      285.409202      325.345018      255.250393
frame00076.jpg      409.482859      336.241838      452.364397      378.832062      356.301589      282.220278      325.616747      256.032498
frame00077.jpg      409.482201      336.241176      452.360820      378.828454      356.291850      282.210426      325.595610      256.012403
frame00078.jpg      409.449141      336.207590      452.190415      378.654896      356.044674      281.960577      325.198730      255.656225
frame00079.jpg      408.641235      335.387006      451.436571      377.833187      353.139131      278.975970      323.595069      254.468464
frame00080.jpg      408.638615      335.384055      451.387275      377.782687      353.136283      278.972435      323.476499      254.362573
frame00081.jpg      408.437422      335.178724      451.092894      377.466862      352.509642      278.322667      323.539153      254.535395
frame00082.jpg      408.436989      335.178288      451.090482      377.464405      352.501976      278.314918      323.531965      254.528820
frame00083.jpg      408.405199      335.144839      450.827543      377.195153      352.157802      277.963572      322.334565      253.426325
frame00084.jpg      408.254486      334.990062      450.667147      377.012844      352.251320      278.039872      322.239882      253.425056
frame00085.jpg      407.750642      334.471696      449.776220      376.042538      352.493548      278.221962      322.990500      254.496933
frame00086.jpg      407.533433      334.247642      449.291897      375.524115      352.125933      277.821073      320.913430      252.679453
frame00087.jpg      406.997349      333.700856      448.948718      375.121458      351.355354      276.999972      320.264684      252.377706
frame00088.jpg      406.161896      332.843010      448.506431      374.553781      351.952247      277.512529      322.839045      255.420387
frame00089.jpg      405.868377      332.538841      448.201003      374.187633      352.187376      277.710652      325.424460      258.134941
frame00090.jpg      405.535695      332.195464      447.903458      373.827266      352.089548      277.562831      325.645616      258.608261
frame00091.jpg      405.534667      332.194411      447.899154      373.822747      352.060276      277.532960      325.667425      258.628673
frame00092.jpg      404.827083      331.457699      445.584480      371.357164      352.221286      277.612954      322.823766      256.946752
frame00093.jpg      404.043020      330.651283      445.345619      370.976480      352.455666      277.759121      320.992690      255.925112
frame00094.jpg      404.038220      330.646454      445.327872      370.958427      352.367420      277.669224      320.891848      255.834590
frame00095.jpg      402.952312      329.528191      444.360962      369.783223      351.113561      276.263516      314.608505      251.254949
frame00096.jpg      394.971994      321.206043      437.754688      360.743183      343.652182      267.136207      309.197722      260.437217
frame00097.jpg      384.807424      309.918869      434.657251      347.044108      343.476576      261.823943      320.370717      303.723758
frame00098.jpg      384.672738      309.704065      433.816922      345.930318      343.279646      261.449603      319.315726      304.952866
frame00099.jpg      384.671598      309.702018      433.799012      345.911738      343.278680      261.447554      319.259758      304.963964
frame00100.jpg      401.591458      328.039460      445.426046      370.698310      369.784511      294.788873      348.747648      282.514605
frame00101.jpg      401.776932      328.233470      445.888492      371.211501      370.225230      295.264549      349.254805      282.749752
frame00102.jpg      401.778504      328.235050      445.902629      371.225908      370.238928      295.278584      349.289731      282.779205
frame00103.jpg      402.366694      328.850589      445.917355      371.415598      370.913589      296.044515      349.454196      282.440384
frame00104.jpg      402.535789      329.030216      446.326489      371.892050      371.075238      296.239985      349.514018      282.302308
frame00105.jpg      403.220332      329.748343      446.710867      372.495720      370.659812      295.908392      348.727241      280.972546
frame00106.jpg      404.166421      330.733354      447.883494      373.912920      370.699931      296.057696      348.270191      279.815712
frame00107.jpg      405.200430      331.806566      449.002811      375.265986      370.804545      296.268262      347.058249      277.985832
frame00108.jpg      405.941392      332.577772      451.256854      377.696220      370.411963      295.928697      347.667433      277.936508
frame00109.jpg      408.197194      334.910412      455.290082      382.122077      369.376559      295.036308      341.716093      270.883271
frame00110.jpg      408.235004      334.950842      455.794711      382.646457      369.510725      295.176065      341.317482      270.432748
frame00111.jpg      408.232499      334.948432      455.784138      382.636968      369.485441      295.150233      341.055889      270.174875
frame00112.jpg      408.630369      335.362800      458.030646      384.995185      368.385010      294.048396      339.319751      268.133809
frame00113.jpg      409.251649      336.003458      458.410576      385.455238      367.830900      293.515983      338.005512      266.613311
frame00114.jpg      410.093441      336.857896      450.549789      377.451559      371.641094      297.454777      350.489862      279.531578
frame00115.jpg      409.836035      336.589826      449.183323      376.041873      371.028314      296.823106      350.527420      279.799720
frame00116.jpg      409.413516      336.155668      446.589253      373.360938      371.284619      297.083514      351.025552      280.767826
frame00117.jpg      409.342652      336.082341      445.961360      372.715873      370.498448      296.275638      350.477458      280.283539
frame00118.jpg      408.404459      335.118232      444.354906      370.985527      369.265075      294.965954      347.167220      277.657439
frame00119.jpg      408.319836      335.029390      443.410491      369.996968      370.113414      295.827822      350.413791      280.983963
frame00120.jpg      407.808252      334.503122      442.551790      369.070104      368.624174      294.283492      349.774408      280.811912
frame00121.jpg      405.165856      331.782157      437.924483      364.035683      365.035907      290.468371      354.621566      288.199447
frame00122.jpg      400.691981      327.122286      427.858338      352.747083      367.164081      292.038221      378.438639      317.789606
frame00123.jpg      401.486878      327.958855      429.608268      354.783434      367.408088      292.426115      375.127384      313.214377
frame00124.jpg      401.808255      328.295675      430.424780      355.699172      367.557269      292.625630      374.271764      311.644759
frame00125.jpg      402.252303      328.765115      431.832714      357.266176      367.600187      292.741457      372.113665      308.652972
frame00126.jpg      402.697170      329.230783      432.570979      358.123152      368.133153      293.347779      370.695826      306.554934
frame00127.jpg      403.526093      330.089743      433.614205      359.340956      369.824857      295.166511      370.512539      305.102259
frame00128.jpg      404.162492      330.755773      435.340372      361.240679      370.385853      295.823753      367.615307      301.287574
frame00129.jpg      404.771366      331.384585      436.106823      362.117829      371.707490      297.228456      367.651051      300.606558
frame00130.jpg      404.843163      331.459944      436.253397      362.284468      371.720933      297.252358      367.651971      300.513963
frame00131.jpg      405.068489      331.695383      436.866416      362.954432      371.882682      297.448323      367.915931      300.403223
frame00132.jpg      406.710496      333.386368      438.555591      364.930516      372.698342      298.408799      370.370987      301.539348
frame00133.jpg      409.509288      336.253065      441.459485      368.163356      375.152108      301.049246      374.131195      303.736553
frame00134.jpg      411.554483      338.344812      444.021194      370.924968      376.274519      302.272962      376.227738      305.019303
frame00135.jpg      412.039945      338.841785      444.675204      371.624942      376.415549      302.436155      376.067542      304.684445
frame00136.jpg      412.571900      339.385705      445.245367      372.237183      377.016749      303.063779      377.085685      305.505789
frame00137.jpg      413.106554      339.933959      445.872683      372.915819      376.909955      302.978882      378.478911      306.723606
frame00138.jpg      413.193415      340.022784      445.977185      373.026999      377.042818      303.116279      378.183392      306.405066
frame00139.jpg      413.609049      340.448856      447.057006      374.151692      377.046251      303.137934      376.927298      304.986904
frame00140.jpg      413.664658      340.505857      447.180212      374.280357      377.081487      303.175891      376.788997      304.827619
frame00141.jpg      413.784637      340.629670      447.546091      374.662897      376.992973      303.093777      376.841965      304.819953
frame00142.jpg      414.248851      341.105506      448.761684      375.923404      376.939147      303.057679      374.142740      301.957966
frame00143.jpg      415.616026      342.501457      450.445892      377.684702      378.516033      304.694670      373.972568      301.487028
frame00144.jpg      415.702927      342.590156      450.678620      377.924236      378.559536      304.740349      373.732991      301.225108
frame00145.jpg      416.369932      343.270098      451.520258      378.800525      378.999613      305.198756      373.735279      301.120994
frame00146.jpg      417.756034      344.682680      454.411861      381.775064      379.967460      306.199966      368.180149      295.298098
frame00147.jpg      419.111207      346.062527      455.382570      382.789828      381.468028      307.739746      366.818477      293.781476
frame00148.jpg      419.411133      346.367891      455.872069      383.293141      382.059006      308.343112      366.375664      293.300594
frame00149.jpg      421.835763      348.835579      458.608905      386.112528      384.816957      311.166555      366.437294      293.147676
frame00150.jpg      423.356095      350.382314      460.115082      387.661483      386.736236      313.126370      362.840552      289.408417
frame00151.jpg      424.521243      351.567466      461.367326      388.945053      388.946429      315.378907      361.961642      288.446363
frame00152.jpg      425.037580      352.092642      462.172726      389.768280      389.795705      316.244590      361.768967      288.220848
frame00153.jpg      425.068920      352.124546      462.365254      389.964169      389.948542      316.400047      362.336360      288.790748
frame00154.jpg      425.697704      352.764092      462.594395      390.202659      390.694373      317.161082      362.117965      288.541620
frame00155.jpg      425.985374      353.056690      462.884096      390.499335      391.108807      317.583663      361.619602      288.022430
frame00156.jpg      426.303732      353.380481      463.304288      390.928632      391.579541      318.063481      361.382188      287.765154
frame00157.jpg      426.881202      353.967867      463.893343      391.531890      392.392235      318.892486      361.776655      288.137172
frame00158.jpg      427.160368      354.251917      464.383012      392.032188      392.489988      318.993511      362.274114      288.624892
frame00159.jpg      427.487970      354.585090      464.860735      392.520009      392.799514      319.309342      362.625237      288.966703
frame00160.jpg      427.905608      355.009919      465.522985      393.196270      392.818088      319.330353      362.525744      288.847339
frame00161.jpg      428.054177      355.161023      465.741908      393.419812      393.273520      319.793878      363.527299      289.856205
frame00162.jpg      428.508281      355.622783      466.231703      393.920282      393.531137      320.057223      363.977921      290.297719
frame00163.jpg      429.521772      356.653352      468.046701      395.770260      393.707341      320.239888      364.244879      290.534936
frame00164.jpg      429.630185      356.763590      468.059261      395.783656      393.746151      320.279606      364.053573      290.338522
frame00165.jpg      430.063024      357.203783      468.698868      396.436101      393.846020      320.382495      363.931741      290.200216
frame00166.jpg      430.064245      357.205023      468.709492      396.446896      393.854577      320.391189      363.993966      290.263216
frame00167.jpg      430.079600      357.220674      468.846950      396.586854      393.887895      320.425175      364.120885      290.390429
frame00168.jpg      430.643671      357.794229      469.538469      397.292358      393.999168      320.540047      364.389500      290.647871
frame00169.jpg      432.424711      359.605172      472.438356      400.246943      394.128606      320.676812      365.898227      292.134836
frame00170.jpg      435.125303      362.350243      474.312815      402.158509      397.169904      323.771792      368.493707      294.734325
frame00171.jpg      436.944151      364.198976      475.846290      403.720306      398.765021      325.395213      370.071910      296.317866
frame00172.jpg      438.226631      365.502443      476.704238      404.594002      400.415490      327.073692      370.013984      296.248552
frame00173.jpg      438.481000      365.760973      476.895598      404.788803      400.836706      327.501947      370.943499      297.190555
frame00174.jpg      439.439290      366.734956      478.579078      406.500850      401.208000      327.880210      371.240359      297.484239
frame00175.jpg      439.738684      367.039261      479.135553      407.066715      401.625087      328.304376      371.490962      297.736195
frame00176.jpg      440.565664      367.879735      479.918196      407.862825      402.789245      329.487982      370.217394      296.437473
frame00177.jpg      441.428595      368.756746      480.981647      408.944302      403.676689      330.390375      370.594028      296.815031
frame00178.jpg      442.541742      369.888017      481.958717      409.938024      405.434054      332.176730      372.570915      298.818020
frame00179.jpg      442.915059      370.267408      482.198718      410.182207      405.975187      332.726752      371.349606      297.575858
frame00180.jpg      445.744647      373.142703      480.439394      408.393826      411.758372      338.604138      393.022703      319.591329
frame00181.jpg      427.866283      354.972330      457.952966      385.518395      369.941650      296.092500      524.034560      452.176296
frame00182.jpg      429.722615      356.859132      460.410968      388.020678      371.547069      297.728141      528.833994      457.155350
frame00183.jpg      432.610210      359.794501      464.752341      392.438346      369.737316      295.894879      530.560433      459.066275
frame00184.jpg      432.701334      359.887189      465.067760      392.759075      369.292999      295.443461      533.051478      461.600546
frame00185.jpg      432.721048      359.907248      465.158096      392.850929      369.261411      295.411388      533.933931      462.497573
frame00186.jpg      432.720473      359.906666      465.161876      392.854772      369.243499      295.393192      533.980574      462.544858
frame00187.jpg      438.852754      366.138967      473.390004      401.223128      372.714167      298.928237      560.351641      489.459407
frame00188.jpg      440.098914      367.405388      475.224269      403.088062      372.419426      298.630144      560.215946      489.342965
frame00189.jpg      440.178488      367.486259      475.424856      403.291947      372.779569      298.996180      561.788593      490.940756
frame00190.jpg      440.222841      367.531332      475.605227      403.475246      372.840179      299.057800      562.959679      492.130503
frame00191.jpg      440.315420      367.625426      475.740264      403.612553      373.054661      299.275839      563.670213      492.853161
frame00192.jpg      440.409154      367.720676      475.993877      403.870279      373.981463      300.217646      566.221501      495.444010
frame00193.jpg      440.409398      367.720924      475.994655      403.871069      373.982674      300.218877      566.246246      495.469126
frame00194.jpg      440.614862      367.929779      476.894849      404.786005      374.264425      300.505630      568.395233      497.654744
frame00195.jpg      440.673176      367.989041      477.131865      405.026863      374.766778      301.016149      570.268803      499.557566
frame00196.jpg      440.814706      368.132878      477.547371      405.449197      375.249493      301.506853      571.924472      501.240682
frame00197.jpg      441.316514      368.642776      478.292090      406.206126      376.214342      302.487528      575.182480      504.553057
frame00198.jpg      448.528092      375.970596      485.295786      413.325533      387.113975      313.565610      588.199541      517.823941
frame00199.jpg      453.007328      380.521995      489.801451      417.904931      391.708598      318.235457      594.013318      523.751489
frame00200.jpg      457.970568      385.565152      494.796070      422.980867      397.376840      323.995932      603.628773      533.536749
frame00201.jpg      459.325564      386.941965      496.639908      424.854582      398.693331      325.333856      609.159708      539.159791
frame00202.jpg      460.221766      387.852591      497.726427      425.958702      398.778737      325.420780      609.027592      539.027825
frame00203.jpg      460.697851      388.336340      498.201940      426.441926      399.005166      325.650919      608.868236      538.866966
frame00204.jpg      462.463122      390.130012      499.510807      427.772041      401.084851      327.764265      607.906764      537.893545
frame00205.jpg      463.001300      390.676848      499.941045      428.209252      402.177262      328.874301      609.166480      539.174249
frame00206.jpg      464.105146      391.798453      500.836738      429.119452      404.607393      331.343621      611.119993      541.161039
frame00207.jpg      464.205781      391.900708      501.036460      429.322396      404.664209      331.401366      612.835653      542.904344
frame00208.jpg      466.122069      393.847829      502.686905      430.999535      407.895482      334.684808      617.831856      547.983694
frame00209.jpg      467.976361      395.731943      503.473429      431.798831      410.360202      337.189304      611.726785      541.783043
frame00210.jpg      468.185846      395.944796      503.489916      431.815595      411.087427      337.928234      611.155740      541.203017
frame00211.jpg      471.430128      399.241243      504.449353      432.790633      415.653167      342.567562      607.350837      537.339669
frame00212.jpg      471.606786      399.420741      504.601942      432.945683      415.819892      342.736978      607.290617      537.278608
frame00213.jpg      476.025790      403.910785      509.506226      437.928944      420.749368      347.745896      618.560399      548.731880
frame00214.jpg      476.204075      404.091936      509.652612      438.077689      420.732106      347.728366      616.839495      546.983458
frame00215.jpg      476.611379      404.505790      510.537320      438.976628      420.437686      347.429232      618.607850      548.780429
frame00216.jpg      477.195106      405.098898      510.955278      439.401315      421.505138      348.513853      619.937988      550.132139
frame00217.jpg      477.407830      405.315042      511.238768      439.689367      421.592200      348.602323      622.181130      552.411363
frame00218.jpg      478.759161      406.688091      511.919500      440.381066      424.585758      351.644019      621.647927      551.870021
frame00219.jpg      479.724914      407.669366      512.468082      440.938483      425.557436      352.631335      619.692646      549.883645
frame00220.jpg      480.427488      408.383231      512.731433      441.206081      425.649531      352.724926      614.031230      544.131538
frame00221.jpg      480.918402      408.882034      513.063801      441.543798      426.249867      353.334920      615.122554      545.240497
frame00222.jpg      481.124081      409.091019      513.267119      441.750387      426.414010      353.501705      617.500189      547.656351
frame00223.jpg      481.445293      409.417394      513.546145      442.033902      426.812967      353.907080      617.134461      547.284840
frame00224.jpg      479.329537      407.267639      514.795630      443.303434      416.966574      343.902431      620.929043      551.140209
frame00225.jpg      471.613229      399.427322      511.952707      440.414656      409.016428      335.824369      617.377760      547.530135
frame00226.jpg      468.992745      396.764712      507.516799      435.907385      409.213674      336.024703      578.266055      507.789999
frame00227.jpg      466.592190      394.325574      504.979601      433.329329      406.967145      333.741993      573.460452      502.906442
frame00228.jpg      470.516735      398.313197      507.017829      435.400439      411.666340      338.516830      577.731359      507.247182
frame00229.jpg      470.519266      398.315769      507.021601      435.404272      411.680371      338.531086      577.780331      507.296940
frame00230.jpg      474.457386      402.317174      509.774960      438.201963      434.612052      361.831355      637.746076      568.225416
frame00231.jpg      475.930979      403.814454      510.600402      439.040718      435.341945      362.573019      629.440574      559.787309
frame00232.jpg      480.503870      408.460838      513.315661      441.799708      443.962690      371.332390      691.179315      622.518356
frame00233.jpg      480.869650      408.832497      513.612719      442.101546      444.385714      371.762218      695.992112      627.408568
frame00234.jpg      481.596211      409.570735      514.046262      442.542068      445.971136      373.373128      706.686437      638.274804
frame00235.jpg      481.815757      409.793809      514.242993      442.741965      446.359111      373.767341      717.537621      649.300287
frame00236.jpg      481.992978      409.973878      514.403174      442.904723      446.442009      373.851575      715.730142      647.463853
frame00237.jpg      485.458399      413.494989      515.674163      444.196181      451.550688      379.042383      696.584197      628.011356
frame00238.jpg      487.663096      415.735118      518.791534      447.363668      452.277649      379.781049      719.642674      651.440838
frame00239.jpg      487.852401      415.927465      519.042023      447.618185      452.140069      379.641260      712.049844      643.726093
frame00240.jpg      488.060872      416.139286      519.325278      447.905993      452.231587      379.734250      714.850945      646.572226
frame00241.jpg      488.557489      416.643884      520.724327      449.327527      451.528146      379.019512      728.935429      660.883072
frame00242.jpg      488.568952      416.655531      520.867341      449.472840      451.346754      378.835205      730.919564      662.899085
frame00243.jpg      488.980168      417.073355      521.213103      449.824160      452.137227      379.638382      725.249523      657.138021
frame00244.jpg      488.981342      417.074549      521.217311      449.828435      452.145115      379.646397      725.538873      657.432020
frame00245.jpg      488.981940      417.075156      521.218691      449.829837      452.151604      379.652990      725.485281      657.377567
frame00246.jpg      489.533956      417.636043      521.517528      450.133481      452.609037      380.117776      722.248851      654.089226
frame00247.jpg      489.534335      417.636428      521.519350      450.135333      452.611643      380.120424      722.448250      654.291828
frame00248.jpg      494.854081      423.041655      523.900166      452.554427      455.371991      382.925145      634.926524      565.364469
frame00249.jpg      494.906558      423.094975      524.033564      452.689969      455.933179      383.495350      639.080374      569.585055
frame00250.jpg      494.978998      423.168579      524.120494      452.778296      456.824981      384.401481      638.613061      569.110236
frame00251.jpg      507.270218      435.657297      526.513660      455.209938      478.544463      406.469975      578.604961      508.138203
frame00252.jpg      507.462659      435.852830      526.892014      455.594371      479.728910      407.673454      581.548646      511.129186
frame00253.jpg      507.508918      435.899833      527.056749      455.761753      479.956647      407.904850      585.332241      514.973575
frame00254.jpg      508.403176      436.808460      527.289435      455.998179      481.978461      409.959151      585.895087      515.545469
frame00255.jpg      508.408348      436.813715      527.303181      456.012145      482.008536      409.989710      586.074484      515.727749
frame00256.jpg      516.316089      444.848517      526.631328      455.329500      505.108693      433.461042      562.783098      492.062147
frame00257.jpg      518.014648      446.574369      526.876996      455.579116      507.338705      435.726885      555.637804      484.802047
frame00258.jpg      517.963361      446.522258      526.827274      455.528595      507.472441      435.862770      555.527966      484.690443
frame00259.jpg      507.516518      435.907555      531.929235      460.712529      445.886661      373.287423      877.965206      812.308412
frame00260.jpg      509.275181      437.694477      530.323081      459.080568      447.689631      375.119368      748.313020      680.573062
frame00261.jpg      509.565321      437.989279      530.096370      458.850215      447.778783      375.209954      731.645020      663.637252
frame00262.jpg      509.755131      438.182138      530.033079      458.785907      448.150394      375.587536      726.482397      658.391680
frame00263.jpg      509.927207      438.356979      529.994142      458.746344      448.259093      375.697982      724.069382      655.939896
frame00264.jpg      510.076892      438.509070      529.908758      458.659589      448.472771      375.915094      717.846306      649.616831
frame00265.jpg      510.071887      438.503983      529.919489      458.670492      448.348023      375.788341      717.490426      649.255233
frame00266.jpg      510.279262      438.714691      529.880163      458.630535      447.920990      375.354448      707.490363      639.094496
frame00267.jpg      510.682311      439.124216      529.702505      458.450022      448.615260      376.059874      702.367581      633.889406
frame00268.jpg      514.094860      442.591597      529.324097      458.065535      454.813308      382.357515      615.964528      546.098076
frame00269.jpg      514.580991      443.085540      529.509327      458.253741      456.541199      384.113171      614.225366      544.330972
frame00270.jpg      514.717139      443.223876      529.673840      458.420897      456.210352      383.777007      612.257175      542.331156
frame00271.jpg      518.456366      447.023185      540.962214      469.890653      424.259724      351.313003      563.426862      492.716255
frame00272.jpg      522.251485      450.879282      545.182142      474.178386      428.528771      355.650645      572.803910      502.243974
frame00273.jpg      523.452481      452.099576      546.979699      476.004825      426.744935      353.838146      575.064017      504.540397
frame00274.jpg      523.918302      452.572882      547.517700      476.551472      426.221850      353.306657      575.529106      505.012959
frame00275.jpg      524.032621      452.689038      548.037925      477.080055      423.688535      350.732637      576.462095      505.960939
frame00276.jpg      524.032638      452.689055      548.037813      477.079942      423.691254      350.735400      576.439162      505.937638
frame00277.jpg      524.162183      452.820681      548.421073      477.469360      421.944568      348.960648      578.036945      507.561093
frame00278.jpg      531.535147      460.312113      553.604341      482.735911      437.028067      364.286506      582.548196      512.144831
frame00279.jpg      531.618001      460.396299      553.694633      482.827654      437.375862      364.639890      582.242813      511.834542
frame00280.jpg      531.619761      460.398087      553.705094      482.838284      437.396024      364.660376      582.336689      511.929926
frame00281.jpg      531.756433      460.536955      553.977656      483.115225      436.518542      363.768795      583.152226      512.758567
frame00282.jpg      532.076949      460.862621      554.449579      483.594730      435.619329      362.855133      584.252708      513.876731
frame00283.jpg      538.129811      467.012740      556.821951      486.005222      451.260316      378.747437      582.576679      512.173773
frame00284.jpg      538.557388      467.447186      557.215375      486.404967      452.665281      380.174977      583.044305      512.648912
frame00285.jpg      538.575295      467.465381      557.260950      486.451275      452.627535      380.136625      583.014142      512.618265
frame00286.jpg      540.925819      469.853674      558.401063      487.609707      459.691862      387.314460      582.721027      512.320440
frame00287.jpg      544.490115      473.475240      560.000455      489.234798      469.506499      397.286798      582.484573      512.080187
frame00288.jpg      548.141082      477.184869      561.845797      491.109790      481.809926      409.787914      584.389303      514.015522
frame00289.jpg      553.555445      482.686230      564.121619      493.422180      499.792416      428.059345      582.661964      512.260428
frame00290.jpg      558.035532      487.238303      565.855913      495.184340      518.351229      446.916357      580.959061      510.530163
frame00291.jpg      555.043044      484.197732      563.477870      492.768087      514.847499      443.356330      580.741240      510.308843
frame00292.jpg      554.399025      483.543365      561.643397      490.904138      520.998937      449.606609      577.569877      507.086523
frame00293.jpg      554.307380      483.450247      561.351564      490.607616      522.266845      450.894889      577.632087      507.149732
frame00294.jpg      554.384604      483.528712      561.423909      490.681123      522.325258      450.954241      577.670725      507.188990
frame00295.jpg      554.397530      483.541846      561.444212      490.701753      522.263749      450.891744      577.686653      507.205175
frame00296.jpg      554.422487      483.567203      561.470147      490.728104      522.217119      450.844364      577.632726      507.150381
frame00297.jpg      554.473481      483.619016      561.537599      490.796640      522.244236      450.871917      577.855349      507.376582
frame00298.jpg      554.477899      483.623506      561.548631      490.807849      522.213523      450.840710      577.882876      507.404551
frame00299.jpg      554.485220      483.630945      561.563742      490.823203      522.176575      450.803169      577.864528      507.385908
frame00300.jpg      554.488729      483.634510      561.575120      490.834764      522.128846      450.754673      577.858833      507.380122
frame00301.jpg      554.493775      483.639637      561.589896      490.849777      522.140082      450.766089      577.902039      507.424022
frame00302.jpg      554.529503      483.675939      561.662147      490.923189      522.030283      450.654527      578.110628      507.635962
frame00303.jpg      554.570040      483.717127      561.819658      491.083231      521.333200      449.946242      578.097662      507.622788
frame00304.jpg      554.607308      483.754995      561.861115      491.125354      521.324652      449.937557      578.085818      507.610754
frame00305.jpg      583.770425      513.386700      595.205971      525.005991      505.570769      433.930544      613.088251      543.175601
frame00306.jpg      583.900160      513.518519      595.289066      525.090421      505.912472      434.277737      612.848170      542.931662
frame00307.jpg      583.915672      513.534281      595.333118      525.135181      505.808037      434.171624      612.901976      542.986332
frame00308.jpg      583.920071      513.538751      595.345208      525.147465      505.779172      434.142295      612.877100      542.961056
frame00309.jpg      583.975200      513.594765      595.424122      525.227646      505.786859      434.150105      613.078057      543.165243
frame00310.jpg      583.979932      513.599573      595.433189      525.236860      505.783467      434.146659      613.082893      543.170157
frame00311.jpg      584.311884      513.936859      595.805955      525.615615      506.358939      434.731377      614.326029      544.433267
frame00312.jpg      584.720994      514.352542      596.208266      526.024390      506.994087      435.376731      615.306442      545.429433
frame00313.jpg      584.747790      514.379769      596.285178      526.102538      506.539211      434.914546      615.285188      545.407837
frame00314.jpg      584.944493      514.579633      596.545643      526.367188      506.665165      435.042524      615.909376      546.042055
frame00315.jpg      585.087618      514.725057      596.707642      526.531791      507.040031      435.423413      616.186624      546.323758
frame00316.jpg      585.094111      514.731655      596.754882      526.579789      506.671322      435.048779      616.069393      546.204643
frame00317.jpg      585.187741      514.826790      597.040347      526.869841      505.903244      434.268361      616.645593      546.790101
frame00318.jpg      585.299913      514.940764      596.365108      526.183752      513.956636      442.451153      616.615524      546.759549
frame00319.jpg      585.296664      514.937462      596.159980      525.975328      515.682510      444.204759      616.523234      546.665776
frame00320.jpg      583.225063      512.832575      594.735640      524.528102      510.564087      439.004093      616.010227      546.144527
frame00321.jpg      581.069963      510.642847      592.174470      521.925780      510.198206      438.632333      611.866855      541.934579
frame00322.jpg      581.046464      510.618971      592.117178      521.867568      510.321550      438.757659      611.677240      541.741918
frame00323.jpg      581.083692      510.656797      592.224255      521.976365      511.150725      439.600157      611.572443      541.635437
frame00324.jpg      581.090112      510.663321      592.229747      521.981945      511.262671      439.713902      611.489344      541.551003
frame00325.jpg      581.121335      510.695045      592.267936      522.020747      510.740290      439.183127      611.035192      541.089554
frame00326.jpg      581.239808      510.815422      592.585359      522.343271      509.682342      438.108181      611.823933      541.890967
frame00327.jpg      581.240236      510.815856      592.585880      522.343800      509.670835      438.096489      611.815734      541.882637
frame00328.jpg      574.465148      503.931907      587.395637      517.070161      502.734749      431.048955      598.696905      528.553016
frame00329.jpg      574.198250      503.660721      586.674516      516.337453      503.975965      432.310114      596.252770      526.069609
frame00330.jpg      573.911105      503.368962      585.645460      515.291863      501.296582      429.587679      591.444498      521.184079
frame00331.jpg      574.898167      504.371884      586.631606      516.293855      504.635085      432.979824      596.109372      525.923907
frame00332.jpg      576.446993      505.945596      587.810557      517.491748      507.450790      435.840773      597.559455      527.397290
frame00333.jpg      578.438554      507.969158      588.995954      518.696192      512.767967      441.243385      598.966644      528.827090
frame00334.jpg      578.455922      507.986804      589.058856      518.760105      512.449910      440.920217      598.982199      528.842894
frame00335.jpg      578.485117      508.016469      589.122161      518.824427      512.253903      440.721061      599.088681      528.951087
frame00336.jpg      579.332574      508.877542      589.882828      519.597316      513.767829      442.259313      599.919929      529.795692
frame00337.jpg      579.368591      508.914138      589.924927      519.640092      513.766561      442.258024      599.899202      529.774632
frame00338.jpg      582.501333      512.097216      591.545177      521.286376      524.884604      453.554710      602.502126      532.419379
frame00339.jpg      582.526951      512.123246      591.580902      521.322674      524.849772      453.519319      602.511507      532.428911
frame00340.jpg      583.670113      513.284777      592.310228      522.063719      527.558543      456.271614      602.602971      532.521845
frame00341.jpg      583.678388      513.293184      592.351771      522.105930      527.533615      456.246285      602.663291      532.583134
frame00342.jpg      583.679269      513.294079      592.358458      522.112725      527.498249      456.210351      602.629138      532.548432
frame00343.jpg      583.824567      513.441712      592.515066      522.271849      527.669102      456.383949      602.708966      532.629543
frame00344.jpg      585.734862      515.382702      593.466940      523.239017      534.243237      463.063716      603.598472      533.533341
frame00345.jpg      587.326378      516.999790      594.407455      524.194644      538.711291      467.603562      603.715557      533.652308
frame00346.jpg invalid_tracker_state
frame00347.jpg invalid_tracker_state
frame00348.jpg invalid_tracker_state
frame00349.jpg invalid_tracker_state
frame00350.jpg invalid_tracker_state
frame00351.jpg invalid_tracker_state
frame00352.jpg invalid_tracker_state
frame00353.jpg invalid_tracker_state
frame00354.jpg invalid_tracker_state
frame00355.jpg invalid_tracker_state
frame00356.jpg invalid_tracker_state
frame00357.jpg invalid_tracker_state
frame00358.jpg invalid_tracker_state
frame00359.jpg invalid_tracker_state
frame00360.jpg invalid_tracker_state
frame00361.jpg invalid_tracker_state
frame00362.jpg invalid_tracker_state
frame00363.jpg invalid_tracker_state
frame00364.jpg invalid_tracker_state
frame00365.jpg invalid_tracker_state
frame00366.jpg invalid_tracker_state
frame00367.jpg invalid_tracker_state
frame00368.jpg invalid_tracker_state
frame00369.jpg invalid_tracker_state
frame00370.jpg invalid_tracker_state
frame00371.jpg invalid_tracker_state
frame00372.jpg invalid_tracker_state
frame00373.jpg invalid_tracker_state
frame00374.jpg invalid_tracker_state
frame00375.jpg invalid_tracker_state
frame00376.jpg invalid_tracker_state
frame00377.jpg invalid_tracker_state
frame00378.jpg invalid_tracker_state
frame00379.jpg invalid_tracker_state
frame00380.jpg invalid_tracker_state
frame00381.jpg invalid_tracker_state
frame00382.jpg invalid_tracker_state
frame00383.jpg invalid_tracker_state
frame00384.jpg invalid_tracker_state
frame00385.jpg invalid_tracker_state
frame00386.jpg invalid_tracker_state
frame00387.jpg invalid_tracker_state
frame00388.jpg invalid_tracker_state
frame00389.jpg invalid_tracker_state
frame00390.jpg invalid_tracker_state
frame00391.jpg invalid_tracker_state
frame00392.jpg invalid_tracker_state
frame00393.jpg invalid_tracker_state
frame00394.jpg invalid_tracker_state
frame00395.jpg invalid_tracker_state
frame00396.jpg invalid_tracker_state
frame00397.jpg invalid_tracker_state
frame00398.jpg invalid_tracker_state
frame00399.jpg invalid_tracker_state
frame00400.jpg invalid_tracker_state
frame00401.jpg invalid_tracker_state
frame00402.jpg invalid_tracker_state
frame00403.jpg invalid_tracker_state
frame00404.jpg invalid_tracker_state
frame00405.jpg invalid_tracker_state
frame00406.jpg invalid_tracker_state
frame00407.jpg invalid_tracker_state
frame00408.jpg invalid_tracker_state
frame00409.jpg invalid_tracker_state
frame00410.jpg invalid_tracker_state
frame00411.jpg invalid_tracker_state
frame00412.jpg invalid_tracker_state
frame00413.jpg invalid_tracker_state
frame00414.jpg invalid_tracker_state
frame00415.jpg invalid_tracker_state
frame00416.jpg invalid_tracker_state
frame00417.jpg invalid_tracker_state
frame00418.jpg invalid_tracker_state
frame00419.jpg invalid_tracker_state
frame00420.jpg invalid_tracker_state
frame00421.jpg invalid_tracker_state
frame00422.jpg invalid_tracker_state
frame00423.jpg invalid_tracker_state
frame00424.jpg invalid_tracker_state
frame00425.jpg invalid_tracker_state
frame00426.jpg invalid_tracker_state
frame00427.jpg invalid_tracker_state
frame00428.jpg invalid_tracker_state
frame00429.jpg invalid_tracker_state
frame00430.jpg invalid_tracker_state
frame00431.jpg invalid_tracker_state
frame00432.jpg invalid_tracker_state
frame00433.jpg invalid_tracker_state
frame00434.jpg invalid_tracker_state
frame00435.jpg invalid_tracker_state
frame00436.jpg invalid_tracker_state
frame00437.jpg invalid_tracker_state
frame00438.jpg invalid_tracker_state
frame00439.jpg invalid_tracker_state
frame00440.jpg invalid_tracker_state
frame00441.jpg invalid_tracker_state
frame00442.jpg invalid_tracker_state
frame00443.jpg invalid_tracker_state
frame00444.jpg invalid_tracker_state
frame00445.jpg invalid_tracker_state
frame00446.jpg invalid_tracker_state
frame00447.jpg invalid_tracker_state
frame00448.jpg invalid_tracker_state
frame00449.jpg invalid_tracker_state
frame00450.jpg invalid_tracker_state
frame00451.jpg invalid_tracker_state
frame00452.jpg invalid_tracker_state
frame00453.jpg invalid_tracker_state
frame00454.jpg invalid_tracker_state
frame00455.jpg invalid_tracker_state
frame00456.jpg invalid_tracker_state
frame00457.jpg invalid_tracker_state
frame00458.jpg invalid_tracker_state
frame00459.jpg invalid_tracker_state
frame00460.jpg invalid_tracker_state
frame00461.jpg invalid_tracker_state
frame00462.jpg invalid_tracker_state
frame00463.jpg invalid_tracker_state
frame00464.jpg invalid_tracker_state
frame00465.jpg invalid_tracker_state
frame00466.jpg invalid_tracker_state
frame00467.jpg invalid_tracker_state
frame00468.jpg invalid_tracker_state
frame00469.jpg invalid_tracker_state
frame00470.jpg invalid_tracker_state
frame00471.jpg invalid_tracker_state
frame00472.jpg invalid_tracker_state
frame00473.jpg invalid_tracker_state
frame00474.jpg invalid_tracker_state
frame00475.jpg invalid_tracker_state
frame00476.jpg invalid_tracker_state
frame00477.jpg invalid_tracker_state
frame00478.jpg invalid_tracker_state
frame00479.jpg invalid_tracker_state
frame00480.jpg invalid_tracker_state
frame00481.jpg invalid_tracker_state
frame00482.jpg invalid_tracker_state
frame00483.jpg invalid_tracker_state
frame00484.jpg invalid_tracker_state
frame00485.jpg invalid_tracker_state
frame00486.jpg invalid_tracker_state
frame00487.jpg invalid_tracker_state
frame00488.jpg invalid_tracker_state
frame00489.jpg invalid_tracker_state
frame00490.jpg invalid_tracker_state
frame00491.jpg invalid_tracker_state
frame00492.jpg invalid_tracker_state
frame00493.jpg invalid_tracker_state
frame00494.jpg invalid_tracker_state
frame00495.jpg invalid_tracker_state
frame00496.jpg invalid_tracker_state
frame00497.jpg invalid_tracker_state
frame00498.jpg invalid_tracker_state
frame00499.jpg invalid_tracker_state
frame00500.jpg invalid_tracker_state
frame00501.jpg invalid_tracker_state
frame00502.jpg invalid_tracker_state
frame00503.jpg invalid_tracker_state
frame00504.jpg invalid_tracker_state
frame00505.jpg invalid_tracker_state
frame00506.jpg invalid_tracker_state
frame00507.jpg invalid_tracker_state
frame00508.jpg invalid_tracker_state
frame00509.jpg invalid_tracker_state
frame00510.jpg invalid_tracker_state
frame00511.jpg invalid_tracker_state
frame00512.jpg invalid_tracker_state
frame00513.jpg invalid_tracker_state
frame00514.jpg invalid_tracker_state
frame00515.jpg invalid_tracker_state
frame00516.jpg invalid_tracker_state
frame00517.jpg invalid_tracker_state
frame00518.jpg invalid_tracker_state
frame00519.jpg invalid_tracker_state
frame00520.jpg invalid_tracker_state
frame00521.jpg invalid_tracker_state
frame00522.jpg invalid_tracker_state
frame00523.jpg invalid_tracker_state
frame00524.jpg invalid_tracker_state
frame00525.jpg invalid_tracker_state
frame00526.jpg invalid_tracker_state
frame00527.jpg invalid_tracker_state
frame00528.jpg invalid_tracker_state
frame00529.jpg invalid_tracker_state
frame00530.jpg invalid_tracker_state
frame00531.jpg invalid_tracker_state
frame00532.jpg invalid_tracker_state
frame00533.jpg invalid_tracker_state
frame00534.jpg invalid_tracker_state
frame00535.jpg invalid_tracker_state
frame00536.jpg invalid_tracker_state
frame00537.jpg invalid_tracker_state
frame00538.jpg invalid_tracker_state
frame00539.jpg invalid_tracker_state
frame00540.jpg invalid_tracker_state
frame00541.jpg invalid_tracker_state
frame00542.jpg invalid_tracker_state
frame00543.jpg invalid_tracker_state
frame00544.jpg invalid_tracker_state
frame00545.jpg invalid_tracker_state
frame00546.jpg invalid_tracker_state
frame00547.jpg invalid_tracker_state
frame00548.jpg invalid_tracker_state
frame00549.jpg invalid_tracker_state
frame00550.jpg invalid_tracker_state
frame00551.jpg invalid_tracker_state
frame00552.jpg invalid_tracker_state
frame00553.jpg invalid_tracker_state
frame00554.jpg invalid_tracker_state
frame00555.jpg invalid_tracker_state
frame00556.jpg invalid_tracker_state
frame00557.jpg invalid_tracker_state
frame00558.jpg invalid_tracker_state
frame00559.jpg invalid_tracker_state
frame00560.jpg invalid_tracker_state
frame00561.jpg invalid_tracker_state
frame00562.jpg invalid_tracker_state
frame00563.jpg invalid_tracker_state
frame00564.jpg invalid_tracker_state
frame00565.jpg invalid_tracker_state
frame00566.jpg invalid_tracker_state
frame00567.jpg invalid_tracker_state
frame00568.jpg invalid_tracker_state
frame00569.jpg invalid_tracker_state
frame00570.jpg invalid_tracker_state
frame00571.jpg invalid_tracker_state
frame00572.jpg invalid_tracker_state
frame00573.jpg invalid_tracker_state
frame00574.jpg invalid_tracker_state
frame00575.jpg invalid_tracker_state
frame00576.jpg invalid_tracker_state
frame00577.jpg invalid_tracker_state
frame00578.jpg invalid_tracker_state
frame00579.jpg invalid_tracker_state
frame00580.jpg invalid_tracker_state
frame00581.jpg invalid_tracker_state
frame00582.jpg invalid_tracker_state
frame00583.jpg invalid_tracker_state
frame00584.jpg invalid_tracker_state
frame00585.jpg invalid_tracker_state
frame00586.jpg invalid_tracker_state
frame00587.jpg invalid_tracker_state
frame00588.jpg invalid_tracker_state
frame00589.jpg invalid_tracker_state
frame00590.jpg invalid_tracker_state
frame00591.jpg invalid_tracker_state
frame00592.jpg invalid_tracker_state
frame00593.jpg invalid_tracker_state
frame00594.jpg invalid_tracker_state
frame00595.jpg invalid_tracker_state
frame00596.jpg invalid_tracker_state
frame00597.jpg invalid_tracker_state
frame00598.jpg invalid_tracker_state
frame00599.jpg invalid_tracker_state
frame00600.jpg invalid_tracker_state
frame00601.jpg invalid_tracker_state
frame00602.jpg invalid_tracker_state
frame00603.jpg invalid_tracker_state
frame00604.jpg invalid_tracker_state
frame00605.jpg invalid_tracker_state
frame00606.jpg invalid_tracker_state
frame00607.jpg invalid_tracker_state
frame00608.jpg invalid_tracker_state
frame00609.jpg invalid_tracker_state
frame00610.jpg invalid_tracker_state
frame00611.jpg invalid_tracker_state
frame00612.jpg invalid_tracker_state
frame00613.jpg invalid_tracker_state
frame00614.jpg invalid_tracker_state
frame00615.jpg invalid_tracker_state
frame00616.jpg invalid_tracker_state
frame00617.jpg invalid_tracker_state
frame00618.jpg invalid_tracker_state
frame00619.jpg invalid_tracker_state
frame00620.jpg invalid_tracker_state
frame00621.jpg invalid_tracker_state
frame00622.jpg invalid_tracker_state
frame00623.jpg invalid_tracker_state
frame00624.jpg invalid_tracker_state
frame00625.jpg invalid_tracker_state
frame00626.jpg invalid_tracker_state
frame00627.jpg invalid_tracker_state
frame00628.jpg invalid_tracker_state
frame00629.jpg invalid_tracker_state
frame00630.jpg invalid_tracker_state
frame00631.jpg invalid_tracker_state
frame00632.jpg invalid_tracker_state
frame00633.jpg invalid_tracker_state
frame00634.jpg invalid_tracker_state
frame00635.jpg invalid_tracker_state
frame00636.jpg invalid_tracker_state
frame00637.jpg invalid_tracker_state
frame00638.jpg invalid_tracker_state
frame00639.jpg invalid_tracker_state
frame00640.jpg invalid_tracker_state
frame00641.jpg invalid_tracker_state
frame00642.jpg invalid_tracker_state
frame00643.jpg invalid_tracker_state
frame00644.jpg invalid_tracker_state
frame00645.jpg invalid_tracker_state
frame00646.jpg invalid_tracker_state
frame00647.jpg invalid_tracker_state
frame00648.jpg invalid_tracker_state
frame00649.jpg invalid_tracker_state
frame00650.jpg invalid_tracker_state
frame00651.jpg invalid_tracker_state
frame00652.jpg invalid_tracker_state
frame00653.jpg invalid_tracker_state
frame00654.jpg invalid_tracker_state
frame00655.jpg invalid_tracker_state
frame00656.jpg invalid_tracker_state
frame00657.jpg invalid_tracker_state
frame00658.jpg invalid_tracker_state
frame00659.jpg invalid_tracker_state
frame00660.jpg invalid_tracker_state
frame00661.jpg invalid_tracker_state
frame00662.jpg invalid_tracker_state
frame00663.jpg invalid_tracker_state
frame00664.jpg invalid_tracker_state
frame00665.jpg invalid_tracker_state
frame00666.jpg invalid_tracker_state
frame00667.jpg invalid_tracker_state
frame00668.jpg invalid_tracker_state
frame00669.jpg invalid_tracker_state
frame00670.jpg invalid_tracker_state
frame00671.jpg invalid_tracker_state
frame00672.jpg invalid_tracker_state
frame00673.jpg invalid_tracker_state
frame00674.jpg invalid_tracker_state
frame00675.jpg invalid_tracker_state
frame00676.jpg invalid_tracker_state
frame00677.jpg invalid_tracker_state
frame00678.jpg invalid_tracker_state
frame00679.jpg invalid_tracker_state
frame00680.jpg invalid_tracker_state
frame00681.jpg invalid_tracker_state
frame00682.jpg invalid_tracker_state
frame00683.jpg invalid_tracker_state
frame00684.jpg invalid_tracker_state
frame00685.jpg invalid_tracker_state
frame00686.jpg invalid_tracker_state
frame00687.jpg invalid_tracker_state
frame00688.jpg invalid_tracker_state
frame00689.jpg invalid_tracker_state
frame00690.jpg invalid_tracker_state
frame00691.jpg invalid_tracker_state
frame00692.jpg invalid_tracker_state
frame00693.jpg invalid_tracker_state
frame00694.jpg invalid_tracker_state
frame00695.jpg invalid_tracker_state
frame00696.jpg invalid_tracker_state
frame00697.jpg invalid_tracker_state
frame00698.jpg invalid_tracker_state
frame00699.jpg invalid_tracker_state
frame00700.jpg invalid_tracker_state
frame00701.jpg invalid_tracker_state
frame00702.jpg invalid_tracker_state
frame00703.jpg invalid_tracker_state
frame00704.jpg invalid_tracker_state
frame00705.jpg invalid_tracker_state
frame00706.jpg invalid_tracker_state
frame00707.jpg invalid_tracker_state
frame00708.jpg invalid_tracker_state
frame00709.jpg invalid_tracker_state
frame00710.jpg invalid_tracker_state
frame00711.jpg invalid_tracker_state
frame00712.jpg invalid_tracker_state
frame00713.jpg invalid_tracker_state
frame00714.jpg invalid_tracker_state
frame00715.jpg invalid_tracker_state
frame00716.jpg invalid_tracker_state
frame00717.jpg invalid_tracker_state
frame00718.jpg invalid_tracker_state
frame00719.jpg invalid_tracker_state
frame00720.jpg invalid_tracker_state
frame00721.jpg invalid_tracker_state
frame00722.jpg invalid_tracker_state
frame00723.jpg invalid_tracker_state
