frame ulx uly urx ury lrx lry llx lly
frame00001.jpg      265.000000      119.000000      581.000000      119.000000      581.000000      411.000000      265.000000      411.000000
frame00002.jpg      266.604689      118.781314      582.987369      120.671842      581.228494      412.852135      265.336466      411.319685
frame00003.jpg      267.613306      118.761690      583.733901      122.433110      581.343350      413.415368      265.809432      411.067817
frame00004.jpg      269.433274      118.466616      585.073391      123.269604      582.141858      412.894493      267.246102      410.486397
frame00005.jpg      271.055092      118.995598      586.196456      124.265722      582.445133      412.999915      268.288404      411.003861
frame00006.jpg      271.630259      119.309044      586.369906      125.096705      582.077729      412.546428      268.433686      411.220732
frame00007.jpg      271.523349      119.294403      585.997665      124.934224      581.312494      411.687113      267.881203      411.239784
frame00008.jpg      269.856193      119.682459      584.503261      125.522374      579.263911      413.018815      265.757217      412.835813
frame00009.jpg      267.589263      120.601891      582.543615      126.859338      577.733729      413.610320      263.927089      413.760995
frame00010.jpg      266.200162      120.894164      581.602112      127.501457      576.637312      413.573733      262.793331      414.138161
frame00011.jpg      264.799862      119.947850      580.818261      126.566570      575.784281      412.406402      261.800422      413.973925
frame00012.jpg      263.998770      119.222063      580.555376      125.445394      575.563343      410.597422      261.611239      413.139328
frame00013.jpg      263.587381      117.942788      580.372448      124.669755      574.572018      410.814600      260.601481      413.297755
frame00014.jpg      262.326956      118.053193      579.441053      125.730578      573.127111      411.547632      259.097045      413.706380
frame00015.jpg      261.546525      117.687110      578.651885      126.603786      572.062668      411.987221      257.971466      413.220487
frame00016.jpg      261.477081      116.737533      578.674674      127.015030      571.411387      412.525467      257.399029      413.254635
frame00017.jpg      261.134797      117.257428      578.528233      129.017668      569.939393      414.104140      256.150978      414.333705
frame00018.jpg      260.528230      117.500469      577.980588      131.361785      568.585045      415.133795      255.021957      414.745157
frame00019.jpg      260.900961      116.783588      578.319381      132.030521      568.552616      414.865245      255.174458      414.252324
frame00020.jpg      261.913355      116.235524      579.532819      132.179539      569.009104      414.520769      255.861337      413.995862
frame00021.jpg      262.620777      115.885239      580.566285      132.693914      569.004727      415.082846      255.862638      414.229364
frame00022.jpg      262.711122      115.166644      581.045471      133.029763      568.441697      414.912711      255.184566      413.751536
frame00023.jpg      262.278143      113.758471      581.218426      132.741765      567.824006      414.238092      254.448781      412.665968
frame00024.jpg      262.297493      111.583291      581.793628      131.927621      567.562454      413.516042      254.093349      411.658749
frame00025.jpg      262.516184      110.767146      582.493051      131.668086      567.562937      412.610706      254.155083      411.250881
frame00026.jpg      262.681364      108.900088      583.163280      130.447058      567.408815      411.567500      253.785518      410.365879
frame00027.jpg      262.662666      107.801032      583.927515      130.052116      567.629747      411.505929      253.778987      410.265140
frame00028.jpg      263.511278      107.804405      585.322616      130.743078      568.346534      413.122025      254.105997      411.183562
frame00029.jpg      263.624820      107.619623      586.289446      131.726413      568.328427      413.936787      253.344473      411.149864
frame00030.jpg      263.126863      107.921348      586.631319      132.102428      568.499970      414.948191      253.186318      412.445454
frame00031.jpg      263.118679      108.837343      587.230274      132.993380      568.769457      415.899177      253.239184      413.599201
frame00032.jpg      263.291760      109.628245      587.851575      134.412608      568.677297      417.205673      253.048137      414.527038
frame00033.jpg      263.748786      109.819723      588.527165      135.277522      568.979871      417.179889      253.480995      414.390838
frame00034.jpg      264.749398      108.976987      589.411664      135.032925      569.040007      416.471143      253.659025      413.644216
frame00035.jpg      265.071589      108.399445      589.723465      135.395186      568.408400      416.339112      253.447878      413.995764
frame00036.jpg      265.426600      107.933810      590.129950      135.031868      568.357219      414.467308      254.010507      413.313325
frame00037.jpg      266.467212      106.713730      591.232905      133.735278      568.922020      412.958995      255.121677      412.761161
frame00038.jpg      267.506645      106.460218      592.315413      133.426533      569.464551      412.695947      255.727401      413.277459
frame00039.jpg      267.738596      107.086007      592.949834      133.672113      569.556931      412.665616      255.853463      414.230895
frame00040.jpg      267.608034      107.198975      593.339779      133.137691      569.993668      411.955380      256.084462      414.368581
frame00041.jpg      267.999896      107.032058      594.113117      132.399465      570.978289      411.042350      257.165673      414.415486
frame00042.jpg      269.156932      106.637890      595.502933      131.542299      571.768651      410.618725      258.174110      414.943808
frame00043.jpg      270.128267      106.999177      596.386955      132.117296      571.796526      410.216642      258.597276      415.070715
frame00044.jpg      270.977074      105.750141      596.996004      131.759194      571.408774      409.190553      258.730852      413.908330
frame00045.jpg      272.016467      104.341249      597.594288      131.537098      570.834843      408.316668      258.899971      412.890087
frame00046.jpg      273.167828      103.422978      597.787295      132.243934      569.600380      408.817104      258.495073      412.542014
frame00047.jpg      274.125343      103.105743      597.588979      134.426307      568.029183      409.982992      258.011300      412.681332
frame00048.jpg      275.758275      103.829026      597.933892      137.586206      566.680825      411.167224      257.934606      413.190809
frame00049.jpg      277.608943      104.275968      598.695947      139.908995      565.805555      411.752166      258.514323      413.684214
frame00050.jpg      280.420197      105.425323      600.069895      142.546608      565.626716      412.643002      259.706860      414.235178
frame00051.jpg      283.135564      106.603046      601.675573      145.077815      565.199973      414.530975      260.510664      415.766497
frame00052.jpg      285.133798      109.341259      602.678485      149.525453      564.847937      417.701299      260.897421      418.165192
frame00053.jpg      287.615456      111.538866      604.111349      153.439047      565.249897      420.478947      261.881046      419.574463
frame00054.jpg      290.037960      112.749245      605.769159      156.806684      565.405791      422.838855      262.570754      420.250847
frame00055.jpg      292.558388      113.356600      607.466547      159.650846      565.626156      423.797139      263.431568      419.979092
frame00056.jpg      295.608828      113.377292      609.507779      161.156306      565.838240      424.199067      264.571044      419.874509
frame00057.jpg      298.274773      112.509855      611.313905      162.189266      565.725781      423.531757      265.254392      417.990135
frame00058.jpg      300.283641      110.129288      613.053404      161.412776      566.048893      422.351578      265.899451      416.556929
frame00059.jpg      302.016773      109.052255      614.832740      160.736525      566.721882      421.419268      266.745639      416.017951
frame00060.jpg      302.784184      107.799512      616.162861      159.684971      566.973942      420.406773      266.559433      414.875472
frame00061.jpg      302.151360      106.012696      616.352341      158.181382      566.870671      419.228005      266.069585      414.146496
frame00062.jpg      301.647973      105.070441      616.524946      156.318601      566.821491      417.492440      265.921062      413.695306
frame00063.jpg      300.938776      103.906869      615.990431      154.959561      565.645431      416.233780      264.735615      413.142867
frame00064.jpg      299.860468      102.967161      615.082540      154.452822      564.202598      415.330517      263.403486      412.745601
frame00065.jpg      298.974606      102.157709      614.087617      153.915123      562.732119      414.831960      261.974865      412.682163
frame00066.jpg      297.843789      100.769566      612.751907      153.867665      560.647997      414.273049      259.892088      411.617597
frame00067.jpg      297.084612       99.423359      611.925377      153.907403      559.366602      413.882465      258.864076      410.727337
frame00068.jpg      297.251033       98.605752      611.758223      153.771885      558.566911      413.336005      258.536845      410.319293
frame00069.jpg      297.608068       98.395247      611.424134      153.995939      557.744334      412.816157      258.196078      410.347454
frame00070.jpg      298.235984       97.996936      611.415437      153.879661      556.855371      411.833478      258.229275      409.845793
frame00071.jpg      299.290464       96.632435      611.116613      152.712777      555.618712      409.446855      258.250984      408.573813
frame00072.jpg      300.061777       95.816118      610.928855      151.975357      554.315283      407.227310      258.428020      407.444234
frame00073.jpg      301.669761       94.245297      610.836098      150.894419      553.652144      406.420038      258.918318      407.041996
frame00074.jpg      303.336764       96.919567      611.154324      153.627796      553.251524      409.181511      260.060092      410.508849
frame00075.jpg      304.935368      100.603384      611.421478      157.442484      553.127252      411.733807      260.440484      412.975886
frame00076.jpg      306.077318      103.786868      611.405117      160.418775      553.524162      413.415239      261.220807      415.353221
frame00077.jpg      308.026970      106.228878      612.582970      161.825985      554.851183      414.391392      263.082434      417.562769
frame00078.jpg      309.424836      108.715239      613.530503      163.363652      555.630527      415.560073      264.194610      419.268868
frame00079.jpg      310.888685      110.041151      613.885300      164.665164      555.465231      416.687574      264.705217      420.396707
frame00080.jpg      312.643946      112.241357      613.938636      167.853378      554.259009      419.142897      264.882974      421.942195
frame00081.jpg      314.394111      113.040969      613.567911      170.547811      552.761113      419.784710      264.730617      421.619284
frame00082.jpg      316.695949      112.760239      613.472120      172.387678      551.273087      419.495172      265.073926      420.443892
frame00083.jpg      319.693788      112.790507      613.900991      174.034356      550.109556      419.950137      266.081077      420.385445
frame00084.jpg      322.729800      114.329100      614.042252      176.852973      548.893448      420.909877      266.588516      420.684658
frame00085.jpg      324.442447      115.045160      613.886909      178.359200      548.491410      421.502032      266.848735      420.663241
frame00086.jpg      325.214220      115.619383      614.131511      179.286120      548.956102      421.637831      267.444675      420.924352
frame00087.jpg      326.082663      115.973064      614.820384      179.214168      549.458442      421.266595      268.223325      420.810238
frame00088.jpg      326.551773      115.540144      615.397305      178.521599      549.925210      420.482079      268.882095      419.958193
frame00089.jpg      326.873007      114.289434      615.739960      176.760546      550.613789      419.050078      269.473007      419.318687
frame00090.jpg      327.056778      114.221716      615.686349      175.507509      550.781886      418.124716      270.121696      419.705627
frame00091.jpg      327.502422      115.304121      615.542176      175.624490      550.652661      417.800103      271.240608      420.707280
frame00092.jpg      329.270234      116.379724      615.016787      175.388520      550.273172      415.465291      273.128960      420.687822
frame00093.jpg      332.609853      117.641500      614.923119      174.292021      550.005976      412.113275      276.551093      420.614600
frame00094.jpg      336.835282      119.309469      614.690057      173.779515      549.095308      410.130134      279.414314      420.953664
frame00095.jpg      339.739142      120.563091      612.834194      174.099083      547.436305      408.584492      280.713740      420.181121
frame00096.jpg      341.355680      119.691706      611.360881      173.650815      546.290848      407.348048      281.688448      418.871934
frame00097.jpg      342.392067      118.439543      609.825235      172.689380      544.659553      405.620730      281.737186      417.422414
frame00098.jpg      342.665822      117.818916      607.649981      172.932067      542.404551      405.171888      281.014321      416.679461
frame00099.jpg      343.318014      117.944290      605.656176      173.819199      539.942240      404.520224      280.912506      416.451638
frame00100.jpg      345.208277      119.109851      603.478834      174.926715      536.762411      404.180692      280.615124      416.246824
frame00101.jpg      347.190341      120.401245      601.342045      177.586320      533.546301      405.539757      280.847273      416.080770
frame00102.jpg      350.500058      121.477462      600.113787      181.901486      531.444116      406.811550      282.538919      415.612127
frame00103.jpg      356.892424      123.745734      600.695883      185.629429      531.069538      407.492556      286.138675      415.378479
frame00104.jpg      363.569410      125.827939      602.099641      189.665111      530.629974      409.777946      289.710954      414.819494
frame00105.jpg      369.356096      128.755754      602.858388      195.434548      529.847465      413.204259      292.580072      415.312596
frame00106.jpg      374.322269      132.289191      603.672292      200.802000      530.196900      416.387722      295.660934      416.524209
frame00107.jpg      377.803940      136.696167      604.093438      206.477079      530.322134      420.996033      297.892131      418.909929
frame00108.jpg      379.222500      142.415160      603.368670      212.010735      529.980212      425.526055      299.279113      422.712211
frame00109.jpg      379.032682      147.943480      601.486199      216.520159      530.176629      429.572242      299.832529      426.448008
frame00110.jpg      377.289643      151.336074      599.002913      219.282012      530.669709      432.579506      299.798357      429.592586
frame00111.jpg      374.249859      153.456838      596.682857      219.713570      531.756041      433.751883      300.024538      432.372413
frame00112.jpg      370.989062      154.875017      594.249933      217.446354      533.362763      432.945619      300.971503      433.998923
frame00113.jpg      366.496868      154.081362      591.220898      214.293526      534.713847      431.795783      301.248958      434.809645
frame00114.jpg      361.290687      153.250470      588.119347      210.333432      536.360754      430.196592      301.551734      434.941835
frame00115.jpg      356.247134      152.708772      585.535550      205.378689      538.964129      427.646968      302.466036      435.194275
frame00116.jpg      351.341707      150.839856      583.605122      199.816787      542.301125      424.947812      303.695851      434.098118
frame00117.jpg      346.546380      148.028441      583.089524      194.779667      546.324802      423.172379      303.720031      432.695611
frame00118.jpg      341.898278      146.330621      584.142536      189.441202      552.185229      421.671190      304.734224      431.746578
frame00119.jpg      336.723404      144.254218      585.579753      183.722972      558.540175      420.054665      304.527340      431.597117
frame00120.jpg      331.001246      143.677310      586.956149      178.898388      564.601267      419.719409      303.772864      432.624297
frame00121.jpg      326.070586      144.492853      588.872186      174.925979      571.036673      419.974081      303.558811      434.482871
frame00122.jpg      322.207415      144.508706      591.540509      170.652809      577.334078      420.454880      303.398719      435.529034
frame00123.jpg      319.059576      146.517707      593.977604      168.705366      583.657216      423.030459      303.522637      438.813559
frame00124.jpg      317.312790      148.144277      597.151684      166.678674      590.066395      424.684318      304.179813      439.438311
frame00125.jpg      316.376264      148.084922      600.573538      164.393077      596.226054      426.880779      305.359529      439.922411
frame00126.jpg      317.162050      149.513323      604.740256      163.811994      602.489533      430.012172      307.456214      440.922834
frame00127.jpg      319.456390      150.352880      609.860025      163.815841      608.408967      433.000660      310.102112      441.059156
frame00128.jpg      322.727538      150.590511      615.010955      164.358881      614.085546      436.105959      312.986776      440.818887
frame00129.jpg      326.320273      151.215774      620.457057      165.810669      619.390071      440.458520      315.373694      440.844365
frame00130.jpg      329.278267      151.900455      625.203706      166.700602      624.480669      443.679353      317.093178      440.519755
frame00131.jpg      330.975038      153.599479      628.996786      167.054296      628.915058      447.635910      318.441352      442.306846
frame00132.jpg      332.052070      156.159950      631.881006      168.615682      632.837616      451.879964      319.340107      443.809668
frame00133.jpg      333.559824      157.492659      635.419425      168.045888      637.740528      453.679405      321.267299      444.223001
frame00134.jpg      334.760395      158.805832      638.712384      166.636627      641.346307      456.215825      321.971025      445.639945
frame00135.jpg      334.166293      160.677752      639.899697      166.798383      642.770012      459.432735      321.016511      447.088237
frame00136.jpg      333.018190      161.924527      640.147838      166.490927      643.497148      461.785509      319.676704      448.014839
frame00137.jpg      331.543748      162.770092      639.539351      165.685543      643.430891      463.194583      317.996731      448.397672
frame00138.jpg      329.686582      164.229544      638.057830      164.294368      643.598303      463.274909      317.000493      449.260112
frame00139.jpg      328.095797      165.423711      636.528430      161.462036      643.991943      462.364014      316.529673      450.150830
frame00140.jpg      326.786211      167.285528      634.851731      159.310576      644.293737      461.619736      316.348843      451.014734
frame00141.jpg      325.757670      168.423803      633.403390      156.729988      643.961526      461.358955      315.788664      451.571125
frame00142.jpg      323.678879      170.035381      630.710228      155.358692      641.885457      462.021529      313.726400      452.886189
frame00143.jpg      320.929728      172.222562      627.110314      154.092043      639.632099      462.676912      311.437977      454.086048
frame00144.jpg      318.285816      174.127551      623.650681      152.407542      637.324586      463.743140      309.093394      455.790039
frame00145.jpg      315.154964      175.856214      619.768556      151.381531      633.929908      465.490500      306.041130      457.337613
frame00146.jpg      311.921597      177.649908      615.680392      150.545404      630.680927      466.650779      303.050162      458.317889
frame00147.jpg      309.626726      177.557198      612.356999      147.468904      628.373201      464.858726      301.267369      456.776471
frame00148.jpg      308.273103      175.392515      609.897067      142.025183      626.575259      462.421092      300.017834      454.417594
frame00149.jpg      306.799670      174.002907      607.489853      137.068674      624.799438      460.059268      299.033252      452.884703
frame00150.jpg      304.967586      172.175156      604.753305      131.059091      622.833391      456.371082      297.718855      450.693427
frame00151.jpg      303.050638      169.758481      601.811378      124.496543      621.094514      452.554054      296.758124      448.467974
frame00152.jpg      301.520015      168.311532      598.998845      117.830446      619.714957      449.926130      296.480434      448.034310
frame00153.jpg      299.940339      168.129750      595.416535      112.120488      617.313802      447.023853      295.603098      447.603061
frame00154.jpg      298.043924      168.368842      590.966770      106.285311      614.743244      445.072844      295.185647      448.290632
frame00155.jpg      297.056340      169.599080      586.713026      101.242620      612.594871      443.747520      295.589759      449.513190
frame00156.jpg      296.634498      171.312914      582.215450       96.704907      608.693378      443.113760      295.655366      450.673089
frame00157.jpg      295.767130      173.363681      576.239756       92.902960      603.893887      442.388404      294.894662      452.469945
frame00158.jpg      294.156142      176.056312      569.902060       89.477821      599.141932      441.823955      294.118788      454.611340
frame00159.jpg      292.494664      178.008750      563.573209       86.434861      594.670353      441.581207      293.623641      456.548549
frame00160.jpg      291.316868      180.144806      558.866828       84.894317      592.179557      441.223919      294.000021      458.444941
frame00161.jpg      290.621353      182.036139      555.394041       83.506435      589.965129      440.857923      294.163136      459.842854
frame00162.jpg      289.808339      183.431898      552.101600       82.546820      587.482094      440.407834      293.792737      460.878106
frame00163.jpg      289.102681      184.959630      549.073147       82.089873      585.082857      439.472569      293.188816      461.788780
frame00164.jpg      288.624953      186.040486      546.334930       81.383302      582.995134      438.053568      293.032720      462.113637
frame00165.jpg      288.711999      186.875842      544.288410       80.416295      581.899847      436.138082      293.633143      462.377482
frame00166.jpg      288.817236      187.971141      543.071539       79.649468      581.407484      434.418625      293.934177      462.980219
frame00167.jpg      287.972465      189.184559      541.349445       79.051680      580.200881      433.029503      293.154309      464.378198
frame00168.jpg      286.874900      191.102668      539.204517       79.727464      579.118757      432.136645      292.773541      465.618921
frame00169.jpg      286.195961      192.486041      537.742622       79.943202      578.968468      430.071893      292.822727      466.451843
frame00170.jpg      285.509947      194.581575      536.079425       79.199300      578.707218      427.029021      293.006158      468.248052
frame00171.jpg      284.406634      197.257572      533.483476       78.379878      577.768919      423.225826      292.800738      469.970713
frame00172.jpg      283.543791      200.090778      530.571868       76.897468      577.018129      419.010558      293.138080      471.917638
frame00173.jpg      282.179020      202.733294      527.334365       75.105824      576.284193      413.052289      293.394657      473.266034
frame00174.jpg      279.976780      205.745869      523.492108       72.322634      575.976749      406.307895      293.405230      475.529695
frame00175.jpg      276.945160      209.141115      519.111022       69.192191      575.861886      398.531988      293.350319      478.565632
frame00176.jpg      274.180545      213.916312      514.445160       66.587818      576.364772      390.077528      294.047414      482.164221
frame00177.jpg      271.673141      219.113770      510.257006       64.138186      577.838027      381.323636      295.247027      486.339482
frame00178.jpg      268.951874      225.126162      506.117427       62.241121      578.548288      373.678072      296.058616      491.405008
frame00179.jpg      266.169230      231.599571      500.791979       61.351461      577.701740      365.707223      296.822553      495.314344
frame00180.jpg      263.856525      237.129292      495.001094       59.374928      576.146477      357.633659      297.603738      498.864537
frame00181.jpg      262.169993      241.951471      489.063947       57.803221      574.293658      349.779566      299.246375      501.039809
frame00182.jpg      260.871443      246.911102      483.805054       56.118714      572.365413      342.567896      300.672322      503.797901
frame00183.jpg      257.988403      252.489685      477.537309       55.258480      568.351825      335.844116      299.922400      507.198298
frame00184.jpg      253.554737      258.004773      469.867207       55.416218      562.978790      329.106022      297.780153      510.031493
frame00185.jpg      247.441573      262.558621      460.893753       54.502586      557.276241      321.198431      294.844150      512.494453
frame00186.jpg      240.782751      267.045504      452.262896       53.964751      552.534577      314.308158      292.049552      515.062127
frame00187.jpg      234.054460      270.110485      444.334647       53.587340      548.128359      306.283614      289.194694      515.835831
frame00188.jpg      227.989683      272.773423      437.063635       52.007304      544.597095      298.706897      287.126749      516.372574
frame00189.jpg      222.574732      274.296806      430.711804       50.729925      541.504319      291.880555      285.083069      516.215630
frame00190.jpg      218.017304      276.134640      425.693233       50.118820      539.209123      286.654133      283.740430      516.881806
frame00191.jpg      214.381285      278.892420      421.484474       50.193334      537.678949      282.767667      283.393227      518.617900
frame00192.jpg      210.597085      281.878761      417.736422       51.343725      536.424808      280.605919      282.873845      520.715288
frame00193.jpg      206.133940      284.548738      414.560859       52.790810      535.898031      280.178131      281.957720      523.764763
frame00194.jpg      201.109401      285.901909      412.089474       54.463238      535.661284      281.455905      280.101833      525.272373
frame00195.jpg      194.808088      284.916223      410.190089       54.673726      534.417625      283.288582      275.774975      526.126626
frame00196.jpg      187.191368      282.877484      408.166691       55.021624      532.767775      286.035684      270.033567      526.902411
frame00197.jpg      179.577777      279.682027      407.189384       55.145250      531.806991      290.694092      264.156231      527.950319
frame00198.jpg      172.883202      275.181478      409.096717       57.186604      532.137778      297.585105      258.572193      528.552440
frame00199.jpg      167.797952      268.819275      413.857212       58.528884      534.156689      304.723526      254.334153      527.137519
frame00200.jpg      164.999638      261.201789      421.375457       60.417745      537.162829      312.561545      250.890560      525.097320
frame00201.jpg      164.588657      253.366193      430.753753       63.491610      541.684498      321.726135      249.096348      523.044852
frame00202.jpg      166.512539      244.796065      441.757635       66.452409      547.025081      330.261521      248.629945      520.015552
frame00203.jpg      170.385324      236.692027      452.994849       69.688627      552.433784      339.263804      249.707557      517.702488
frame00204.jpg      172.699727      231.412176      467.332844       75.952408      547.620233      338.627321      252.056593      513.497251
frame00205.jpg      178.596232      227.446702      481.127271       80.436234      546.194031      336.253087      255.033717      508.151251
frame00206.jpg      189.019634      231.101070      491.519654       79.812712      543.855666      329.152244      258.304537      504.772905
frame00207.jpg      200.096205      233.502234      499.360398       79.562872      540.282279      324.955865      260.078815      502.478117
frame00208.jpg      213.338819      243.057311      509.459434       75.856373      538.253847      316.655397      261.393597      498.822462
frame00209.jpg      227.697719      246.184746      513.757629       73.613801      536.462375      314.484950      263.675858      495.103440
frame00210.jpg      248.244727      257.006568      526.957006       60.076286      533.095735      308.839486      267.250331      488.526942
frame00211.jpg      259.891937      268.324187      528.783521       59.684938      531.393175      303.392861      266.841876      492.820524
frame00212.jpg      263.879520      273.344015      529.223199       59.589206      530.448196      300.448255      265.463201      495.558640
frame00213.jpg      268.949301      277.135238      530.981517       58.365863      529.843423      297.921256      264.409290      495.840054
frame00214.jpg      272.860105      284.049617      533.429904       57.242534      531.353413      293.422229      262.914078      496.556397
frame00215.jpg      272.547627      286.644780      535.815115       54.670469      530.963546      291.235421      262.413211      496.601510
frame00216.jpg      271.635102      291.431537      536.611345       53.336053      530.055693      288.657061      261.908110      497.208997
frame00217.jpg      270.603299      293.527538      537.742213       52.213247      529.206638      287.797373      261.333235      497.408994
frame00218.jpg      271.575703      300.732272      539.850520       51.922403      527.662048      284.873328      259.617186      498.750187
frame00219.jpg      271.416048      301.682774      540.105051       51.875253      527.248037      284.456606      259.156989      499.264467
frame00220.jpg      273.797962      311.869550      543.059413       51.605318      527.090470      278.323057      258.330453      498.535761
frame00221.jpg      273.162070      315.687848      543.815412       50.864908      526.823247      275.580334      258.717299      497.512200
frame00222.jpg      270.557808      334.215957      548.987710       46.686890      526.771337      264.151096      261.129364      493.701178
frame00223.jpg      270.024722      336.939209      549.402636       46.777024      526.610534      262.257521      260.264704      494.629618
frame00224.jpg      269.369857      338.492954      549.427709       46.909130      525.854271      261.521292      259.905960      494.928566
frame00225.jpg      269.209199      347.238033      550.135565       47.623213      528.907213      255.696886      258.069345      496.279259
frame00226.jpg      268.080577      353.074616      549.168693       49.445986      529.031283      252.824613      256.446781      498.137909
frame00227.jpg      267.968517      360.867120      552.103109       47.395527      530.183136      246.717716      255.325861      498.957202
frame00228.jpg      267.964495      360.872214      552.101337       47.397325      530.170747      246.718096      255.325354      498.955868
frame00229.jpg      267.950532      368.712753      552.625727       46.183798      532.691336      239.073421      256.729814      497.226465
frame00230.jpg      267.375645      372.442669      553.240008       45.023292      532.668705      237.251219      257.368300      496.700218
frame00231.jpg      270.675610      379.080533      550.523724       50.995453      540.309163      224.499640      255.777710      499.110854
frame00232.jpg      271.687714      379.151175      550.356339       51.515315      539.044054      224.955218      254.938591      500.359061
frame00233.jpg      271.602749      380.085949      551.663209       50.058138      538.844503      224.580913      254.509231      500.871331
frame00234.jpg      267.321172      390.623142      548.822177       55.159374      535.666458      218.297607      251.172787      507.485720
frame00235.jpg      268.553503      391.078882      547.491326       57.862212      536.294355      216.202558      249.764731      509.556464
frame00236.jpg      269.022782      391.353878      547.681129       57.696949      536.766354      215.206902      249.624558      509.701083
frame00237.jpg      275.902938      389.540946      552.331504       52.611074      538.085104      210.595883      250.020866      508.949556
frame00238.jpg      277.994632      390.127811      554.439599       50.110625      536.616073      210.436725      249.355979      509.584551
frame00239.jpg      294.857368      392.059758      566.565167       39.698793      524.719673      199.425106      242.064047      516.461728
frame00240.jpg      295.943824      391.187101      568.825067       37.026543      521.458970      201.329710      241.488082      517.211754
frame00241.jpg      299.073024      389.296995      572.924602       32.427909      505.039185      210.587134      240.782789      518.527882
frame00242.jpg      299.346972      389.192900      571.240424       34.874581      503.389764      211.672846      240.205544      519.278972
frame00243.jpg      301.483594      391.161159      572.821303       33.597563      487.846773      217.107050      232.759184      528.872693
frame00244.jpg      301.859922      390.878227      573.558082       32.630803      486.215870      218.494575      231.775592      530.211761
frame00245.jpg      301.915364      391.010398      573.010683       33.426087      486.017533      218.411922      231.582697      530.464680
frame00246.jpg      302.351856      390.597899      573.663679       32.598147      485.687292      218.520001      231.007095      531.191608
frame00247.jpg      307.314370      388.369349      570.821606       38.744985      479.194529      219.322758      211.979034      555.334023
frame00248.jpg      299.891803      400.104770      564.218926       48.855494      474.531171      219.703271      198.270643      574.670686
frame00249.jpg      299.300483      402.509997      561.964062       52.285129      473.913826      218.943500      198.681592      574.131000
frame00250.jpg      294.353573      410.662164      557.165217       59.462305      476.219504      214.047357      195.276158      579.005071
frame00251.jpg      293.897381      414.783061      556.106212       61.850046      481.460916      204.011411      194.384407      580.245563
frame00252.jpg      292.881026      416.418392      556.804082       60.877313      480.810685      204.248953      195.209415      579.069721
frame00253.jpg      292.280187      417.715893      559.858468       56.560173      480.332302      204.221005      197.218599      576.238411
frame00254.jpg      293.863200      419.400335      566.920042       47.160445      479.028655      201.431082      200.935824      570.565682
frame00255.jpg      293.325172      420.589809      566.781597       47.447452      478.290745      201.217905      201.189644      570.257725
frame00256.jpg      289.578749      426.149211      569.128559       44.017830      476.111897      202.604492      201.774532      569.391065
frame00257.jpg      290.401979      425.337690      571.534430       40.644867      476.100249      202.175856      201.761616      569.365647
frame00258.jpg      290.663176      425.570393      576.135614       34.233811      476.027085      201.231171      200.087387      571.523500
frame00259.jpg      290.251587      426.469922      579.561145       29.566908      475.150277      201.521744      196.238421      576.812137
frame00260.jpg      290.198421      426.596923      579.494612       29.688653      475.115148      201.445778      195.903757      577.270508
frame00261.jpg      290.586580      426.525897      581.542494       26.860062      473.863775      202.465144      196.609819      576.200579
frame00262.jpg      289.401005      428.346100      583.209176       24.533626      472.831355      203.255143      196.623067      576.132139
frame00263.jpg      286.265158      434.224323      592.391369       11.611423      472.970694      201.086067      198.696192      573.135810
frame00264.jpg      285.780346      435.079337      594.826193        8.219266      471.616638      202.359315      197.558634      574.760803
frame00265.jpg      276.647383      448.315880      601.726271       -1.352259      471.364667      201.178233      190.891067      584.129910
frame00266.jpg      275.475659      450.340033      603.088356       -3.198512      473.653575      197.813580      189.722109      585.754800
frame00267.jpg      275.091885      450.938385      603.756564       -4.120470      473.856868      197.447536      189.351960      586.276827
frame00268.jpg      274.312042      452.121006      604.222153       -4.756142      473.778251      197.360393      189.089388      586.671098
frame00269.jpg      273.325170      454.867445      605.325028       -6.241693      473.422464      196.760978      189.494999      586.264762
frame00270.jpg      275.163278      453.205550      612.330590      -16.070464      474.085993      195.252244      191.123777      584.059996
frame00271.jpg      279.022033      449.493631      614.444455      -18.855701      474.809597      192.959250      194.859978      578.940895
frame00272.jpg      281.316710      447.610371      626.283950      -35.489250      478.118459      187.520404      197.777732      574.833093
frame00273.jpg      280.828499      449.082615      650.185639      -69.300305      478.440112      186.124206      200.957775      570.397570
frame00274.jpg      285.625826      443.212034      667.328435      -93.404963      480.601737      182.277642      203.440115      566.837703
frame00275.jpg      290.699024      436.750455      733.111921     -186.454291      479.720316      182.272339      207.435740      560.859775
frame00276.jpg      298.128888      426.882058      755.205556     -217.411392      479.889125      180.831598      209.909014      556.967239
frame00277.jpg      299.545947      425.156797      778.880296     -250.936244      481.388772      178.319751      212.154591      553.664005
frame00278.jpg      300.158159      424.596863      816.094740     -303.616026      479.606882      180.123265      216.428149      547.419840
frame00279.jpg      300.508237      424.196379      837.340969     -333.726460      481.474340      177.318522      219.239418      543.350054
frame00280.jpg      301.326613      423.118409      896.814188     -417.990167      482.319579      175.876269      221.805120      539.573410
frame00281.jpg      301.234083      423.281297      919.134381     -449.622064      483.302381      174.381893      222.739069      538.209172
frame00282.jpg      300.998088      423.688438      931.398389     -466.955869      484.130199      173.101298      221.807234      539.491822
frame00283.jpg      294.958752      432.336702      973.614106     -526.643219      483.248503      173.977291      218.749155      543.784270
frame00284.jpg      294.046591      433.694700      995.918190     -558.198956      483.758189      173.145189      217.862333      545.028851
frame00285.jpg      293.863641      433.968392     1001.452657     -566.033757      483.438734      173.570330      217.823493      545.083624
frame00286.jpg      292.823578      435.492508     1021.150684     -593.909358      482.967986      174.142942      217.170618      546.003440
frame00287.jpg      292.163265      436.431742     1023.221048     -596.832754      483.145076      173.841975      216.813078      546.505869
frame00288.jpg      292.084348      436.568528     1030.460452     -606.914141      483.577563      173.027929      213.274759      551.469264
frame00289.jpg      292.176321      436.440516     1038.614971     -618.432141      482.781167      174.085093      212.689435      552.284236
frame00290.jpg      291.875972      436.885868     1035.136028     -613.493510      483.007931      173.734763      212.500282      552.540107
frame00291.jpg      290.872750      438.281768     1057.582022     -645.255214      481.881402      175.125927      214.823700      549.166297
frame00292.jpg      291.124662      437.899062     1091.453023     -693.235428      480.789802      176.521397      216.061953      547.362908
frame00293.jpg      291.665374      437.120376     1155.625305     -784.159746      480.985387      176.141525      219.019091      543.109945
frame00294.jpg      291.341335      437.595051     1269.439119     -945.387165      482.178520      174.287369      224.838206      534.659701
frame00295.jpg      292.392274      436.169491     1481.359196    -1245.691711      491.355660      161.217047      232.815021      523.109734
frame00296.jpg      292.668539      435.779713     1520.787471    -1301.532708      491.643255      160.779317      233.801661      521.688779
frame00297.jpg      293.786986      434.203212     1697.760370    -1552.212244      490.756178      161.990076      237.476063      516.427984
frame00298.jpg      295.227044      432.176311     1932.633701    -1884.892226      490.393994      162.470349      240.270991      512.413331
frame00299.jpg      295.739067      431.459670     1984.991210    -1959.051627      491.387385      161.074173      240.960828      511.417042
frame00300.jpg      296.000660      431.094423     2037.451032    -2033.323345      492.276589      159.788326      241.436302      510.717632
frame00301.jpg      295.849419      431.304204     2076.845697    -2089.118503      491.695789      160.556114      241.619687      510.450648
frame00302.jpg      295.920955      431.196257     2333.178985    -2452.127804      490.366692      162.314673      242.072452      509.781575
frame00303.jpg      296.616250      430.224236     2558.987487    -2771.764856      490.797189      161.621212      241.817919      510.098419
frame00304.jpg      296.300981      430.666550     2644.525091    -2892.895254      489.316684      163.622205      241.895796      509.977196
frame00305.jpg      297.309950      429.248558     2871.976298    -3214.843462      490.819483      161.489925      241.179573      510.968274
frame00306.jpg      298.888237      427.040633     2795.186460    -3105.857426      492.438718      159.095488      241.048103      511.104761
frame00307.jpg      300.580332      424.675017     2963.254274    -3343.657452      491.404539      160.470212      240.685614      511.576833
frame00308.jpg      301.075202      423.954467     4263.030059    -5183.770317      489.635508      162.842264      240.037622      512.477745
frame00309.jpg      297.991215      428.342467     4842.819717    -6004.564601      491.359782      160.356042      239.044976      513.872465
frame00310.jpg      280.941436      452.574766    17858.369635   -24431.163426      491.012677      160.466698      234.628500      520.110567
frame00311.jpg      268.992609      469.599667    -7046.492419    10827.899691      492.617592      158.028915      232.446289      523.189794
frame00312.jpg      242.356864      507.419060    -1366.081826     2785.946921      492.076910      158.456528      230.355460      526.146578
frame00313.jpg      234.760169      518.244571    -1049.861658     2338.249376      495.054312      154.149132      229.405292      527.487994
frame00314.jpg      233.178862      520.499077    -1003.633171     2272.795273      496.181246      152.534295      229.192193      527.789299
frame00315.jpg      229.365437      525.913753     -974.062045     2230.932649      497.748735      150.272528      229.018958      528.036089
frame00316.jpg      226.451645      530.056205     -930.689541     2169.537568      499.095588      148.339481      228.911460      528.188935
frame00317.jpg      226.300205      530.273361     -927.025877     2164.352071      499.409698      147.891761      228.874669      528.240742
frame00318.jpg      224.691148      532.565564     -878.795931     2096.074039      499.817735      147.283625      228.670699      528.528764
frame00319.jpg      222.265770      536.020824     -820.519707     2013.575854      500.123202      146.812288      228.485268      528.791032
frame00320.jpg      221.611057      536.957797     -816.570766     2007.985357      500.969517      145.608491      228.406388      528.902383
frame00321.jpg      220.573121      538.432224     -791.144919     1971.983550      500.246957      146.602961      228.283966      529.075678
frame00322.jpg      220.138112      539.058925     -786.890350     1965.960664      500.984472      145.552961      228.246020      529.129189
frame00323.jpg      214.487541      547.160913     -682.623020     1818.303555      506.671709      137.419544      226.173812      532.054709
frame00324.jpg      207.641177      556.845303     -633.172303     1748.342087      506.205111      137.971225      226.582045      531.482470
frame00325.jpg      203.830243      562.253132     -622.572372     1733.363321      507.770160      135.691908      226.629659      531.417430
frame00326.jpg      203.344177      562.951022     -618.665049     1727.844545      507.880203      135.513322      226.801648      531.175338
frame00327.jpg      199.556280      568.331879     -595.088637     1694.530957      508.154587      135.025687      226.798425      531.177891
frame00328.jpg      197.753471      570.906832     -606.408478     1710.601640      509.242307      133.417562      226.671443      531.354719
frame00329.jpg      197.792184      570.864873     -624.796413     1736.638079      509.665057      132.792887      226.350502      531.806705
frame00330.jpg      196.044675      573.342974     -754.563287     1920.362443      511.579311      130.000349      225.297185      533.289389
frame00331.jpg      196.971546      572.079660     -839.765541     2041.114731      513.291586      127.522832      225.986296      532.312483
frame00332.jpg      201.327061      566.053448    -1150.561093     2481.521966      519.989561      117.941557      227.337649      530.402440
frame00333.jpg      201.022249      566.500816    -1187.008240     2533.208659      519.947336      117.960276      227.393162      530.323692
frame00334.jpg      200.608348      567.090045    -1184.139174     2529.166689      517.327736      121.631615      227.468751      530.217985
frame00335.jpg      201.203457      566.287267    -1245.013558     2615.416684      517.819477      120.892741      227.731593      529.850515
frame00336.jpg      201.311773      566.139120    -1245.999619     2616.816920      517.784292      120.938376      227.696895      529.899610
frame00337.jpg      201.206872      566.290212    -1246.768594     2617.911739      517.407186      121.466070      227.716909      529.871581
frame00338.jpg      201.170162      566.353508    -1249.283748     2621.487679      517.001465      122.022846      227.790520      529.768856
frame00339.jpg      201.307091      566.166036    -1246.432194     2617.448599      516.619373      122.549209      227.684650      529.919040
frame00340.jpg      201.754880      565.543513    -1268.809904     2649.139926      516.920636      122.117949      227.558934      530.096788
frame00341.jpg      201.706083      565.618133    -1269.908057     2650.701083      516.839313      122.224725      227.581602      530.065430
frame00342.jpg      202.261782      564.872158    -1324.962272     2728.726288      514.982428      124.790865      227.934900      529.569945
frame00343.jpg      202.532335      564.496137    -1315.293522     2715.037395      515.405604      124.185674      227.851915      529.687164
frame00344.jpg      203.313751      563.509577   -10765.793417    16103.096469      520.509022      116.771159      230.209713      526.366960
frame00345.jpg      212.789744      550.363842      829.847696     -323.359660      569.634702       47.114052      225.134865      533.544671
frame00346.jpg      219.181603      541.429888      646.883287      -64.179302      603.436235       -0.799076      222.999097      536.576617
frame00347.jpg      220.674302      539.347680      635.090831      -47.478952      616.453574      -19.227444      222.110931      537.833670
frame00348.jpg      222.139595      537.301535      614.188261      -17.871502      620.908494      -25.567028      222.048582      537.923782
frame00349.jpg      221.614295      538.047307      613.882462      -17.435530      617.614029      -20.927996      221.693499      538.427001
frame00350.jpg      221.307512      538.483791      610.710636      -12.941336      618.293316      -21.894352      221.514118      538.680911
frame00351.jpg      220.756393      539.267620      609.064013      -10.607345      618.618377      -22.365211      221.321326      538.953650
frame00352.jpg      220.452849      539.700534      608.775674      -10.198600      616.486376      -19.361253      221.206054      539.116351
frame00353.jpg      220.111069      540.187647      610.584222      -12.760808      613.772523      -15.535590      221.090990      539.278515
frame00354.jpg      219.533238      541.008812      610.377673      -12.469384      613.659338      -15.384659      221.015552      539.384947
frame00355.jpg      218.279823      542.788948      615.550050      -19.799947      615.140966      -17.495884      220.930688      539.504438
frame00356.jpg      217.797924      543.474473      615.265031      -19.398301      615.826769      -18.473265      220.876225      539.581384
frame00357.jpg      217.397880      544.042364      615.631943      -19.919654      615.899836      -18.582833      220.876685      539.580967
frame00358.jpg      217.034075      544.559501      620.150215      -26.320147      611.609447      -12.534955      220.671305      539.872008
frame00359.jpg      216.885915      544.770761      625.268607      -33.572796      606.678017       -5.575925      220.835788      539.639314
frame00360.jpg      217.851767      543.407157      624.691280      -32.759476      600.384664        3.300046      221.458554      538.755772
frame00361.jpg      218.003374      543.195643      624.734827      -32.813649      591.647083       15.627215      220.540942      540.054655
frame00362.jpg      217.305990      544.184607      620.443428      -26.729872      589.179087       19.099692      219.878097      540.994232
frame00363.jpg      216.957184      544.685371      613.067421      -16.271314      590.877239       16.679064      218.595493      542.811025
frame00364.jpg      216.664741      545.104396      612.061208      -14.831139      591.214024       16.182556      215.809175      546.752247
frame00365.jpg      215.752989      546.403260      604.470469       -4.067348      597.792721        6.859312      213.226574      550.407102
frame00366.jpg      215.401501      546.912684      595.007794        9.341718      606.658936       -5.692330      211.142345      553.356541
frame00367.jpg      213.586087      549.487183      585.648162       22.592546      604.009710       -1.977725      211.326104      553.098178
frame00368.jpg      213.542913      549.547953      591.421500       14.407982      600.897890        2.406549      211.786563      552.443565
frame00369.jpg      214.384587      548.356591      592.333417       13.109763      605.212987       -3.709832      212.602760      551.279306
frame00370.jpg      217.286158      544.247695      588.725913       18.212836      610.834962      -11.674891      216.118914      546.284015
frame00371.jpg      218.002747      543.233926      581.979659       27.763848      612.134250      -13.520694      216.823036      545.281111
frame00372.jpg      218.921119      541.936017      571.311787       42.877368      626.537100      -33.891107      216.319366      545.979188
frame00373.jpg      218.227666      542.913873      589.456387       17.174057      621.209765      -26.398088      216.004435      546.406801
frame00374.jpg      219.196427      541.541873      587.883396       19.408056      622.015298      -27.549061      216.244965      546.056834
frame00375.jpg      219.832184      540.641794      590.343646       15.922541      626.479640      -33.872995      215.946856      546.468578
frame00376.jpg      220.656432      539.474228      596.726234        6.862300      632.308261      -42.145406      217.844752      543.767278
frame00377.jpg      220.617084      539.528319      589.349144       17.316467      633.140004      -43.350942      217.461059      544.300055
frame00378.jpg      220.797455      539.273507      587.090590       20.511051      634.305362      -45.002514      217.795400      543.822350
frame00379.jpg      220.785356      539.290623      587.085989       20.517277      633.551620      -43.937993      217.798939      543.817276
frame00380.jpg      221.325982      538.524599      598.487992        4.369523      627.671528      -35.642596      216.927589      545.043637
frame00381.jpg      222.446122      536.937384      601.228551        0.485408      651.885300      -69.927035      217.549418      544.141697
frame00382.jpg      222.888958      536.311044      604.752051       -4.503993      657.167267      -77.413848      216.628005      545.439448
frame00383.jpg      223.564676      535.355451      599.462180        2.991713      658.522273      -79.337778      216.066318      546.230603
frame00384.jpg      224.902137      533.462646      593.649293       11.229982      661.798330      -83.987820      215.907600      546.446575
frame00385.jpg      225.227742      533.000815      596.010569        7.891616      655.945758      -75.720384      215.087704      547.606376
frame00386.jpg      226.320083      531.453026      596.536523        7.158620      654.833763      -74.163038      214.559361      548.347766
frame00387.jpg      228.618937      528.195778      603.378013       -2.537629      654.645104      -73.917844      218.514573      542.734140
frame00388.jpg      230.070142      526.139630      654.380647      -74.789953      654.816151      -74.189927      221.890642      537.939444
frame00389.jpg      230.063064      526.148986      654.417721      -74.843996      655.857202      -75.669936      222.212077      537.483082
frame00390.jpg      230.524042      525.493659      655.675314      -76.623509      654.077273      -73.187417      223.865177      535.136756
frame00391.jpg      232.264211      523.027848      662.197731      -85.856743      701.469179     -140.152603      224.454402      534.299649
frame00392.jpg      232.586829      522.570393      665.935468      -91.150052      717.612806     -162.965951      224.661786      534.005317
frame00393.jpg      232.601587      522.549403      667.310386      -93.097500      717.587111     -162.929307      224.681934      533.976690
frame00394.jpg      233.417109      521.393059      667.055175      -92.732122      724.482649     -172.653986      224.745881      533.885311
frame00395.jpg      234.325788      520.104985      663.329730      -87.451811      743.655322     -199.732549      224.725965      533.913127
frame00396.jpg      235.243096      518.804776      661.919293      -85.451827      783.918645     -256.618627      224.978354      533.554952
frame00397.jpg      236.379620      517.193915      657.011190      -78.500294      872.818193     -382.210136      225.430112      532.915509
frame00398.jpg      238.809127      513.748673      654.490521      -74.918718      907.012548     -430.441601      225.610907      532.659380
frame00399.jpg      240.577364      511.242472      652.978092      -72.777900     1092.529850     -692.432234      226.462479      531.452982
frame00400.jpg      243.943745      506.467565      652.211882      -71.677503     1209.419971     -857.316420      227.939542      529.359961
frame00401.jpg      245.021607      504.938686      654.502083      -74.916057     1264.402059     -934.883128      228.321970      528.817599
frame00402.jpg      246.086698      503.428368      656.881488      -78.284199     1311.375877    -1001.098262      228.702600      528.278301
frame00403.jpg      247.169422      501.892920      664.305221      -88.795697     1453.343135    -1201.450288      229.080822      527.742336
frame00404.jpg      252.074242      494.938470      658.636637      -80.752972    35569.435074   -49356.660683      230.930275      525.121411
frame00405.jpg      252.694711      494.058599      659.855346      -82.476033   -33668.747358    48372.505108      231.065992      524.929053
frame00406.jpg      253.970525      492.249246      661.156549      -84.311179    -6736.297289    10357.484862      231.364931      524.505246
frame00407.jpg      254.702744      491.211060      662.031233      -85.546960    -4249.185950     6846.977057      231.506454      524.304731
frame00408.jpg      262.866168      479.640414      654.469121      -74.810828     -180.160793     1104.210194      232.639598      522.698874
frame00409.jpg      263.536512      478.689910      655.189884      -75.829240     -160.749224     1076.778454      232.703026      522.608927
frame00410.jpg      264.723243      477.007186      652.281152      -71.706832     -120.681074     1020.193261      232.824398      522.437108
frame00411.jpg      267.396923      473.215157      654.064562      -74.249659      -23.611576      883.135570      234.234051      520.440296
frame00412.jpg      268.073992      472.254506      656.469827      -77.659752       -9.091569      862.611525      234.606738      519.912522
frame00413.jpg      268.467507      471.696141      657.515043      -79.143003        3.975608      844.160327      234.908190      519.485588
frame00414.jpg      269.439095      470.317660      658.432246      -80.452745       43.992682      787.677736      235.840672      518.164901
frame00415.jpg      270.274070      469.132957      662.275504      -85.904871       75.179243      743.650308      236.727807      516.908141
frame00416.jpg      270.516973      468.788243      665.052852      -89.839027       79.608141      737.386050      236.888373      516.680633
frame00417.jpg      270.748393      468.459788      666.932097      -92.501633       86.977615      726.984519      237.089158      516.396300
frame00418.jpg      271.523293      467.360385      668.458484      -94.669045      119.322724      681.378788      237.787484      515.407432
frame00419.jpg      271.991251      466.696467      672.441553     -100.316119      136.154501      657.630051      238.377336      514.571728
frame00420.jpg      272.240919      466.342301      672.491033     -100.388827      143.387052      647.426287      238.608557      514.244271
frame00421.jpg      273.294965      464.847327      676.303750     -105.797020      167.855008      612.916237      239.278631      513.295493
frame00422.jpg      273.570748      464.455925      679.567516     -110.419783      170.820900      608.722570      239.396595      513.128485
frame00423.jpg      273.920861      463.959306      680.654787     -111.961609      177.333608      599.540691      239.627310      512.802096
frame00424.jpg      275.883623      461.190127      708.275704     -151.052477      191.922139      579.192805      245.505855      504.421368
frame00425.jpg      270.141303      469.356205      794.218698     -272.738623      192.827787      578.169216      248.531935      500.117615
frame00426.jpg      268.901330      471.117708      823.967119     -314.862532      192.220243      579.068177      248.977450      499.484266
frame00427.jpg      267.934130      472.491574      840.119141     -337.732499      191.341923      580.337391      248.766128      499.782607
frame00428.jpg      262.742438      479.865849     1055.411573     -642.636138      190.283274      581.981864      248.346212      500.372770
frame00429.jpg      262.460875      480.265874     1070.729414     -664.330059      189.948394      582.464000      248.309128      500.425031
frame00430.jpg      262.299730      480.494875     1072.465580     -666.790057      189.773579      582.716932      248.268580      500.482302
frame00431.jpg      261.731149      481.302277     1083.958980     -683.070729      187.683003      585.687616      248.026603      500.824983
frame00432.jpg      260.071632      483.657842     1157.452296     -787.166966      185.296947      589.101718      247.754011      501.209544
frame00433.jpg      259.726102      484.149224     1177.218065     -815.160881      185.409191      588.956761      247.652535      501.352574
frame00434.jpg      259.452504      484.537706     1167.860389     -801.906531      184.663286      590.018719      247.522101      501.537068
frame00435.jpg      259.374805      484.648068     1165.350250     -798.353655      184.226546      590.638211      247.478475      501.598882
frame00436.jpg      258.945909      485.256976     1182.255189     -822.292458      182.351023      593.300336      247.198900      501.994514
frame00437.jpg      258.691482      485.618584     1173.801432     -810.326645      181.334941      594.747363      246.908735      502.405153
frame00438.jpg      258.688240      485.623193     1169.994532     -804.936572      181.255211      594.860185      246.905633      502.409567
frame00439.jpg      258.687214      485.624652     1168.775339     -803.210303      181.253731      594.862385      246.904333      502.411416
frame00440.jpg      258.609569      485.734951     1154.734752     -783.328674      180.780331      595.534582      246.799829      502.559439
frame00441.jpg      258.609558      485.734966     1154.725034     -783.314916      180.779781      595.535360      246.799823      502.559448
frame00442.jpg      258.383912      486.055458     1135.160048     -755.609601      179.397259      597.497682      246.535513      502.933673
frame00443.jpg      258.280887      486.202168     1124.855942     -741.015281      178.393611      598.922628      246.337689      503.213783
frame00444.jpg      258.192790      486.328400     1110.730449     -721.008882      177.197060      600.624451      246.050866      503.619849
frame00445.jpg      258.131194      486.416425     1100.450862     -706.453139      176.631083      601.430830      245.910728      503.818290
frame00446.jpg      258.027784      486.564484     1103.154184     -710.290776      175.324684      603.290239      245.623984      504.224352
frame00447.jpg      258.009840      486.590105     1102.715512     -709.670373      175.132915      603.563138      245.573909      504.295257
frame00448.jpg      257.981693      486.630475     1106.874639     -715.561294      174.908852      603.883677      245.471179      504.440643
frame00449.jpg      257.981598      486.630610     1106.834298     -715.504201      174.904990      603.889139      245.471125      504.440720
frame00450.jpg      257.935995      486.695667     1102.641710     -709.566373      174.490461      604.478821      245.370979      504.582466
frame00451.jpg      257.859067      486.805282     1107.992060     -717.141842      173.802561      605.456350      245.209886      504.810425
frame00452.jpg      257.727781      486.991655     1111.457235     -722.049556      172.848301      606.809782      245.052005      505.033929
frame00453.jpg      257.682513      487.056004     1114.082671     -725.770357      172.598072      607.165774      245.003753      505.102259
frame00454.jpg      257.575764      487.207734     1121.988290     -736.971322      171.966782      608.063350      244.894215      505.257371
frame00455.jpg      257.529441      487.273556     1119.849157     -733.941018      171.784434      608.322766      244.859062      505.307105
frame00456.jpg      257.481104      487.342229     1119.599166     -733.592681      171.358493      608.927203      244.826301      505.353618
frame00457.jpg      257.426224      487.420159     1118.962665     -732.692925      170.997416      609.439630      244.792434      505.401591
frame00458.jpg      257.374258      487.494041     1115.811863     -728.231153      170.897293      609.583637      244.761980      505.444695
frame00459.jpg      257.341517      487.540728     1115.434934     -727.696751      170.857289      609.642391      244.742391      505.472368
frame00460.jpg      257.207903      487.731586     1154.337048     -782.791970      169.787471      611.164740      244.696069      505.537747
frame00461.jpg      257.003224      488.021923     1143.675431     -767.695576      168.710620      612.691942      244.703007      505.527977
frame00462.jpg      256.504793      488.728827     1040.131874     -621.064528      163.541056      620.016247      244.374636      505.993008
frame00463.jpg      256.393535      488.886922     1036.333976     -615.685898      163.526175      620.041703      244.330917      506.054641
frame00464.jpg      256.371097      488.918952     1039.884852     -620.713842      163.512557      620.063011      244.295401      506.104786
frame00465.jpg      256.330340      488.977054     1046.839571     -630.559758      162.677604      621.246021      244.186122      506.259429
frame00466.jpg      256.719974      488.425529     1097.000837     -701.612613      160.052413      624.968745      245.165658      504.868886
frame00467.jpg      257.529198      487.278363     1257.764431     -929.324916      168.232981      613.387666      245.875028      503.863477
frame00468.jpg      257.974542      486.646819     1226.230549     -884.668894      172.313342      607.610193      246.117277      503.520342
frame00469.jpg      258.366003      486.091874     1225.826288     -884.092049      175.211481      603.506677      246.226987      503.364901
frame00470.jpg      258.863108      485.386968     1236.550185     -899.275608      177.966789      599.604165      246.361784      503.174069
frame00471.jpg      259.016454      485.169414     1241.382651     -906.119909      178.685227      598.585492      246.443250      503.058828
frame00472.jpg      259.494808      484.491140     1263.824298     -937.898427      178.990596      598.145648      246.851784      502.479314
frame00473.jpg      265.296993      476.274121     -675.792775     1809.026698      201.542818      566.326327      256.104480      489.347910
frame00474.jpg      265.304881      476.262916     -665.535419     1794.500397      201.494646      566.394247      256.118666      489.327776
frame00475.jpg      265.408957      476.115422     -683.580903     1820.052682      202.287825      565.272577      256.136559      489.302401
frame00476.jpg      265.507553      475.975713     -690.364823     1829.658320      203.667309      563.322041      256.166111      489.260485
frame00477.jpg      265.776989      475.594374     -841.483714     2043.675996      205.148977      561.235387      256.706562      488.493041
frame00478.jpg      265.935281      475.370482    -1002.745023     2272.055290      203.619836      563.401624      256.842630      488.300168
frame00479.jpg      265.553127      475.913197     -921.206037     2156.569859      202.371453      565.174965      256.152527      489.277133
frame00480.jpg      263.975088      478.150389     -851.496877     2057.826369      196.947894      572.863815      253.887539      492.484076
frame00481.jpg      261.850674      481.161499     -455.109973     1496.487266      195.363358      575.124972      252.368909      494.633575
frame00482.jpg      258.569776      485.809310     -299.303055     1275.845521      189.539871      583.386297      250.263001      497.614130
frame00483.jpg      255.567865      490.063457     -208.548121     1147.316299      186.717169      587.406210      247.751834      501.168169
frame00484.jpg      255.693902      489.885409     -200.551444     1135.982202      187.273308      586.624159      247.353849      501.730216
frame00485.jpg      256.004660      489.445323      -90.568619      980.241474      188.206804      585.312303      248.985773      499.416971
frame00486.jpg      255.864599      489.644655      -55.250303      930.225691      190.029420      582.742344      248.866561      499.584258
frame00487.jpg      255.557578      490.080433      -37.534427      905.138976      191.521487      580.636411      248.789749      499.692791
frame00488.jpg      254.978072      490.902015      -21.392865      882.281613      192.524593      579.222894      248.554792      500.025302
frame00489.jpg      254.719309      491.268977      -26.051341      888.877719      192.828455      578.796906      248.181296      500.553894
frame00490.jpg      255.802943      489.734935     -107.504484     1004.193453      194.356511      576.647200      246.728032      502.607523
frame00491.jpg      255.837475      489.686010     -118.125768     1019.233256      193.882207      577.319433      246.630732      502.745189
frame00492.jpg      258.626219      485.736053       13.583025      832.740329      219.480479      541.090160      250.060485      497.887134
frame00493.jpg      258.940864      485.290270       24.850120      816.786853      222.461055      536.870501      250.338707      497.493084
frame00494.jpg      259.284953      484.802774       29.482976      810.227969      224.617590      533.816402      250.542712      497.204238
frame00495.jpg      259.362173      484.693355       29.334348      810.438494      224.819034      533.530635      250.568649      497.167521
frame00496.jpg      259.506464      484.488943       29.651875      809.989196      225.642777      532.364073      250.613883      497.103476
frame00497.jpg      259.588384      484.372889       33.923319      803.940764      226.340676      531.375948      250.660203      497.037865
frame00498.jpg      261.126323      482.194270       70.715595      751.844170      239.403292      512.884440      251.231951      496.228193
frame00499.jpg      261.205785      482.081670       74.900740      745.918081      240.390862      511.486761      251.345812      496.066940
frame00500.jpg      265.233749      476.374837      118.858722      683.676277      260.439822      483.097624      252.933411      493.817867
frame00501.jpg      265.282329      476.306013      118.790246      683.773318      260.637875      482.817313      252.957944      493.783107
frame00502.jpg      265.284712      476.302634      118.817057      683.735336      260.640595      482.813444      252.961586      493.777942
frame00503.jpg      265.342453      476.220814      119.155343      683.256505      260.961381      482.359284      253.012609      493.705637
frame00504.jpg      265.887873      475.447981      120.821410      680.898724      262.331078      480.422367      253.430711      493.113224
frame00505.jpg      267.699191      472.881427      123.677268      676.858343      267.484021      473.125691      254.001875      492.304076
frame00506.jpg      267.840636      472.681002      123.832278      676.639079      267.911425      472.520660      254.039671      492.250536
frame00507.jpg      267.991518      472.467235      122.599099      678.385660      268.086453      472.273176      254.072472      492.204036
frame00508.jpg      268.038909      472.400087      124.231302      676.074077      268.244325      472.049702      254.108207      492.153393
frame00509.jpg      268.039173      472.399712      124.247186      676.051579      268.244779      472.049061      254.108519      492.152951
frame00510.jpg      268.147798      472.245803      124.434232      675.787135      268.593104      471.555849      254.163088      492.075637
frame00511.jpg      268.565441      471.654152      131.998828      665.073608      267.834092      472.632540      255.363863      490.373729
frame00512.jpg      268.637200      471.552520      129.954168      667.968828      267.651217      472.891914      255.597169      490.042939
frame00513.jpg      268.494587      471.754629      131.530646      665.735389      267.309384      473.376696      255.649513      489.968569
frame00514.jpg      268.507828      471.735904      126.718857      672.548473      266.862939      474.009258      255.635235      489.988523
frame00515.jpg      268.593464      471.614614      128.205950      670.441053      266.465081      474.573322      255.793272      489.764230
frame00516.jpg      268.626643      471.567615      129.057472      669.235116      266.338661      474.752632      255.859512      489.670274
frame00517.jpg      268.713710      471.444278      130.613283      667.032184      266.030228      475.189835      256.211384      489.171494
frame00518.jpg      268.806641      471.312669      139.578402      654.334784      265.847748      475.449094      256.597114      488.624646
frame00519.jpg      268.787417      471.340383      175.354666      603.664353      263.405194      478.916105      258.840331      485.444118
frame00520.jpg      267.238474      473.535558      193.385631      578.126553      258.364684      486.064040      259.873325      483.978608
frame00521.jpg      267.282274      473.473576      189.204788      584.046613      257.870880      486.763972      259.846811      484.015914
frame00522.jpg      267.304340      473.442339      190.217839      582.612140      257.674196      487.043073      259.979503      483.827832
frame00523.jpg      267.707897      472.870784      198.758776      570.518993      258.571514      485.776574      261.148544      482.171417
frame00524.jpg      267.777454      472.772287      201.684318      566.375775      258.594547      485.744611      261.251074      482.025974
frame00525.jpg      267.582619      473.048386      201.428294      566.738885      258.257191      486.223308      261.134218      482.191476
frame00526.jpg      267.489173      473.180825      202.056157      565.849937      258.131504      486.401676      261.114695      482.219125
frame00527.jpg      267.453558      473.231303      202.377351      565.395162      258.040582      486.530594      261.099896      482.240083
frame00528.jpg      267.430803      473.263543      202.366384      565.410742      257.990940      486.601038      261.089174      482.255267
frame00529.jpg      267.398400      473.309464      202.166215      565.694344      257.903995      486.724376      261.074208      482.276461
frame00530.jpg      267.359928      473.363998      202.087135      565.806582      257.771425      486.912445      261.041475      482.322801
frame00531.jpg      267.350018      473.378049      201.823262      566.180378      257.732419      486.967795      261.030541      482.338282
frame00532.jpg      267.302252      473.445621      197.836831      571.826423      255.529299      490.087604      260.478636      483.119774
frame00533.jpg      267.202278      473.587058      192.806207      578.951553      253.571761      492.858788      260.057228      483.716657
frame00534.jpg      266.971543      473.913897      193.092813      578.546678      251.772648      495.407366      259.654576      484.286859
frame00535.jpg      266.947673      473.947764      193.467058      578.016875      251.701289      495.508923      259.623556      484.330760
frame00536.jpg      266.940413      473.958076      193.129096      578.495569      251.582602      495.677584      259.541417      484.447047
frame00537.jpg      266.946287      473.949782      194.078022      577.151700      251.383936      495.959052      259.486304      484.525053
frame00538.jpg      266.945175      473.951358      194.047069      577.195548      251.368419      495.981021      259.486046      484.525419
frame00539.jpg      266.941081      473.957164      193.871098      577.444792      251.300438      496.077357      259.466115      484.553638
frame00540.jpg      266.940987      473.957298      193.861219      577.458784      251.299044      496.079331      259.466022      484.553770
frame00541.jpg      266.919877      473.987213      193.566041      577.876881      251.223635      496.186360      259.446528      484.581367
frame00542.jpg      266.892690      474.025746      193.680159      577.715312      251.110387      496.346885      259.421916      484.616203
frame00543.jpg      266.841187      474.098707      194.765728      576.177897      250.838827      496.731596      259.379423      484.676343
frame00544.jpg      267.132787      473.685764      198.855827      570.384729      249.996125      497.926713      259.796640      484.084782
frame00545.jpg      267.612071      473.007075      209.868230      554.788367      250.459666      497.273564      260.669498      482.847489
frame00546.jpg      267.635516      472.973871      210.233881      554.270509      250.330613      497.456296      260.704336      482.798106
frame00547.jpg      267.877270      472.631409      210.967163      553.232503      251.308067      496.071270      260.915742      482.498668
frame00548.jpg      269.531011      470.288480      224.745218      533.723967      264.209659      477.804555      263.460284      478.894784
frame00549.jpg      269.563614      470.242289      224.663096      533.840275      264.287797      477.693916      263.482591      478.863179
frame00550.jpg      270.897926      468.352361      233.498826      521.326493      263.483039      478.839273      265.831620      475.534026
frame00551.jpg      270.929786      468.307230      233.351433      521.535316      263.430394      478.913999      265.914887      475.416031
frame00552.jpg      270.917079      468.325241      233.826401      520.862609      263.359320      479.014837      265.947587      475.369676
frame00553.jpg      270.913503      468.330309      233.854862      520.822309      263.339439      479.043000      265.946779      475.370820
frame00554.jpg      270.903066      468.345098      233.857900      520.818022      263.306190      479.090095      265.942916      475.376292
frame00555.jpg      270.870115      468.391791      234.053492      520.541015      263.247783      479.172880      265.937024      475.384629
frame00556.jpg      270.862727      468.402265      234.202619      520.329776      263.206716      479.231186      265.933430      475.389694
frame00557.jpg      270.883448      468.372921      234.268870      520.235923      263.180701      479.268113      265.963994      475.346346
frame00558.jpg      270.913324      468.330603      235.122827      519.026328      263.140261      479.325495      265.997776      475.298434
frame00559.jpg      270.920967      468.319777      235.740528      518.151378      263.074125      479.419216      265.990120      475.309245
frame00560.jpg      270.951211      468.276942      235.549344      518.422208      263.353680      479.023380      266.001726      475.292802
frame00561.jpg      270.993602      468.216882      235.313749      518.755940      263.509776      478.802304      266.010549      475.280313
frame00562.jpg      271.003432      468.202955      235.341317      518.716887      263.538664      478.761390      266.013039      475.276786
frame00563.jpg      271.014166      468.187748      235.323096      518.742692      263.569562      478.717618      266.015882      475.272760
frame00564.jpg      271.025630      468.171506      235.296402      518.780500      263.602346      478.671167      266.019481      475.267661
frame00565.jpg      271.054470      468.130646      235.362403      518.687013      263.686637      478.551738      266.028650      475.254673
frame00566.jpg      271.101952      468.063378      235.414654      518.613004      263.867043      478.296236      266.042679      475.234802
frame00567.jpg      271.114720      468.045290      235.411224      518.617863      263.910783      478.234288      266.046623      475.229216
frame00568.jpg      271.115396      468.044337      235.418302      518.607845      263.956814      478.169145      266.048417      475.226674
frame00569.jpg      271.087752      468.083511      235.560361      518.406659      263.905157      478.242373      266.042306      475.235329
frame00570.jpg      271.059684      468.123285      235.654574      518.273247      263.857636      478.309751      266.037950      475.241497
frame00571.jpg      270.933233      468.302487      236.331461      517.314626      263.682216      478.558560      266.018353      475.269243
frame00572.jpg      270.919668      468.321710      236.317504      517.334409      263.663235      478.585501      266.014001      475.275406
frame00573.jpg      270.904879      468.342668      236.319265      517.331927      263.640118      478.618288      266.011355      475.279155
frame00574.jpg      270.894786      468.356973      236.365271      517.266776      263.614771      478.654215      266.008187      475.283640
frame00575.jpg      270.878180      468.380506      236.367067      517.264244      263.597781      478.678347      266.005503      475.287442
frame00576.jpg      270.862627      468.402547      236.382138      517.242911      263.577418      478.707245      266.002280      475.292006
frame00577.jpg      270.847510      468.423970      236.386924      517.236145      263.556070      478.737532      265.998707      475.297067
frame00578.jpg      270.838473      468.436778      236.336168      517.308049      263.531451      478.772429      265.994195      475.303460
frame00579.jpg      270.831022      468.447337      236.335978      517.308334      263.506083      478.808383      265.990088      475.309278
frame00580.jpg      270.818365      468.465275      236.355977      517.280020      263.487600      478.834609      265.986505      475.314353
frame00581.jpg      270.782284      468.516407      236.545944      517.010984      263.414158      478.938730      265.977326      475.327352
frame00582.jpg      270.766501      468.538772      236.693030      516.802668      263.369720      479.001684      265.973972      475.332103
