frame ulx uly urx ury lrx lry llx lly
frame00001.jpg       81.940002      119.000000      515.030029      118.980003      515.030029      373.000000       82.041000      372.980011
frame00002.jpg       79.938621      122.480409      512.792262      122.126075      513.318286      374.646390       80.199599      375.425764
frame00003.jpg       78.587336      123.748539      511.173512      123.186926      512.983991      375.449751       79.270205      376.461914
frame00004.jpg       78.372157      124.835735      510.749752      124.108459      512.995509      376.233774       79.222107      377.467547
frame00005.jpg       78.178522      125.813521      510.305617      124.902369      512.706233      376.822266       78.936773      378.383519
frame00006.jpg       78.067510      126.478300      510.043410      125.318993      512.726754      376.682791       79.095993      378.481585
frame00007.jpg       78.159474      126.537854      510.133488      125.350111      512.856957      377.489375       79.446552      379.526604
frame00008.jpg       78.732812      128.438681      510.391419      126.951000      513.329592      378.738493       79.893551      380.733909
frame00009.jpg       78.444309      129.048311      510.008717      127.528486      512.950296      379.652782       79.300020      381.981136
frame00010.jpg       78.234689      131.133679      509.653764      129.570397      512.876412      381.322804       79.151450      383.795005
frame00011.jpg       78.286325      131.670009      509.689754      130.088412      513.222372      381.818215       79.436601      384.251645
frame00012.jpg       79.364186      132.738510      510.409714      131.458564      514.269542      383.981478       80.336579      386.100638
frame00013.jpg       80.695327      134.367933      511.771901      133.318402      515.290673      384.720449       81.493852      386.363920
frame00014.jpg       81.628695      133.619675      512.498055      132.932460      515.638637      384.276752       81.852860      385.378466
frame00015.jpg       82.189220      133.795849      512.997550      133.633190      515.915659      386.112668       81.659848      386.757764
frame00016.jpg       82.092715      134.967651      512.940047      135.171245      515.489364      386.719636       81.233040      387.022122
frame00017.jpg       81.746218      135.205512      512.478729      135.480900      515.378396      387.512771       81.024071      387.989153
frame00018.jpg       82.092302      136.309073      512.826298      136.591768      515.961620      388.152681       81.561079      388.612121
frame00019.jpg       82.717672      136.558988      513.214022      136.653926      516.460560      388.182374       81.954980      388.788557
frame00020.jpg       82.736657      136.593330      513.314845      136.533930      516.355426      387.500902       81.925543      388.256428
frame00021.jpg       82.509967      135.601155      513.188942      135.533595      516.216549      386.746506       81.723747      387.376178
frame00022.jpg       81.950304      134.757408      513.204084      134.781985      515.719560      385.655899       81.532532      386.403467
frame00023.jpg       81.744979      133.217095      513.111645      133.560170      515.663368      384.636208       81.529334      385.238159
frame00024.jpg       82.074799      133.318685      513.516033      133.746092      516.269643      385.841685       81.377204      386.241905
frame00025.jpg       81.606237      133.703298      513.657799      134.101602      516.190443      385.990521       80.947980      386.372359
frame00026.jpg       81.372204      133.904284      513.309406      134.298797      515.847669      386.286209       81.299637      386.784176
frame00027.jpg       81.669359      134.475359      513.026647      135.105832      515.453297      386.335893       81.459719      386.828426
frame00028.jpg       82.271610      134.825143      512.823828      135.304329      515.404948      386.184448       82.169786      386.720723
frame00029.jpg       83.171570      134.913018      513.075153      135.332487      515.985744      385.710690       83.218976      386.258682
frame00030.jpg       83.971361      134.853082      514.038758      135.099469      517.230226      385.952440       83.994263      386.521593
frame00031.jpg       84.666262      134.751272      515.104254      134.642170      517.849743      385.421251       84.466024      386.138123
frame00032.jpg       84.628966      133.842957      515.617769      133.582813      518.394473      385.028786       84.844069      385.758920
frame00033.jpg       85.351160      134.208821      516.278498      133.982497      519.007059      385.746749       85.730328      386.135000
frame00034.jpg       85.930007      134.615714      516.818334      134.378776      519.555662      385.796144       86.204174      386.147681
frame00035.jpg       86.861604      134.672113      517.416727      134.305347      520.481509      385.813722       87.176425      386.019537
frame00036.jpg       88.449320      134.588971      518.762511      134.457606      522.131347      386.097630       89.183724      385.902996
frame00037.jpg       90.944284      135.350087      520.943620      134.993265      523.921154      386.918688       91.633988      386.413830
frame00038.jpg       92.791339      135.857302      522.337212      135.459980      525.282267      387.026622       92.797318      386.278597
frame00039.jpg       93.988470      136.287151      523.245050      135.666999      526.063449      387.858167       93.707562      386.826577
frame00040.jpg       94.652646      137.581319      523.504533      136.818980      526.706697      389.107563       94.128076      388.374019
frame00041.jpg       95.301318      139.420751      523.669108      138.173381      527.181743      390.751593       94.412688      390.165400
frame00042.jpg       95.494371      141.546015      523.348344      140.059984      526.926150      392.157562       94.545242      391.950640
frame00043.jpg       94.920534      142.906758      522.400286      141.176804      526.035048      392.933656       93.585853      393.203948
frame00044.jpg       94.642922      144.984838      520.976658      142.894922      525.579878      395.799384       92.988819      396.573518
frame00045.jpg       94.871117      149.705077      520.522688      146.965657      525.919323      399.134866       93.344551      400.501224
frame00046.jpg       94.936817      151.633862      519.964319      148.518812      525.943677      399.498856       93.590679      401.144914
frame00047.jpg       95.384506      152.880058      520.006846      149.365254      526.581314      400.533904       94.380746      402.556031
frame00048.jpg       95.986099      154.265250      520.211523      150.128269      527.026814      400.516758       95.019390      402.985369
frame00049.jpg       96.283218      154.585754      520.057878      149.833994      527.267130      400.116564       95.218515      403.078281
frame00050.jpg       96.459788      154.589341      519.776992      149.331225      526.995809      398.905174       95.267074      402.362501
frame00051.jpg       95.675287      152.588975      519.099621      146.992220      526.607059      395.758175       94.873530      399.548520
frame00052.jpg       95.658048      149.999543      519.146496      144.307329      526.974266      393.249110       95.895438      397.168462
frame00053.jpg       96.721991      148.013998      520.086088      142.000924      527.708054      390.639651       96.984525      394.533724
frame00054.jpg       97.468511      145.925696      520.618265      139.456587      528.449487      388.594965       97.941037      392.795904
frame00055.jpg       98.003468      145.009599      521.323567      137.939454      529.454372      387.583733       99.095245      392.239011
frame00056.jpg       98.738478      145.240297      521.912731      137.338074      530.296025      387.171385       99.863106      392.297108
frame00057.jpg       98.788673      145.346518      521.767148      136.566965      530.688748      386.601036      100.076842      392.571981
frame00058.jpg      100.261776      146.849683      522.298448      137.356605      532.830952      389.661388      101.886469      396.160573
frame00059.jpg      101.348567      153.184069      525.108121      142.955924      530.867388      386.462199      108.812870      394.002271
frame00060.jpg      105.368722      155.755490      525.793227      145.292885      537.272110      395.729452      106.516573      402.002088
frame00061.jpg      107.468756      156.156322      527.130064      145.371253      539.289994      395.875186      109.000378      402.154228
frame00062.jpg      111.671787      157.973010      530.042347      146.508440      543.621065      398.380356      112.720615      404.118074
frame00063.jpg      114.926205      160.495327      533.081557      148.620181      545.962448      399.282336      115.798174      404.983263
frame00064.jpg      116.112574      160.394332      533.585262      147.602011      546.098091      397.032923      115.887027      403.434206
frame00065.jpg      115.669830      159.812326      532.547349      145.917909      545.836226      395.241769      116.287059      402.803984
frame00066.jpg      115.917514      159.841224      531.901730      144.871846      546.108525      394.434430      117.078614      402.914364
frame00067.jpg      116.625567      161.668713      531.397688      145.538533      546.645491      394.916428      117.872882      404.582577
frame00068.jpg      116.578043      162.709615      530.447688      145.291905      546.109501      392.855619      118.000558      404.081207
frame00069.jpg      115.937999      161.827135      528.793419      142.702376      545.090249      388.903460      117.771976      402.059582
frame00070.jpg      114.524837      160.297861      526.652956      139.451223      544.376598      386.081719      117.518606      401.139806
frame00071.jpg      114.043988      160.814149      525.214458      138.427474      543.707886      384.135868      117.855712      400.831912
frame00072.jpg      112.882218      159.700825      523.128228      135.577245      542.357599      380.270928      116.818028      399.098943
frame00073.jpg      111.086489      159.683698      520.786276      133.868009      540.795628      378.895131      116.528245      399.776086
frame00074.jpg      109.740419      160.886860      518.157295      133.286743      539.625776      376.947871      115.853897      400.026885
frame00075.jpg      108.950495      161.028591      516.213582      131.428597      539.523151      374.217276      116.509369      399.274360
frame00076.jpg      109.454079      160.770054      515.602944      129.320784      540.295221      371.765112      118.279909      398.414113
frame00077.jpg      110.692193      160.506606      515.643443      127.582335      541.278539      369.072352      119.960181      396.993344
frame00078.jpg      111.795849      159.572971      515.868715      125.271669      542.168950      366.879174      121.670736      395.794994
frame00079.jpg      112.764918      159.538357      515.863616      123.833715      542.680741      364.619137      123.024852      394.685593
frame00080.jpg      113.474934      158.711020      515.555219      121.451948      543.108537      361.876479      124.257848      393.256060
frame00081.jpg      114.040689      158.896790      515.043470      120.111774      543.639095      360.690994      125.179472      393.386385
frame00082.jpg      114.018291      159.837712      513.902867      119.828878      542.608837      359.481889      124.969010      393.621418
frame00083.jpg      112.735513      160.801130      511.594154      119.522456      540.962985      358.886351      124.072345      394.657925
frame00084.jpg      111.440118      161.826714      509.206493      119.479919      539.518332      357.632791      122.923862      394.686082
frame00085.jpg      110.215463      162.456976      507.043178      119.130402      538.257647      357.022095      122.561497      395.290043
frame00086.jpg      109.796032      162.715978      505.669542      118.549981      537.501734      355.262720      122.256046      394.464273
frame00087.jpg      108.906660      162.259677      503.892998      117.122576      536.324550      353.231649      121.414460      393.676486
frame00088.jpg      108.261684      162.665345      502.241299      116.337283      536.181555      352.695113      121.551786      394.307390
frame00089.jpg      108.372195      163.722457      501.411492      116.539210      535.553413      351.766444      121.929827      394.391257
frame00090.jpg      107.972472      163.794190      500.105164      115.744200      534.652104      350.109964      121.422015      393.763788
frame00091.jpg      106.989646      163.378406      498.268903      114.319744      533.478555      348.281475      121.009116      393.275863
frame00092.jpg      106.997892      164.631068      497.071605      114.544096      533.533377      348.307367      121.767491      394.288616
frame00093.jpg      108.022003      165.513524      496.997320      114.869133      533.853903      347.697396      123.401427      394.324359
frame00094.jpg      110.137653      165.476412      497.960852      114.507865      535.563397      346.558791      125.504604      393.167332
frame00095.jpg      112.196247      165.593460      499.133190      113.987393      536.919841      346.078517      127.444575      393.030709
frame00096.jpg      113.650432      165.746873      499.835102      113.711077      537.810622      344.891414      128.513713      392.141635
frame00097.jpg      115.174682      165.641563      500.502574      113.111915      539.026382      344.233232      130.665933      391.800077
frame00098.jpg      117.532537      165.682605      501.972666      112.731795      541.040288      343.366854      132.894607      391.046321
frame00099.jpg      119.845867      166.701806      503.341308      113.032481      542.852816      343.870731      134.990314      392.251509
frame00100.jpg      121.039449      168.705858      503.680475      114.040300      543.595026      343.897653      135.799312      393.539951
frame00101.jpg      120.738945      170.495705      502.531280      114.569600      543.371320      343.817260      135.769003      395.265490
frame00102.jpg      120.525074      173.040076      501.200954      115.697118      543.667754      344.771023      136.282518      398.170949
frame00103.jpg      120.505756      176.705662      500.240717      117.761406      543.471998      345.763225      136.446155      401.340318
frame00104.jpg      118.473320      179.685940      497.560191      118.976114      541.750877      345.430283      135.292351      403.975457
frame00105.jpg      116.484829      182.132766      494.490254      119.399282      540.782045      344.819357      134.558896      406.222653
frame00106.jpg      115.688070      184.766622      492.344730      120.019320      540.819559      345.282477      135.076732      409.346551
frame00107.jpg      115.730439      189.116723      491.096038      122.278649      541.118523      346.809915      135.765264      413.677546
frame00108.jpg      115.380738      193.177095      489.658383      124.499575      541.119431      347.212886      136.917105      416.263039
frame00109.jpg      116.258624      193.356380      489.303619      123.823035      542.419279      344.693343      138.897303      414.986764
frame00110.jpg      118.599574      193.584673      490.666303      122.808283      544.118481      344.027122      141.653321      415.125905
frame00111.jpg      119.667715      194.379617      490.921763      123.006252      544.454629      343.797051      142.097730      415.531736
frame00112.jpg      119.956338      195.131466      490.369687      123.667591      544.414990      343.745287      142.238775      415.741182
frame00113.jpg      120.640916      195.187005      490.393026      123.758897      544.661251      343.392237      143.108456      415.318061
frame00114.jpg      122.269090      195.231064      491.300652      123.886537      546.097668      343.415650      144.839518      415.134685
frame00115.jpg      124.334528      195.421469      492.959081      124.443792      547.427170      343.497640      146.391267      414.607016
frame00116.jpg      125.765988      194.735450      494.166465      124.026979      548.204562      342.531405      147.545222      412.988970
frame00117.jpg      127.052077      193.109708      495.151886      122.656391      549.252648      341.223838      148.358990      411.315676
frame00118.jpg      128.413711      193.235439      496.237733      122.985654      549.647899      342.379588      148.918607      411.795582
frame00119.jpg      128.608086      193.068511      496.318034      123.757441      549.205715      342.495987      148.096510      411.030217
frame00120.jpg      128.746888      193.029371      496.315397      124.431406      548.637880      344.209581      147.473790      411.769983
frame00121.jpg      128.879756      193.662764      496.558920      126.702449      547.622391      346.179766      146.145058      411.954283
frame00122.jpg      126.896760      192.979560      495.247909      127.809973      544.225649      347.235257      142.583307      411.315602
frame00123.jpg      124.262174      193.152257      492.530764      129.567331      540.695178      350.152085      138.526723      412.999209
frame00124.jpg      122.801740      195.450298      490.835117      134.120934      537.807261      354.452994      135.707806      414.793064
frame00125.jpg      119.952434      194.768247      488.289761      136.176464      533.382385      355.609773      130.897761      413.617386
frame00126.jpg      117.677006      195.030516      485.672561      138.333715      529.463262      359.627585      126.712069      415.549460
frame00127.jpg      115.763294      196.798468      483.396146      143.406052      525.276577      364.169934      122.732647      416.516598
frame00128.jpg      113.946885      196.242278      481.350166      146.704782      520.875445      366.431519      118.733176      414.684302
frame00129.jpg      111.850391      193.051317      479.034912      147.429006      515.905419      366.553757      114.063209      410.674391
frame00130.jpg      110.032384      189.568731      476.841739      147.549950      511.335111      366.996138      110.236819      407.157371
frame00131.jpg      109.062342      187.214857      475.667229      148.666363      507.784520      368.049703      107.115129      404.304665
frame00132.jpg      108.831291      182.817804      475.514572      148.299930      505.943636      367.426561      104.717066      399.344261
frame00133.jpg      110.470758      178.148474      477.799556      146.852012      506.459153      366.626853      105.642698      394.011246
frame00134.jpg      114.720515      172.616903      482.359895      144.789953      509.263563      364.462667      109.043177      386.377021
frame00135.jpg      121.000767      167.241107      488.408732      142.313021      512.653898      363.275073      114.319146      379.828679
frame00136.jpg      127.605030      163.528357      493.990097      142.047833      514.503563      363.371554      117.698287      375.094571
frame00137.jpg      132.345252      160.058020      497.578502      142.119363      514.918728      363.298549      118.415736      370.655195
frame00138.jpg      134.582209      156.509502      499.563375      141.746374      514.181581      363.531201      118.292476      366.902942
frame00139.jpg      136.862626      154.395175      501.441874      142.815887      513.862791      365.147059      118.403199      364.440782
frame00140.jpg      138.806137      152.846191      502.970392      144.365747      512.502696      366.081030      118.025496      361.763865
frame00141.jpg      139.380634      149.958831      502.975562      144.392428      510.407304      365.877216      116.143066      358.275628
frame00142.jpg      139.757704      148.949439      502.691410      145.672416      508.276013      368.539949      114.686397      358.162317
frame00143.jpg      140.201234      149.922962      502.562809      149.541569      506.263229      371.264196      113.520848      357.716293
frame00144.jpg      140.483465      148.845859      502.094336      150.954819      503.671833      372.336622      111.651207      355.862758
frame00145.jpg      139.854594      148.161124      500.769509      152.779966      500.767083      373.985253      109.079216      354.937878
frame00146.jpg      139.007031      147.918219      499.192570      154.998064      497.475402      376.015749      106.311149      354.265859
frame00147.jpg      137.828797      146.996994      497.401361      157.073948      493.467650      376.885459      103.456770      352.137275
frame00148.jpg      136.626585      144.479940      495.559772      157.768975      489.813030      377.115143      100.323096      349.060698
frame00149.jpg      136.045935      142.699023      494.145198      158.991294      486.244220      378.275566       97.644101      346.861965
frame00150.jpg      135.231429      140.465069      492.475992      160.116151      482.361679      378.015769       94.667266      343.249844
frame00151.jpg      134.521070      136.721652      491.017363      159.563186      479.267287      377.035383       92.074022      338.980717
frame00152.jpg      135.799673      135.177352      491.457370      160.378174      478.286471      378.016250       92.358083      336.762156
frame00153.jpg      138.148633      134.507034      492.729566      161.758463      478.292339      379.470219       93.561152      335.590378
frame00154.jpg      141.792748      135.060088      495.507470      164.078985      479.845221      381.069723       96.776284      334.468018
frame00155.jpg      146.238860      134.276063      498.794225      164.769556      481.646639      381.172182       99.904775      332.170983
frame00156.jpg      150.627538      134.295487      502.194944      166.031498      483.980709      382.994674      103.597560      331.481641
frame00157.jpg      155.345723      134.706775      505.700876      167.435519      485.723750      383.808497      106.959740      330.147431
frame00158.jpg      158.985545      134.337401      507.971389      168.060496      486.384278      384.031369      109.154670      328.486975
frame00159.jpg      161.974937      133.923332      509.819494      168.510432      486.937416      384.506921      111.281368      327.237490
frame00160.jpg      164.572439      133.773200      510.943640      169.097890      485.935666      384.267826      112.389212      325.543196
frame00161.jpg      164.778545      132.788109      509.817257      169.180449      482.661719      383.744809      111.348584      323.763574
frame00162.jpg      163.241780      131.190163      506.982906      168.404254      478.666539      382.029765      108.660424      321.093607
frame00163.jpg      162.238155      129.871284      504.708338      168.051416      475.709978      382.010817      107.050494      319.646986
frame00164.jpg      162.442905      130.321771      503.758676      169.290065      473.836110      382.387353      106.722691      318.980364
frame00165.jpg      162.374139      128.719370      502.513764      168.597694      471.367336      380.135208      105.529394      315.820678
frame00166.jpg      162.077127      125.817824      501.304741      166.307124      469.235684      378.220925      104.990820      312.877148
frame00167.jpg      162.371923      125.039611      500.611922      166.040246      467.648708      377.473381      105.128636      311.445588
frame00168.jpg      163.355966      124.080981      500.506478      165.580376      466.860174      376.683573      105.692181      309.590808
frame00169.jpg      164.583608      122.571482      500.504510      164.465188      465.620486      374.514020      106.101686      306.674550
frame00170.jpg      164.843769      120.570791      499.776768      163.125266      463.759650      373.778364      106.076643      304.931595
frame00171.jpg      165.376830      121.067723      499.428273      163.714602      463.399890      373.636509      106.990725      304.471990
frame00172.jpg      167.852529      120.777486      501.067477      163.311325      464.663650      373.450318      109.692030      303.798733
frame00173.jpg      169.574721      121.534282      501.565552      163.870292      463.502928      373.603042      110.303267      303.779305
frame00174.jpg      168.766460      120.952106      499.827100      163.085902      461.292654      371.781371      108.974138      302.071423
frame00175.jpg      168.471014      119.456149      498.713100      161.758768      459.969071      371.240075      108.679947      300.812121
frame00176.jpg      168.510851      120.585089      497.801834      163.104499      458.617256      372.755619      108.252972      301.967426
frame00177.jpg      168.015665      121.488225      496.405181      163.907386      456.501242      372.439231      107.486318      301.743681
frame00178.jpg      168.317297      121.629689      496.028236      164.873551      456.673318      373.953073      108.276484      301.937558
frame00179.jpg      171.454894      123.174112      497.987772      166.973810      457.652258      376.033039      110.462183      302.795198
frame00180.jpg      172.605531      124.773042      497.942695      169.033619      456.006438      377.144668      110.636984      303.244345
frame00181.jpg      173.204703      125.431325      497.652129      170.037538      455.911760      378.503700      111.176325      303.832339
frame00182.jpg      174.450047      127.463235      497.956103      172.262570      455.103414      379.637830      112.007835      304.522214
frame00183.jpg      174.895689      127.038142      497.348545      172.571505      453.507298      379.366422      111.676452      303.299334
frame00184.jpg      175.019766      126.664980      496.726031      172.610192      452.799364      379.701070      111.680489      302.987306
frame00185.jpg      175.219709      127.716426      496.218239      173.705990      451.414695      379.816260      111.767748      303.283069
frame00186.jpg      175.063559      125.842604      495.209119      171.952849      450.371046      376.872987      110.837676      300.256773
frame00187.jpg      174.019636      123.130983      493.946878      169.162678      448.169262      373.948962      110.393108      297.812104
frame00188.jpg      172.886093      119.548205      492.244262      165.298475      447.306722      368.455614      109.260655      292.487947
frame00189.jpg      172.725155      115.986891      492.337786      161.707932      447.285789      367.356784      110.451837      291.453460
frame00190.jpg      173.741835      117.670143      492.675886      162.472080      447.018055      367.731016      111.349186      292.621815
frame00191.jpg      173.600279      118.073331      492.026188      162.268903      446.473540      367.326763      111.509165      292.640306
frame00192.jpg      173.543427      117.421416      491.175728      161.509007      444.907297      365.916941      110.822606      291.170152
frame00193.jpg      172.942888      115.700643      490.236500      160.498761      444.225197      364.565975      110.382707      289.132981
frame00194.jpg      174.625135      114.065944      491.387754      159.835623      444.548599      364.269220      111.775290      287.509271
frame00195.jpg      176.062381      114.249789      492.117786      161.168356      443.635157      364.856744      112.404558      286.890640
frame00196.jpg      177.192807      111.970782      492.476834      160.540520      443.663025      363.029288      112.437394      283.476672
frame00197.jpg      179.154514      110.023442      494.341670      159.602818      444.204782      362.276544      114.503567      281.424337
frame00198.jpg      181.733588      108.267694      496.279280      158.942884      445.284699      360.921489      116.143035      278.596764
frame00199.jpg      184.392432      106.382852      498.863688      158.331157      446.663010      360.295512      118.992203      276.417162
frame00200.jpg      187.958908      104.698115      501.681474      157.984401      448.351757      359.995546      121.793005      274.203552
frame00201.jpg      191.622735      105.484251      504.604948      159.824775      450.264147      362.091207      124.743458      274.702019
frame00202.jpg      194.393631      106.435014      506.390671      162.006900      450.620448      363.215401      126.386666      274.480234
frame00203.jpg      197.119216      105.959991      508.251838      162.807511      451.554912      362.861127      128.540371      272.599973
frame00204.jpg      200.233328      105.459326      510.277320      163.864801      452.432415      365.334646      130.326859      272.521610
frame00205.jpg      202.097619      108.130785      511.402822      168.233187      452.356110      368.215148      131.581027      274.120479
frame00206.jpg      204.295857      109.205276      512.426796      169.873598      452.341707      368.959231      132.789384      274.055644
frame00207.jpg      204.231391      109.802628      511.427026      170.892795      450.166597      369.641959      131.955734      274.500656
frame00208.jpg      202.079143      110.628440      508.560483      171.750339      446.921297      370.326687      129.463578      275.376172
frame00209.jpg      199.143821      111.592866      505.367404      172.553621      445.105954      370.473370      127.352974      275.954629
frame00210.jpg      200.749448      111.811428      506.662667      173.003017      446.888152      371.332100      129.421540      276.178279
frame00211.jpg      202.018708      113.526470      506.952133      175.074493      445.847318      372.868012      129.710704      277.392597
frame00212.jpg      202.442791      113.075513      506.946424      174.877183      446.149806      372.037405      130.050050      275.956607
frame00213.jpg      203.728476      112.724436      508.000465      175.573546      446.117068      373.331748      130.936023      276.071839
frame00214.jpg      203.809888      112.603300      507.925347      175.679448      445.491450      372.555815      130.498468      275.101145
frame00215.jpg      203.965130      111.103772      508.472832      174.798163      445.913609      371.732352      131.118093      273.607598
frame00216.jpg      206.125044      109.210235      511.131402      173.877658      448.273061      371.304220      133.335754      271.728916
frame00217.jpg      208.370599      107.687196      513.478603      173.008649      449.405511      370.325817      134.821346      270.049876
frame00218.jpg      210.073802      105.805193      515.826146      171.828915      451.627886      369.556959      137.243425      268.528685
frame00219.jpg      213.233409      105.542646      519.001576      172.235439      453.857553      370.538772      140.026122      268.341981
frame00220.jpg      215.196041      105.982641      520.531401      173.400261      454.540230      371.928930      141.088913      268.552352
frame00221.jpg      216.575822      106.991037      521.943087      174.973496      456.131295      373.798128      142.643274      269.644891
frame00222.jpg      219.355850      108.571728      525.451543      177.327466      460.200568      376.369778      146.665177      270.990751
frame00223.jpg      224.347419      108.866514      530.094352      178.260005      463.101444      375.995673      149.773142      269.672953
frame00224.jpg      226.607552      107.547221      532.015621      177.901001      463.349423      376.664031      151.067122      269.010494
frame00225.jpg      226.727925      107.853288      532.154523      178.812368      463.124827      377.108463      150.911558      268.941315
frame00226.jpg      227.872203      107.884557      534.170383      179.660306      465.820226      378.832708      153.048024      269.411330
frame00227.jpg      230.853149      109.144836      536.553490      181.146261      466.480872      379.781062      154.555801      270.202325
frame00228.jpg      229.876253      109.776557      535.089933      181.894163      464.261790      380.399072      152.958897      270.902771
frame00229.jpg      227.946192      109.948213      532.974612      182.138919      462.909087      380.433877      151.185314      270.914257
frame00230.jpg      227.629534      110.547587      532.470763      183.003373      462.745378      381.653986      150.794523      271.677247
frame00231.jpg      227.293143      111.105504      532.186962      183.261315      462.273155      380.754222      150.575539      271.448045
frame00232.jpg      227.257765      108.619380      532.388245      180.847697      462.729621      378.350991      150.604781      268.940027
frame00233.jpg      228.044260      106.737379      533.173392      179.740014      462.784715      378.041656      151.297308      267.621435
frame00234.jpg      228.270286      107.050898      533.446687      180.751330      463.353216      379.435165      151.682664      268.444529
frame00235.jpg      229.428926      108.747021      535.337462      181.696741      465.933134      379.570505      154.263273      269.985319
frame00236.jpg      232.738078      108.233625      538.524026      178.938285      469.509892      377.034509      157.776884      268.674178
frame00237.jpg      233.462874      108.375904      539.138584      179.134495      470.058508      378.549244      158.495185      270.277783
frame00238.jpg      234.080425      110.658914      540.294839      179.365044      472.857434      377.717458      160.996722      271.509661
frame00239.jpg      237.390365      110.575138      544.533222      177.896599      478.245584      377.310853      165.930241      272.006895
frame00240.jpg      240.969960      111.731264      547.143029      177.869597      479.114572      377.736604      168.059627      272.881066
frame00241.jpg      238.586691      113.064909      543.977394      179.366474      475.590565      379.183683      165.158771      274.625881
frame00242.jpg      237.278182      114.346792      541.976438      180.563224      474.748228      380.620100      163.959968      275.450192
frame00243.jpg      236.660204      116.727984      541.058874      183.190368      473.961811      382.668068      163.338609      278.056635
frame00244.jpg      235.048095      119.080651      539.187606      184.552412      473.817407      384.438423      162.239169      280.782011
frame00245.jpg      235.918424      122.410342      541.240052      185.512043      478.260265      384.163200      165.973791      282.750437
frame00246.jpg      241.898821      121.360614      549.759983      183.380523      486.689612      382.924378      172.978280      281.338194
frame00247.jpg      251.028674      124.453041      558.750504      185.353410      497.692111      386.856812      183.635982      286.048694
frame00248.jpg      256.360874      128.521341      563.494926      187.172537      502.513998      388.495233      189.792151      289.361662
frame00249.jpg      262.139617      132.083525      569.670126      188.948138      510.819608      391.396133      197.367075      292.911497
frame00250.jpg      269.467979      136.529195      577.363810      192.399403      519.570058      396.357463      204.619089      297.454721
frame00251.jpg      275.006920      142.266451      581.847843      195.481705      522.547075      398.199308      210.125178      301.779801
frame00252.jpg      277.181654      144.154627      583.751924      195.265444      525.363588      397.685105      213.325964      302.693505
frame00253.jpg      280.301652      144.903674      586.876990      194.824399      528.930350      398.068177      217.088077      303.691797
frame00254.jpg      281.877087      146.929619      587.550788      195.553079      528.955896      398.557453      218.089575      305.463544
frame00255.jpg      280.525341      148.216129      585.316607      195.228731      527.223971      397.920927      217.395740      306.486998
frame00256.jpg      279.043156      149.563253      582.807088      195.486250      525.889601      398.525197      216.302086      308.122976
frame00257.jpg      277.380215      151.823463      580.180954      196.712662      523.724428      399.621201      214.816987      310.379087
frame00258.jpg      275.274670      153.673077      577.396863      197.537070      521.649421      399.248235      213.660977      311.803900
frame00259.jpg      272.776901      153.531123      573.950978      195.950343      518.615364      397.141804      211.137044      311.389932
frame00260.jpg      269.258625      153.521729      569.716992      194.984902      515.235388      396.107649      208.476567      311.849596
frame00261.jpg      267.479397      153.709373      567.000943      193.623533      514.174695      394.484809      207.445122      311.582203
frame00262.jpg      266.348650      154.217384      565.314985      193.078838      512.351048      393.957867      206.569577      312.486486
frame00263.jpg      262.832630      153.730979      560.641262      191.074459      508.362685      390.826614      203.047331      311.371189
frame00264.jpg      259.360137      152.573271      556.572921      189.623962      505.081417      389.929563      200.420009      311.140408
frame00265.jpg      258.221361      153.923336      554.794164      190.159399      504.142325      390.178765      199.892007      312.293614
frame00266.jpg      257.360512      154.818142      553.187179      190.537564      502.824273      390.473090      198.947860      313.213987
frame00267.jpg      256.093983      156.212187      551.138067      191.434947      501.249832      391.363375      197.873217      314.582067
frame00268.jpg      255.369497      157.882836      549.344984      193.344848      499.551547      393.757803      196.645197      316.296276
frame00269.jpg      252.653279      161.141759      546.043864      196.440557      496.111715      396.330524      193.599521      319.622503
frame00270.jpg      249.564609      163.138566      542.575425      197.291422      494.070259      395.502946      191.562164      320.845492
frame00271.jpg      248.744681      163.119716      541.248821      196.767526      493.385187      395.807093      190.703858      321.314830
frame00272.jpg      245.887655      164.925040      538.327920      197.660699      490.084300      396.146608      187.704363      323.225594
frame00273.jpg      241.816565      164.918845      534.055492      196.681575      487.551845      394.753058      184.540447      323.270007
frame00274.jpg      240.372506      164.589774      532.721554      195.926037      486.615018      394.064325      183.291895      323.298455
frame00275.jpg      237.296605      164.653534      529.505791      195.158750      483.238576      393.900348      179.697514      323.965522
frame00276.jpg      232.221277      166.235899      523.653872      196.395815      478.739277      396.158992      175.430221      325.848320
frame00277.jpg      228.474242      170.500065      519.584863      199.552238      476.562696      399.555318      171.670470      330.929386
frame00278.jpg      223.806353      173.664377      514.907846      201.749295      471.880590      401.664079      166.900874      334.351683
frame00279.jpg      217.118039      177.380222      508.296663      203.942475      466.956143      403.464232      160.618249      339.263147
frame00280.jpg      210.809919      179.805551      502.359388      204.168209      463.216110      403.412984      155.403270      342.492543
frame00281.jpg      206.112725      181.913831      497.340186      204.854903      459.612088      405.232797      150.890068      345.518770
frame00282.jpg      199.675531      185.285705      491.491375      205.907734      454.814702      405.569901      145.555328      349.747960
frame00283.jpg      193.832569      186.947531      485.537733      206.066385      451.253650      406.747228      140.066910      352.310640
frame00284.jpg      187.791629      189.449559      480.309388      206.925907      446.910161      407.029823      134.866703      355.882012
frame00285.jpg      183.059852      190.979911      475.544145      206.757976      443.846929      407.093255      131.310832      358.083068
frame00286.jpg      178.952990      193.209230      471.299227      207.819858      441.265790      408.616389      127.392034      361.448274
frame00287.jpg      175.510711      195.815773      467.839855      208.804528      438.747707      409.015495      125.023704      364.199317
frame00288.jpg      172.636256      197.346023      464.798986      208.550316      437.401275      408.494217      123.395307      365.840543
frame00289.jpg      170.555417      198.099117      462.592398      207.932209      435.992679      408.369478      121.760543      367.290761
frame00290.jpg      166.891970      200.016455      458.639524      209.001495      432.922517      410.741423      117.899641      369.581600
frame00291.jpg      160.175932      203.672764      452.990234      210.349146      428.545055      411.401989      112.012329      374.836186
frame00292.jpg      155.723786      204.406388      448.946459      209.416350      426.050079      410.233100      108.684042      375.750342
frame00293.jpg      152.434860      203.539712      446.118688      208.088495      423.407735      408.885893      105.523276      375.340387
frame00294.jpg      148.825206      202.814917      442.624769      207.228635      419.994849      408.234930      102.068151      375.027048
frame00295.jpg      146.892983      201.906832      440.790548      206.596662      418.722814      407.572764      100.365577      374.211871
frame00296.jpg      146.403187      200.634439      440.452083      205.765837      418.189927      406.648455       99.581193      372.687893
frame00297.jpg      146.652453      198.744829      440.937596      204.818897      419.075613      406.036424      100.320810      371.014419
frame00298.jpg      149.594637      198.815334      444.125208      205.620647      422.079429      407.749341      103.379065      371.226779
frame00299.jpg      152.474891      198.952753      446.812130      206.338926      423.719062      407.427236      105.353159      370.352358
frame00300.jpg      153.496376      197.719029      447.829770      205.276135      423.791114      406.502639      105.721220      369.329678
frame00301.jpg      152.984267      198.168156      447.032909      205.887015      422.787061      408.150574      104.606054      370.374451
frame00302.jpg      152.800636      198.963389      446.900724      206.810997      423.195515      407.588962      105.045497      370.098824
frame00303.jpg      154.291754      197.536423      448.523174      205.767882      424.513396      407.243605      106.252890      369.032174
frame00304.jpg      154.986596      197.446922      449.118126      206.344642      423.962491      407.028266      106.414835      368.056946
frame00305.jpg      155.744215      195.063014      449.994276      204.848384      425.528024      405.075614      107.689196      365.198334
frame00306.jpg      158.844126      193.052097      453.222859      203.768625      427.860704      404.541943      110.843747      363.217990
frame00307.jpg      161.302577      192.293376      455.396245      204.089791      428.144051      404.602259      111.705942      361.891068
frame00308.jpg      161.673285      190.374047      455.745679      203.344418      428.300585      403.199568      111.425053      359.176582
frame00309.jpg      164.409563      187.594413      459.029651      201.788597      432.876609      401.751619      115.719279      355.106638
frame00310.jpg      170.467283      183.737008      465.162931      199.083090      438.414289      398.150325      120.899589      349.787026
frame00311.jpg      174.642748      180.392540      469.732571      196.286113      440.424879      396.435034      124.768889      348.034200
frame00312.jpg      177.292218      179.660611      472.332898      196.268042      441.706565      396.147274      126.794455      347.118665
frame00313.jpg      179.766049      178.427495      474.808583      195.533389      444.134936      395.433561      129.337093      345.362790
frame00314.jpg      182.964869      177.323257      478.062856      195.223278      446.609174      395.249273      132.370324      344.028760
frame00315.jpg      185.663765      176.836552      480.470085      195.437103      447.441667      395.639300      133.792949      343.280019
frame00316.jpg      185.814024      176.172441      480.627036      195.479674      446.771229      395.014996      133.188205      342.149510
frame00317.jpg      185.862806      174.976841      480.711376      194.645713      446.732350      394.388055      133.388104      341.065378
frame00318.jpg      186.160972      174.519387      480.992040      194.292797      446.742421      393.621997      133.246274      340.305810
frame00319.jpg      185.850397      173.357958      480.621186      192.510244      446.580579      391.838164      133.192305      339.091777
frame00320.jpg      185.595003      172.976443      480.143444      191.556023      446.591953      391.690794      133.191689      339.458666
frame00321.jpg      184.633817      174.388126      479.132363      192.398797      445.635747      392.396483      132.321785      341.190055
frame00322.jpg      183.532727      175.685688      477.789846      193.032265      445.122943      393.220872      131.505375      342.409253
frame00323.jpg      183.135515      176.768614      477.175958      194.116927      444.513743      394.173410      130.850310      343.480670
frame00324.jpg      181.743453      177.743682      475.827816      195.335315      442.808024      394.984013      129.219331      344.481463
frame00325.jpg      180.509898      177.321935      474.616945      194.920682      442.312896      394.075995      128.384924      343.545611
frame00326.jpg      181.553533      176.981718      475.871934      194.980734      443.706236      394.422887      129.751564      343.574278
frame00327.jpg      182.276340      176.928716      476.671332      194.748247      443.760183      394.174863      129.902753      343.212180
frame00328.jpg      181.521168      176.665696      475.930658      194.229979      443.295055      393.383240      129.211236      343.066145
frame00329.jpg      180.935439      176.130567      475.348324      193.578741      442.589829      393.368751      128.566661      343.038510
frame00330.jpg      179.648690      177.001106      474.114781      194.353674      441.386570      393.585142      127.445303      343.765329
frame00331.jpg      179.093355      176.550461      473.494190      193.676039      441.431911      393.040217      127.231079      343.145348
frame00332.jpg      179.507999      176.956245      473.770653      194.277537      441.735846      394.104530      127.439777      343.972113
frame00333.jpg      179.530143      177.542350      473.877304      195.097454      441.973980      394.583313      127.520254      344.351370
frame00334.jpg      180.571771      178.238893      474.887548      196.072295      443.059847      395.518417      128.472258      344.882848
frame00335.jpg      181.552975      178.245124      475.751410      196.359136      443.479387      395.397520      129.182932      344.447328
frame00336.jpg      182.533396      177.554954      476.836163      195.945998      444.757208      394.562398      130.423994      343.374052
frame00337.jpg      184.341701      176.140770      478.766942      194.827327      445.968673      393.470074      131.733700      341.602339
frame00338.jpg      184.545326      175.132675      478.969904      193.907177      445.494753      392.278458      131.571540      340.400121
frame00339.jpg      184.397108      173.039704      478.882664      191.513543      446.148286      389.666522      131.531389      338.213197
frame00340.jpg      185.037504      172.057321      479.857366      190.467873      446.984008      389.653002      132.807007      338.065486
frame00341.jpg      185.777971      172.229111      480.718095      190.519487      447.589631      389.111685      133.506275      337.665520
frame00342.jpg      186.096167      171.584315      480.888719      189.847350      447.327745      388.809194      133.567712      337.336319
frame00343.jpg      184.928212      171.576177      479.841553      189.914910      445.991624      388.333725      132.248312      337.199640
frame00344.jpg      183.573067      170.981935      478.517053      189.396882      444.667716      387.661463      130.741577      336.694383
frame00345.jpg      182.258296      170.132177      477.142086      188.486288      443.530245      386.580019      129.194569      335.791126
frame00346.jpg      180.748950      170.096206      475.728825      188.487763      441.998271      387.043651      127.567940      336.470025
frame00347.jpg      178.412575      171.101250      473.556060      189.644334      439.843296      387.699233      125.192159      337.327659
frame00348.jpg      177.654147      170.871730      472.887496      190.004332      440.221183      387.597807      124.837140      336.730028
frame00349.jpg      179.273752      169.767124      474.894212      189.674417      442.023090      386.924127      126.349315      335.302756
frame00350.jpg      180.999360      167.678452      476.846287      188.460488      443.958141      385.299292      127.338382      332.659081
frame00351.jpg      182.404755      165.529566      478.950136      186.577784      445.408795      383.629703      128.591489      330.829292
frame00352.jpg      182.156567      163.710263      479.214052      184.563588      444.959826      381.853218      127.803265      329.463624
frame00353.jpg      179.554682      163.291374      477.461547      183.751608      443.313191      381.664888      125.650797      330.138703
frame00354.jpg      177.475545      163.898856      475.682908      183.495164      442.420567      381.380299      124.086512      330.988279
frame00355.jpg      175.856807      165.069897      473.388228      184.770517      441.058627      383.980468      122.317263      332.376167
frame00356.jpg      169.948983      169.965311      469.467016      188.588270      434.791533      380.876553      125.985731      331.952726
frame00357.jpg      165.202414      172.555402      463.971391      190.076303      433.961375      387.902923      112.568188      341.674978
frame00358.jpg      164.545585      173.720082      463.506670      190.470735      435.021035      388.436236      112.903902      343.131261
frame00359.jpg      164.552567      175.181384      463.732275      191.039016      435.988406      389.267140      113.026755      344.970826
frame00360.jpg      163.499577      176.174719      463.080018      190.923143      435.254010      389.281279      112.242084      346.374044
frame00361.jpg      159.921026      177.556754      460.082666      191.260778      433.320550      390.167230      108.849432      348.495376
frame00362.jpg      155.409880      179.749595      455.904445      192.221781      430.337942      391.474469      104.749233      351.600726
frame00363.jpg      151.364416      181.347039      452.462420      192.521719      427.428094      391.136541      101.941334      353.809852
frame00364.jpg      147.168789      182.153264      448.424011      191.446334      424.086920      390.096162       97.900542      355.168683
frame00365.jpg      141.920756      181.991855      443.769350      189.198947      422.077167      387.778413       93.552694      355.397483
frame00366.jpg      139.997735      181.391407      442.306583      187.576157      422.186064      387.501258       93.367943      356.173239
frame00367.jpg      138.390941      181.857709      441.595083      187.188711      421.272530      386.972248       92.038071      356.906923
frame00368.jpg      134.100831      181.479698      438.661225      185.720535      418.776709      385.987260       88.083479      357.495565
frame00369.jpg      128.728006      181.365904      434.315269      184.737806      415.072055      385.373491       83.651950      358.500449
frame00370.jpg      125.118317      181.175885      431.664596      184.012760      413.710733      384.524973       80.609275      358.850292
frame00371.jpg      122.630235      180.090082      429.890020      182.192234      412.806482      383.325726       78.345325      358.685602
frame00372.jpg      121.266439      180.761041      428.902632      181.651668      413.000783      383.522703       77.931997      359.967206
frame00373.jpg      120.908101      180.844087      429.363225      180.710123      414.981036      383.078837       79.105542      360.555494
frame00374.jpg      122.410755      181.399099      431.548509      180.283424      418.240301      382.940049       81.770260      361.339748
frame00375.jpg      124.187162      181.256609      433.761687      179.113216      420.725979      381.887641       83.291902      361.051851
frame00376.jpg      123.375033      180.114101      433.854845      177.216300      420.673856      380.427098       82.271982      360.516813
frame00377.jpg      121.681762      179.430334      433.076814      176.058401      420.781765      379.510559       81.478399      360.316484
frame00378.jpg      121.676405      177.864410      433.748710      174.247362      422.174508      377.816113       81.848235      358.856863
frame00379.jpg      121.931247      176.048221      434.943216      172.430656      423.414816      376.315107       82.512536      357.400569
frame00380.jpg      122.479081      174.666562      436.129816      170.860293      424.727258      375.469408       83.230953      356.346543
frame00381.jpg      122.312909      174.084027      436.869208      170.304471      425.550161      375.204658       83.494116      356.205733
frame00382.jpg      123.242234      173.410091      438.435849      169.440175      427.562164      374.391229       85.116539      355.727404
frame00383.jpg      123.573087      173.165074      439.324460      168.821084      428.079808      374.288556       85.216702      356.062813
frame00384.jpg      123.154628      173.926237      439.313793      169.073804      428.686759      374.789693       85.275449      357.210487
frame00385.jpg      122.848792      174.816905      439.380412      169.253116      429.059144      374.945456       85.267251      358.296682
frame00386.jpg      121.672024      176.202850      438.762859      169.826178      429.585847      376.193523       84.050600      360.829264
frame00387.jpg      120.763900      178.239173      438.317180      170.558870      429.943963      376.094068       84.549549      362.564206
frame00388.jpg      120.940241      177.979371      439.169369      168.754622      432.853821      373.925623       86.388816      362.070113
frame00389.jpg      122.609322      176.152334      441.519041      165.861836      435.239121      370.941724       88.196417      360.245372
frame00390.jpg      122.128569      174.028282      441.649565      163.105310      434.823508      368.818295       87.585625      358.808105
frame00391.jpg      121.095225      172.628794      441.122968      161.300468      434.918299      367.487962       87.179477      357.823519
frame00392.jpg      120.300894      171.539501      441.056140      160.117005      434.683465      366.448688       86.557888      357.018331
frame00393.jpg      116.273901      169.665399      438.619259      158.240307      432.340973      364.077298       83.263772      355.601291
frame00394.jpg      114.570514      165.737365      437.771602      155.001142      432.055675      360.213100       81.690307      352.091461
frame00395.jpg      114.418035      164.020368      437.857856      153.102111      431.856067      360.828557       81.867441      352.194503
frame00396.jpg      113.616034      165.229507      437.991632      155.376221      432.195746      361.680265       82.489989      353.483387
frame00397.jpg      116.042436      164.210916      440.426196      154.294373      436.126359      360.884045       85.970098      352.344131
frame00398.jpg      119.266942      164.557183      443.912050      154.546317      439.096685      362.034207       87.762012      353.061346
frame00399.jpg      119.777375      165.521056      444.561587      155.291742      440.689761      362.946714       88.449314      354.136735
frame00400.jpg      122.154390      165.897299      446.928128      154.793319      443.712846      362.083002       92.422335      354.370977
frame00401.jpg      124.928522      167.095184      450.180862      155.221493      447.117882      362.388447       95.257591      355.795713
frame00402.jpg      127.234588      167.693147      452.656357      154.094649      450.631152      360.930087       98.564523      355.484762
frame00403.jpg      130.046537      167.447290      455.437906      152.504555      453.958369      360.378583      102.454056      355.666519
frame00404.jpg      132.838012      167.897107      457.624531      151.279545      457.557750      359.653937      105.180274      355.129664
frame00405.jpg      133.736078      166.638935      458.685299      148.719424      458.871489      357.039109      105.840407      353.488469
frame00406.jpg      133.136906      164.706131      458.459237      146.535092      458.486319      355.311267      105.545942      351.887315
frame00407.jpg      131.822345      162.664442      457.849867      144.520048      457.695246      353.666580      104.301268      350.511556
frame00408.jpg      130.189839      162.311274      456.646860      144.148965      456.464976      353.190302      102.745532      350.345746
frame00409.jpg      128.611743      160.614059      455.543873      142.117837      456.020121      350.910751      101.868275      348.610754
frame00410.jpg      128.601650      159.317464      455.702645      140.266312      457.151144      349.425920      102.240491      347.417705
frame00411.jpg      128.859950      157.726222      456.420795      137.811795      458.206154      347.405625      103.459586      346.362173
frame00412.jpg      129.248397      157.836222      457.174304      136.768853      459.696286      346.839117      104.814947      347.124847
frame00413.jpg      129.802536      158.519606      457.956706      135.941433      461.263577      346.076637      106.275088      347.686908
frame00414.jpg      130.530277      158.208824      458.777799      134.196582      463.225487      344.192191      107.890581      347.100182
frame00415.jpg      131.597779      158.240631      460.055815      133.413268      465.353112      344.411329      109.923678      347.997618
frame00416.jpg      133.203506      158.657479      462.106846      133.473366      467.859331      343.868317      112.368300      347.688826
frame00417.jpg      135.802217      157.930169      464.945344      132.634079      470.891575      343.524306      114.705397      347.033117
frame00418.jpg      137.043099      157.840895      466.290344      132.742718      471.260173      344.074305      114.934437      347.421503
frame00419.jpg      136.875280      158.146270      466.157222      132.969041      471.395441      344.027590      114.619471      347.318959
frame00420.jpg      136.347911      157.964683      466.120645      132.945581      471.304139      343.928049      114.463849      347.453988
frame00421.jpg      136.422195      157.724309      466.175908      132.804973      471.544194      343.536620      114.097588      347.042372
frame00422.jpg      135.203040      157.431599      465.519293      132.385760      470.728995      343.557807      112.683041      347.678944
frame00423.jpg      133.355797      157.764836      463.975827      132.798165      469.609602      343.445993      111.028167      347.819576
frame00424.jpg      132.789763      157.639989      463.684869      132.644727      469.752454      343.480295      111.067641      347.946844
frame00425.jpg      132.797682      157.629064      463.954527      132.423780      470.179218      343.382327      110.976406      348.238016
frame00426.jpg      133.001576      158.266009      464.492403      132.580977      471.404155      343.745883      111.937483      349.028788
frame00427.jpg      133.766410      157.605650      465.643894      131.571537      472.975474      342.268267      112.700657      347.795020
frame00428.jpg      134.166651      156.874783      466.443351      130.452255      473.617034      342.575627      112.943915      348.485332
frame00429.jpg      133.073178      158.163101      465.829150      131.323439      473.054935      342.790153      111.830634      349.516415
frame00430.jpg      131.761745      157.630693      464.748028      130.012632      473.000193      341.377705      111.551666      349.127237
frame00431.jpg      131.354469      158.157394      464.429885      129.817849      472.934738      341.910794      111.258138      350.558000
frame00432.jpg      129.787349      159.567784      463.018875      130.291842      472.347444      341.650293      110.315335      351.862318
frame00433.jpg      128.677432      160.720622      461.720999      130.246887      471.857116      342.001105      109.856962      353.354748
frame00434.jpg      127.628089      161.879424      460.581933      130.720411      471.147872      342.077440      108.974658      354.361021
frame00435.jpg      126.472346      163.098691      459.294199      130.980680      470.573658      343.065397      108.307500      356.390063
frame00436.jpg      125.224282      165.448262      458.193904      132.837614      469.702252      344.308025      107.537725      358.669857
frame00437.jpg      124.273439      166.412001      457.147820      133.316415      469.708030      344.599736      107.253520      359.654348
frame00438.jpg      124.243027      166.956120      457.242912      133.637900      469.931227      344.773012      107.181593      360.214952
frame00439.jpg      123.925268      167.442804      457.275205      133.944657      469.827569      345.043325      107.055982      360.838926
frame00440.jpg      123.677356      166.787436      457.153678      133.143003      470.270041      343.647387      106.980523      359.816981
frame00441.jpg      124.176804      166.031846      457.691649      131.729290      471.009125      343.243009      107.668551      359.791672
frame00442.jpg      123.357820      167.105019      457.098385      132.076463      469.759552      343.699204      106.900991      361.115840
frame00443.jpg      121.384349      168.473552      455.014710      132.843032      468.486529      344.607514      105.518608      362.983241
frame00444.jpg      120.806488      170.417748      454.160339      134.488861      468.415720      346.265196      105.252519      364.893745
frame00445.jpg      120.398812      171.801088      453.571421      135.586919      467.865043      346.721528      104.697108      365.974024
frame00446.jpg      119.534593      172.382032      452.602127      135.727753      467.461894      347.033395      104.061226      366.799315
frame00447.jpg      119.391008      173.264507      452.309058      136.391727      467.369785      347.564653      104.098483      367.439528
frame00448.jpg      118.827844      173.590563      451.890278      136.325269      466.967520      347.585888      103.791009      367.728807
frame00449.jpg      118.263925      173.774727      451.226571      136.111675      466.535672      347.144258      103.557234      367.915742
frame00450.jpg      117.999829      174.471045      450.879253      136.290073      466.621347      348.217669      103.487003      369.309050
frame00451.jpg      117.608349      176.348299      450.333804      137.728367      466.077099      349.022643      103.396454      370.814999
frame00452.jpg      117.155809      177.740482      449.578870      138.509412      465.959681      350.874098      103.037851      372.863521
frame00453.jpg      116.675250      179.590421      448.998355      140.579788      464.791554      351.754803      102.233494      373.820880
frame00454.jpg      115.876589      179.870830      448.244556      140.776549      465.278944      352.700799      102.126733      374.422725
frame00455.jpg      116.988548      180.791323      449.147429      142.301199      465.156161      353.968845      102.405590      375.157099
frame00456.jpg      116.777767      180.518217      449.043590      142.571986      464.810359      354.360125      101.189094      374.744753
frame00457.jpg      115.452901      180.656487      447.917412      143.213174      463.648603      355.456949       99.484344      375.269947
frame00458.jpg      113.716593      180.568085      446.219862      143.693081      461.896008      355.428806       97.210914      375.252808
frame00459.jpg      112.756628      180.952725      445.109199      144.343629      461.119872      356.882259       96.539543      376.417636
frame00460.jpg      112.657573      181.785188      445.101342      145.493034      460.721731      357.844799       96.240446      377.262500
frame00461.jpg      112.194120      183.311238      444.547114      147.125128      459.762305      359.534949       95.837994      379.136075
frame00462.jpg      112.390039      184.739623      444.491293      148.525921      460.011487      361.254338       96.148629      380.918883
frame00463.jpg      112.772043      186.571192      444.771586      150.354283      460.048400      362.777576       96.048177      382.467683
frame00464.jpg      112.561229      188.000164      444.444554      151.870540      459.893643      364.656931       95.776751      384.337632
frame00465.jpg      112.426148      188.735050      444.161514      153.060280      459.677996      364.998792       95.269980      384.299271
frame00466.jpg      112.041466      188.354861      444.016212      153.082042      459.019714      365.531907       94.355529      384.272704
frame00467.jpg      111.411713      188.441523      443.542620      153.564508      458.697204      366.040015       93.750991      384.277783
frame00468.jpg      111.183789      188.285953      443.546985      153.984883      458.098961      366.483575       93.393977      384.100293
frame00469.jpg      111.527617      187.983959      444.008722      154.186464      458.192779      367.007824       93.554231      383.993271
frame00470.jpg      111.745809      188.900504      444.278182      155.193954      458.567679      369.051780       93.306267      385.776599
frame00471.jpg      111.906482      191.388015      444.401899      158.266158      458.542408      372.714391       93.886591      389.276445
frame00472.jpg      111.432882      196.851178      446.282794      163.854469      455.313448      369.890258       97.005848      388.148750
frame00473.jpg      113.310552      198.938243      445.418516      165.660037      458.630014      378.932173       93.983955      395.431705
frame00474.jpg      112.713289      198.743356      444.550382      165.700917      459.345607      378.466689       93.494445      394.454760
frame00475.jpg      113.573620      197.894627      445.398553      165.169336      460.298327      379.249613       94.165871      394.569139
frame00476.jpg      114.007328      198.635730      446.112709      166.640438      460.248839      380.035742       93.825094      394.648568
frame00477.jpg      114.146274      197.711565      446.177770      165.988605      460.825649      379.533459       93.820955      393.617178
frame00478.jpg      115.290678      197.568668      447.357157      166.074203      461.874132      380.090274       95.131227      393.967870
frame00479.jpg      116.350811      197.130539      448.541134      165.980129      462.176418      379.570205       95.821397      393.087702
frame00480.jpg      116.596520      196.147720      449.089813      165.101629      462.442213      378.261205       96.058222      391.612996
frame00481.jpg      117.065842      194.517100      449.614528      163.531362      462.668433      377.448854       96.624592      390.565900
frame00482.jpg      116.980405      193.978195      449.728479      163.432110      462.455584      377.045649       95.803509      389.602632
frame00483.jpg      115.919848      191.778360      448.997880      161.992822      461.353148      374.887368       94.956496      386.719104
frame00484.jpg      116.579310      189.294345      449.551839      160.070752      461.944457      374.282949       95.587802      385.515789
frame00485.jpg      116.971422      190.527537      450.280914      161.911157      461.387467      376.031189       95.024725      386.450369
frame00486.jpg      115.591611      188.905735      448.979123      161.166624      459.983380      373.963349       93.196507      383.898690
frame00487.jpg      115.545495      187.276247      448.783618      159.748462      459.817901      373.398515       93.658875      383.012661
frame00488.jpg      115.698219      186.508173      449.272682      159.551074      459.241159      372.526652       93.917785      381.856709
frame00489.jpg      116.149340      185.742257      449.689006      159.099791      459.756482      372.711904       94.532570      381.748821
frame00490.jpg      116.916724      185.653192      450.557693      159.448289      459.996920      372.376751       94.815737      380.897498
frame00491.jpg      117.387294      184.601752      451.001112      158.604380      460.704622      372.080953       95.450791      380.112009
frame00492.jpg      118.671377      184.894368      452.359437      159.129957      461.707654      373.054682       96.590397      380.681603
frame00493.jpg      119.511257      186.294137      452.940320      160.652567      461.998570      374.801278       96.538182      382.169777
frame00494.jpg      118.614119      187.138411      452.162761      161.570445      460.926633      374.883318       95.074732      382.402477
frame00495.jpg      117.527952      187.268800      451.045999      162.210720      460.630605      376.963797       94.950944      384.298648
frame00496.jpg      119.043686      193.011511      452.171187      167.126669      461.819498      381.723524       95.412134      389.681559
frame00497.jpg      118.804719      194.369022      451.761703      168.384730      462.231041      382.963480       95.468535      390.958357
frame00498.jpg      120.412322      197.023584      453.261525      170.513425      464.406733      384.871086       97.424813      393.108369
frame00499.jpg      121.738205      196.967995      454.849767      170.318249      466.964900      384.721321      100.225210      393.069208
frame00500.jpg      125.466637      205.376314      460.813958      179.540149      468.257310      387.540168      113.628763      393.153175
frame00501.jpg      130.218713      214.617956      464.813775      186.297685      471.770968      395.616462      119.806715      403.949793
frame00502.jpg      135.606055      216.465694      466.702793      186.334850      482.594284      400.320274      116.279333      410.503998
frame00503.jpg      142.737784      214.172406      472.773845      182.109596      492.138629      396.760805      124.763790      407.650069
frame00504.jpg      150.305402      215.734717      479.513606      182.890101      498.551150      400.372456      132.598812      411.014499
frame00505.jpg      155.318989      221.416961      483.310954      187.088249      503.137501      404.597865      137.804684      416.233591
frame00506.jpg      157.857253      225.996610      488.664692      190.432126      500.615294      400.206938      150.734764      414.542692
frame00507.jpg      166.105370      228.728621      492.399643      192.302764      512.424036      408.038723      148.550384      420.864204
frame00508.jpg      169.816186      229.942514      494.689785      192.987036      513.881148      408.218087      150.746649      420.967864
frame00509.jpg      170.986382      229.690476      495.113656      192.221004      514.390877      406.663062      151.959229      419.719926
frame00510.jpg      172.682867      228.834362      496.148673      191.005278      515.769652      405.192326      154.173306      418.247189
frame00511.jpg      174.861937      228.853257      497.685566      190.737793      516.637419      404.978629      156.067445      417.914932
frame00512.jpg      174.889480      227.449971      497.126645      189.460560      514.989552      401.790590      155.154415      415.163986
frame00513.jpg      174.388001      225.178195      495.467331      186.199197      513.999431      399.158469      155.239519      413.121486
frame00514.jpg      175.198400      226.380229      495.329841      187.929428      514.175320      402.689803      155.606959      415.865617
frame00515.jpg      175.158212      230.101882      494.579658      190.827340      512.147293      402.328486      155.134889      416.786650
frame00516.jpg      172.722865      226.347969      491.211641      186.952633      508.662404      396.897948      152.549309      412.421925
frame00517.jpg      171.664096      225.785767      489.104634      185.527766      506.228833      396.311606      152.079439      412.145489
frame00518.jpg      170.750450      226.324843      487.092122      186.122899      503.741668      395.250085      150.647487      411.390005
frame00519.jpg      170.088989      224.982887      484.235861      185.082129      500.768078      394.845655      149.524854      410.421124
frame00520.jpg      170.803874      228.340006      484.124475      188.942701      499.670046      398.430861      149.563168      413.328858
frame00521.jpg      170.694250      227.151284      482.906460      189.948456      498.074207      394.517205      148.089781      407.196621
frame00522.jpg      169.998480      222.656601      481.680501      185.077598      495.545441      391.276473      147.663855      404.545831
frame00523.jpg      170.133295      221.280832      481.064267      184.418119      493.667515      389.694666      147.081814      402.219933
frame00524.jpg      168.431923      217.179068      478.562359      181.472233      490.419600      385.291855      144.208293      396.945486
frame00525.jpg      167.026764      213.814405      476.534307      178.289704      487.375686      382.058391      143.289029      393.623752
frame00526.jpg      168.063751      212.011591      476.648574      177.472570      486.113087      380.963262      143.555461      391.006347
frame00527.jpg      167.905387      207.565710      475.607665      175.036433      484.046430      376.770274      141.333849      384.474902
frame00528.jpg      166.443447      202.808740      473.686313      171.671230      480.364437      372.896397      139.445373      379.118086
frame00529.jpg      165.310607      198.568955      472.235038      168.524577      476.727029      369.799310      137.896796      375.499711
frame00530.jpg      165.353288      196.332438      471.165992      168.284348      474.116242      368.630202      136.328313      371.436023
frame00531.jpg      163.881473      190.425159      469.084828      164.512312      470.473592      363.878148      133.765580      364.496007
frame00532.jpg      164.383435      186.313139      468.697111      162.266882      468.598156      360.215812      133.204970      358.984434
frame00533.jpg      165.262322      181.143943      469.460403      158.535694      467.186831      356.923028      133.854924      354.317190
frame00534.jpg      166.711877      178.557237      470.049114      158.023455      465.673093      355.569429      133.417381      350.346055
frame00535.jpg      165.789363      174.488135      468.472666      155.854764      462.524374      352.573705      130.999222      345.102509
frame00536.jpg      166.311107      169.620983      468.197444      152.857967      461.202669      348.348686      130.352931      339.001275
frame00537.jpg      168.259823      163.287969      469.714941      148.267148      460.399522      342.952649      131.289888      331.052854
frame00538.jpg      169.649986      155.952801      470.713483      143.278667      459.332805      337.381996      130.920122      322.337714
frame00539.jpg      170.553988      147.069386      472.059912      136.104095      457.274867      329.486630      131.362372      312.649849
frame00540.jpg      172.144148      139.268401      473.397177      132.281866      455.823264      327.148901      131.223033      305.798096
frame00541.jpg      171.681388      134.447486      473.084778      130.011567      452.769089      324.154051      129.104836      300.282169
frame00542.jpg      170.521071      129.865185      471.300004      128.168157      448.309611      322.074314      126.423639      295.255642
frame00543.jpg      171.154162      124.919406      470.730718      125.987165      446.534174      318.745028      124.720028      288.619543
frame00544.jpg      173.257132      118.857023      472.348300      122.905002      445.238109      315.061786      125.379458      281.776008
frame00545.jpg      174.390948      112.518734      472.880605      119.800620      442.066925      311.626718      124.254088      274.708070
frame00546.jpg      173.221856      108.529232      471.247067      118.487160      436.795127      309.913278      122.390175      270.720881
frame00547.jpg      172.032165      105.781563      468.821194      118.915382      432.152130      309.076064      119.179506      266.908561
frame00548.jpg      171.410076      101.959862      466.642965      118.574112      428.255804      307.029053      116.521526      261.015957
frame00549.jpg      169.652695       96.327536      463.951448      116.566548      422.548994      304.333334      112.640774      255.006062
frame00550.jpg      168.282519       91.928843      461.480747      115.379466      418.016821      302.053939      109.375934      249.561535
frame00551.jpg      166.796843       88.823471      459.125281      114.614409      413.092922      300.712273      107.110384      246.657033
frame00552.jpg      165.435050       86.840768      456.807813      115.032638      408.881694      299.597896      103.959010      243.738170
frame00553.jpg      162.462286       83.484161      453.161713      114.016965      404.085611      297.561637       99.617661      239.630743
frame00554.jpg      160.796528       79.306595      450.591902      111.913343      401.369554      293.927541       96.961448      234.634896
frame00555.jpg      161.750490       74.766114      450.245751      108.387033      401.150939      289.965753       97.640193      229.254928
frame00556.jpg      163.567081       73.513665      451.875327      107.957916      401.713361      290.372447      100.240630      229.618008
frame00557.jpg      164.430492       76.414881      451.404662      110.577204      399.953402      291.855159      100.553488      231.475540
frame00558.jpg      163.187822       77.962145      449.881342      111.779867      399.783473      292.507303      100.817765      232.960965
frame00559.jpg      166.288086       79.935017      452.776272      113.219511      403.050947      293.897346      104.336316      234.344034
frame00560.jpg      167.095329       81.594963      453.091874      114.625882      402.145471      294.887887      103.835852      235.770150
frame00561.jpg      163.783079       83.628697      449.237983      115.909089      399.005745      295.868357      100.568932      237.732222
frame00562.jpg      161.519372       84.917675      446.865161      116.621560      398.088030      296.349445       98.977919      238.903024
frame00563.jpg      161.121859       87.044960      446.422903      118.222885      398.507555      297.900799       98.550832      241.226532
frame00564.jpg      159.577677       88.456216      445.234319      118.688948      397.397668      297.702138       97.403553      242.455023
frame00565.jpg      156.327485       88.737866      442.517912      118.517298      395.954416      297.654952       94.393428      243.214417
frame00566.jpg      155.074870       89.497918      441.538390      118.832978      396.372886      298.470150       93.926437      244.564766
frame00567.jpg      153.787834       91.376942      440.732287      119.974959      395.922818      299.716216       92.629770      246.869929
frame00568.jpg      149.527364       94.014841      437.124057      121.923046      393.538042      302.262304       88.903882      249.960323
frame00569.jpg      144.304871       97.550792      433.313518      123.355432      392.341910      302.797261       85.078004      254.545641
frame00570.jpg      143.490463       99.111449      433.091181      123.218035      394.529103      303.572504       85.420487      257.048612
frame00571.jpg      140.912699      102.232011      431.716784      124.538696      394.013007      304.952055       83.614103      261.100964
frame00572.jpg      137.439517      104.347630      429.302276      123.686908      394.324833      303.808922       82.265741      263.302424
frame00573.jpg      136.307550      107.155885      429.689013      122.658624      398.758416      303.414438       84.098526      267.607088
frame00574.jpg      135.786388      107.898357      429.755783      122.229116      400.739510      303.824702       84.100196      269.344283
frame00575.jpg      133.317264      111.313193      428.454713      123.757844      400.621744      304.529348       82.662031      273.536558
frame00576.jpg      131.653226      112.591152      427.340236      122.813832      402.191313      303.611661       83.203131      274.927326
frame00577.jpg      131.725127      114.615477      427.966167      124.358324      404.345354      305.425789       83.028508      278.521982
frame00578.jpg      130.065914      117.652506      426.869751      125.466990      403.226995      305.536047       82.394288      280.782545
frame00579.jpg      127.335075      119.650883      424.143805      124.963638      402.938290      304.709517       81.195911      282.569343
frame00580.jpg      126.116584      120.617534      423.077464      124.802657      403.440907      304.613430       81.051887      284.526231
frame00581.jpg      124.094557      122.705717      421.674898      125.738053      402.871623      304.663274       79.839030      286.683630
frame00582.jpg      122.871113      123.747035      420.598951      125.792562      403.753290      304.414583       80.035397      287.834046
frame00583.jpg      123.283223      124.557376      421.446270      126.272171      405.256459      304.547302       80.967665      288.626706
frame00584.jpg      123.204144      123.998861      421.817278      125.557668      406.291400      302.971314       80.580362      287.410437
frame00585.jpg      123.067702      118.600859      422.126936      121.826131      407.991432      297.918867       79.374940      280.877923
frame00586.jpg      122.801201      113.993213      423.421717      116.552862      408.717971      293.871507       81.128340      278.005944
frame00587.jpg      123.252871      113.247053      424.651989      115.103495      410.290193      293.309034       82.508264      277.958666
frame00588.jpg      124.123804      113.413841      426.014925      114.657081      412.506429      292.460097       83.810256      277.960755
frame00589.jpg      123.424262      113.209320      426.018399      113.678006      412.288720      291.789936       82.847769      278.507610
frame00590.jpg      119.742177      114.670221      423.014530      114.988558      410.305442      293.442185       79.000756      281.456574
frame00591.jpg      118.021650      116.991387      421.502918      115.989684      410.650116      293.348460       78.785311      282.683740
frame00592.jpg      117.780669      116.980850      421.813418      115.673320      411.736787      292.943165       78.670616      283.205156
frame00593.jpg      114.984577      116.269306      420.345871      114.637230      410.094598      291.559580       75.834341      283.246472
frame00594.jpg      109.562271      116.088065      416.009234      113.616999      406.810238      290.370836       71.260776      283.705306
frame00595.jpg      104.507295      112.651221      412.450449      111.389687      405.288104      284.260076       68.466697      276.528135
frame00596.jpg      103.827351      109.692256      412.772485      105.170745      409.485623      282.527496       71.786794      278.830244
frame00597.jpg      108.400405      109.695813      417.964468      104.298167      414.612203      282.006892       76.462558      278.913824
frame00598.jpg      111.358392      110.294261      421.286437      105.143518      418.077878      283.859195       78.324299      281.545568
frame00599.jpg      112.694765      113.703907      422.242513      107.211885      419.930481      285.895756       80.022467      284.612784
frame00600.jpg      114.087726      117.037260      424.132838      108.895190      423.906130      287.106386       83.999664      288.024015
frame00601.jpg      118.708361      119.041632      427.924215      109.261323      429.926924      287.063097       91.105358      288.919081
frame00602.jpg      125.632482      103.487671      434.498109       96.572914      436.766700      277.674083       97.075008      274.841134
frame00603.jpg      139.372769      106.976755      449.756875       96.416515      442.170439      265.945606      121.105427      257.313236
frame00604.jpg      151.364744      120.247597      466.568239      104.356159      440.349101      260.760603      150.164350      257.454834
frame00605.jpg      158.190478      126.518412      478.389506      108.654823      450.787402      261.533777      168.536072      261.809168
frame00606.jpg      172.919073      134.578821      493.805039      113.761527      459.442946      263.298465      184.489048      262.956950
frame00607.jpg      183.211771      144.793245      510.709396      124.153169      465.830496      263.752513      199.627969      262.423785
frame00608.jpg      191.806897      154.506724      535.697484      127.523117      464.071581      266.525188      219.657525      263.208183
frame00609.jpg      193.852796      160.478029      559.543765      121.864694      462.306303      265.477677      244.228599      264.620862
frame00610.jpg      202.807758      166.450656      558.038557      133.742819      478.874233      269.772639      246.230428      265.451254
