frame ulx uly urx ury lrx lry llx lly
frame00000.jpg 291.000000 150.029999 564.059998 149.940002 564.059998 444.059998 291.029999 443.950012 
frame00001.jpg 291.092377 150.026001 564.056519 149.898392 564.058655 444.197479 291.072021 443.849670 
frame00002.jpg 290.712372 149.505737 564.442627 150.425018 564.698608 443.019592 291.578247 444.281708 
frame00003.jpg 293.252045 149.367950 566.020020 149.871735 565.632813 443.712646 292.346252 443.065002 
frame00004.jpg 292.617645 148.964645 565.570313 148.697495 565.102112 443.633331 291.277832 442.234985 
frame00005.jpg 290.580719 148.889191 563.621460 149.004776 563.455933 443.442413 289.891754 443.553101 
frame00006.jpg 289.444733 148.944992 563.037842 149.130112 563.030762 443.374359 289.966400 443.925629 
frame00007.jpg 290.995300 150.144958 563.336121 149.394974 564.394897 443.952850 291.198700 443.617371 
frame00008.jpg 292.175018 150.021149 565.099670 149.865936 565.354614 444.525970 292.053528 443.804535 
frame00009.jpg 292.129852 150.694641 564.918762 150.919586 564.331177 445.902039 291.183746 444.845947 
frame00010.jpg 291.229248 151.579285 563.532776 151.531433 563.881226 446.072174 290.642517 445.285431 
frame00011.jpg 289.295258 150.853073 563.715515 151.660995 564.105652 444.145599 290.101257 445.495972 
frame00012.jpg 290.313293 150.667511 564.217041 150.945755 563.591187 443.700043 290.592102 445.543732 
frame00013.jpg 291.434296 151.050079 563.648560 151.216400 563.631958 445.068420 291.046234 444.403900 
frame00014.jpg 291.918365 150.561859 564.392334 149.941879 564.897461 445.168854 291.806793 443.678223 
frame00015.jpg 292.815399 150.468658 565.043457 150.417572 565.466125 445.696198 292.685486 444.078339 
frame00016.jpg 292.603668 150.050522 564.972473 151.127151 565.686096 445.348694 293.509766 444.005829 
frame00017.jpg 293.585266 151.630981 564.307739 149.439484 565.421692 445.168091 297.850311 443.481384 
frame00018.jpg 294.856598 152.398880 565.561157 151.920654 565.494812 451.528046 289.992401 446.597931 
frame00019.jpg 297.907684 152.903412 567.946411 152.122803 568.686035 451.039856 295.132751 442.091858 
frame00020.jpg 301.773987 152.210922 570.885925 150.509506 570.535217 448.189789 304.320923 436.806152 
frame00021.jpg 299.143524 151.386887 572.655823 150.996353 569.481323 447.600037 296.686554 440.431122 
frame00022.jpg 297.035736 150.540176 571.584595 152.052582 568.311401 445.359619 294.942444 442.286469 
frame00023.jpg 301.099792 152.249390 570.501282 152.283676 568.909729 450.267487 295.761322 441.033417 
frame00024.jpg 300.165649 152.650482 570.247192 152.233337 568.368713 449.738525 295.595581 440.738434 
frame00025.jpg 305.899445 154.239578 570.917969 151.606720 570.037964 455.611908 298.365082 437.864960 
frame00026.jpg 302.552307 151.002518 580.271851 151.651749 559.697754 431.021851 314.961029 404.576813 
frame00027.jpg 308.551849 151.529358 574.082031 152.462860 570.110596 461.357086 297.153381 434.926849 
frame00028.jpg 299.404602 145.103195 576.143127 152.830002 568.522217 451.569489 292.286011 435.620728 
frame00029.jpg 303.213501 144.245270 579.029663 148.792175 567.468018 452.939209 295.034760 432.343353 
frame00030.jpg 309.692169 143.550827 580.365845 145.925659 567.973999 456.470612 300.849152 421.936646 
frame00031.jpg 314.848938 144.569366 580.399719 141.380844 570.997070 467.341217 301.072021 423.143250 
frame00032.jpg 301.586945 139.347794 582.298645 142.187653 565.190491 451.212952 294.023529 427.635468 
frame00033.jpg 310.574219 138.104263 586.266541 141.952011 563.355164 447.950500 309.733063 404.320526 
frame00034.jpg 291.069397 128.889679 582.614441 145.854218 563.347534 443.892700 286.553528 428.017609 
frame00035.jpg 304.109131 132.508423 582.731995 142.441360 567.908569 458.820007 290.110687 428.557709 
frame00036.jpg 312.135284 122.480995 577.803345 150.887451 583.354370 509.297058 239.025848 453.344147 
frame00037.jpg 303.993378 125.764656 586.651001 140.912506 565.962158 453.739288 290.946564 417.780792 
frame00038.jpg 295.199982 118.750229 582.951355 141.985779 566.602783 453.864502 271.670013 426.600037 
frame00039.jpg 304.135315 125.378639 585.026123 133.322678 566.603333 453.666046 292.275330 415.636017 
frame00040.jpg 303.191345 120.286064 584.674805 134.529739 569.997864 452.444031 290.856781 415.038727 
frame00041.jpg 302.464264 125.354095 590.533630 127.371895 566.684753 445.952209 296.330872 417.189453 
frame00042.jpg 308.127014 123.183968 589.350220 130.814758 572.496826 453.503479 296.359009 415.577209 
frame00043.jpg 310.324524 125.074104 590.338013 130.623260 572.230835 454.851440 297.636475 416.411499 
frame00044.jpg 311.784149 127.126839 589.020935 129.448196 572.335388 456.997437 298.990204 416.664063 
frame00045.jpg 322.390686 134.616730 591.034546 123.964470 569.110535 439.047638 337.015259 390.032837 
frame00046.jpg 315.660797 134.560532 587.363525 129.532700 568.833557 439.122925 328.764954 401.148254 
frame00047.jpg 304.170837 135.099548 583.086243 132.584686 572.871765 452.386658 302.449738 432.047211 
frame00048.jpg 324.759338 143.351883 586.174988 126.694695 576.020386 471.822937 315.377075 415.350342 
frame00049.jpg 317.154755 140.506683 585.156860 128.182739 573.830261 458.608307 312.332245 418.812042 
frame00050.jpg 303.210052 134.689072 577.679138 131.174332 578.789429 455.445068 295.894470 447.278687 
frame00051.jpg 321.919067 140.821030 585.532471 120.825882 578.189819 467.612335 310.011108 416.961792 
frame00052.jpg 311.860413 136.316681 581.729675 121.035973 575.230103 451.618652 304.712219 422.132660 
frame00053.jpg 311.170410 138.189697 580.725281 116.592590 574.412231 448.398499 306.305786 422.478363 
frame00054.jpg 312.921600 139.063416 578.922913 114.092476 574.020386 447.168091 308.038879 422.070099 
frame00055.jpg 290.796783 139.401917 575.007263 111.810181 562.749451 415.415802 301.783691 433.174133 
frame00056.jpg 293.709595 138.174561 573.961670 106.479546 559.881958 379.300385 355.954041 376.371796 
frame00057.jpg 392.220703 179.129761 531.788818 174.222183 472.193695 80.720276 634.254822 95.134705 
frame00058.jpg 306.528931 140.181168 556.831055 113.808807 575.759888 447.548615 299.261414 425.164825 
frame00059.jpg 316.845245 152.233093 559.699524 101.886040 570.893188 456.523560 311.487885 424.517578 
frame00060.jpg 303.652039 152.305328 553.714294 101.232582 563.438416 434.169891 305.173859 438.469086 
frame00061.jpg 303.642120 155.342270 548.146606 97.094070 565.127319 434.190216 307.516418 439.308502 
frame00062.jpg 304.891663 157.897446 546.758362 93.081306 557.977173 429.525696 309.523895 432.482880 
frame00063.jpg 319.090637 161.862625 531.924500 85.877518 567.042908 405.666321 366.551331 409.536682 
frame00064.jpg 298.881104 160.349274 543.314148 91.433113 555.605347 418.010925 308.585632 435.345123 
frame00065.jpg 303.350128 163.695496 543.174744 87.781075 555.308594 424.589813 308.099487 435.345581 
frame00066.jpg 307.779663 163.328934 539.948120 88.348717 556.685364 429.050110 310.825073 430.527832 
frame00067.jpg 309.910858 169.163788 541.067505 81.444092 553.502014 422.328247 317.609070 425.705780 
frame00068.jpg 290.502106 161.436188 532.502808 85.639954 556.321594 406.811401 315.207916 438.563568 
frame00069.jpg 289.099121 160.054214 531.381775 94.923698 553.280701 402.739014 288.951202 448.948425 
frame00070.jpg 317.085297 170.672256 533.597229 77.315361 556.889221 424.711578 318.756653 429.496002 
frame00071.jpg 304.666443 169.796280 532.424561 79.510109 551.894226 406.637329 310.013733 438.601471 
frame00072.jpg 341.301147 174.106964 499.449036 78.553467 594.064392 429.562897 387.776184 460.124420 
frame00073.jpg 314.176910 176.236908 531.041870 77.429092 553.181641 406.896057 316.940460 433.621002 
frame00074.jpg 309.804382 181.617096 520.540771 84.432785 564.800659 410.615265 314.048950 489.228027 
frame00075.jpg 301.968323 181.461334 526.716614 87.481903 548.795654 384.046600 303.492950 459.830383 
frame00076.jpg 317.741730 189.327972 531.283203 73.081383 548.440247 390.901276 325.857391 431.594421 
frame00077.jpg 309.183746 188.449341 528.487610 82.498947 549.134949 399.970001 293.232178 456.874786 
frame00078.jpg 306.315643 194.011871 517.300415 81.566238 547.298279 383.431458 308.492401 467.727203 
frame00079.jpg -427.752350 471.054474 480.763763 107.278778 535.597717 365.504333 656.927856 -480.760132 
frame00080.jpg 309.288910 199.022736 518.962708 78.898865 546.023010 394.122681 292.609100 467.948486 
frame00081.jpg 91.774780 269.738861 479.316010 111.515633 524.806335 325.237091 4246.758301 -11236.363281 
frame00082.jpg 413.261475 171.565750 562.233521 162.077408 411.747131 199.215286 365.308411 44.100834 
frame00083.jpg 80.571976 208.587738 80.927963 208.719254 80.913864 208.719360 81.134819 208.801178 
frame00084.jpg 442.223328 259.952423 437.699493 265.345764 413.087708 278.801331 436.386200 264.646271 
frame00085.jpg 734.283447 488.519745 762.103149 517.368347 786.619873 538.393738 735.537231 497.904541 
frame00086.jpg 564.865845 549.898987 543.680847 559.895630 564.560181 546.979797 568.506775 550.928162 
frame00087.jpg 418.779144 415.475861 415.989105 417.918243 416.081299 417.782257 415.861847 417.995087 
frame00088.jpg 368.735779 429.404785 363.659760 432.478760 319.015167 424.898224 360.332458 429.925049 
frame00089.jpg 332.231476 425.534973 332.145996 425.706757 333.432800 427.172424 332.453217 425.926514 
frame00090.jpg 390.950806 397.705688 393.206787 400.262787 391.536835 398.377228 392.481110 399.430573 
frame00091.jpg 420.910004 409.122131 421.047241 412.437744 419.266022 408.847839 424.065338 412.587708 
frame00092.jpg 368.471100 400.882416 372.508514 404.054443 371.974976 403.471130 373.615784 404.811340 
frame00093.jpg 82.065811 205.471725 81.628914 204.737625 81.647301 204.839508 81.376640 204.387299 
frame00094.jpg 432.242950 407.954193 432.871307 408.351257 433.128754 408.637726 432.851013 408.240509 
frame00095.jpg 400.212860 434.301300 400.240570 428.611603 394.255463 410.714386 399.579712 429.673096 
frame00096.jpg 438.545837 484.572205 564.083862 94.982025 489.111328 810.728882 446.278473 313.057983 
frame00097.jpg 491.174866 205.497971 491.444092 202.213821 491.561188 203.678970 491.918274 200.673264 
frame00098.jpg 734.154236 -16.272337 509.659729 110.983749 593.454102 53.829838 568.988342 68.468834 
frame00099.jpg 310.092102 237.398361 502.288239 126.178268 658.900452 538.352356 -500.950439 2422.915039 
frame00100.jpg 410.489044 204.347794 479.076294 119.574196 181.195801 -224.210739 415.135437 471.148346 
frame00101.jpg 342.368958 208.840683 504.622498 143.130295 -19894.062500 -34966.566406 -22363.644531 35558.367188 
frame00102.jpg 256.921295 174.400742 493.749115 175.693832 829.238708 558.827271 659.972595 -15.346511 
frame00103.jpg 274.497009 133.871017 496.181274 186.523285 648.177917 320.415344 -4069.337402 2611.182129 
frame00104.jpg 327.170654 211.663544 529.669189 129.581467 565.510559 372.905487 309.724884 421.439362 
frame00105.jpg 312.681702 211.581100 532.601685 133.008484 554.453186 359.720001 293.730438 425.679260 
frame00106.jpg 246.994812 237.618164 501.629456 143.603928 776.590210 678.012756 747.198669 -507.221283 
frame00107.jpg 322.682343 210.379181 533.831421 135.026993 562.693848 375.103790 299.113831 416.570770 
frame00108.jpg 317.823090 209.043594 535.920837 139.151886 567.019287 388.817108 271.168335 440.153442 
frame00109.jpg 330.945831 209.396881 532.682556 140.212814 578.346436 392.324982 309.141022 427.962189 
frame00110.jpg 326.278534 208.127243 541.209656 140.602371 566.825562 382.436401 307.310333 411.726593 
frame00111.jpg 317.245483 204.473068 541.428650 148.069992 568.316406 380.156738 294.668701 420.741791 
frame00112.jpg 326.530212 203.503647 540.535828 151.232666 582.411499 403.185913 296.752106 432.380768 
frame00113.jpg 314.719269 200.047775 539.209045 158.252213 571.571655 388.168976 287.592773 442.333527 
frame00114.jpg 328.824493 202.114929 547.441833 156.941559 576.496216 421.764435 277.671051 430.489716 
frame00115.jpg 308.247345 193.703384 537.018066 167.147415 568.852844 381.233948 298.821472 436.612457 
frame00116.jpg 316.682190 194.716446 550.490601 164.066772 570.949097 397.812683 294.522247 418.251343 
frame00117.jpg 320.287964 191.210526 552.173584 166.723343 575.126709 405.747437 295.761688 414.937866 
frame00118.jpg 317.744598 187.150177 555.107910 167.541412 574.267456 405.263428 295.955963 413.835419 
frame00119.jpg 318.476807 180.217346 557.943909 171.695587 576.665161 411.065918 295.462219 411.385223 
frame00120.jpg 321.233398 176.644943 561.217224 172.898239 576.307678 414.572479 300.341370 406.735291 
frame00121.jpg 319.673645 169.276672 560.216736 178.493469 575.798767 420.454315 293.897522 406.931549 
frame00122.jpg 318.412079 165.508774 560.451782 180.526657 574.032349 425.139648 294.567444 404.938324 
frame00123.jpg 326.275024 161.876556 561.888306 182.442444 566.329346 418.862579 323.387024 379.411499 
frame00124.jpg 324.900818 157.024475 563.114197 188.264816 560.610352 417.751953 324.641327 369.297913 
frame00125.jpg 321.795593 151.632950 557.520081 193.198456 565.851318 441.965210 295.586914 400.528992 
frame00126.jpg 319.975159 145.226700 555.922302 196.453674 563.014771 443.679535 291.835022 399.696472 
frame00127.jpg 317.932526 139.650574 553.016785 197.967926 559.057617 445.020721 290.889954 399.359894 
frame00128.jpg 338.067017 145.645050 550.669067 198.150894 567.101624 474.833923 307.056305 393.097961 
frame00129.jpg 317.328674 131.724625 547.203918 200.575058 556.379456 456.635468 285.015442 419.422089 
frame00130.jpg 317.980530 127.676079 547.947937 201.340973 547.791565 451.092529 289.750946 397.297150 
frame00131.jpg 329.354797 126.260719 542.216614 199.563400 551.346985 465.045837 296.345459 398.625671 
frame00132.jpg 317.014313 113.219429 542.749451 197.715393 539.691101 447.890991 286.911102 394.777161 
frame00133.jpg 315.544830 109.016930 540.757324 194.118835 535.462708 446.432465 286.937897 393.206604 
frame00134.jpg 309.007538 102.298157 540.053955 192.963333 531.477234 452.865723 253.477325 404.119476 
frame00135.jpg 316.743561 105.714424 537.392883 187.934402 531.490295 444.195557 289.715576 392.428345 
frame00136.jpg 303.306763 90.963066 534.626526 187.509735 529.574280 437.854004 269.805573 409.115692 
frame00137.jpg 306.203644 83.597191 531.646606 186.740814 523.051147 425.315765 290.690430 389.476013 
frame00138.jpg 299.036499 77.802681 531.362000 187.716141 519.945068 427.803894 277.808899 396.882233 
frame00139.jpg 302.090515 78.653870 529.401001 186.672836 516.416992 428.578979 278.067596 396.246155 
frame00140.jpg 151.710480 2.399921 504.633667 170.327530 529.982849 422.134857 -40.170425 1370.169434 
frame00141.jpg 312.847992 82.613091 530.551697 181.441910 505.242798 428.732819 283.985229 375.579834 
frame00142.jpg 315.813629 78.487862 524.697327 182.355942 510.432251 438.925507 282.967773 391.388672 
frame00143.jpg 323.448364 77.630745 523.955017 182.668610 512.040710 450.292633 286.589905 383.716553 
frame00144.jpg 299.621674 47.678822 513.108704 180.143051 509.209473 428.035980 270.175354 454.387970 
frame00145.jpg 311.206024 58.215977 520.055603 180.834869 498.542419 420.523956 280.488892 399.134155 
frame00146.jpg 326.749268 67.558723 520.661011 181.953278 503.749817 443.205231 284.899750 388.764038 
frame00147.jpg 313.318298 63.929497 521.797913 174.103271 494.749023 420.518280 285.408539 401.762695 
frame00148.jpg 377.903900 89.467560 496.735046 166.178192 509.525726 460.005066 370.291046 445.966339 
frame00149.jpg 327.739014 56.063683 520.817444 175.741165 497.339203 433.832245 286.232880 391.247101 
frame00150.jpg 327.029938 52.823990 523.464722 172.231140 497.511719 429.838745 287.393829 392.145569 
frame00151.jpg 339.037170 60.112148 527.085449 168.168106 497.441406 440.044312 295.920044 386.783203 
frame00152.jpg 406.245392 418.355194 402.154083 408.669891 403.172363 411.086456 398.448608 399.907104 
frame00153.jpg 187.514954 528.731934 171.843399 565.228943 167.219254 576.493652 169.039429 570.792725 
frame00154.jpg 391.876587 393.165680 394.106934 394.292694 412.540344 386.806915 395.683472 392.730621 
frame00155.jpg 414.730682 375.962555 366.770905 394.310852 356.888641 397.485687 369.263824 393.105103 
frame00156.jpg 403.130096 414.266754 404.879639 403.144440 398.472748 415.685669 397.937103 407.355591 
frame00157.jpg 353.162048 19.327135 523.875854 155.066513 503.552490 430.449463 289.143372 419.748627 
frame00158.jpg 395.119690 444.230621 397.341766 549.533691 373.780579 408.517883 357.629669 364.586609 
frame00159.jpg 362.863831 40.014103 526.887634 139.385971 486.808258 428.635590 299.913300 389.351746 
frame00160.jpg 395.262054 43.638084 524.886292 155.776215 510.248505 527.558899 296.154022 354.916168 
frame00161.jpg 380.575256 395.956543 380.997955 395.235718 380.563721 395.861786 380.787262 395.493652 
frame00162.jpg 340.093201 13.599229 533.931335 143.029037 486.552032 391.290039 295.474792 421.012512 
frame00163.jpg 346.668182 19.917891 538.133850 143.915924 483.270050 395.179382 288.431946 415.082306 
frame00164.jpg 472.268768 161.702820 844.360657 -667.843994 492.998962 98.843750 431.768982 270.675385 
frame00165.jpg 501.228363 139.901596 471.471497 135.336624 473.608459 141.393539 441.203674 138.892807 
frame00166.jpg 972.592468 646.116211 528.026184 155.598389 478.307770 524.339417 659.807861 -33.294807 
frame00167.jpg 458.558350 209.945938 325.901489 458.178345 452.604645 242.826889 447.141876 257.004486 
frame00168.jpg 488.471008 113.551582 485.603851 114.178230 487.827942 114.011169 486.218445 114.503784 
frame00169.jpg 908.016235 569.683350 540.552551 161.922272 483.505310 523.402222 671.879944 -32.362389 
frame00170.jpg 1266.792603 785.640015 550.840271 159.489258 409.601990 217.326797 -349.286804 312.544312 
frame00171.jpg 375.596436 457.174133 375.039886 462.022095 349.667999 534.897339 373.094116 466.018738 
frame00172.jpg 345.554993 -16.723392 553.216309 162.259598 501.472015 389.755341 259.232178 562.235474 
frame00173.jpg 35.394848 243.823425 43.927444 253.462051 31.360428 239.938431 36.757526 246.312592 
frame00174.jpg 329.843781 312.464020 379.198395 271.664642 365.934357 308.420990 322.874573 249.146164 
frame00175.jpg 512.856323 278.305511 485.765717 265.490448 407.494751 248.499695 486.004730 268.792084 
frame00176.jpg 656.092712 381.462921 206.260681 -190.349350 732.004883 599.789063 496.735046 98.121689 
frame00177.jpg 704.874268 490.585175 712.598755 499.853790 710.586914 497.862518 714.466797 502.494965 
frame00178.jpg 513.361755 63.272697 524.219482 52.627548 581.580383 -17.254322 530.508362 43.800064 
frame00179.jpg 387.291931 451.139343 389.770233 435.475006 386.430145 449.411316 386.112915 436.812714 
frame00180.jpg 734.549622 482.503510 727.399353 501.002136 727.038330 497.521515 723.730713 506.382904 
frame00181.jpg 707.661194 494.407257 707.547913 494.438721 707.691467 494.342896 707.565002 494.474548 
frame00182.jpg 269.236145 763.399414 -4180.627441 6669.618164 162.549393 642.703918 183.094437 389.374634 
frame00183.jpg 704.829468 485.077545 713.438721 514.107422 716.724548 507.178406 730.173279 542.001282 
frame00184.jpg 704.533020 492.288177 704.516846 492.322113 704.560303 492.159454 704.502563 492.403839 
frame00185.jpg 679.383301 515.942749 741.290771 487.354370 726.731506 487.832886 753.793518 495.058502 
frame00186.jpg 773.591675 417.793396 772.268433 416.974060 774.071777 418.073395 773.287476 417.579224 
frame00187.jpg 701.894470 489.395447 686.128601 477.247833 687.880005 478.684479 680.598633 473.067139 
frame00188.jpg 611.209106 167.423004 612.009644 167.112808 611.539673 167.268494 611.104858 167.246964 
frame00189.jpg 29.907990 117.542305 41.402550 133.693970 23.882856 118.438858 25.179705 64.925392 
frame00190.jpg -50.860531 -586.290039 182.426987 -164.230957 182.261581 209.785156 369.435455 1314.637817 
frame00191.jpg 590.367981 264.908630 246.499527 127.570129 1018.400879 365.212921 863.194336 443.032227 
frame00192.jpg 761.582520 495.112366 678.356689 239.598007 754.637329 450.996613 748.932739 428.356262 
frame00193.jpg 312.370667 188.293365 323.100891 164.430389 301.423157 231.780884 263.311462 224.211716 
frame00194.jpg 773.550232 338.915649 772.944763 338.604919 773.503967 338.700714 773.216553 338.926727 
frame00195.jpg 178.851624 119.783424 156.246857 81.972748 160.229126 106.285683 198.752869 121.531487 
frame00196.jpg 790.185242 389.435883 788.112427 387.396423 787.414551 386.820374 788.130676 387.195313 
frame00197.jpg 508.297119 189.734467 660.609192 322.459045 559.122498 186.651459 685.694885 230.729721 
frame00198.jpg 622.224121 420.406250 622.335754 419.869446 579.246277 388.464661 621.621521 419.702972 
frame00199.jpg 488.808167 183.756973 563.633484 253.076874 560.339294 229.041260 570.359680 242.633286 
frame00200.jpg 529.643188 252.515976 559.680542 232.785400 539.936279 250.315811 511.394165 259.903625 
frame00201.jpg 453.477753 135.733109 594.985535 277.123840 498.439362 679.497742 158.594925 432.475616 
frame00202.jpg 778.874207 639.592773 562.579224 270.347595 657.700806 -1221.780762 593.929688 242.255692 
frame00203.jpg 446.721191 137.976700 609.422913 277.543610 531.042725 825.816956 288.602203 419.716003 
frame00204.jpg 526.232300 239.694778 530.222656 233.621353 527.821960 235.391037 531.310242 229.248947 
frame00205.jpg 514.341187 226.745560 572.904114 250.901474 561.637695 245.411301 644.550232 279.027954 
frame00206.jpg 428.387024 126.063591 611.228882 261.689972 536.154480 484.966675 373.454620 361.904205 
frame00207.jpg 2307.320313 1922.726196 589.051392 251.028702 547.676025 319.560089 455.655975 315.380829 
frame00208.jpg 579.877991 310.860413 554.980042 230.981079 504.237213 336.957733 809.442078 -150.667496 
frame00209.jpg 411.351471 125.396652 641.947571 252.341827 537.910461 450.773376 388.138031 340.964081 
frame00210.jpg 121.718239 418.759552 48.541496 451.196777 -123.238976 490.812683 71.777832 437.290222 
frame00211.jpg 519.436707 221.167709 615.690125 237.714111 564.261108 200.738068 718.064575 171.038116 
frame00212.jpg 381.310455 95.625504 618.962036 246.113556 554.968811 471.207581 321.905426 366.471161 
frame00213.jpg 336.639587 61.223442 604.449341 240.061905 564.292419 552.447327 -358.166656 784.242554 
frame00214.jpg 73.978577 -1710.921265 548.822998 296.752777 591.814819 478.422455 586.189331 454.903259 
frame00215.jpg 394.071259 111.294334 610.255249 233.328705 569.086182 503.143646 316.926331 388.814026 
frame00216.jpg 459.481415 167.370239 903.439331 298.488647 412.404053 -835.780212 395.284241 291.596436 
frame00217.jpg 456.201385 166.482010 919.800476 291.567780 406.387482 -897.626099 392.709351 292.642914 
frame00218.jpg 390.549500 145.121994 624.154602 222.602432 572.703125 505.870300 290.647034 359.806824 
frame00219.jpg 377.618530 114.630638 608.090088 225.249634 567.857178 490.121826 312.929749 392.080505 
frame00220.jpg 377.182373 118.141006 612.948669 221.687424 566.546021 476.599701 329.343201 373.565002 
frame00221.jpg 352.683044 101.497353 618.365356 223.605942 560.128784 478.628021 252.059006 384.626770 
frame00222.jpg 364.761261 116.353630 617.090027 213.509445 565.679321 470.021729 312.715149 387.889099 
frame00223.jpg 328.261658 92.898605 605.737000 209.372223 570.746033 438.141693 328.759613 419.522247 
frame00224.jpg 369.086151 118.270462 614.418823 207.583527 569.061829 478.975067 305.966797 382.393311 
frame00225.jpg 365.277313 119.004059 611.907410 203.454132 569.711182 474.610657 309.942444 385.359650 
frame00226.jpg 361.863342 118.705109 609.239075 202.083420 571.082642 472.454468 307.571777 386.489380 
frame00227.jpg 373.481598 130.561600 608.962952 195.443573 568.633484 481.815002 315.428467 383.647949 
frame00228.jpg 344.320496 121.039070 615.211792 191.082565 564.097656 449.066376 307.959290 391.135681 
frame00229.jpg 360.634094 121.392990 609.252686 193.542694 574.439392 470.864868 308.251160 385.078400 
frame00230.jpg 345.593658 108.143867 602.726379 197.525177 580.074463 464.426727 288.125366 407.401550 
frame00231.jpg 358.025787 119.490364 608.750732 192.810364 576.038635 465.810028 305.694061 385.387299 
frame00232.jpg 343.259247 117.062378 603.581665 187.624832 553.790527 404.758453 321.688843 366.181366 
frame00233.jpg 350.808533 118.036919 613.812561 189.588181 569.405945 438.740875 321.877930 359.642029 
frame00234.jpg 351.436066 120.096291 608.087769 183.516739 576.790955 457.667114 304.092072 386.563293 
frame00235.jpg 356.138184 121.940117 609.141846 179.790527 579.033203 461.106262 307.451477 383.650238 
frame00236.jpg 352.389862 119.948082 612.638611 177.358994 577.580322 449.349915 308.849609 379.824127 
frame00237.jpg 364.451111 128.673676 600.654663 164.383728 592.082703 465.766388 329.508636 412.535858 
frame00238.jpg 360.707123 125.135361 609.986816 165.105530 582.108704 449.828033 321.545593 377.389130 
frame00239.jpg 355.776245 123.699074 610.833923 162.637634 580.318665 448.311554 310.728119 376.127014 
frame00240.jpg 357.898224 126.693932 610.555969 156.222931 577.526245 430.398773 333.008087 358.997772 
frame00241.jpg 351.683716 125.047325 607.589539 150.912735 579.587158 428.323334 325.073853 366.826172 
frame00242.jpg 344.826172 124.362411 608.246948 146.376999 580.828003 429.826782 307.698608 381.637543 
frame00243.jpg 347.593994 123.495140 607.062744 143.327133 582.733765 431.700256 306.526581 383.768463 
frame00244.jpg 347.112885 122.179008 608.080627 143.048035 583.433533 431.691620 306.161285 385.282166 
frame00245.jpg 348.765747 122.962059 610.596802 144.257797 585.169189 433.811493 306.921692 385.137421 
frame00246.jpg 353.624329 126.310394 609.465088 140.463196 588.102661 441.763580 306.521515 388.119446 
frame00247.jpg 356.804413 128.189087 605.804993 136.163162 590.528320 448.943634 309.014343 391.603485 
frame00248.jpg 347.725189 127.160774 609.337341 135.539200 583.094543 433.040771 307.630127 389.021362 
frame00249.jpg 353.506378 128.963028 604.522339 138.807190 592.710571 452.698700 302.993286 405.117706 
frame00250.jpg 353.056793 131.358383 610.348328 137.244202 583.907654 434.535645 308.367828 388.553986 
frame00251.jpg 358.269257 133.144119 613.298645 130.439224 581.765198 419.468231 333.416931 367.414215 
frame00252.jpg 353.361694 132.404892 609.698669 129.249329 582.379700 431.905853 308.924805 389.943878 
frame00253.jpg 352.341248 133.226547 608.694458 127.559807 580.916260 429.549622 308.098694 390.919983 
frame00254.jpg 353.747955 134.411057 608.864136 126.900299 582.013672 430.310059 308.950653 390.964020 
frame00255.jpg 355.796021 138.287201 612.151733 123.345612 578.820740 429.950348 311.198486 391.775299 
frame00256.jpg 369.283691 143.398254 612.466919 118.665588 581.914001 450.535614 319.145355 386.768707 
frame00257.jpg 365.244049 142.261795 607.088135 120.026413 585.685242 449.814941 311.520813 408.452667 
frame00258.jpg 370.966309 143.179565 609.373169 119.905365 587.746582 455.867645 314.780640 405.795288 
frame00259.jpg 380.504456 143.631805 619.564514 118.253159 583.355957 432.594055 348.330933 367.926239 
frame00260.jpg 370.536194 138.680222 623.096436 128.244095 581.862854 440.323639 316.098877 388.898285 
frame00261.jpg 389.581757 147.206024 634.639648 121.785172 579.150757 420.796326 367.704468 353.478790 
frame00262.jpg 382.469757 143.331711 626.316223 128.745499 584.119202 455.261627 318.281097 399.466309 
frame00263.jpg 380.349884 138.926193 630.712280 130.228058 579.682495 444.598480 318.151733 384.769531 
frame00264.jpg 381.793152 137.939804 630.051392 129.407791 578.328064 447.604034 317.984283 384.400452 
frame00265.jpg 382.400330 140.913849 633.941528 127.620323 575.066467 443.147156 322.823029 380.155396 
frame00266.jpg 428.079742 443.040955 352.518158 392.372192 410.778809 421.619690 456.824707 429.267792 
frame00267.jpg 555.791809 172.508163 550.228882 158.945953 537.484070 176.978012 527.933533 182.554108 
frame00268.jpg 483.882721 157.983093 606.414734 136.742126 597.745605 11.682453 881.750610 -175.358444 
frame00269.jpg 698.366760 496.733185 693.142212 481.723450 702.584717 503.403595 700.062256 493.860657 
frame00270.jpg 267.919922 61.775791 598.005249 183.558121 658.618347 838.692139 926.795532 -84.641014 
frame00271.jpg 312.093109 140.371765 620.342468 154.802811 545.565002 355.947144 273.826935 436.665070 
frame00272.jpg 389.444183 144.151627 641.042480 160.621857 559.784302 456.152985 312.477753 387.255310 
frame00273.jpg -77.204216 -107.821014 603.163513 191.796356 491.321564 -5532.148438 741.521851 115.102341 
frame00274.jpg 399.207245 148.481781 644.871521 158.495239 562.939941 473.157440 317.302307 379.338135 
frame00275.jpg -2355.068848 -356.347290 586.575623 164.013351 399.864105 -1218.368774 647.252563 46.882607 
frame00276.jpg 500.864136 183.517792 429.770111 216.769394 517.302307 119.560104 466.589386 244.759155 
frame00277.jpg 395.484924 138.418610 666.159851 172.744949 543.878784 327.353241 413.097351 283.428589 
frame00278.jpg -157.790787 55.891045 596.313782 169.675552 576.818848 975.753052 742.256653 -26.413546 
frame00279.jpg 406.329559 137.035172 651.063538 182.501419 553.327393 489.410614 312.065247 365.889801 
frame00280.jpg 409.009979 136.963272 652.663269 184.670578 553.658142 478.813782 327.346497 357.933380 
frame00281.jpg 409.753052 133.684753 660.210693 188.492050 553.143372 467.168121 338.662476 343.134766 
frame00282.jpg 417.946198 134.145508 658.386536 194.106354 552.196838 510.187103 315.943268 352.344330 
frame00283.jpg 416.219025 128.902283 660.705322 199.337616 553.305603 482.018829 331.267426 343.319183 
frame00284.jpg 418.190765 125.232475 661.135620 202.121994 553.292175 495.826996 320.779724 349.819916 
frame00285.jpg 414.764832 116.024498 662.957092 209.503723 556.022644 490.529724 313.332153 346.082855 
frame00286.jpg 428.368896 118.104607 666.314270 210.344574 554.635864 512.066895 318.056885 337.175751 
frame00287.jpg 426.808350 109.002945 673.376892 214.768829 551.805908 496.934753 318.470276 322.736786 
frame00288.jpg 431.939392 103.976433 676.802124 218.140244 550.941772 495.217377 325.744324 312.208069 
frame00289.jpg 438.962463 104.521477 685.003967 215.394028 552.619263 484.752655 351.504578 304.356018 
frame00290.jpg 439.146942 87.061081 685.158020 222.488831 550.668457 479.891357 344.544830 289.289581 
frame00291.jpg 443.628906 81.542839 684.516052 226.569107 545.002380 497.589020 333.821442 284.791534 
frame00292.jpg 438.532990 67.874481 680.902283 230.450363 542.298523 495.787384 314.798187 283.293793 
frame00293.jpg 422.165527 41.974998 682.580200 238.898636 533.873291 493.356537 259.975952 267.379211 
frame00294.jpg 444.922607 56.280361 678.404236 238.271774 536.195435 495.005890 322.673889 265.748993 
frame00295.jpg 502.778412 114.027802 835.462036 308.903534 527.399780 529.216614 462.011963 221.355820 
frame00296.jpg 443.052826 39.377407 673.109558 240.149857 527.745361 491.531433 313.304474 252.824448 
frame00297.jpg 419.016235 8.941296 655.147461 235.637482 512.586365 559.686096 72.659607 322.841736 
frame00298.jpg 446.074097 29.022537 664.577576 257.322968 512.959290 504.129578 289.682709 242.512451 
frame00299.jpg 411.495148 -26.574755 634.535095 244.740219 473.538696 735.862671 -17255.085938 3734.732666 
frame00300.jpg 451.494354 37.807068 656.140747 266.618225 511.997559 804.501160 200.602905 265.752899 
frame00301.jpg 444.376556 9.956520 649.342590 268.078796 496.310333 505.221100 265.704346 219.422195 
frame00302.jpg 446.336700 22.251871 650.877258 267.058685 493.800690 498.765717 289.871246 226.816818 
frame00303.jpg 431.867615 12.470656 637.086914 257.522552 400.399902 773.856262 -660.084961 280.884064 
frame00304.jpg 445.473267 22.816322 651.984619 281.388947 479.372101 503.332245 277.927612 210.125397 
frame00305.jpg 38.717911 -646.223694 616.387512 246.157043 489.809021 438.955841 -4071.827637 1314.403076 
frame00306.jpg -255.321976 -1214.202393 602.852234 233.942993 511.904785 434.842682 4811.343262 -1732.683472 
frame00307.jpg 445.203094 20.736403 645.403015 269.377930 483.277222 477.422699 311.252716 225.243088 
frame00308.jpg 429.568726 -11.992584 617.431152 244.179749 2504.187256 -8738.173828 1251.575806 88.626251 
frame00309.jpg 438.891205 7.241229 636.660278 256.217682 476.379242 489.424316 283.941833 218.289749 
frame00310.jpg 447.114899 24.369484 618.211914 242.803879 438.687592 653.778809 129.766373 240.823105 
frame00311.jpg 426.832214 -2.310549 620.829895 250.444473 459.740021 516.360718 213.626663 212.448013 
frame00312.jpg 411.821899 -23.877790 608.096252 242.606323 448.645630 555.029968 61.745819 231.351578 
frame00313.jpg 415.695190 -2.400531 619.022583 251.513184 462.313293 472.671387 270.257813 215.681488 
frame00314.jpg 407.294861 -20.665432 600.144653 250.182861 442.309265 545.978394 87.703644 199.125290 
frame00315.jpg 403.181915 -16.044220 598.097656 249.512589 443.926300 526.619324 138.176117 211.267288 
frame00316.jpg 390.014221 -46.788029 577.360046 239.661041 433.103851 600.852356 -535.953308 300.285583 
frame00317.jpg 384.261230 -21.310276 601.610901 257.467102 454.386414 466.673920 231.753860 209.103317 
frame00318.jpg 280.547699 -125.490532 573.555969 219.304855 416.617706 633.606934 1832.444458 -227.291748 
frame00319.jpg 377.571014 -13.115720 592.218506 247.420670 445.757050 474.226135 211.696243 215.590363 
frame00320.jpg 369.129517 -13.220554 599.057007 247.535782 451.090881 438.519440 262.128021 215.489792 
frame00321.jpg 367.266327 -19.078674 585.021912 241.467804 445.021973 468.357819 219.063126 227.374527 
frame00322.jpg 355.603851 -26.802776 580.160339 243.386993 440.728577 471.170044 189.326691 229.273300 
frame00323.jpg 371.321930 17.586660 580.947754 237.095215 432.358704 489.604828 220.797943 239.649658 
frame00324.jpg 345.572998 -20.608700 575.874512 238.280731 438.943329 452.880310 206.091476 224.976532 
frame00325.jpg 355.107361 9.441816 574.765320 233.651871 426.806030 516.994934 176.167358 229.320526 
frame00326.jpg 317.051208 -38.157803 553.197998 220.178360 424.536499 512.358459 -46.943203 307.496796 
frame00327.jpg 329.529816 -8.004972 554.751770 221.531891 424.598450 498.311279 121.713181 258.209808 
frame00328.jpg 356.169556 45.403267 552.770752 204.584335 428.110107 509.642609 239.850281 283.925568 
frame00329.jpg 326.509460 10.175134 554.763428 215.914795 423.217560 478.854584 191.366669 258.207214 
frame00330.jpg 312.190308 -15.047422 544.363159 219.660385 427.064453 467.412018 167.463928 252.791641 
frame00331.jpg 306.547485 -5.878337 545.261536 216.819839 420.320221 467.930206 156.758926 258.341888 
frame00332.jpg 311.505554 4.392173 538.789795 212.368988 422.838898 477.774780 174.239975 266.823517 
frame00333.jpg 304.572693 3.238300 537.936890 214.262543 417.278351 479.889221 156.987488 258.928711 
frame00334.jpg 271.194672 -22.399715 535.654236 215.269928 444.814178 486.007538 132.702545 265.475006 
frame00335.jpg 256.290375 -44.529522 525.935364 206.588303 416.263672 427.370148 149.376221 267.998535 
frame00336.jpg 235.802444 -43.810730 506.107483 189.691040 406.502014 526.109985 -389.266174 527.423035 
frame00337.jpg 321.578583 60.498013 508.503326 178.927612 407.087738 580.318481 186.353226 314.757385 
frame00338.jpg 178.653214 -119.207573 508.087189 202.505753 410.182587 414.639771 54.165520 267.771515 
frame00339.jpg 246.129623 -6.156183 507.036621 185.683365 404.406647 429.542572 147.597015 286.665649 
frame00340.jpg 197.184769 -42.551167 490.428802 177.054581 401.991791 440.464294 -10.852986 380.347198 
frame00341.jpg 334.534607 101.767616 589.383850 185.177261 399.143402 507.789459 301.201355 208.324707 
frame00342.jpg 744.688416 44.413784 742.223145 44.781017 742.131348 44.733452 740.780029 45.116680 
frame00343.jpg 219.130875 1.469367 461.669678 165.457993 407.131134 565.302063 -101.603325 450.354828 
frame00344.jpg 371.081024 380.079681 371.028778 380.036774 370.787231 379.549683 370.973419 379.903076 
frame00345.jpg 437.748688 324.986206 1349.442505 -1228.153564 366.965149 328.341461 38.172447 540.563171 
frame00346.jpg 249.092346 486.296478 246.397980 483.321411 244.446854 481.133789 244.966583 481.713745 
frame00347.jpg 357.569153 371.235260 357.491364 371.086395 356.723419 370.483795 357.309143 370.977875 
frame00348.jpg 161.636490 18.513128 461.459137 148.388779 397.530884 465.456543 58.209690 288.355499 
frame00349.jpg 174.857422 335.610504 175.533203 339.120209 174.621216 334.723114 174.093353 328.505341 
frame00350.jpg 192.077896 375.149902 198.071228 363.057220 193.541672 372.954254 190.532928 383.349304 
frame00351.jpg 140.241486 13.212186 420.951294 127.517151 361.731201 411.775146 71.170082 326.916595 
frame00352.jpg 130.506363 17.049679 415.698334 120.989281 360.749390 409.327972 70.386940 330.015656 
frame00353.jpg 120.805740 15.011058 407.349731 117.468788 362.006866 402.332672 71.405510 334.704987 
frame00354.jpg 115.334656 18.841415 403.385742 113.698479 359.136505 400.403015 63.651676 337.328461 
frame00355.jpg 129.277618 18.562946 380.699493 115.261002 386.974945 511.295319 -95.288277 462.737762 
frame00356.jpg 104.326904 26.479769 392.815796 103.654800 358.836121 393.084351 63.898117 344.210297 
frame00357.jpg 89.993187 32.333870 384.786285 99.996017 363.810059 428.745758 -25.082378 434.240723 
frame00358.jpg 109.314323 42.150543 384.920898 99.328423 357.555573 401.271851 75.670219 345.788635 
frame00359.jpg 491.236847 113.838234 506.730499 130.202850 501.850555 122.964027 696.664124 305.777710 
frame00360.jpg -34.678265 -0.659653 334.761322 103.694145 583.039307 1213.536499 523.738281 -178.670593 
frame00361.jpg 110.749519 60.542870 378.872559 92.277657 346.411133 379.268890 116.103188 295.719452 
frame00362.jpg 85.842880 57.679333 354.292023 96.425095 364.451385 440.486481 17.578018 412.778198 
frame00363.jpg 510.934387 108.159836 487.833466 114.941803 532.012512 92.187492 512.087524 96.804321 
frame00364.jpg 21.949976 55.411678 337.011108 95.284294 336.572021 378.280914 -8.145152 470.345764 
frame00365.jpg 28.937361 63.517563 332.302216 95.638504 333.049957 378.826050 13.029455 441.937775 
frame00366.jpg 712.015686 487.968353 709.916260 488.144104 709.966370 488.442444 710.517944 488.229828 
frame00367.jpg 869.787170 306.380707 675.002258 231.675720 772.050659 273.867554 749.713806 265.318909 
frame00368.jpg 215.397888 133.750854 231.554443 136.656860 221.264450 139.486847 231.231354 143.416412 
frame00369.jpg 15.430308 95.103897 312.193146 90.741943 322.732208 372.006592 33.484608 409.687469 
frame00370.jpg 12.033464 99.302025 307.153259 91.015160 320.361176 369.063324 33.367035 412.296448 
frame00371.jpg 19.960360 105.971024 302.253723 85.146568 320.164063 363.076416 55.229099 395.841125 
frame00372.jpg 6.191337 103.284233 298.920013 84.479393 322.161377 359.947083 36.597569 411.127411 
frame00373.jpg 5.146051 104.839943 297.961792 79.598572 322.896057 356.934937 40.585052 411.946533 
frame00374.jpg 11.719975 108.847496 293.619812 74.725708 327.210754 363.510284 44.450310 418.840393 
frame00375.jpg 8.853392 111.222450 293.115082 72.168495 323.347168 355.962677 50.482883 408.930695 
frame00376.jpg 8.410556 112.635056 290.199585 71.647270 327.964020 355.700134 56.010227 414.979645 
frame00377.jpg 6.421026 115.268417 292.011749 71.333176 325.589722 347.397247 60.246647 409.507996 
frame00378.jpg 30.237688 116.759796 286.672455 76.465698 763.511292 1160.568848 -568.765808 1650.326782 
frame00379.jpg 171.606445 135.848404 1667.110474 -2140.204834 -119.920044 -646.869263 174.417557 212.044754 
frame00380.jpg 18.375113 121.071609 294.144714 76.079201 331.387909 342.101013 73.269051 411.442078 
frame00381.jpg 26.394947 123.078415 297.113159 76.629814 333.515137 344.629700 72.321526 404.365448 
frame00382.jpg 37.959347 127.698685 295.032227 74.270287 336.328369 340.824127 95.538979 389.604736 
frame00383.jpg 6.778978 131.684875 305.876678 76.735680 335.180420 338.823151 49.155704 416.585327 
frame00384.jpg 23.175270 124.957535 293.220367 82.758438 336.312866 336.569885 83.514160 412.945770 
frame00385.jpg 35.335316 132.898285 297.113739 78.498146 337.445313 337.159302 92.973099 400.421204 
frame00386.jpg 32.963634 134.728241 297.039673 79.637894 335.033813 329.108032 97.938431 393.055817 
frame00387.jpg 47.191906 138.187119 295.775085 76.246284 341.169006 328.205261 116.498466 381.855896 
frame00388.jpg 332.720947 306.293304 322.712830 301.639496 -587.770142 -124.795784 298.954529 290.495758 
frame00389.jpg 2952.197998 2682.048340 284.370331 183.475082 366.249084 304.771149 420.454407 262.569153 
frame00390.jpg 58.667221 137.873901 302.695953 77.438377 361.249359 336.215698 110.292465 423.279846 
frame00391.jpg 116.630135 145.489975 314.763062 49.031780 347.037720 303.554016 190.303162 304.122131 
frame00392.jpg 107.961563 143.229950 315.767456 60.869602 359.668396 317.414673 176.137665 330.544861 
frame00393.jpg 58.250393 136.507111 316.569672 79.659798 362.469238 318.132660 122.011719 407.662231 
frame00394.jpg 67.172417 139.463928 319.944031 78.835068 364.989990 318.253632 128.967148 404.691681 
frame00395.jpg 157.684097 139.056396 321.012238 61.114681 369.929443 310.119263 217.905167 281.007477 
frame00396.jpg 115.540710 123.646820 356.934143 84.582184 340.428894 272.813873 172.274979 250.930069 
frame00397.jpg 99.716789 141.605713 331.556396 77.141106 366.308044 304.518219 178.918961 346.584930 
frame00398.jpg 81.665131 144.575806 329.614075 83.943550 375.201172 318.809174 148.552292 416.113556 
frame00399.jpg 234.775497 143.876129 247.400833 146.139725 233.901825 145.318207 226.397644 138.851990 
frame00400.jpg 352.510101 294.898438 352.115326 294.510162 348.949219 292.663879 351.386810 294.147095 
frame00401.jpg 367.622162 286.155426 367.129211 295.748352 414.933746 244.987717 348.526764 308.724854 
frame00402.jpg 700.960571 504.278290 701.853516 457.419983 705.729614 481.813873 713.172058 404.590485 
frame00403.jpg 733.265869 51.572403 728.841797 54.788231 733.403259 51.330032 734.011597 50.788143 
frame00404.jpg 601.670837 265.653748 602.234680 252.715408 604.709961 265.698212 604.913879 264.467468 
frame00405.jpg 696.310364 485.348053 697.466431 478.317810 681.830505 501.836212 706.544006 470.400513 
frame00406.jpg 141.850143 148.286362 375.092163 108.866119 413.525299 328.449402 190.231735 407.936127 
frame00407.jpg 352.504822 184.527512 366.689484 200.799622 356.671875 188.586411 351.564331 184.882828 
frame00408.jpg 742.089233 274.955566 742.561768 278.019409 742.743469 276.383087 741.863220 280.662720 
frame00409.jpg 735.243713 284.934814 747.421997 279.055481 739.252014 280.379272 750.522644 273.438629 
frame00410.jpg 770.238708 340.739319 768.883423 339.692047 919.706299 355.995331 763.838074 339.666809 
frame00411.jpg 418.164520 306.637207 417.890625 306.346954 415.150513 304.917053 417.235535 306.062744 
frame00412.jpg 1991.203735 1406.266846 793.166443 671.718079 178.562241 229.132172 432.310699 401.098511 
frame00413.jpg 123.503258 485.956146 163.324539 447.891602 131.574570 480.041748 130.723267 486.930908 
frame00414.jpg 143.035706 -61.753513 169.545502 85.042633 186.726120 126.624649 141.562180 59.953091 
frame00415.jpg 178.515793 170.408493 71.778069 92.953751 100.798225 192.507614 169.810059 91.415192 
frame00416.jpg 557.628540 207.262711 556.837402 203.513428 552.626770 155.668091 556.248901 194.386398 
frame00417.jpg 461.545776 322.258423 471.136047 356.370819 462.672882 322.528229 452.449463 303.015350 
frame00418.jpg 595.253601 118.619377 463.622437 66.483864 509.548035 52.926544 -6955.508789 -4429.579102 
frame00419.jpg 916.201416 17.674519 2394.545410 -817.646973 1427.806885 -286.562561 -15553.965820 9596.018555 
frame00420.jpg 491.372314 324.074707 634.847412 236.487961 511.966949 317.692230 378.097351 375.191345 
frame00421.jpg 700.843262 487.571533 698.145996 487.708496 700.497864 487.995697 703.359070 486.504517 
frame00422.jpg 496.991394 322.240021 -47.042439 -220.504547 678.127991 285.451782 544.503174 427.201935 
frame00423.jpg 750.721985 416.938843 912.746155 806.519043 746.485229 414.805573 743.634277 412.383575 
frame00424.jpg 504.426910 343.120728 504.565277 343.008636 504.785553 343.060822 504.583923 343.064178 
frame00425.jpg 194.501175 121.604919 193.298737 120.609589 193.462936 120.807396 192.587616 120.090569 
frame00426.jpg 400.863220 264.670776 182.843323 107.757378 281.309845 175.355804 -13.073962 -37.180553 
frame00427.jpg 211.223892 276.361053 340.647003 239.324814 99.344711 256.895294 246.785141 225.635605 
frame00428.jpg 195.561630 122.643555 194.182327 121.499352 194.385605 121.725784 193.382782 120.901123 
frame00429.jpg 623.067810 410.769653 625.061462 413.594757 624.474792 411.018250 626.679871 413.045197 
frame00430.jpg 297.098267 139.629333 265.100128 102.598755 277.423798 115.989655 249.906662 83.889275 
frame00431.jpg 739.252808 484.589264 736.467590 484.809082 744.396545 498.752747 729.074768 461.722351 
frame00432.jpg 734.665161 480.055359 692.270447 483.316010 709.306091 485.636688 675.038513 489.227234 
frame00433.jpg 134.681091 435.291870 101.359680 422.523712 -1397.180664 -224.511871 113.570854 426.842316 
frame00434.jpg 735.718201 476.949768 735.761841 476.980560 735.738708 476.799591 735.731934 477.079041 
frame00435.jpg 238.685043 415.235657 247.470184 408.071533 265.624420 390.678650 245.767075 409.096069 
frame00436.jpg 709.317078 477.751770 731.066895 485.095001 727.446350 484.330200 738.495544 488.039246 
frame00437.jpg 519.158081 440.212646 -224.906052 2420.026855 555.815247 389.187500 498.386322 360.804535 
frame00438.jpg 221.311111 505.730835 220.955566 505.858734 220.836304 505.890411 220.955261 505.880981 
frame00439.jpg 419.704987 113.873650 663.751404 196.416672 634.970764 494.027100 308.737091 416.212982 
frame00440.jpg 524.078552 169.245316 344.550171 192.076248 608.641235 393.507843 527.012939 227.174866 
frame00441.jpg 397.645508 99.339684 687.946411 191.530701 603.534973 322.378601 473.305298 290.643250 
frame00442.jpg 457.480072 132.109970 704.012390 185.198639 626.557678 432.341095 439.956085 329.851501 
frame00443.jpg 451.678223 120.058769 696.978638 193.544968 634.389771 469.845490 383.873657 358.360840 
frame00444.jpg 464.316711 128.383789 704.739990 188.589157 634.720825 459.855835 418.271790 344.877441 
frame00445.jpg 543.370667 169.398804 446.185516 196.823334 614.682556 344.868164 550.457336 223.174118 
frame00446.jpg 474.038757 133.720016 687.132751 183.167389 663.672485 559.566101 366.222015 424.010437 
frame00447.jpg 462.206360 128.538620 708.075928 186.124176 639.049438 464.892853 399.006348 360.297058 
frame00448.jpg 469.278503 132.894531 715.079163 183.185455 641.047119 453.149536 422.928162 345.558777 
frame00449.jpg 469.609985 132.964554 714.516785 181.696930 644.165894 464.963837 407.548218 360.586731 
frame00450.jpg 484.589539 139.860138 720.370544 175.374680 647.153015 453.503235 446.498169 342.921600 
frame00451.jpg 456.440613 132.549805 699.551086 173.592148 653.473938 474.489960 348.605652 459.001770 
frame00452.jpg 483.944763 140.584717 714.841125 171.646820 654.327454 487.002136 409.244995 376.240295 
frame00453.jpg 471.188477 130.962860 711.055420 170.133240 656.088989 466.348022 400.031799 379.132111 
frame00454.jpg 479.121918 137.982086 713.369629 162.961044 653.271545 472.061798 406.505371 378.584808 
frame00455.jpg 472.171112 134.569427 719.109131 160.151871 648.425110 444.913361 409.298981 364.847351 
frame00456.jpg 483.667816 140.068893 722.468811 153.898636 649.443298 455.000732 417.167236 360.548492 
frame00457.jpg 480.897247 132.590347 722.513611 156.740341 652.942810 440.640259 416.365662 356.188019 
frame00458.jpg 493.903442 139.940170 721.080322 150.553375 658.779114 468.341736 416.396912 371.458679 
frame00459.jpg 491.120941 138.154221 723.224426 148.259521 659.254211 458.328278 414.401062 375.145203 
frame00460.jpg 530.089050 133.213242 779.619873 163.842560 649.899536 358.906921 519.689636 241.460617 
frame00461.jpg 493.887848 137.189194 734.858459 147.415848 658.937012 435.519104 423.819153 358.767578 
frame00462.jpg 383.530701 121.754311 679.674805 149.745316 557.584106 -106.442131 709.632874 40.467068 
frame00463.jpg 342.520233 44.653404 734.449097 171.477142 660.967712 400.773590 -12.593475 499.813782 
frame00464.jpg 513.339294 148.270218 730.502625 126.024734 690.561462 495.806732 434.296204 446.812164 
frame00465.jpg 524.972595 138.398621 736.279480 133.594757 690.730652 489.015747 440.699890 387.194305 
frame00466.jpg 563.912415 158.578125 1251.662354 -561.177856 688.276550 313.913788 611.012817 260.017120 
frame00467.jpg 513.931641 126.957573 759.137695 138.879242 676.112000 469.613617 399.411987 358.357635 
frame00468.jpg 524.206543 129.878174 763.588196 129.487091 680.623901 414.260345 473.189453 330.248108 
frame00469.jpg 416.534943 110.545006 723.430542 133.645676 695.879944 540.558533 3384.168945 -2675.151367 
frame00470.jpg 520.942444 120.410263 765.825867 128.939484 680.986877 412.446686 464.619293 328.795837 
frame00471.jpg 521.740540 115.970375 768.026733 129.429047 680.664368 408.866821 466.939148 322.612061 
frame00472.jpg 428.643799 103.899422 729.214905 125.659790 699.037964 577.994812 3025.478516 -2239.839844 
frame00473.jpg 527.041870 104.427513 772.929626 126.910515 683.822632 411.221069 461.263031 316.512054 
frame00474.jpg 533.244080 102.495796 776.394653 128.463287 683.978516 427.025116 453.001495 314.725861 
frame00475.jpg 532.382813 96.890877 782.703735 131.580719 681.827515 401.738495 467.228485 299.905273 
frame00476.jpg 535.634033 93.248268 775.583801 135.179245 685.915466 429.800873 443.935150 315.707306 
frame00477.jpg 536.125244 89.610062 785.003479 138.682480 679.573242 406.777618 458.674194 292.438568 
frame00478.jpg 545.073730 89.614227 795.072632 148.508850 672.065308 455.161133 434.735840 277.902252 
frame00479.jpg 543.922485 86.609428 789.669556 150.623535 674.324890 419.184937 454.107788 283.913269 
frame00480.jpg 545.034119 85.551605 793.052795 157.747208 669.087463 423.555450 441.525391 282.954071 
frame00481.jpg 545.524109 72.566719 786.016541 173.269608 673.675598 435.485626 423.255280 278.523071 
frame00482.jpg 521.445740 57.263290 809.668518 190.581863 655.317932 399.029144 387.913300 243.430466 
frame00483.jpg 557.672302 74.390419 799.708618 186.947845 665.654785 423.101135 464.940308 252.542175 
frame00484.jpg 557.906738 63.960533 789.265503 196.953003 661.777161 464.207550 419.020905 254.804825 
frame00485.jpg 563.934509 68.820961 795.257019 203.937256 656.644287 451.775482 451.393402 246.944061 
frame00486.jpg 477.273865 -5.252544 763.022278 207.543167 712.739441 950.088806 1807.300903 -87.254906 
frame00487.jpg 557.805542 58.994232 793.953552 225.667221 650.246887 450.076294 446.347290 238.501434 
frame00488.jpg 553.694580 54.298267 791.532776 235.002823 646.223145 460.667847 413.585449 236.382904 
frame00489.jpg 521.680908 7.370260 771.132874 232.064636 652.301636 420.666992 387.950470 277.337769 
frame00490.jpg 562.109009 54.094891 797.932251 257.206909 645.125854 444.286713 467.683929 229.976624 
frame00491.jpg 570.943481 60.812057 789.459595 259.795074 636.685608 489.664612 440.909424 235.633392 
frame00492.jpg 563.051575 46.908340 789.927734 266.351776 631.434387 486.627106 414.850006 227.985382 
frame00493.jpg 537.391357 345.571625 528.255371 352.488739 520.584717 356.076050 522.513977 355.005768 
frame00494.jpg 570.435913 46.596367 775.682312 281.122009 618.422302 521.623352 390.205994 221.220795 
frame00495.jpg 561.037598 31.600037 783.398438 294.688263 629.833496 470.094482 446.364197 217.836365 
frame00496.jpg 574.892151 52.163315 781.999146 297.499084 627.577515 479.958435 467.753815 229.317490 
frame00497.jpg 570.799866 30.234844 762.183289 294.320435 629.876343 513.161499 409.165649 228.126999 
frame00498.jpg 588.162231 88.747581 802.296570 297.985504 910.008423 -554.757202 -1301.929443 368.988678 
frame00499.jpg 497.392731 204.398804 524.649719 162.931808 529.483459 204.405029 512.135193 140.645187 
frame00500.jpg 578.253296 48.513802 744.216248 309.633972 6638.137695 -16618.378906 2525.941895 1117.696167 
