frame ulx uly urx ury lrx lry llx lly
frame00000.jpg 81.940002 119.000000 515.030029 118.980003 515.030029 373.000000 82.041000 372.980011 
frame00001.jpg 81.895180 119.003784 514.997559 118.980797 514.992432 373.001617 82.004936 372.973236 
frame00002.jpg 79.826271 122.429634 512.818848 122.058365 513.263000 374.630890 80.050278 375.436951 
frame00003.jpg 78.429840 123.527306 511.173309 123.185883 512.443298 375.274292 79.210678 376.522552 
frame00004.jpg 78.296188 124.559563 510.869995 124.035606 512.399414 376.156769 79.116302 377.509949 
frame00005.jpg 78.051918 125.607521 510.275757 124.841454 512.213623 376.664886 78.982239 378.397125 
frame00006.jpg 77.889374 126.230881 510.092590 125.240105 512.275940 376.542633 79.056946 378.501709 
frame00007.jpg 78.106728 126.235558 510.248230 125.268921 512.455627 377.388123 79.384262 379.511200 
frame00008.jpg 78.612915 128.173019 510.487732 126.871040 512.725647 378.527344 79.768120 380.817047 
frame00009.jpg 78.399132 128.815598 510.144470 127.412582 512.379150 379.544952 79.212990 381.989349 
frame00010.jpg 78.138123 130.904739 509.601318 129.561798 512.334900 381.146973 79.029457 383.787323 
frame00011.jpg 78.305046 131.502930 509.698578 130.076447 512.873962 381.723145 79.352997 384.188965 
frame00012.jpg 79.181610 132.591858 510.600494 131.421310 513.840698 383.818787 80.238441 386.054230 
frame00013.jpg 80.640930 134.257980 511.757629 133.335037 514.920166 384.583893 81.355652 386.346161 
frame00014.jpg 81.435135 133.317825 512.619812 132.777557 515.234741 384.136993 81.711472 385.455627 
frame00015.jpg 82.093330 133.609009 513.101440 133.611176 515.426941 385.942078 81.639259 386.732239 
frame00016.jpg 82.078140 134.804214 512.897339 135.101120 514.988525 386.516724 81.209953 387.024536 
frame00017.jpg 81.530151 134.863403 512.476379 135.483154 514.827637 387.314178 80.831810 388.014160 
frame00018.jpg 82.008224 136.079391 512.859253 136.526886 515.376953 387.927185 81.584099 388.579071 
frame00019.jpg 82.595665 136.302155 513.365356 136.664383 515.871521 388.004822 81.828606 388.650024 
frame00020.jpg 82.544899 136.322403 513.868652 136.271271 515.726440 387.315125 82.065186 388.043152 
frame00021.jpg 82.198143 135.212906 513.180969 135.517807 515.477661 386.457184 81.625664 387.462402 
frame00022.jpg 81.894318 134.582672 513.224548 134.765930 515.313110 385.482330 81.509529 386.413940 
frame00023.jpg 81.733078 133.000534 513.110962 133.497757 515.270813 384.485291 81.494476 385.305481 
frame00024.jpg 81.922821 133.043030 513.742615 133.659500 515.625793 385.669525 81.388489 386.204651 
frame00025.jpg 81.443726 133.377975 513.615295 134.157654 515.410767 385.745178 80.847031 386.442017 
frame00026.jpg 81.213448 133.556305 513.321228 134.296677 515.223694 386.097565 81.081322 386.884949 
frame00027.jpg 81.730461 134.287979 513.118164 135.033493 514.987732 386.127563 81.260674 386.909180 
frame00028.jpg 82.065277 134.571732 512.834656 135.324600 514.848755 385.940796 82.124649 386.678741 
frame00029.jpg 83.074829 134.650116 513.115967 135.340790 515.542603 385.608582 83.040993 386.283173 
frame00030.jpg 83.955551 134.657837 514.087219 134.998260 516.878540 385.889282 84.108170 386.491211 
frame00031.jpg 84.456299 134.605377 515.232788 134.571503 517.685974 385.309937 84.459213 386.118469 
frame00032.jpg 84.366951 133.660477 516.053528 133.457550 517.923035 384.864227 84.949478 385.574615 
frame00033.jpg 85.218918 133.942871 516.245178 133.927048 518.778870 385.626648 85.586990 386.227448 
frame00034.jpg 85.746185 134.394379 516.759583 134.331985 519.268188 385.695099 86.074463 386.183502 
frame00035.jpg 86.532524 134.264923 517.479004 134.294128 519.968872 385.670990 87.064445 386.015259 
frame00036.jpg 88.345512 134.477493 518.795715 134.436951 521.952698 385.960785 89.055695 385.865265 
frame00037.jpg 91.032394 135.266083 520.931946 134.944717 523.937988 386.897644 91.527336 386.338287 
frame00038.jpg 92.801201 135.725082 522.441284 135.356674 525.071472 386.927429 92.767586 386.158661 
frame00039.jpg 93.887497 136.039719 523.222473 135.696045 525.737793 387.713409 93.448616 386.916962 
frame00040.jpg 94.641151 137.457336 523.589050 136.726044 526.390259 389.050293 94.158989 388.282928 
frame00041.jpg 95.186218 139.268738 523.851685 138.042236 526.689026 390.568665 94.500351 390.139404 
frame00042.jpg 95.450272 141.438004 523.431274 139.983139 526.624023 392.063263 94.497208 391.916229 
frame00043.jpg 94.962769 142.777603 522.509766 141.077927 525.694946 392.845612 93.594772 393.166595 
frame00044.jpg 96.250130 145.532959 521.453552 143.248413 526.376465 398.522003 84.462654 398.207977 
frame00045.jpg 94.704353 149.616531 520.521484 146.928467 525.697571 399.009644 93.348183 400.566681 
frame00046.jpg 94.745270 151.389328 520.028259 148.463470 525.712158 399.351685 93.472969 401.153259 
frame00047.jpg 95.365265 152.761490 519.902710 149.426788 526.345093 400.415833 94.345131 402.576691 
frame00048.jpg 96.245949 154.145081 520.247803 150.067810 526.663025 400.502228 94.913300 403.031982 
frame00049.jpg 96.143295 154.372589 520.123352 149.776703 526.884949 399.997803 95.168671 403.122101 
frame00050.jpg 96.248848 154.451477 519.791260 149.270859 526.800537 398.801941 95.326195 402.360352 
frame00051.jpg 95.509605 152.432755 519.136780 146.965225 526.047119 395.598450 95.026268 399.595886 
frame00052.jpg 95.640396 149.856369 519.193604 144.259140 526.622131 393.149506 95.880928 397.192108 
frame00053.jpg 96.635361 147.888687 520.087585 142.027847 527.282227 390.554016 97.009796 394.540253 
frame00054.jpg 97.510529 145.911163 520.668030 139.428848 528.464539 388.580658 97.854057 392.758667 
frame00055.jpg 98.092590 144.960129 521.334717 137.918060 529.269531 387.509277 99.069626 392.199951 
frame00056.jpg 98.887306 145.101776 521.891174 137.313904 530.098328 387.109955 99.673630 392.283722 
frame00057.jpg 98.812103 145.176468 521.873657 136.509903 530.386169 386.507416 100.111176 392.487396 
frame00058.jpg 444.851166 303.125916 444.439240 302.952637 445.104462 303.246613 444.543213 303.007690 
frame00059.jpg 103.106003 152.438644 524.600708 142.226013 535.559692 394.843658 104.691887 401.126801 
frame00060.jpg 105.494049 155.671494 525.778809 145.215881 536.940918 395.654297 106.380226 402.040985 
frame00061.jpg 107.742523 156.199905 527.206909 145.364838 539.526794 395.994446 108.842422 401.901550 
frame00062.jpg 107.866081 159.751617 528.875977 146.872360 578.774658 399.236053 121.119354 407.540924 
frame00063.jpg 115.102432 160.435181 533.022949 148.731903 545.855652 399.330811 115.466660 404.915466 
frame00064.jpg 116.182091 160.389145 533.581360 147.652344 545.974548 396.966125 115.884102 403.352325 
frame00065.jpg 115.854248 159.703552 532.482483 145.927612 545.589661 395.204407 116.374924 402.811340 
frame00066.jpg 116.109673 159.778427 531.905762 144.933990 545.830444 394.344086 117.035446 402.816833 
frame00067.jpg 116.691933 161.565781 531.323914 145.541260 546.290833 394.783875 117.839340 404.620880 
frame00068.jpg 116.818085 162.721283 530.328003 145.342010 546.025940 392.798798 118.026230 404.050110 
frame00069.jpg 116.133202 161.744370 528.755493 142.803360 545.097656 389.015778 117.936050 401.839264 
frame00070.jpg 114.628708 160.261658 526.625244 139.507294 544.055542 385.971283 117.561882 401.098297 
frame00071.jpg 113.960999 160.663879 525.287415 138.377670 543.438721 384.057343 118.044792 400.697723 
frame00072.jpg 112.854942 159.643799 523.108582 135.622040 542.171753 380.238953 116.864090 399.087006 
frame00073.jpg 111.199738 159.643600 520.718811 133.819641 540.690491 378.838501 116.579651 399.694702 
frame00074.jpg 109.757309 161.012878 518.288757 133.280289 539.605042 376.889771 115.993248 399.760193 
frame00075.jpg 108.904305 161.005203 516.178223 131.455292 539.398254 374.149689 116.569084 399.308533 
frame00076.jpg 109.548347 160.699875 515.513367 129.340820 540.202698 371.697601 118.251488 398.506256 
frame00077.jpg 110.777786 160.507095 515.644592 127.644524 541.183350 369.060120 119.835480 397.000824 
frame00078.jpg 111.821930 159.525574 515.872986 125.284538 542.052185 366.858337 121.689896 395.744263 
frame00079.jpg 112.792847 159.499985 515.772095 123.858131 542.536194 364.589844 123.006859 394.826935 
frame00080.jpg 113.550415 158.709152 515.554077 121.491158 542.940918 361.829346 124.237938 393.224945 
frame00081.jpg 114.095917 158.821396 515.093262 120.029503 543.140808 360.567230 125.271790 393.376923 
frame00082.jpg 114.088646 159.867294 514.016785 119.817696 542.377258 359.441162 124.974228 393.512482 
frame00083.jpg 112.753349 160.806747 511.690308 119.435028 540.931580 358.839050 124.133553 394.634674 
frame00084.jpg 111.544029 161.726730 509.201263 119.483490 539.250061 357.647705 122.884666 394.656219 
frame00085.jpg 110.253975 162.418350 507.156982 119.086449 537.972900 356.908966 122.564354 395.209198 
frame00086.jpg 109.738121 162.341278 505.616638 118.847366 537.296570 355.273895 121.846985 394.183075 
frame00087.jpg 108.959976 162.130951 503.980713 117.137451 535.847778 353.166351 121.509506 393.603180 
frame00088.jpg 108.089264 162.476746 502.306793 116.345825 535.401245 352.604279 121.663239 394.319153 
frame00089.jpg 108.198441 163.581848 501.457642 116.547729 535.112854 351.712158 121.950249 394.415375 
frame00090.jpg 107.893379 163.633545 500.112091 115.774658 534.079102 349.987915 121.561478 393.684875 
frame00091.jpg 107.024063 163.245895 498.272064 114.401764 533.056213 348.325806 120.968208 393.224457 
frame00092.jpg 106.972015 164.511215 497.179504 114.545479 533.061523 348.258942 121.830635 394.199402 
frame00093.jpg 108.123871 165.526886 497.131195 114.717445 533.835205 347.763123 123.438385 394.327606 
frame00094.jpg 110.106003 165.339050 498.023712 114.551651 535.308594 346.578278 125.459557 393.076660 
frame00095.jpg 112.311874 165.520416 499.230591 113.966644 536.774841 346.067200 127.305969 393.026886 
frame00096.jpg 113.751678 165.718246 499.856171 113.701019 537.617004 344.928467 128.578873 392.013062 
frame00097.jpg 115.341133 165.643860 500.545074 113.070694 538.976929 344.246460 130.562515 391.758484 
frame00098.jpg 117.588608 165.633621 501.996979 112.761032 540.841858 343.338715 132.934448 390.944122 
frame00099.jpg 120.066193 166.666336 503.371185 113.112556 542.594971 343.905487 134.920639 392.209351 
frame00100.jpg 121.150444 168.744614 503.722900 114.021599 543.427307 343.941864 135.842484 393.547302 
frame00101.jpg 120.794899 170.464584 502.513489 114.514282 542.980530 343.778473 135.814865 395.430389 
frame00102.jpg 120.498589 173.007767 501.171509 115.697128 543.094055 344.679871 136.449997 398.254303 
frame00103.jpg 120.561035 176.775009 500.093536 117.811234 543.240295 345.706055 136.426636 401.601776 
frame00104.jpg 118.717499 179.778381 497.463348 118.926041 541.692322 345.474823 135.219009 404.288940 
frame00105.jpg 116.773628 182.196014 494.545837 119.342522 540.598633 344.829437 134.666077 406.124176 
frame00106.jpg 115.610741 184.846817 492.343201 119.895157 540.462524 345.214172 135.384613 409.392395 
frame00107.jpg 115.578804 189.136948 491.086121 122.275467 540.695313 346.711487 135.912125 413.793488 
frame00108.jpg 115.543365 193.193039 489.611511 124.491341 540.963196 347.249115 137.062576 416.311798 
frame00109.jpg 116.339088 192.987991 489.477356 123.967010 542.353760 344.923035 139.045547 414.306244 
frame00110.jpg 118.791901 193.554993 490.660065 122.811394 544.002625 344.083618 141.681610 415.199005 
frame00111.jpg 119.629059 194.229721 490.858124 123.059059 544.232117 343.812042 142.086365 415.485840 
frame00112.jpg 119.777946 194.836166 490.406342 123.799896 543.929016 343.758575 142.201004 415.529816 
frame00113.jpg 120.360153 194.649963 490.406464 123.884308 544.226135 343.441284 143.640594 414.682129 
frame00114.jpg 122.356339 195.139847 491.339142 123.884598 545.637939 343.463623 145.040253 414.994324 
frame00115.jpg 124.366196 195.206787 493.020966 124.516945 547.042908 343.574097 146.343353 414.480438 
frame00116.jpg 125.686600 194.716858 494.175140 124.113373 548.022156 342.531219 147.595856 412.954712 
frame00117.jpg 127.228752 192.955093 495.233643 122.641159 548.815308 341.276855 148.861389 410.930908 
frame00118.jpg 128.390228 193.188644 496.286407 123.077568 549.315002 342.425354 148.914841 411.758392 
frame00119.jpg 128.682404 192.944290 496.563324 123.697777 548.605103 342.562866 148.562088 410.543365 
frame00120.jpg 128.709641 192.697174 496.410278 124.574837 548.090576 344.289093 147.609787 411.461090 
frame00121.jpg 128.878159 193.200745 496.695984 126.853027 547.387695 346.406708 146.150833 411.482269 
frame00122.jpg 127.019852 192.834610 495.156677 127.961365 544.030273 347.376068 142.249374 411.514984 
frame00123.jpg 124.323776 193.017487 492.366852 129.789551 540.315857 350.205536 138.346695 413.138702 
frame00124.jpg 120.378563 195.345901 489.746490 135.016190 538.303406 356.069916 124.067436 424.063843 
frame00125.jpg 119.840942 193.734421 488.126923 136.583694 532.954102 355.962524 128.872879 414.252777 
frame00126.jpg 117.249794 195.014557 485.476624 138.670593 529.002747 359.057800 126.223183 415.701965 
frame00127.jpg 207.550323 216.607727 207.404251 216.611938 207.598221 216.602585 207.503098 216.609695 
frame00128.jpg 76.345734 196.399399 463.242737 148.703766 520.147827 355.487488 119.859711 484.843201 
frame00129.jpg 111.744110 193.050598 479.045288 147.485916 515.013367 366.354980 113.308853 411.084290 
frame00130.jpg 109.799622 189.460281 476.803558 147.673599 510.484528 366.658264 109.271278 407.605621 
frame00131.jpg 109.179192 187.351517 475.883331 148.649811 507.176270 367.987061 106.758690 404.406097 
frame00132.jpg 108.840706 182.595612 475.692444 148.462845 505.665344 367.500702 104.675774 398.825745 
frame00133.jpg 110.634758 177.846603 477.881348 147.000763 505.971954 366.745453 105.517548 393.719421 
frame00134.jpg 412.399811 366.444885 412.285889 366.327850 412.381805 366.410156 412.818756 366.714111 
frame00135.jpg 464.066162 349.759735 464.199280 349.721680 464.095123 349.737457 464.203827 349.719177 
frame00136.jpg 128.017563 163.072418 493.807587 142.294189 513.768005 363.501129 117.310806 375.023926 
frame00137.jpg 132.323761 159.591827 497.576508 142.374527 514.239990 363.300781 118.279114 370.354370 
frame00138.jpg 134.511978 156.238327 499.690948 141.770157 513.486572 363.366180 118.296898 366.871948 
frame00139.jpg 136.778732 154.023117 501.372009 142.875809 513.141846 365.003326 118.426178 364.504852 
frame00140.jpg 138.840469 152.683914 503.112915 144.393417 512.057373 365.988342 117.920723 361.808502 
frame00141.jpg 139.152649 149.603500 503.159485 144.424927 509.796722 365.736145 116.172829 358.139771 
frame00142.jpg 139.856369 148.668060 502.942719 145.845810 508.060730 368.692352 114.709312 357.760071 
frame00143.jpg 139.898422 149.275955 502.564789 149.686783 505.902039 371.231476 113.050491 357.592529 
frame00144.jpg 140.426056 148.488708 502.173035 151.106186 503.356018 372.309326 111.583817 355.607666 
frame00145.jpg 139.813080 147.626816 500.805176 152.939209 500.307037 374.031219 108.843666 354.737579 
frame00146.jpg 139.204117 147.817947 499.175873 155.154541 497.587158 376.195587 106.064430 354.104431 
frame00147.jpg 140.074402 148.028778 598.443848 151.233383 448.822327 337.731445 156.794662 288.655670 
frame00148.jpg 136.837173 144.569794 495.668365 157.757233 489.493439 377.007874 99.966240 349.140747 
frame00149.jpg 482.493225 274.207153 481.867615 273.328491 482.754883 274.333618 482.655334 274.108337 
frame00150.jpg 135.182632 140.886185 491.772247 160.103256 486.885895 379.845795 93.362701 345.297119 
frame00151.jpg 134.421066 136.426544 491.213623 159.599564 478.550812 376.867584 92.103249 338.920746 
frame00152.jpg 135.837753 134.908279 491.592438 160.405792 477.530243 377.776611 92.618401 336.606232 
frame00153.jpg 138.262039 134.221329 492.802063 161.818375 477.778503 379.363281 93.664337 335.423767 
frame00154.jpg 139.097794 132.732895 495.460114 163.117676 479.241730 381.074646 96.937462 333.905579 
frame00155.jpg 146.597458 133.792755 498.741455 164.987366 481.143219 381.171539 99.608643 331.804779 
frame00156.jpg 150.992325 133.736908 502.727081 166.085663 483.356506 383.069305 103.413048 331.163116 
frame00157.jpg 155.675003 134.022873 505.528320 167.669830 485.230042 383.840942 106.617020 329.834778 
frame00158.jpg 158.429871 132.741684 507.859222 168.429626 485.708618 384.028656 107.724434 327.998138 
frame00159.jpg 162.062637 133.315491 509.801331 168.577744 486.257324 384.346680 111.128258 327.326294 
frame00160.jpg 163.570892 132.854263 510.608551 169.231033 485.356140 384.028900 110.222931 326.517395 
frame00161.jpg 165.162872 132.710358 509.881744 169.170868 482.301819 383.705444 111.108307 323.733673 
frame00162.jpg 176.012680 139.250305 521.077087 160.879883 475.932129 379.707001 145.314438 310.822449 
frame00163.jpg 162.260376 129.425964 504.709930 168.228165 475.397705 381.953918 106.829399 319.548889 
frame00164.jpg 162.299026 129.752518 503.772095 169.414108 473.407867 382.212311 106.416130 318.865143 
frame00165.jpg 161.570129 127.883530 502.294617 168.932922 470.922516 379.948700 103.349564 316.246338 
frame00166.jpg 162.561539 125.437515 501.204010 166.490768 468.771118 378.122467 104.695290 312.801697 
frame00167.jpg 161.820877 123.977402 500.516693 166.392960 467.299957 377.318634 103.842735 311.199677 
frame00168.jpg 163.487762 123.911484 501.482880 165.244156 466.502777 376.569611 106.114510 309.421814 
frame00169.jpg 164.487564 122.118446 501.062683 164.441818 465.083771 374.414642 106.266014 306.373627 
frame00170.jpg 165.142715 120.196449 499.846222 163.340973 463.881256 374.024017 105.494598 304.464722 
frame00171.jpg 164.431412 120.080391 499.182587 163.915909 462.856506 373.360626 104.637955 305.323822 
frame00172.jpg 168.320557 121.400459 510.548370 159.091827 463.223969 372.880951 115.024406 302.657379 
frame00173.jpg 169.360703 120.749306 501.633636 164.026413 463.175781 373.532715 109.733444 303.629425 
frame00174.jpg 168.405182 119.931671 499.682098 163.376495 460.770020 371.295868 108.908989 301.851196 
frame00175.jpg 168.376862 118.796875 498.643463 161.893402 459.492218 371.042206 108.426277 300.665314 
frame00176.jpg -100.137993 20.506109 488.053711 171.969208 456.133148 359.681305 -490.140289 454.960052 
frame00177.jpg 168.380783 121.190422 496.518372 164.174805 456.172760 372.418854 106.510269 301.169128 
frame00178.jpg 458.366669 284.084778 454.245728 281.617920 458.009186 283.871307 457.357849 283.482056 
frame00179.jpg 168.243454 121.172554 495.360413 168.044785 456.869476 375.416748 100.375755 306.284302 
frame00180.jpg 172.037277 123.857353 497.704102 169.396896 455.530182 376.941315 108.643669 303.501038 
frame00181.jpg 173.363602 124.959587 497.717438 170.198486 455.416992 378.413666 110.965797 303.611694 
frame00182.jpg 174.140594 126.483475 497.690948 172.541092 454.523468 379.406616 110.746658 304.749603 
frame00183.jpg 175.146500 126.417778 497.363251 172.845306 453.037415 379.294037 111.300690 302.805481 
frame00184.jpg 203.088852 148.693573 500.375519 164.465439 451.723419 379.559143 160.029892 307.291321 
frame00185.jpg 493.587250 280.355804 493.588806 280.355133 493.586700 280.356018 493.658844 280.325592 
frame00186.jpg 172.829498 123.994278 494.626099 172.518600 449.598114 376.213501 106.381157 301.220276 
frame00187.jpg 174.239990 122.787933 493.758362 169.413910 447.750122 373.845642 110.010109 297.863586 
frame00188.jpg 48.898594 89.715050 48.923111 89.717216 48.757175 89.610916 48.918819 89.718506 
frame00189.jpg 148.222321 95.213623 489.613281 165.679718 446.011932 365.645172 75.747124 290.109589 
frame00190.jpg 466.531708 312.763947 466.340973 312.927063 466.801788 312.748108 466.335815 312.891113 
frame00191.jpg 173.675873 117.633690 492.074951 162.325790 446.069000 367.170074 111.372543 292.616180 
frame00192.jpg 173.273865 116.513695 491.344757 161.558182 444.427429 365.804657 109.792984 291.256287 
frame00193.jpg 173.249420 115.303688 490.250275 160.660873 443.788757 364.526031 110.231804 288.944794 
frame00194.jpg 183.924637 117.090996 486.902222 160.073029 474.340454 415.604218 72.283981 305.950928 
frame00195.jpg 172.248154 113.589676 482.237091 167.679977 457.627533 375.165619 45.891277 295.676941 
frame00196.jpg 176.548706 111.444389 492.410400 160.696701 443.161774 362.578888 111.592796 283.880554 
frame00197.jpg 179.318054 109.576393 494.521637 159.719040 443.841492 362.253204 114.452332 281.121826 
frame00198.jpg 180.643829 107.044083 496.151825 159.358688 444.687195 360.385193 114.494347 278.570007 
frame00199.jpg 183.794388 104.875221 498.861664 158.987442 445.846558 359.732361 119.692062 275.887878 
frame00200.jpg 99.973244 160.538498 502.610992 147.817078 445.719513 330.836151 56.823986 369.393158 
frame00201.jpg 659.811096 223.633942 419.855072 289.630737 420.358459 288.749390 419.632202 289.653351 
frame00202.jpg 190.917221 103.423393 505.932068 162.440201 450.055084 362.599884 121.419960 275.150696 
frame00203.jpg 198.100739 105.952072 508.183258 162.934860 451.429993 363.258179 128.086960 272.557129 
frame00204.jpg 215.529221 109.492180 511.723389 164.189407 457.051575 381.945953 139.672974 268.468231 
frame00205.jpg 203.026840 107.689743 511.109924 168.536743 451.884857 368.256927 130.954514 273.991821 
frame00206.jpg 204.993271 108.710876 515.392151 167.506821 449.262970 366.864777 144.971573 274.779755 
frame00207.jpg 204.655167 109.572525 511.393311 171.062515 449.907623 369.610352 131.686493 274.411713 
frame00208.jpg 202.233093 109.999802 508.257690 172.082092 446.738678 370.329681 128.604279 275.224426 
frame00209.jpg 198.945206 110.779907 505.192993 172.907059 444.988525 370.436981 125.867210 275.815033 
frame00210.jpg 201.215530 111.497414 506.687073 173.189270 446.567047 371.366608 129.156067 275.835327 
frame00211.jpg 405.785736 358.464783 408.705475 363.717957 405.695190 358.293823 404.945221 356.993469 
frame00212.jpg 198.117081 110.597763 506.946350 175.045410 445.578461 371.250458 124.407188 277.190247 
frame00213.jpg 225.467377 130.422028 511.574005 169.425430 444.939178 373.197754 170.689285 280.279724 
frame00214.jpg 204.001785 112.162865 508.028198 175.838455 445.238159 372.566803 130.084763 274.853333 
frame00215.jpg 204.449860 110.775902 508.388428 175.032211 445.890411 371.937408 130.581314 273.332031 
frame00216.jpg 206.479446 108.801453 510.884430 174.146530 447.770355 371.122253 132.845154 271.706696 
frame00217.jpg 203.478241 103.966141 508.062347 174.315994 448.602814 369.173187 117.856514 274.862244 
frame00218.jpg 210.206635 105.375824 515.749207 171.882584 451.328796 369.424805 137.126740 268.681396 
frame00219.jpg 212.872879 104.357803 518.270935 173.121353 453.516205 370.368195 137.278870 267.883545 
frame00220.jpg 214.569489 104.650818 520.192383 173.882568 454.077820 371.587341 138.881638 268.405670 
frame00221.jpg 218.646347 107.382324 521.514832 175.251038 455.881378 374.672791 141.650208 269.591522 
frame00222.jpg 466.731812 170.150284 466.817413 170.689774 466.732574 170.154846 466.748352 170.254089 
frame00223.jpg 224.581467 108.594215 529.750000 178.314606 462.451172 375.465363 149.496811 270.512604 
frame00224.jpg 397.502411 301.275665 397.601318 300.909973 397.435486 301.497650 397.564911 301.022888 
frame00225.jpg 228.642273 110.101563 532.920898 179.381073 464.182831 378.255249 151.731750 268.277985 
frame00226.jpg 217.237793 103.273758 533.028748 180.143005 469.215179 371.288116 147.248230 269.947388 
frame00227.jpg 231.091782 108.684929 537.073181 180.917709 466.032471 379.564392 155.118301 270.215668 
frame00228.jpg 230.218948 109.409355 534.928894 181.984909 464.033783 380.313202 152.783829 270.935120 
frame00229.jpg 228.340317 109.558640 533.027588 182.258728 462.895538 380.628632 150.977448 270.603638 
frame00230.jpg 227.988495 110.121262 532.499634 183.175613 462.383728 381.536560 150.436539 271.385620 
frame00231.jpg 206.715973 101.416809 504.361969 182.413177 459.659760 375.760956 41.610931 315.641846 
frame00232.jpg -52.966194 -160.911087 520.361572 198.819489 460.630890 369.627777 -281.769043 199.413666 
frame00233.jpg 227.372772 105.526894 532.431335 179.902466 462.000153 377.339294 149.746597 268.262085 
frame00234.jpg 228.592270 106.811623 533.457947 180.872040 463.034241 379.236969 151.819992 268.499725 
frame00235.jpg 206.403870 95.292137 542.435669 181.430756 466.774811 317.231415 263.978699 249.316681 
frame00236.jpg 233.224854 107.694878 538.221252 179.459946 469.634796 377.540649 156.478470 268.017212 
frame00237.jpg 233.795319 108.078201 538.941101 179.529449 470.375793 379.020203 157.177673 269.828094 
frame00238.jpg 256.786987 137.474930 543.360535 176.785950 510.485504 413.438202 158.593628 272.373016 
frame00239.jpg 240.476685 111.096458 543.766052 178.154205 477.731934 378.166931 165.321365 272.068878 
frame00240.jpg 241.152817 111.164108 546.955200 177.981705 478.671143 377.419800 167.551865 273.090424 
frame00241.jpg 241.326019 113.842392 541.058044 179.331680 484.522034 395.550201 152.203812 279.836945 
frame00242.jpg 237.576263 113.999969 542.325317 180.787369 474.296539 379.985565 164.410004 274.583862 
frame00243.jpg 237.068130 116.431709 540.852173 183.543793 474.259735 383.103058 161.743805 277.726959 
frame00244.jpg 235.465851 118.811760 539.070374 184.774277 473.660950 384.465393 161.490463 280.658020 
frame00245.jpg 227.501602 118.925919 542.338013 186.129227 447.553619 331.674683 194.747772 263.937378 
frame00246.jpg 358.926178 296.571045 359.048889 296.551605 358.952759 296.565704 359.000061 296.557190 
frame00247.jpg 497.329987 179.208664 485.213196 178.464676 497.480774 179.222565 499.833923 179.370667 
frame00248.jpg 490.753723 277.094360 490.948242 278.116577 491.002563 276.528290 490.742584 278.086395 
frame00249.jpg 509.354614 183.744141 495.647003 178.865799 509.300781 183.942886 506.575714 183.134933 
frame00250.jpg 516.736633 187.358704 512.417847 184.390411 516.846497 187.268295 516.132568 186.650269 
frame00251.jpg 288.958649 146.909103 583.423828 195.692352 573.694458 481.712646 192.429047 309.868286 
frame00252.jpg 276.873840 143.442719 583.571472 195.497833 525.216797 397.549591 212.181595 302.681061 
frame00253.jpg 247.846207 149.354584 585.445740 193.212234 527.106018 387.618500 179.251419 331.766785 
frame00254.jpg 282.305237 146.753784 587.469055 195.475098 528.646851 398.390625 218.596863 305.702484 
frame00255.jpg 309.277435 180.525879 603.394897 183.172119 551.299072 418.355560 252.116287 305.924957 
frame00256.jpg 279.160431 149.164459 582.632996 195.621460 525.839966 398.505798 215.963684 308.224060 
frame00257.jpg 277.489166 151.425629 579.934937 196.935394 523.349304 399.372009 214.216110 310.476837 
frame00258.jpg 275.432068 153.282227 577.432617 197.785843 521.640564 399.262054 213.465820 311.523254 
frame00259.jpg 480.986542 371.634369 480.003143 371.197845 481.143707 371.667145 480.848328 371.583588 
frame00260.jpg 474.388123 382.511353 473.783875 388.257538 474.457642 382.448975 474.300995 380.408051 
frame00261.jpg 267.241547 153.293137 566.768799 193.779846 513.726685 394.043640 206.779327 312.306152 
frame00262.jpg 270.564606 154.599976 563.565063 193.421768 527.545227 420.850159 191.044983 320.175140 
frame00263.jpg 502.002686 189.236191 506.187988 183.651505 502.066803 189.514526 501.451019 192.566101 
frame00264.jpg 259.493256 152.059998 556.525452 189.770004 504.839020 389.834045 200.227768 311.031799 
frame00265.jpg 255.464523 151.181976 551.876892 196.348907 503.839569 389.727936 184.300766 311.872742 
frame00266.jpg 462.461823 377.809113 462.622498 377.040131 462.381378 377.858734 462.500092 377.721924 
frame00267.jpg 256.210144 195.549515 575.013000 180.143051 569.747742 406.571198 209.969910 316.408295 
frame00268.jpg 519.864563 340.471069 515.784546 343.978455 519.681946 340.428345 519.245972 340.566010 
frame00269.jpg 456.064514 347.328888 455.882385 347.721313 456.111694 347.362976 457.450928 345.658020 
frame00270.jpg 249.312744 162.658951 542.221069 197.530487 493.787598 395.220306 190.867828 321.509247 
frame00271.jpg 526.783142 321.065399 526.940552 321.378265 526.718201 321.055359 526.982788 321.407684 
frame00272.jpg 261.123901 168.863754 541.460205 198.027298 509.048981 425.542236 199.689651 313.136383 
frame00273.jpg 274.855530 194.354919 538.385925 188.730606 492.258789 400.457947 217.856995 326.729279 
frame00274.jpg 240.312698 163.788803 532.491150 196.247665 486.201233 393.951447 182.465561 323.269043 
frame00275.jpg 234.993347 163.453156 529.678955 195.434799 461.675323 369.224762 188.655380 314.756775 
frame00276.jpg 394.360779 153.870560 395.841492 153.748764 394.276215 153.871201 394.483765 153.848495 
frame00277.jpg 526.540710 303.566406 523.531250 301.314758 521.617004 300.703857 524.801392 302.510162 
frame00278.jpg 503.510162 325.752319 503.732117 325.718689 503.541565 325.733643 503.612183 325.710541 
frame00279.jpg 409.614441 341.358063 409.627106 341.303925 409.616760 341.353668 409.621277 341.339386 
frame00280.jpg 422.716919 393.332397 426.687622 398.981842 422.550323 392.651520 423.578674 393.921875 
frame00281.jpg 439.618103 207.729828 441.210754 206.268723 439.212555 205.146851 441.240692 206.429932 
frame00282.jpg 347.565308 388.255646 348.481445 392.112823 347.589874 388.376404 347.735199 388.965485 
frame00283.jpg 460.366730 327.381775 460.101959 327.329407 460.300842 327.368500 460.903473 327.488739 
frame00284.jpg 424.895630 209.407242 424.926941 209.390656 424.903748 209.385651 424.915710 209.365723 
frame00285.jpg 418.381622 209.171432 420.429321 209.544174 419.164886 208.833359 420.384460 209.567657 
frame00286.jpg 431.506226 350.913086 431.534180 350.515961 431.332733 349.048401 431.551880 350.593842 
frame00287.jpg 175.810364 195.331970 467.681793 209.122116 438.227417 409.022064 124.438026 364.185242 
frame00288.jpg 469.685547 309.383118 470.100586 310.488281 469.441162 309.656525 469.792877 309.438568 
frame00289.jpg 169.232208 197.221024 460.990753 208.544052 435.278961 408.069519 115.815956 370.373962 
frame00290.jpg 403.794678 213.004730 403.904022 213.364471 403.836090 213.147522 403.994293 213.667755 
frame00291.jpg 398.120148 215.285660 394.826324 213.267868 398.590424 214.847153 398.348083 214.133560 
frame00292.jpg -810.396240 180.846146 443.520996 209.212387 417.154907 372.124725 -737.301819 901.946045 
frame00293.jpg 434.273102 324.777588 413.639801 303.138428 434.889069 325.010162 434.111450 323.721710 
frame00294.jpg 443.093781 330.080688 442.896149 329.733948 442.809662 330.454041 443.113159 329.836884 
frame00295.jpg 6358.719238 889.542725 434.862793 210.155533 412.084076 366.123322 8653.096680 -3881.035645 
frame00296.jpg 145.933853 199.582687 440.053253 206.344208 417.564240 406.657684 97.109085 373.155975 
frame00297.jpg -229.188965 127.229881 435.561188 209.697220 411.677185 377.646759 -347.646332 572.830383 
frame00298.jpg 291.235199 388.332855 290.832672 389.157227 291.161804 388.494354 291.144684 388.514496 
frame00299.jpg 325.039612 346.026550 327.445923 340.529694 325.092102 346.223114 323.597656 347.676636 
frame00300.jpg 131.834702 176.096832 445.996979 208.355072 421.538361 405.530670 78.549080 368.288086 
frame00301.jpg 155.592377 197.788818 449.358429 205.525787 416.165070 385.068024 148.051422 348.461517 
frame00302.jpg 188.285294 229.657227 461.674103 192.126877 450.400238 423.736206 143.126938 364.266876 
frame00303.jpg 437.660767 351.309540 437.655334 352.869873 437.532288 351.998230 436.830292 349.112183 
frame00304.jpg 156.653320 197.617905 449.104462 206.592178 424.086029 407.567535 106.463921 367.682159 
frame00305.jpg 31.574661 165.741608 427.422058 208.613205 407.062988 377.452057 -93.068954 500.912506 
frame00306.jpg 319.613525 392.990723 319.559052 392.996857 319.598297 392.992493 319.573486 392.995270 
frame00307.jpg 319.816742 357.477905 319.837219 357.687378 319.900757 357.472992 319.809967 357.640686 
frame00308.jpg 161.783157 189.779770 455.567841 203.745209 427.755463 403.176147 110.224342 359.269775 
frame00309.jpg 446.677246 300.745178 446.590149 300.774231 446.349609 300.266083 446.639160 300.821777 
frame00310.jpg 216.284683 353.724945 217.056168 353.557648 217.753723 354.545227 217.193970 354.118561 
frame00311.jpg 233.426315 323.984589 235.104095 321.254822 235.958649 320.921906 235.148743 321.365784 
frame00312.jpg 186.727982 181.973160 467.695831 197.270981 473.041901 446.631195 85.926186 368.714417 
frame00313.jpg 470.438629 317.710388 472.033356 320.090759 470.058746 317.979187 471.113403 318.466461 
frame00314.jpg 183.229767 176.795044 477.969055 195.374695 445.816956 395.209686 132.198349 344.119873 
frame00315.jpg 185.165741 175.885223 480.184418 195.922501 447.039368 395.662231 131.593170 343.486481 
frame00316.jpg 252.019089 227.481445 487.555481 183.899765 448.105286 400.146362 214.407028 344.261047 
frame00317.jpg 434.165588 360.638458 438.017944 360.282166 437.760315 360.305603 438.064453 360.277679 
frame00318.jpg 184.411514 169.890228 488.928314 191.803787 444.467712 372.633270 202.061203 319.223480 
frame00319.jpg 186.636597 173.191040 482.500854 190.424469 443.898895 390.096802 143.395554 338.443542 
frame00320.jpg 183.568024 172.000504 478.949280 192.078583 446.415039 391.476074 126.058762 342.269287 
frame00321.jpg 452.013062 354.773499 451.178284 354.098572 451.988800 354.297974 451.374512 354.380402 
frame00322.jpg 292.031250 341.501343 292.030151 341.501862 292.035522 341.499268 292.030487 341.501678 
frame00323.jpg 185.161911 177.897064 477.090942 194.024872 444.046997 394.126526 132.364624 344.104584 
frame00324.jpg 485.695221 297.364197 489.552460 287.231018 485.784698 297.115906 486.145081 296.153931 
frame00325.jpg 180.422104 176.550934 474.461304 195.207184 441.841614 394.050751 127.538116 343.549072 
frame00326.jpg 429.684692 301.597931 429.695557 301.617615 429.630402 301.649689 429.722382 301.581909 
frame00327.jpg 181.876358 176.031693 476.286224 195.169739 443.070587 393.852539 128.336777 344.025116 
frame00328.jpg 181.420715 176.007996 475.994202 194.564651 443.078735 393.514832 128.149582 342.727722 
frame00329.jpg 180.581345 175.428101 475.368866 194.070938 442.502441 393.395813 126.592415 343.071533 
frame00330.jpg 179.301010 176.306808 473.891296 194.688065 440.963623 393.411774 125.978325 344.242920 
frame00331.jpg 185.748734 177.406219 496.803101 191.786530 442.446594 394.757721 154.592285 322.659332 
frame00332.jpg 179.101547 176.006714 473.606628 194.786392 441.271759 394.066650 125.281227 343.996979 
frame00333.jpg 177.377899 176.206543 472.518860 195.903946 441.398041 394.267700 120.923538 346.976959 
frame00334.jpg 172.226028 175.930222 464.759705 197.536865 441.460907 393.701782 95.095818 364.967590 
frame00335.jpg 181.664444 177.975922 477.601257 195.608414 442.586761 395.140289 130.449829 343.809906 
frame00336.jpg 182.604172 177.080902 477.619507 195.709808 444.116821 394.415253 130.671204 343.350281 
frame00337.jpg 478.107239 335.960052 479.565125 352.199219 478.097290 335.847076 477.968201 334.424408 
frame00338.jpg 289.535706 350.592316 290.041412 351.178925 289.939789 351.064148 290.082336 351.226624 
frame00339.jpg 184.486298 172.483978 478.936615 191.579849 445.315857 389.591125 131.824234 338.306763 
frame00340.jpg 183.641907 170.552536 479.179443 190.138138 446.651886 386.939728 141.793060 338.364624 
frame00341.jpg 219.946777 204.230728 497.226288 176.526672 475.513672 407.891602 172.211807 332.634613 
frame00342.jpg 185.958191 170.699738 480.898560 190.306641 447.178009 388.901733 132.074677 336.979736 
frame00343.jpg 185.928146 171.069244 480.593079 189.327240 445.071869 388.371063 137.094513 336.141266 
frame00344.jpg 184.141510 170.434814 478.522034 189.830307 444.435364 387.849670 130.627029 335.846069 
frame00345.jpg 182.325027 169.036758 476.854553 189.143265 443.269806 386.828430 127.058830 335.501404 
frame00346.jpg 180.805557 169.351212 475.628967 188.607498 441.390686 386.940216 127.284401 336.545258 
frame00347.jpg 345.049377 323.574371 343.096924 322.680328 343.944763 323.477936 343.758942 323.342773 
frame00348.jpg 179.570496 170.675720 481.806580 188.475830 426.431885 377.393188 140.185745 325.002045 
frame00349.jpg 173.159012 168.217850 465.852661 196.783081 450.894379 390.267853 68.288986 348.111053 
frame00350.jpg 402.729034 323.343109 509.129883 -447.516724 401.999451 322.934418 401.696838 323.523163 
frame00351.jpg 182.097336 164.644836 478.663910 187.047562 444.748230 383.453033 127.481438 330.856567 
frame00352.jpg 178.367188 160.375549 478.763824 185.257980 444.007263 381.266052 122.834930 330.051086 
frame00353.jpg 180.157425 163.142258 477.266937 183.904037 442.918182 381.696045 125.522079 330.330292 
frame00354.jpg 433.842926 324.493103 433.992340 324.747253 433.799988 324.291260 433.967896 324.866302 
frame00355.jpg 220.097885 338.509796 220.201736 338.446350 219.934341 338.675934 220.274841 338.441498 
frame00356.jpg 462.383514 310.306274 463.087952 310.873840 456.347504 306.869995 463.003174 310.778900 
frame00357.jpg 448.849365 333.790802 448.515045 332.690857 448.897614 333.850555 448.798157 333.686737 
frame00358.jpg 441.848694 293.476501 444.713379 296.409454 441.894379 293.624207 442.434113 294.256378 
frame00359.jpg 164.236191 174.537903 464.357758 191.074463 436.670593 390.000671 111.803185 344.759277 
frame00360.jpg 163.371338 175.323975 461.576233 192.606049 434.901642 389.395050 108.936226 346.322601 
frame00361.jpg 404.621857 194.272552 404.615326 194.280975 404.631500 194.260086 404.621735 194.272720 
frame00362.jpg 456.293060 355.855865 458.385071 357.024536 456.558685 355.851044 457.194855 356.068756 
frame00363.jpg 297.714844 337.936981 296.522003 336.216949 298.121399 338.420349 298.007263 338.680359 
frame00364.jpg 150.042923 339.027130 151.673843 338.233795 150.537445 338.900482 151.609940 337.912445 
frame00365.jpg 353.660126 390.589844 353.653839 390.629059 353.529022 390.247864 353.657990 390.624359 
frame00366.jpg 443.666412 309.505524 448.646423 310.985687 444.338867 309.495361 445.885468 309.763367 
frame00367.jpg 336.696686 376.022797 336.698669 376.127411 336.716370 376.041321 336.673401 376.049744 
frame00368.jpg 331.037903 375.160645 330.814484 376.279510 331.182343 375.244141 330.909332 375.535675 
frame00369.jpg 324.977295 369.134674 324.986908 369.194580 324.874634 368.980896 324.967285 369.183929 
frame00370.jpg 333.792694 369.601501 334.089539 369.548035 333.854706 369.624023 333.967041 369.633881 
frame00371.jpg 401.171204 350.355896 400.100616 348.158234 401.165771 350.679535 400.832916 350.117371 
frame00372.jpg 335.676971 345.143097 335.602081 345.962128 340.290588 352.528564 335.754730 345.489655 
frame00373.jpg 373.409515 377.986786 373.215851 377.701294 373.230133 377.722656 373.055603 377.465637 
frame00374.jpg 340.351501 345.195618 339.975891 344.704742 340.914185 345.224701 340.148895 345.058258 
frame00375.jpg 356.840088 375.202148 356.501953 375.255157 356.867737 375.304962 348.065887 377.858032 
frame00376.jpg 119.631859 179.853088 426.364075 184.417740 434.806580 389.792633 13.407294 381.933533 
frame00377.jpg 371.291443 338.327698 371.325317 338.552612 371.642426 335.466095 371.309113 338.544586 
frame00378.jpg 121.573662 176.942413 433.595032 174.720413 421.857727 377.958740 81.164413 358.700836 
frame00379.jpg 121.951828 175.466660 453.495880 164.417038 402.162598 358.706360 118.810318 335.716309 
frame00380.jpg 142.493210 184.724503 437.481232 165.709396 423.269135 375.231171 117.972198 353.491211 
frame00381.jpg 122.121178 172.908081 436.558228 170.676010 425.046783 375.231659 81.880142 356.686981 
frame00382.jpg 155.353287 190.448532 440.500549 162.279236 426.770386 374.963196 132.212280 351.024261 
frame00383.jpg 437.772064 335.675323 437.860870 335.739166 436.890472 335.045197 437.852417 335.733032 
frame00384.jpg 434.145996 329.859680 434.028290 329.904633 434.448639 329.745361 433.999573 329.915344 
frame00385.jpg 121.923477 173.819366 439.187958 169.788620 429.237488 375.029083 82.955231 358.808838 
frame00386.jpg 432.068909 324.465820 433.628082 328.908936 432.110565 324.998047 433.632874 327.855591 
frame00387.jpg 108.344254 179.688660 433.228485 164.232681 429.447388 375.182281 81.234848 389.087128 
frame00388.jpg 112.244614 177.173843 454.672302 165.345215 380.929810 321.563110 138.473587 317.925018 
frame00389.jpg 116.490829 175.613998 443.403778 167.070755 414.556213 320.679291 145.505142 316.458191 
frame00390.jpg 71.122719 171.673676 435.881012 164.634399 413.495667 331.336548 71.025093 369.696106 
frame00391.jpg 429.698517 302.347687 449.933289 331.903259 444.120056 329.525360 444.737671 329.072113 
frame00392.jpg 359.245941 290.652161 359.892151 291.430481 359.177948 290.753632 355.475555 287.815613 
frame00393.jpg 420.942352 278.080719 418.515015 276.542694 420.747955 277.958893 420.383789 277.729736 
frame00394.jpg 440.897522 304.013275 440.823639 303.940094 440.975891 304.195648 440.810760 303.951019 
frame00395.jpg 385.008331 261.488678 384.886261 261.923798 385.020538 261.804382 384.909485 261.866364 
frame00396.jpg 421.056519 275.612915 420.837677 275.193604 422.079620 274.848328 421.029327 275.494324 
frame00397.jpg 463.663391 251.896652 463.864136 251.834503 463.610626 251.847214 463.762756 251.887009 
frame00398.jpg 139.546112 353.899780 139.546066 353.897644 139.687592 353.856018 139.530228 353.902863 
frame00399.jpg 93.409874 347.585480 93.388954 347.875519 93.389877 347.603271 93.322868 346.281036 
frame00400.jpg 132.204300 351.881317 129.700012 360.200989 137.783417 354.941040 136.604111 355.384247 
frame00401.jpg 200.623535 323.125885 200.005814 323.849609 200.400085 323.136871 200.195404 323.674194 
frame00402.jpg 226.312851 357.651276 226.140076 357.551300 226.624496 357.825439 225.755432 357.326599 
frame00403.jpg 224.053131 311.504608 225.662628 310.670074 224.134964 311.374512 224.111404 311.525604 
frame00404.jpg 299.726501 365.558685 299.767334 365.469116 299.749359 365.564484 299.723816 365.548553 
frame00405.jpg 324.662750 340.021057 324.615662 340.000275 324.735870 340.074860 325.644135 340.669556 
frame00406.jpg 286.477600 325.336029 286.460388 325.423065 286.478638 325.312988 286.465607 325.406586 
frame00407.jpg 313.925232 354.515778 314.106476 354.410339 313.885651 354.510590 313.961609 354.512909 
frame00408.jpg 385.162659 362.223724 385.095154 362.610046 385.166199 362.201874 385.156372 362.260620 
frame00409.jpg 364.007599 299.582184 363.708710 299.090424 363.813202 299.275421 363.717346 299.020630 
frame00410.jpg 360.206024 315.230560 360.257019 315.233978 360.128387 315.227905 359.173279 315.186462 
frame00411.jpg 447.056946 310.990570 440.605011 314.077026 443.295715 313.447968 440.552979 314.231476 
frame00412.jpg 129.335831 157.336487 457.097870 136.945999 459.143372 346.932159 104.344620 347.162659 
frame00413.jpg 129.492752 157.841599 457.895966 136.302750 460.992798 346.109039 105.591270 347.641449 
frame00414.jpg 419.193756 299.497742 423.780609 275.146973 419.139252 299.853973 419.012115 300.250793 
frame00415.jpg 372.386475 287.919403 372.966034 285.453857 372.335968 287.638733 372.517700 287.514435 
frame00416.jpg 133.377197 157.963654 463.287964 133.040115 466.235565 341.724152 119.831055 342.914551 
frame00417.jpg 136.079453 157.412521 464.683167 132.862411 470.841187 343.879333 114.499962 347.059113 
frame00418.jpg 136.280472 156.963867 466.095673 133.085602 470.482666 344.084747 112.944481 348.346069 
frame00419.jpg 503.411072 310.081451 506.672974 313.793762 503.119171 309.909760 504.769897 311.480652 
frame00420.jpg 136.048477 157.215637 465.870605 133.320190 470.512512 343.920654 113.569656 347.924011 
frame00421.jpg 139.867737 157.502670 464.957794 133.317078 496.830566 364.864319 98.328079 360.732544 
frame00422.jpg 134.603333 156.557129 465.288879 132.849136 469.777893 343.488159 111.513939 347.957764 
frame00423.jpg 453.101746 316.346466 453.131989 316.334320 453.093597 316.355621 453.129425 316.341003 
frame00424.jpg 131.581131 156.181061 463.454163 133.153976 468.878021 343.466003 109.745262 347.920776 
frame00425.jpg 135.454559 156.970139 462.474304 132.852921 497.416809 365.861176 98.073578 363.529663 
frame00426.jpg 132.359604 157.551331 464.281342 132.638931 470.540588 343.594452 111.432182 349.855286 
frame00427.jpg 133.626938 157.012894 465.531982 131.780807 472.696136 342.509186 112.440422 347.839783 
frame00428.jpg 133.975616 156.111053 467.065948 130.514938 472.296692 342.475403 112.428436 347.558990 
frame00429.jpg 132.760330 157.538910 466.462952 131.028503 472.022552 342.731689 112.245857 349.231995 
frame00430.jpg 130.617615 156.573959 464.512543 130.481033 472.115906 341.273315 109.391609 350.028259 
frame00431.jpg 128.125580 156.853455 464.291229 132.808914 472.986115 342.338104 95.542519 354.225769 
frame00432.jpg 128.722504 158.620056 462.972015 130.587891 471.281647 341.529785 109.165611 352.382568 
frame00433.jpg 128.274551 159.952194 461.686432 130.472672 470.922729 342.024536 109.785675 353.332184 
frame00434.jpg 126.481110 161.179398 460.275665 131.026413 470.091309 341.920776 107.157837 355.644196 
frame00435.jpg 398.405426 355.506866 398.398346 355.486847 398.419189 355.497040 398.410400 355.473877 
frame00436.jpg 124.455894 164.623413 457.940125 133.371033 469.198944 344.295654 106.010773 359.074829 
frame00437.jpg 124.049400 165.919022 458.752899 133.052994 469.300049 344.616211 108.981010 357.898987 
frame00438.jpg 121.078239 165.598801 456.789215 136.767212 470.420502 345.067352 91.850937 364.022583 
frame00439.jpg 123.727760 166.982239 457.254639 134.019669 469.599609 345.083282 107.109909 360.933319 
frame00440.jpg 118.616486 166.089111 458.047852 133.404587 460.508148 329.772217 121.784866 347.930847 
frame00441.jpg 123.372040 165.633560 457.752716 131.825531 470.718262 343.068054 106.782150 360.338074 
frame00442.jpg 96.295799 167.060349 452.301758 135.321930 466.510956 336.081726 48.041248 399.927246 
frame00443.jpg 119.611732 167.795654 455.279541 133.477005 467.954102 344.560974 101.152138 364.933929 
frame00444.jpg 118.617188 168.973541 453.974792 135.321289 468.009949 346.156464 102.111099 365.674957 
frame00445.jpg 119.707169 171.334000 453.310638 135.830948 467.799805 346.806702 103.443260 366.979095 
frame00446.jpg 119.042946 171.779129 452.712555 135.920029 466.966858 346.979858 103.778328 366.916412 
frame00447.jpg 198.815750 190.505325 628.426025 40.654327 725.278320 567.832642 193.048813 301.175751 
frame00448.jpg 125.018913 173.519638 450.691193 136.652161 480.191010 366.829163 83.021072 382.688324 
frame00449.jpg 168.253555 170.709610 453.544708 134.418121 468.311737 353.755463 173.744827 320.877014 
frame00450.jpg 407.070435 305.493988 407.199310 305.288971 408.199493 305.222961 407.405273 305.306244 
frame00451.jpg 347.504822 322.095306 345.487152 323.415192 345.943665 323.164185 345.318115 323.529816 
frame00452.jpg 28.827467 149.929947 448.129089 140.917953 455.350403 340.966125 40.905964 400.817932 
frame00453.jpg 116.168541 178.738373 448.952179 140.803772 464.244415 351.756836 101.919144 374.083862 
frame00454.jpg 124.200851 176.832626 408.554535 155.430954 779.328064 682.606934 -5318.198730 5162.479004 
frame00455.jpg 264.897644 233.499069 504.048492 -404.269379 462.432129 351.496185 314.527039 324.313049 
frame00456.jpg 122.330986 178.804718 449.066681 143.085236 465.036072 357.169891 104.207146 371.534607 
frame00457.jpg 115.174515 179.977951 448.028595 143.189301 462.208496 355.256409 99.214195 375.567657 
frame00458.jpg -208.963074 36.087757 433.291718 160.662476 429.464630 336.199677 -100.765640 454.659271 
frame00459.jpg 114.286247 179.976013 453.081146 141.809509 441.717590 349.806244 107.606659 361.766815 
frame00460.jpg 111.914368 180.894119 445.174194 145.761581 459.301849 357.647491 95.667419 377.488495 
frame00461.jpg 340.257996 313.016174 340.362183 310.113190 340.673859 313.331146 341.016815 313.042603 
frame00462.jpg 108.324379 182.173462 436.257141 158.290085 496.144531 457.895325 -308.286316 620.118347 
frame00463.jpg 5.573086 187.809464 442.560089 151.868149 455.215454 353.378632 -31.449286 472.980164 
frame00464.jpg 314.302185 337.918976 313.395172 337.429810 318.674713 340.297729 313.459625 337.475677 
frame00465.jpg 441.349609 331.871948 441.173340 332.263245 439.001831 331.011444 441.386108 332.277740 
frame00466.jpg 111.336166 187.517090 444.294128 153.341507 458.443512 365.592743 93.912598 383.843506 
frame00467.jpg 160.860016 197.784485 447.802856 151.656281 575.081360 465.137177 99.984367 375.917175 
frame00468.jpg 110.952171 187.573853 443.569855 154.281265 457.451782 366.499664 93.027657 384.058136 
frame00469.jpg 111.048775 187.098068 444.051086 154.507065 457.506592 367.000977 93.352486 383.968872 
frame00470.jpg 103.661690 181.006912 443.197113 156.730301 453.272217 368.459991 88.844429 386.305573 
frame00471.jpg 382.869598 272.044006 374.011444 269.306915 375.784302 269.870911 403.547882 278.889496 
frame00472.jpg 112.667381 195.992935 445.263916 163.511124 459.655365 377.717896 91.447365 396.147797 
frame00473.jpg 113.465889 198.349792 445.347931 166.065643 458.742706 379.206757 93.097969 395.586151 
frame00474.jpg 112.535522 197.271439 444.521240 166.561813 458.297760 378.589905 91.763306 394.236328 
frame00475.jpg 113.132629 197.007797 445.289917 165.555450 459.191101 379.177277 93.726624 394.678650 
frame00476.jpg 116.459412 201.240433 447.100494 164.308487 458.268372 379.077545 105.347160 394.568329 
frame00477.jpg 114.388458 196.992355 448.259186 165.068253 459.096527 379.201782 98.772911 390.856964 
frame00478.jpg 114.539719 196.560776 447.265106 166.298035 460.482208 379.866791 94.903152 394.246124 
frame00479.jpg 115.413864 195.596298 448.463135 166.516037 461.164490 379.519287 94.858643 393.021881 
frame00480.jpg 115.825424 195.243530 448.996002 165.452423 461.477203 378.169922 95.161484 391.997284 
frame00481.jpg 120.214417 193.870651 460.824280 159.944412 440.261200 371.917755 106.247086 374.781433 
frame00482.jpg 473.419495 291.833099 471.878906 294.412811 474.119446 291.492828 472.864716 292.509186 
frame00483.jpg 117.151604 191.910721 449.638306 161.447189 461.045898 375.048279 96.878441 386.138550 
frame00484.jpg 112.924561 188.141586 447.642273 160.835464 460.817017 373.754150 88.734818 391.210754 
frame00485.jpg 116.370972 189.581039 450.035675 162.180756 460.115265 375.738281 95.783775 386.366241 
frame00486.jpg 113.955185 187.735291 448.692627 161.605713 458.555267 373.578217 91.010757 385.063507 
frame00487.jpg 107.927765 198.841965 449.232544 132.863327 455.580475 370.211456 137.417755 408.560577 
frame00488.jpg 110.884277 185.368652 452.214142 151.929718 444.169189 365.078796 123.661461 379.391968 
frame00489.jpg 409.943237 333.190247 409.978638 333.264038 409.914368 333.183472 409.472839 332.737823 
frame00490.jpg 116.965729 185.448242 452.344757 158.548141 460.109467 372.505676 96.791573 379.679626 
frame00491.jpg 121.925941 186.263779 443.117523 161.411758 512.627625 402.236755 68.914009 405.689087 
frame00492.jpg 118.779442 184.561005 452.264160 159.570221 462.261322 373.473724 93.859344 381.372223 
frame00493.jpg 168.274124 185.969315 482.972839 148.885834 459.409760 370.296692 198.679276 312.371429 
frame00494.jpg 126.275223 163.907593 460.988159 159.058640 440.571594 374.952606 90.717598 384.065979 
frame00495.jpg 326.656097 137.345261 327.253784 137.025223 326.730621 137.363358 324.446259 139.068237 
frame00496.jpg -8.548928 155.513351 461.390106 157.330200 444.490051 357.102386 98.830910 385.893219 
frame00497.jpg 118.556984 193.988480 451.813965 168.456345 461.758728 382.893951 95.454094 391.011780 
frame00498.jpg 120.173996 196.278091 453.255859 170.764847 463.926300 384.963776 97.063240 393.050262 
frame00499.jpg 197.326263 203.052368 189.236649 206.319412 195.832611 206.016052 195.173386 205.876312 
frame00500.jpg 334.742279 153.051498 335.190033 153.290787 334.817108 153.138855 333.131897 152.661194 
frame00501.jpg 368.030396 357.667114 368.544464 357.941193 368.292480 357.765045 368.712006 358.003143 
frame00502.jpg 412.444336 307.313843 411.919037 307.143982 413.495483 308.924438 411.940277 307.096893 
frame00503.jpg 414.861725 194.659149 415.075226 194.985641 414.931000 194.856995 415.240326 195.326401 
frame00504.jpg 493.579010 308.523285 491.387268 307.545807 485.139984 302.940613 492.856445 308.157776 
frame00505.jpg 24.467789 224.301453 24.470072 224.357407 24.533964 224.245163 24.462547 224.354843 
frame00506.jpg 428.858948 374.968201 428.797058 374.941254 429.034485 375.044891 428.788788 374.937653 
frame00507.jpg 166.562149 227.790237 492.051514 192.940689 512.075745 408.447449 147.156784 421.052155 
frame00508.jpg 170.325760 229.661163 494.723419 193.217834 513.771057 408.507080 150.697586 420.498199 
frame00509.jpg 170.907028 229.010574 495.032623 192.504547 514.138733 406.886078 151.236115 419.617126 
frame00510.jpg 159.323257 223.397812 497.074280 190.582687 514.635315 404.401917 146.794052 418.930511 
frame00511.jpg 174.458588 228.351242 497.722992 190.098282 516.119080 405.008301 157.898300 417.793457 
frame00512.jpg 370.576965 320.447662 370.250122 320.936798 370.534546 320.524658 370.509338 320.542389 
frame00513.jpg 304.865448 315.072845 306.289581 313.873016 304.863007 315.074738 304.236053 315.603851 
frame00514.jpg 507.585846 342.464905 507.609497 342.485443 507.630096 342.149445 507.602051 342.485535 
frame00515.jpg 505.857880 342.946289 506.422577 343.265839 506.108246 342.827972 506.240845 343.211029 
frame00516.jpg 448.639160 359.316589 449.680237 359.825958 448.092346 359.631836 449.530273 359.645294 
frame00517.jpg 172.483353 225.629807 488.729034 185.056046 505.300781 396.099701 155.634720 412.647125 
frame00518.jpg 170.582153 225.578598 487.149445 186.547180 503.609985 395.526733 150.007126 411.038300 
frame00519.jpg 169.685608 224.189224 484.105011 185.562622 500.038666 394.844940 148.878830 410.482819 
frame00520.jpg 170.807022 227.850601 483.947235 189.611923 499.288818 398.565491 148.891754 413.009460 
frame00521.jpg 51.389786 233.647263 51.408794 233.028244 51.396770 233.324585 51.407833 233.073837 
frame00522.jpg 167.004242 219.830856 482.337555 185.036362 494.306091 391.573883 146.256653 403.934662 
frame00523.jpg 106.506966 200.467010 477.140656 191.829849 490.918427 383.000519 75.291298 428.545013 
frame00524.jpg 45.689522 218.323975 45.103947 219.338501 31.496384 238.269394 45.259983 219.939392 
frame00525.jpg 166.988388 213.504807 476.898438 178.310471 486.689178 382.097717 143.283432 393.325928 
frame00526.jpg 166.777451 211.054016 476.898102 178.274612 486.183289 381.163086 139.813171 391.282043 
frame00527.jpg 51.977287 209.901703 55.925297 209.660355 52.266781 209.882660 15.488220 212.107773 
frame00528.jpg 49.838036 206.629028 49.852875 206.621185 49.820148 206.671814 49.849049 206.622604 
frame00529.jpg 162.173981 199.886078 472.480743 167.685165 475.581848 369.012024 137.398102 379.314301 
frame00530.jpg 44.025803 195.228775 44.006737 195.222778 44.079639 195.240875 44.012051 195.225220 
frame00531.jpg 484.515198 284.899567 489.054901 284.921539 484.063477 284.421997 486.038879 284.411041 
frame00532.jpg 352.069611 140.070786 353.891815 140.416809 353.798676 140.396332 353.722626 140.382355 
frame00533.jpg 172.680389 181.806396 469.476715 158.443085 476.627960 377.780945 114.618317 365.389648 
frame00534.jpg 482.328491 277.464020 482.052704 277.354065 482.938202 277.709167 482.056488 277.355469 
frame00535.jpg 160.927429 173.526733 466.600311 158.195572 464.104156 360.344910 90.643486 361.920135 
frame00536.jpg 489.960785 277.166840 489.850708 277.041138 490.198792 277.430420 489.859680 277.049530 
frame00537.jpg 355.952454 123.376213 355.940765 123.395576 355.959015 123.376648 355.962616 123.380753 
frame00538.jpg 357.773804 117.187920 357.848480 117.149162 357.725220 117.188446 356.926270 117.389679 
frame00539.jpg 468.986877 100.705299 469.459106 100.662346 469.037598 100.708298 469.173401 100.702759 
frame00540.jpg 465.106628 245.422623 460.603699 238.353210 465.041962 245.281799 464.692505 244.687424 
frame00541.jpg 463.290527 242.204697 463.050446 243.326035 463.311615 241.954483 463.161285 242.192291 
frame00542.jpg 171.493500 129.766129 471.436096 128.837433 446.382294 322.685272 120.281548 295.549805 
frame00543.jpg 459.287720 265.343475 459.229553 265.429993 459.324982 265.296295 459.384247 265.192535 
frame00544.jpg 456.770447 262.273132 456.801971 262.303986 456.770203 262.275421 456.782990 262.284760 
frame00545.jpg 468.064240 237.570389 468.269287 237.893250 468.064758 237.572479 468.080170 237.590698 
frame00546.jpg 446.837341 219.001160 447.166718 218.767319 446.957855 218.915176 446.976013 218.902878 
frame00547.jpg 230.574539 134.114456 230.965103 134.112396 230.464264 134.115402 230.749237 134.113419 
frame00548.jpg 446.407410 223.271713 446.275879 222.825150 445.417877 221.670166 446.349335 223.122009 
frame00549.jpg 403.838440 205.614578 403.677429 205.553467 403.809235 205.602966 404.019989 205.683975 
frame00550.jpg 438.610840 251.568405 439.271088 252.210876 438.652069 251.507065 435.712402 247.782837 
frame00551.jpg 382.015289 265.660522 379.991241 262.388123 381.558624 264.919403 381.080200 264.163055 
frame00552.jpg 166.334045 86.920326 449.625092 117.001099 426.196198 321.803101 65.896568 260.912872 
frame00553.jpg 426.795410 220.497803 426.515839 220.803375 426.441528 220.817505 426.543671 220.800827 
frame00554.jpg 54.099110 57.821350 54.115547 57.780888 54.259708 57.860199 54.095436 57.782909 
frame00555.jpg 54.649235 52.446659 54.657921 52.444973 54.591961 52.491791 54.656544 52.444614 
frame00556.jpg 53.371895 46.626499 53.411037 46.646164 53.481358 46.620113 53.393131 46.643814 
frame00557.jpg 433.735107 223.648346 436.541504 217.757584 433.792145 223.526535 434.020874 223.044037 
frame00558.jpg 57.701458 54.776707 58.150665 55.729267 57.885136 54.977890 59.784828 57.371326 
frame00559.jpg 410.710876 216.895035 410.539673 216.777405 410.658234 216.859543 411.088257 217.160934 
frame00560.jpg 62.147831 58.716610 63.356453 59.364155 62.232864 58.810146 63.802334 60.070446 
frame00561.jpg 210.422363 218.483032 210.625137 218.184555 213.564392 216.182236 210.544266 218.358109 
frame00562.jpg 345.930145 209.719101 346.098358 209.823318 345.966003 209.740997 346.138000 209.848846 
frame00563.jpg 391.891113 266.358154 392.234406 266.145294 391.747681 266.032410 391.948059 266.442963 
frame00564.jpg 332.221680 255.993652 332.104797 256.800873 324.100616 251.736237 332.280365 256.647766 
frame00565.jpg 401.965057 258.113190 402.013550 258.148102 402.048492 258.093689 402.143097 258.193604 
frame00566.jpg 405.498718 259.334717 406.273865 260.194611 405.610992 259.403046 402.682587 255.672821 
frame00567.jpg 367.868774 240.068634 364.926514 237.579742 365.523132 238.110092 373.755157 245.694565 
frame00568.jpg 360.092590 261.713959 360.072815 261.711548 360.094604 261.666779 360.216309 261.258606 
frame00569.jpg 398.950409 258.224304 398.619995 257.451691 412.048157 264.444000 398.510376 257.572174 
frame00570.jpg 329.931427 302.335266 328.326660 304.787720 330.005768 302.280121 329.787384 302.517487 
frame00571.jpg 329.723175 304.406616 329.146393 306.094025 329.819305 304.598816 333.437988 297.965820 
frame00572.jpg 410.208618 254.663757 410.293304 254.701187 410.183411 254.672607 409.518951 254.556274 
frame00573.jpg 355.911041 269.279449 356.319763 268.581299 354.316193 264.017303 355.968506 268.996094 
frame00574.jpg 341.870087 236.179489 341.262482 236.076843 341.371094 236.203552 341.265259 236.083160 
frame00575.jpg 406.524475 270.666870 404.498535 269.372925 407.033081 270.520020 404.881622 269.705475 
frame00576.jpg 406.502716 269.209351 406.485382 269.173126 405.676025 269.127625 406.505585 269.184784 
frame00577.jpg 416.781433 255.370850 404.645264 252.295074 417.024445 255.690964 416.633636 255.899155 
frame00578.jpg 129.988983 116.938873 426.303528 125.727135 403.044678 305.763306 81.152344 281.426361 
frame00579.jpg 321.154327 259.784882 321.154114 260.127899 321.101135 259.744751 321.222778 260.002014 
frame00580.jpg 320.682495 260.331970 320.878662 259.791748 320.520935 260.166565 320.976196 260.278076 
frame00581.jpg 404.200684 275.894806 403.671722 276.070923 402.974365 276.076904 403.556915 276.061127 
frame00582.jpg 320.045929 261.054718 320.061035 261.005157 320.083344 261.639954 320.056122 261.008240 
frame00583.jpg 333.065765 267.157928 333.061249 267.157410 333.240204 267.177917 333.035675 267.154510 
frame00584.jpg 6.585080 112.467400 11.584789 111.573341 8.027855 112.181061 -8.128616 114.775032 
frame00585.jpg 5.631863 108.493858 5.439581 108.128914 5.730445 108.585228 2.633957 104.642899 
frame00586.jpg 411.450317 260.016907 411.451752 260.013489 411.310577 259.982910 411.453918 260.015076 
frame00587.jpg 112.225433 90.696365 114.168449 90.500961 109.069016 91.668297 117.909660 90.284492 
frame00588.jpg 340.782867 297.567352 371.832031 684.811401 340.416534 297.483307 340.345215 297.863007 
frame00589.jpg 362.577271 293.029755 362.574677 293.029633 362.576874 293.030029 362.576019 293.030243 
frame00590.jpg 416.083496 264.335052 420.750641 259.616974 421.173431 258.768951 420.853882 259.163025 
frame00591.jpg 125.707787 225.442108 135.046555 224.850494 125.684204 225.767395 121.093452 224.009384 
frame00592.jpg 346.968994 299.401855 346.836243 299.865387 346.981934 299.376831 346.952789 299.445313 
frame00593.jpg 257.264374 280.077271 256.735748 284.088196 256.836456 283.252136 258.046356 272.439240 
frame00594.jpg 363.603790 119.577477 363.703003 120.107697 363.625061 119.329765 363.607758 118.999176 
frame00595.jpg 196.608063 157.435028 196.334686 157.188339 196.595825 157.422546 197.895721 158.582977 
frame00596.jpg 360.047119 111.211121 358.831757 111.677948 360.112549 111.220169 359.948120 111.310287 
frame00597.jpg 365.012085 110.414703 363.272736 110.874748 364.878326 110.450432 364.464783 110.560097 
frame00598.jpg 359.621643 248.874741 355.140991 249.651337 355.506561 249.307495 355.391479 249.627121 
frame00599.jpg 536.195374 247.218048 442.447449 251.435333 443.067688 251.400864 440.727936 251.549683 
frame00600.jpg 437.837921 76.014999 470.739563 -7.381999 437.721588 76.232155 436.960999 78.684059 
frame00601.jpg 286.442230 218.889725 250.808167 221.957718 286.261780 218.882324 286.072174 218.892242 
frame00602.jpg 380.014496 273.876465 380.718536 274.897980 380.870514 275.143372 380.366150 274.391296 
frame00603.jpg 11.507591 113.329765 6.016757 112.865242 11.710947 113.311684 10.850222 113.207527 
frame00604.jpg 23.598953 122.540436 23.346611 122.513100 23.399284 122.514282 24.120211 122.485321 
frame00605.jpg 39.927711 133.498001 39.890003 133.491394 38.991096 133.333511 39.894531 133.492172 
frame00606.jpg 53.299000 141.736511 54.680458 141.449814 54.546581 139.485794 53.659958 141.610382 
frame00607.jpg 66.474136 151.579971 65.723824 151.537949 66.480400 151.175446 65.837379 151.589783 
frame00608.jpg 66.782066 145.787292 69.795067 146.924500 70.791710 147.308411 68.701202 146.494797 
frame00609.jpg 453.505463 141.897751 454.253998 142.095551 453.705139 141.953125 454.243866 142.092697 
frame00610.jpg 422.278076 114.011269 422.336517 114.078918 422.048187 113.287231 422.324463 114.073532 
