frame ulx uly urx ury lrx lry llx lly
frame00000.jpg 241.000259 168.002258 430.999573 172.997772 426.999664 442.002106 244.999069 437.998047 
frame00001.jpg 239.997772 166.993851 429.993774 172.005569 425.985718 440.986450 243.998093 437.008575 
frame00002.jpg 240.424438 166.923676 430.746582 171.797623 426.633972 441.131775 244.524109 436.968964 
frame00003.jpg 241.038040 166.802628 431.385559 171.770615 427.195038 441.239838 245.035339 437.047913 
frame00004.jpg 241.594803 167.389999 431.889221 172.233475 427.815094 441.742432 245.557907 437.435760 
frame00005.jpg 241.990265 167.444794 432.430267 172.193100 428.138824 441.964935 246.070847 437.651672 
frame00006.jpg 242.390762 167.830460 432.746033 172.880188 428.455139 442.483063 246.073090 438.258606 
frame00007.jpg 242.798752 168.498901 433.051819 173.550598 428.735413 443.050385 246.633316 438.811096 
frame00008.jpg 242.912918 168.964813 433.107208 173.995117 428.782074 443.558929 246.691818 439.163910 
frame00009.jpg 242.880676 169.044067 433.104675 174.189056 428.717285 443.550537 246.682159 439.154785 
frame00010.jpg 243.142288 169.683945 433.136505 174.633713 428.740295 443.965881 246.813370 439.437744 
frame00011.jpg 242.978317 169.881119 432.994476 174.864365 428.665222 444.058319 246.871643 439.424377 
frame00012.jpg 243.038925 170.301620 432.907532 175.446930 428.671082 444.763367 246.718277 440.120148 
frame00013.jpg 243.375046 171.675827 433.091736 176.595840 428.701141 445.800903 247.105484 441.032410 
frame00014.jpg 244.053711 173.224899 433.269440 178.206955 429.141479 447.125031 247.577911 442.356720 
frame00015.jpg 244.439972 174.705017 433.665741 179.846848 429.322693 448.105194 247.944305 443.388184 
frame00016.jpg 244.891556 175.888947 433.933838 180.669662 429.692200 449.192139 248.694702 444.135437 
frame00017.jpg 245.610947 176.738754 434.678101 181.711441 430.320313 449.915710 249.147583 445.038177 
frame00018.jpg 246.363983 177.542480 435.271027 182.416626 431.077118 450.705872 249.916901 445.653564 
frame00019.jpg 247.193878 178.333786 435.952271 183.284698 431.873840 451.611481 250.724243 446.433472 
frame00020.jpg 247.926102 178.898438 436.783081 183.777710 432.649811 452.025391 251.226715 447.066406 
frame00021.jpg 248.539200 179.170517 437.566437 184.182205 433.294495 452.465637 251.899658 447.413635 
frame00022.jpg 249.388824 179.450027 438.358673 184.299164 434.159729 452.672913 252.835968 447.505402 
frame00023.jpg 250.348419 179.446060 439.339722 184.213730 435.028412 452.616364 253.675293 447.335358 
frame00024.jpg 251.438278 179.493286 440.178558 184.192368 435.993164 452.442200 254.726563 447.373657 
frame00025.jpg 252.586105 179.126877 441.301758 183.864746 437.167999 451.807373 256.258209 446.664581 
frame00026.jpg 254.450409 178.957672 442.679901 183.471878 438.445251 451.069641 257.991669 445.746277 
frame00027.jpg 256.033142 177.743988 444.018341 182.387527 439.804749 449.581055 259.405182 444.350098 
frame00028.jpg 257.991821 176.924271 445.645508 181.676468 441.273804 448.269196 261.542847 442.971741 
frame00029.jpg 260.502991 177.271072 447.505859 181.870422 443.149902 447.930969 264.100220 442.514557 
frame00030.jpg 264.125916 180.276749 449.691162 184.718781 445.307190 448.890442 267.877777 443.401337 
frame00031.jpg 268.740204 186.448624 451.893433 190.889542 447.554413 451.990936 271.954926 446.307159 
frame00032.jpg 274.119263 196.658020 453.460876 200.952408 448.788452 456.472778 277.034912 450.717468 
frame00033.jpg 278.760620 207.150101 453.980682 211.463669 449.207947 460.817902 281.149902 454.848175 
frame00034.jpg 282.383118 215.487122 453.513519 219.927246 448.897003 462.376953 285.260803 456.428162 
frame00035.jpg 286.861298 223.160645 453.399353 227.545883 448.742249 462.922943 289.327423 456.814697 
frame00036.jpg 291.789581 229.854065 453.238068 234.260666 448.657684 462.247437 293.983765 456.391815 
frame00037.jpg 296.871338 236.069351 453.498138 240.425095 448.954285 461.322876 298.789063 455.344879 
frame00038.jpg 301.824707 242.460083 453.745300 247.125641 449.081940 460.537201 303.537018 454.598724 
frame00039.jpg 307.253967 248.019653 454.202606 252.725189 449.589569 458.890930 308.690094 452.987793 
frame00040.jpg 312.754242 252.353012 454.980072 256.899139 450.192078 456.277008 313.782562 450.022034 
frame00041.jpg 317.744751 254.182602 455.739014 258.877716 450.869141 451.190155 318.655670 445.184174 
frame00042.jpg 322.463867 253.483795 456.239197 258.105682 451.184387 443.968933 323.053284 437.900452 
frame00043.jpg 326.640808 250.713165 456.415802 255.275833 451.377655 435.827972 326.662170 429.760590 
frame00044.jpg 330.158508 246.585205 455.935883 251.281662 450.775726 426.193481 329.835907 420.127014 
frame00045.jpg 325.999969 225.907440 455.112854 248.079819 440.104065 408.426270 334.510712 407.217010 
frame00046.jpg 333.606018 235.395096 452.980377 240.800003 446.426117 404.664520 333.126953 399.155579 
frame00047.jpg 333.676727 230.157013 449.705505 234.743240 443.572296 394.587799 332.914581 388.801147 
frame00048.jpg 332.282745 225.314682 445.386230 229.855133 439.033997 385.169800 331.819611 379.800720 
frame00049.jpg 330.304443 221.846420 439.793152 226.395126 434.012146 377.722900 329.344910 372.718781 
frame00050.jpg 327.200348 220.056030 433.720093 224.566925 428.189728 371.899719 326.344849 367.147400 
frame00051.jpg 323.940552 220.680145 427.280212 224.824677 422.201355 367.918915 323.048431 363.709869 
frame00052.jpg 320.031921 221.623932 420.908173 225.655304 416.029694 365.306915 319.201721 361.292755 
frame00053.jpg 316.588959 223.031570 415.041351 225.726364 410.579071 363.324829 316.154999 359.320068 
frame00054.jpg 312.674835 226.669556 408.669495 230.271057 404.308289 362.957001 311.532532 359.436890 
frame00055.jpg 308.890289 230.821701 402.729187 234.055984 398.391235 363.213470 307.903442 360.376099 
frame00056.jpg 305.749207 235.358505 399.189087 236.282898 393.148376 364.150818 305.040070 361.195679 
frame00057.jpg 302.514099 240.520844 391.861755 242.267532 387.922089 365.757355 301.030304 363.510834 
frame00058.jpg 296.391235 239.037598 391.078522 240.162674 381.471161 364.287170 300.325195 362.194519 
frame00059.jpg 280.005341 210.211105 388.844360 260.653412 368.610962 355.960541 295.435669 358.669189 
frame00060.jpg 296.562683 249.125244 379.251160 249.700073 376.255615 363.828613 294.646973 364.601807 
frame00061.jpg 369.507721 260.968872 369.531342 261.228424 369.537109 260.878448 369.412079 261.057220 
frame00062.jpg 370.171417 261.335175 368.865387 260.934784 370.280457 261.365662 370.667297 261.495331 
frame00063.jpg 312.813721 272.007355 469.432861 174.169083 204.988098 157.405304 297.355255 367.006927 
frame00064.jpg 315.133453 260.960327 314.647461 260.132935 315.194885 261.084076 315.254181 261.113159 
frame00065.jpg 376.350800 257.884094 375.697815 257.447601 376.170654 257.854004 377.468414 258.333954 
frame00066.jpg 379.939972 255.352982 380.248627 254.872620 379.896851 255.423233 379.871063 255.451553 
frame00067.jpg 384.780640 252.312912 383.564728 252.865921 384.898956 252.180481 384.153625 252.509949 
frame00068.jpg 389.165924 248.910400 388.473450 248.612961 389.238678 248.906250 389.388153 249.103119 
frame00069.jpg 394.891876 243.872940 394.572052 246.980972 395.149841 244.091278 394.985046 246.055740 
frame00070.jpg 400.774567 241.798584 401.057312 241.914169 401.391327 241.612427 409.082855 242.082077 
frame00071.jpg 405.685211 237.679825 405.059082 238.329559 407.031158 237.032257 406.658478 242.164108 
frame00072.jpg 361.339874 9.702679 361.379150 9.727291 361.299957 9.710367 361.398712 9.746132 
frame00073.jpg 491.929169 35.157936 492.848724 35.343204 486.645996 34.112911 496.008636 35.994461 
frame00074.jpg 373.414398 236.603165 373.439117 236.668289 373.624908 237.152573 373.440521 236.671753 
frame00075.jpg 456.932281 173.781296 456.953369 173.731171 456.929688 173.735535 456.942474 173.712494 
frame00076.jpg 526.235840 50.007717 526.247192 50.024445 526.232483 50.018276 526.261780 50.008068 
frame00077.jpg 377.364532 241.279541 377.364929 241.339005 377.360840 241.885803 377.364655 241.346786 
frame00078.jpg 482.525665 57.441696 482.722015 57.236279 482.524323 57.459984 482.778931 57.150150 
frame00079.jpg 380.651459 250.221146 380.492493 251.239471 380.758301 249.739670 379.499084 259.828339 
frame00080.jpg 479.372650 67.217331 479.368530 67.185966 479.371704 67.210388 479.368866 67.188095 
frame00081.jpg 347.919495 46.201035 348.988190 48.296661 347.872375 46.104198 347.786346 45.988796 
frame00082.jpg 388.188873 79.688789 387.564667 80.974632 387.675018 80.813980 387.393585 80.908424 
frame00083.jpg 383.147186 257.166260 384.716492 257.407776 383.564240 257.146942 380.565155 257.038757 
frame00084.jpg 513.679260 76.236977 513.937622 76.286133 512.691528 76.022728 513.920959 76.285416 
frame00085.jpg 513.348389 75.253487 515.873657 76.280983 517.131958 81.144432 516.753296 76.079704 
frame00086.jpg 179.121674 140.244766 176.225296 140.252869 178.453278 140.456116 183.463654 139.566696 
frame00087.jpg 421.787842 248.472778 422.250580 249.330017 421.948792 248.536087 422.257172 249.080948 
frame00088.jpg 424.387482 250.346390 424.076782 250.248474 424.419189 250.341248 424.490570 250.420547 
frame00089.jpg 425.132721 250.311478 431.421936 254.376373 424.605713 249.915634 422.695740 248.887070 
frame00090.jpg 555.452942 174.538879 555.722229 174.838715 555.344543 174.719879 555.501221 174.928589 
frame00091.jpg 553.336426 51.618843 553.566895 51.951355 551.805298 51.397213 553.558289 51.750256 
frame00092.jpg 390.664307 256.754456 390.647675 256.747772 390.499207 256.687347 390.645660 256.746918 
frame00093.jpg 430.777222 251.394897 430.984009 250.969650 430.747253 251.455322 430.734039 251.487091 
frame00094.jpg 370.072418 79.498032 369.313141 80.351341 369.760773 79.741165 369.359528 80.459267 
frame00095.jpg 383.753326 254.808487 383.003357 254.111862 383.815582 254.866379 384.041626 255.076080 
frame00096.jpg 423.061523 249.579514 423.618896 247.980164 422.261658 251.909332 423.348267 248.834015 
frame00097.jpg 418.670929 247.988358 419.100861 248.389786 418.658600 247.725723 270.784943 184.465225 
frame00098.jpg 364.683990 249.977203 364.858398 250.203552 366.446655 252.131287 364.881805 250.228027 
frame00099.jpg 355.530365 248.708725 353.913147 248.353439 361.078064 249.834854 345.816223 246.380356 
frame00100.jpg 341.169067 3.459775 341.609802 3.471169 341.617004 3.472757 341.610870 3.470427 
frame00101.jpg 387.228668 245.559311 387.536682 245.745773 387.371552 245.716217 386.518158 244.899460 
frame00102.jpg 323.292633 248.202133 324.294037 248.811157 323.639435 248.462875 321.375061 246.873978 
frame00103.jpg 313.622986 250.652679 313.644104 250.696472 313.682953 250.777206 313.640045 250.688065 
frame00104.jpg 305.399078 251.693985 305.544312 251.842209 306.640076 253.160522 305.552856 251.859619 
frame00105.jpg 301.013672 252.294205 300.227722 253.019882 301.071808 252.051422 300.586639 252.477127 
frame00106.jpg 297.734222 250.591751 296.696930 252.285538 297.865906 250.690048 297.233032 251.761978 
frame00107.jpg 295.996033 248.816559 294.953552 250.509811 296.128174 248.916306 295.492035 249.988113 
frame00108.jpg 295.430908 246.290588 295.606628 246.235336 295.493835 246.336670 295.085693 246.184036 
frame00109.jpg 357.287750 245.136154 357.172913 247.120041 357.916656 242.610168 360.460114 254.557083 
frame00110.jpg 296.170807 236.914886 297.104065 237.317963 296.493530 237.083939 294.402924 236.055756 
frame00111.jpg 295.091522 231.612488 296.575897 232.151611 295.443665 231.817245 292.732178 230.501801 
frame00112.jpg 281.729553 208.619507 362.649933 224.833176 362.408508 338.352600 279.375977 333.801788 
frame00113.jpg 279.186951 202.410309 361.757813 217.927994 360.509491 333.680603 278.768738 327.348969 
frame00114.jpg 276.915405 197.878922 360.359100 210.232910 358.816498 330.154388 276.849701 320.620422 
frame00115.jpg 271.971069 189.775604 358.199524 204.051559 356.443298 325.820648 273.257263 317.205322 
frame00116.jpg 269.577942 183.269424 355.378326 199.145691 354.391266 323.403107 269.992126 313.366455 
frame00117.jpg 265.898651 175.410889 353.520599 195.487335 352.302612 320.754364 266.726654 309.373688 
frame00118.jpg 266.661652 175.724365 355.680908 185.245438 350.584625 318.517151 268.788574 301.322876 
frame00119.jpg 264.202637 171.799652 356.942932 178.235016 348.579498 316.709045 267.169159 296.263184 
frame00120.jpg 261.344849 167.599594 349.435089 181.083084 347.146637 317.317352 262.681549 299.343994 
frame00121.jpg 258.779327 163.273361 348.620148 178.254822 346.531464 317.686188 260.503998 298.071899 
frame00122.jpg 258.430878 160.216034 350.077942 175.375778 347.804901 319.036255 260.622070 298.031677 
frame00123.jpg 258.429810 158.290939 351.853241 174.863541 349.121246 322.786591 260.200928 300.641541 
frame00124.jpg 259.064148 158.204666 354.670258 175.833908 351.906250 327.623352 261.242554 303.754669 
frame00125.jpg 261.540894 156.031128 359.749573 175.120026 356.320160 331.989777 263.479553 305.999298 
frame00126.jpg 266.235840 155.631027 366.852539 176.127472 362.781097 336.645935 268.455353 308.841583 
frame00127.jpg 273.500671 158.629013 375.971466 180.494308 371.056854 344.451233 274.611481 314.548370 
frame00128.jpg 281.058350 162.462189 384.988098 185.810074 379.405792 353.677551 281.384003 321.538269 
frame00129.jpg 288.185364 166.237823 393.933990 191.572647 387.094421 361.483521 288.191986 327.466858 
frame00130.jpg 295.679840 169.236526 401.720703 196.103760 394.261658 368.885956 294.000214 333.054260 
frame00131.jpg 301.106873 169.960022 409.334290 198.063950 399.930573 374.361359 299.076935 335.895050 
frame00132.jpg 304.647614 168.012924 413.745026 198.358948 403.853455 378.606903 301.233246 338.025146 
frame00133.jpg 308.295044 166.674072 418.325928 198.466782 406.988007 382.011932 303.702118 338.445404 
frame00134.jpg 310.380981 161.883469 422.031982 195.232651 408.773102 382.287231 304.634338 336.106964 
frame00135.jpg 311.148865 154.249313 423.516937 189.785477 408.563019 380.385742 303.985748 332.174866 
frame00136.jpg 312.326202 146.423401 425.771637 183.712967 409.372162 378.681641 303.727417 327.560913 
frame00137.jpg 313.126221 134.640289 428.820770 174.285721 409.767639 374.874298 303.250458 320.408417 
frame00138.jpg 314.065216 122.075783 431.729095 164.268463 410.215454 370.370239 302.269745 312.958984 
frame00139.jpg 315.514069 103.597221 435.162048 150.603271 411.601715 362.152496 300.185730 302.090942 
frame00140.jpg 318.766907 89.430298 439.525940 135.239410 412.272430 353.133942 302.555054 290.047485 
frame00141.jpg 322.591614 78.469482 442.858917 125.511421 413.900696 348.315491 303.051880 281.324097 
frame00142.jpg 325.453003 65.274651 445.842407 113.823761 412.974030 337.193634 304.480103 270.513458 
frame00143.jpg 330.002808 55.797050 448.957275 105.053986 413.651154 329.090088 306.448883 260.104095 
frame00144.jpg 334.065552 39.495228 453.270508 91.186554 414.606262 317.649506 307.647919 247.240067 
frame00145.jpg 339.526642 27.405281 458.111938 80.150620 416.467468 308.188568 310.154053 237.080643 
frame00146.jpg 347.840485 19.011574 466.048218 72.158974 421.525177 300.916260 316.416595 227.730850 
frame00147.jpg 357.377747 10.007598 475.562927 65.286354 427.276184 295.086761 323.075348 220.253204 
frame00148.jpg 367.307190 8.345175 484.415710 64.916321 433.149689 293.878510 329.953705 217.279404 
frame00149.jpg 376.740234 5.311911 493.577362 64.162285 438.658875 292.573639 336.284485 214.236755 
frame00150.jpg 384.898102 5.979009 500.468170 68.713638 442.898804 294.521393 340.731384 214.821884 
frame00151.jpg 392.081635 9.175013 507.550537 71.799118 445.804504 297.869781 345.262939 215.523285 
frame00152.jpg 396.669983 9.227296 511.495880 74.022598 446.511719 299.885010 346.845825 215.919250 
frame00153.jpg 399.096283 13.744626 512.431396 80.392105 445.004669 304.767120 346.763885 218.956985 
frame00154.jpg 397.527405 22.702803 510.258087 92.324326 441.443726 313.575195 344.502533 226.562943 
frame00155.jpg 395.672180 8.954275 517.807678 94.945137 428.566437 319.294556 344.961578 240.728378 
frame00156.jpg 391.951660 78.949135 503.850891 112.334869 429.198517 348.135010 344.650574 269.635223 
frame00157.jpg 387.026184 53.112301 502.786011 140.987854 416.385040 354.539398 335.902069 276.485138 
frame00158.jpg 380.163391 108.304008 483.155670 178.254761 417.907715 385.149628 326.994843 295.814636 
frame00159.jpg 374.406769 129.560760 467.574951 212.563019 414.841125 406.671356 308.024811 313.317841 
frame00160.jpg 429.667969 218.657272 430.834381 219.301544 428.454315 221.204758 430.554840 217.760712 
frame00161.jpg 367.019348 166.737198 463.536652 237.151993 404.772797 433.373047 316.409363 346.540588 
frame00162.jpg 364.825531 190.773132 453.523956 262.692230 403.520721 447.778076 311.957825 361.992126 
frame00163.jpg 430.111664 292.519745 430.119995 292.522522 430.110657 292.519409 430.108398 292.518646 
frame00164.jpg 360.513824 214.126343 452.972656 276.430542 401.411926 465.048584 316.302887 384.501709 
frame00165.jpg 359.038727 219.759048 451.091644 279.882446 402.027222 466.477722 317.270325 389.017242 
frame00166.jpg 358.980133 223.225677 450.115448 280.448181 403.684631 465.567749 319.309875 390.740204 
frame00167.jpg 358.480377 223.390076 449.438049 277.688812 405.221802 461.575165 320.908722 389.713593 
frame00168.jpg 357.739746 218.692307 448.816742 270.186188 407.030853 452.822540 322.674713 384.134369 
frame00169.jpg 357.978790 211.074799 448.115723 259.567078 409.379211 440.050110 325.494385 375.734955 
frame00170.jpg 357.684174 198.376083 449.038055 246.888748 411.420319 424.581268 328.593475 364.786469 
frame00171.jpg 377.862335 320.437531 376.265167 320.274811 378.344543 320.219879 377.852386 319.980286 
frame00172.jpg 360.674683 188.404953 446.281555 210.620972 416.232513 397.799622 340.558929 356.753662 
frame00173.jpg 360.218445 175.271988 450.759064 200.737091 419.263977 384.311310 338.816589 331.384583 
frame00174.jpg 611.528137 318.722382 611.764832 318.856140 613.317444 319.271515 611.766418 318.837494 
frame00175.jpg 361.223114 158.314987 445.285248 190.936340 420.181763 358.500000 343.686249 309.990753 
frame00176.jpg 361.092712 152.756836 442.651550 183.521454 420.308350 347.922638 344.129761 303.475830 
frame00177.jpg 369.950043 192.897949 416.596252 217.582352 1053.905029 1593.881836 29.402020 507.476929 
frame00178.jpg 785.167053 300.770538 784.596436 300.691071 782.667725 300.345001 784.919373 300.757599 
frame00179.jpg 361.184692 146.838348 437.360504 174.299026 420.739777 327.118408 348.747223 289.164734 
frame00180.jpg 361.377655 145.545441 436.288269 173.664322 421.218506 322.060944 350.853363 285.259460 
frame00181.jpg 362.739899 149.247070 437.123108 172.788284 422.917664 321.855835 353.177856 282.782410 
frame00182.jpg 362.776428 141.322083 435.214752 177.151810 423.669922 318.282379 353.036102 283.654419 
frame00183.jpg 706.795227 364.436035 705.797974 366.094574 707.262390 363.695557 707.702759 362.819092 
frame00184.jpg 372.681915 167.225204 372.657928 166.979111 372.713928 167.559769 372.668274 167.086823 
frame00185.jpg 391.186523 269.735779 391.955322 267.049103 390.834412 269.490204 391.916870 268.461212 
frame00186.jpg 369.298584 169.304733 370.025818 169.950119 369.490204 169.501099 368.085571 168.141708 
frame00187.jpg 353.479858 159.021881 446.561798 167.138779 413.447937 284.663544 365.810791 274.125641 
frame00188.jpg 732.505859 300.988190 732.425537 301.459869 732.543945 301.114655 732.445007 300.193207 
frame00189.jpg 347.638702 139.060028 428.965088 202.487686 421.774689 325.797119 338.186218 307.591949 
frame00190.jpg 455.155396 376.096832 420.718597 249.793167 421.343872 322.003357 439.470306 275.479309 
frame00191.jpg 362.011444 181.811737 438.783508 209.001526 425.362640 341.028687 358.356201 302.922272 
frame00192.jpg 627.732239 406.491272 626.720459 414.770477 628.259460 408.897308 626.735657 389.021851 
frame00193.jpg 367.213623 202.849014 440.807312 232.746979 431.217804 358.891663 362.886475 317.790375 
frame00194.jpg 367.190552 211.277832 441.769226 244.370743 432.887268 366.478302 361.146240 331.314423 
frame00195.jpg 362.936462 203.352219 441.411621 259.874329 434.635559 373.985992 352.999725 346.766327 
frame00196.jpg 387.334717 249.683456 429.841370 284.103363 460.124603 476.158905 506.967133 196.563385 
frame00197.jpg 360.540100 204.231232 446.025848 283.995544 442.247009 392.025665 344.063171 371.752045 
frame00198.jpg 386.209625 266.694794 386.498322 267.428192 386.140594 266.914642 386.205719 265.401154 
frame00199.jpg 750.281006 40.763466 750.310425 40.742908 750.268921 40.777195 750.298157 40.758171 
frame00200.jpg 675.905212 11.053474 675.755371 11.158325 675.949402 10.977954 675.875793 11.196218 
frame00201.jpg 592.410950 7.793774 593.149292 6.224576 598.750244 -7.253293 593.178894 6.097034 
frame00202.jpg 592.831299 19.943478 592.410706 20.888058 592.892517 19.808090 592.921997 19.733919 
frame00203.jpg 675.777405 51.947487 675.784851 51.751324 675.826782 51.848289 675.638245 52.336754 
frame00204.jpg 748.352478 104.583847 748.352783 104.583160 748.352539 104.585129 748.353027 104.576813 
frame00205.jpg 670.206360 80.015648 670.441040 79.837372 670.177307 80.037560 670.113586 80.086777 
frame00206.jpg 733.534546 124.016884 714.456482 144.886581 729.896179 128.247360 768.367981 84.910812 
frame00207.jpg 726.908081 130.452560 726.826172 130.446930 726.215088 130.399994 726.822327 130.446457 
frame00208.jpg 663.288208 577.170959 665.004333 578.963928 664.490051 578.015869 666.317810 580.004761 
frame00209.jpg 407.596558 447.550964 414.703033 435.937988 418.357025 430.368073 414.524048 436.102142 
frame00210.jpg 694.304016 157.078857 697.749695 156.605911 694.491577 157.043884 696.657043 156.745438 
frame00211.jpg 355.249969 380.459198 362.656128 377.144592 355.559357 381.796875 347.873871 378.767395 
frame00212.jpg 349.422729 376.926483 346.284332 367.682526 348.656281 374.804260 354.806549 392.315552 
frame00213.jpg 347.152679 370.764923 342.265289 371.379059 300.981476 400.085693 341.974701 372.332306 
frame00214.jpg 525.705750 66.328857 525.711731 68.788635 525.660645 66.044029 525.826355 65.589447 
frame00215.jpg 335.239288 358.205780 335.224457 358.215179 335.197052 358.232635 335.227295 358.213379 
frame00216.jpg 334.743103 352.572479 335.190155 352.126709 335.256927 352.957581 283.407013 346.631958 
frame00217.jpg 329.868683 354.734344 332.501892 348.967560 326.184937 360.590240 343.858856 334.741364 
frame00218.jpg 336.884247 343.519470 336.932037 342.992279 336.893646 343.407471 336.815491 344.304291 
frame00219.jpg 396.472443 345.700592 396.525024 345.727020 396.723480 345.643250 396.519257 345.716309 
frame00220.jpg 398.008209 341.729584 397.393860 341.864349 398.152557 341.777435 391.689270 343.588104 
frame00221.jpg 399.563263 338.664307 400.130768 337.858521 399.546875 338.619690 399.898987 338.111481 
frame00222.jpg 400.584320 334.422668 400.410950 334.891205 400.612976 334.351929 400.611725 334.329987 
frame00223.jpg 345.354553 315.650696 367.195068 319.367493 345.400146 308.855255 332.631653 329.971283 
frame00224.jpg 351.745361 315.632263 348.394653 321.541443 346.105255 336.408569 349.190613 320.649658 
frame00225.jpg 600.179138 99.002251 600.549866 98.159370 600.189026 99.058830 599.925232 99.362228 
frame00226.jpg 502.160339 41.388744 502.097260 41.365437 502.158966 41.385529 502.136353 41.386517 
frame00227.jpg 355.964874 290.510834 355.953339 290.573517 355.857361 291.136688 355.952271 290.581146 
frame00228.jpg 587.440857 73.461044 587.262817 76.390228 594.766785 81.271271 585.171082 77.563873 
frame00229.jpg 406.049469 270.047577 405.732788 270.104950 406.050385 270.080292 406.241669 269.922180 
frame00230.jpg 394.369293 292.979706 394.372803 292.620270 394.318665 295.012024 394.376068 292.581482 
frame00231.jpg 570.506226 46.664482 570.330994 46.693207 570.513977 46.678127 570.620728 46.596806 
frame00232.jpg 357.324493 480.462952 357.654053 480.925751 360.303864 481.160736 357.679138 480.810852 
frame00233.jpg 390.740997 255.674484 390.700500 255.611496 390.773499 255.651535 390.662506 255.641983 
frame00234.jpg 258.592377 111.465195 259.142914 111.827873 258.623413 111.666374 258.045044 110.508217 
frame00235.jpg 259.031342 106.672035 260.650482 107.219933 259.372833 106.969223 256.583740 105.242226 
frame00236.jpg 536.012695 19.509212 536.495605 19.363602 535.920715 19.599176 535.929260 19.330391 
frame00237.jpg 359.290649 535.473877 359.693451 535.219727 362.390198 532.820984 359.701050 535.184814 
frame00238.jpg 260.352966 99.714264 260.217255 98.269424 260.131165 99.300568 261.175385 102.184395 
frame00239.jpg 137.343155 205.487869 138.358871 205.319122 144.730637 205.019760 138.364883 205.351410 
frame00240.jpg 351.587921 418.092194 351.658539 399.473022 347.253235 416.787109 346.916992 404.381927 
frame00241.jpg 259.093567 101.159813 259.108002 101.242607 259.100464 101.192551 259.059601 100.986969 
frame00242.jpg 344.688690 399.875214 344.199768 398.436707 344.715332 400.012421 344.913727 400.375549 
frame00243.jpg 343.567322 187.276108 343.153809 188.083649 339.750519 195.937042 343.127594 188.184006 
frame00244.jpg 258.435120 106.278549 258.499298 106.398262 258.448853 106.304214 258.340424 106.101669 
frame00245.jpg 258.792633 108.734108 256.375732 114.257477 259.079285 109.612457 259.531769 102.668900 
frame00246.jpg 258.985565 111.832336 259.342102 112.263786 259.061279 111.923477 258.457550 111.194885 
frame00247.jpg 259.410492 116.182076 261.015503 106.310516 259.550812 112.813286 256.555908 145.811127 
frame00248.jpg 436.691956 67.481331 436.877869 67.610695 436.936646 67.140816 436.547058 68.177727 
frame00249.jpg 341.135162 404.270813 338.309723 402.998016 341.427338 404.201843 342.049622 405.235718 
frame00250.jpg 263.864319 132.723480 263.888977 132.671509 263.927277 132.550598 263.883942 132.680405 
frame00251.jpg 266.198120 139.281723 266.439819 139.756104 267.740356 143.710388 266.430542 139.798157 
frame00252.jpg 275.521393 143.988892 291.079376 138.060394 280.604004 143.474777 238.134445 152.362885 
frame00253.jpg 496.738525 26.140728 496.123199 25.458471 495.344269 17.829611 496.360107 25.513052 
frame00254.jpg 465.175476 19.409567 463.301056 20.420990 465.581146 19.428265 463.299530 19.842279 
frame00255.jpg 349.894226 557.963562 360.038269 575.907654 349.340790 561.255371 345.274933 538.520569 
frame00256.jpg 484.777985 20.709330 490.877045 39.387180 489.886932 29.422424 490.506592 40.481663 
frame00257.jpg 550.418945 35.730667 550.343079 34.106663 551.599731 35.070587 550.176025 34.535854 
frame00258.jpg 555.247131 38.454330 555.104736 37.956139 556.000977 38.104107 555.015503 38.110611 
frame00259.jpg 471.271393 39.023964 473.432251 39.003792 471.105835 39.614834 531.212158 3.519636 
frame00260.jpg 279.512512 193.218933 280.084747 193.051636 279.453125 193.282288 279.246460 193.145645 
frame00261.jpg 572.497559 43.254257 573.179321 43.588554 581.231873 45.023460 573.326416 43.557037 
frame00262.jpg 282.148163 203.234726 282.047577 201.858261 281.939423 202.843323 282.900940 205.579681 
frame00263.jpg 585.000916 43.607761 584.963623 43.643135 584.725952 43.888210 584.963318 43.644318 
frame00264.jpg 592.015320 43.950096 592.206665 43.869991 591.997620 43.958893 591.948181 43.974342 
frame00265.jpg 486.392426 147.297470 486.271393 147.419937 486.453552 147.216476 486.141846 147.581055 
frame00266.jpg 575.809082 37.802219 587.697266 40.368050 573.143311 37.542484 567.502319 33.366867 
frame00267.jpg 392.508270 27.458683 394.006531 26.455265 392.854309 34.872185 393.531158 26.040009 
frame00268.jpg 272.711090 234.554916 274.939453 233.337753 273.187317 234.289307 269.315948 236.427628 
frame00269.jpg 377.644531 335.242889 377.647552 335.217468 377.670227 335.026764 377.647705 335.216217 
frame00270.jpg 421.781647 335.811401 421.725616 335.798889 421.789612 335.813171 421.794067 335.814178 
frame00271.jpg 632.890320 18.796062 637.924683 19.057850 635.386475 18.884382 638.040344 19.027538 
frame00272.jpg 376.312347 339.331757 373.801514 344.768066 371.937592 357.698181 374.398621 343.877319 
frame00273.jpg 371.315460 341.470306 371.395599 341.586273 372.021667 342.373901 371.401001 341.588989 
frame00274.jpg 503.344391 56.162979 503.201996 55.895958 503.346069 56.128288 503.278656 56.131992 
frame00275.jpg 364.798920 336.391571 364.469238 336.366211 362.581268 334.822144 364.481140 336.309601 
frame00276.jpg 359.774872 331.566833 359.255341 331.085175 359.803253 331.625641 360.013062 331.698273 
frame00277.jpg 354.386505 325.164856 354.397736 325.239655 354.443146 325.770660 354.396667 325.242493 
frame00278.jpg 349.387726 318.173035 346.783569 312.687988 276.960907 194.577042 346.274261 312.138702 
frame00279.jpg 404.773651 304.089508 405.821198 305.583252 404.993011 304.404480 403.229584 301.880798 
frame00280.jpg 400.074799 294.389923 399.681213 298.272003 400.402802 294.653442 400.201477 297.105774 
frame00281.jpg 394.640259 288.624298 395.296722 289.776764 394.728516 288.819611 393.831146 287.072479 
frame00282.jpg 388.561920 281.390472 388.891937 280.781952 388.468719 281.364990 388.662384 280.983032 
frame00283.jpg 311.158295 280.119232 310.191406 279.827301 311.254486 280.180756 311.473663 280.125153 
frame00284.jpg 295.009766 263.728271 385.222809 254.676651 384.742279 387.205750 292.103363 401.147064 
frame00285.jpg 281.036560 245.980560 380.600769 265.190399 378.065765 380.486450 281.155304 400.472015 
frame00286.jpg 284.618134 252.466599 383.013062 245.611221 381.491547 384.780304 283.594727 397.188843 
frame00287.jpg 280.689606 246.634430 383.128967 240.435272 379.810791 383.510101 280.636627 395.955566 
frame00288.jpg 277.630524 242.617279 383.693695 236.602249 380.357758 383.793701 277.806915 396.159576 
frame00289.jpg 275.421051 239.016586 384.764465 233.691040 381.051819 385.338104 275.486755 397.696930 
frame00290.jpg 272.308441 234.136902 385.557892 229.183533 381.692108 385.595428 272.634674 397.813446 
frame00291.jpg 269.553345 227.804413 387.114014 223.212646 383.123383 385.192383 270.049957 396.745026 
frame00292.jpg 267.817963 221.196716 389.813293 216.862778 385.341797 384.667297 268.479858 395.372192 
frame00293.jpg 264.682922 212.360153 391.719910 208.931976 386.947540 383.224701 264.947449 393.810730 
frame00294.jpg 261.005585 202.245163 393.759369 199.692917 388.884216 381.352509 261.763184 391.378174 
frame00295.jpg 256.319916 192.586670 395.077637 191.029678 389.590546 380.199615 256.932617 389.250977 
frame00296.jpg 249.887238 182.859024 394.773132 182.288712 388.779755 379.046356 251.111542 387.239502 
frame00297.jpg 243.619919 174.437195 393.926697 174.860428 387.580505 378.297974 244.977875 385.666809 
frame00298.jpg 234.253815 164.913086 390.785309 166.347336 384.065796 377.451813 236.302628 383.577087 
frame00299.jpg 223.503036 155.157211 386.038696 157.812805 379.404724 376.626587 226.282562 381.541656 
frame00300.jpg 213.614258 145.652359 381.326599 149.120834 374.833740 374.698425 217.279739 378.194214 
frame00301.jpg 204.177856 136.317032 376.660492 141.172638 370.635468 372.998810 208.957870 375.127899 
frame00302.jpg 197.180801 130.057465 373.218353 135.688629 367.511810 372.613953 203.233627 372.949768 
frame00303.jpg 191.940445 125.479584 370.987366 131.977386 365.556793 373.144897 198.878586 372.231537 
frame00304.jpg 189.048065 122.745476 369.980774 130.045258 364.865143 374.467224 196.541245 371.948700 
frame00305.jpg 188.107941 121.406799 369.765411 129.473572 364.880157 375.755463 195.914719 371.868347 
frame00306.jpg 189.159973 119.345688 370.797241 127.838379 366.095642 375.185394 197.404312 369.555847 
frame00307.jpg 191.913696 116.707939 373.246124 125.604424 368.576202 373.733185 200.394073 366.559662 
frame00308.jpg 197.391830 114.487900 377.184082 123.664726 372.165131 371.613098 206.400726 362.559204 
frame00309.jpg 203.234543 112.394646 381.431519 121.375343 376.389923 370.055817 211.518433 359.372101 
frame00310.jpg 207.889694 110.392052 386.008301 119.746399 380.388123 368.834564 216.002670 357.177063 
frame00311.jpg 212.167023 107.708054 390.430786 117.837708 384.549103 367.858948 220.449875 355.032654 
frame00312.jpg 216.990494 107.619476 394.485962 117.871262 388.487000 368.910736 224.531265 354.680389 
frame00313.jpg 220.884430 107.285461 398.447357 117.869240 392.397034 369.570770 228.553391 354.217957 
frame00314.jpg 224.956375 107.725090 402.797821 118.729935 396.483215 371.573242 232.732620 354.978729 
frame00315.jpg 230.556488 111.942230 407.881561 123.708336 401.261261 375.888855 238.232605 358.267334 
frame00316.jpg 238.241821 121.842438 414.078644 134.400848 407.359283 384.453339 245.443512 365.563721 
frame00317.jpg 247.656677 135.745239 421.130920 149.798431 414.137482 395.667847 253.892776 375.696747 
frame00318.jpg 258.489166 152.516861 428.519745 167.410019 421.293335 407.956909 263.728394 387.111664 
frame00319.jpg 270.453522 172.279663 436.376038 187.160004 428.685699 421.575989 274.411621 398.583923 
frame00320.jpg 281.592651 189.603226 442.969452 205.902145 435.306335 433.194275 283.914764 410.108795 
frame00321.jpg 292.010834 203.948425 450.261108 220.669083 441.299103 441.015320 294.267029 417.576050 
frame00322.jpg 302.178406 216.656372 455.781586 234.156677 447.010284 447.333252 303.301971 423.889221 
frame00323.jpg 310.966583 225.412201 461.470428 243.583038 452.120605 450.867126 311.377533 427.328674 
frame00324.jpg 318.935883 231.521362 466.511932 249.750977 456.549042 451.995331 318.531891 428.348328 
frame00325.jpg 326.404724 235.621826 472.032196 254.197388 461.562195 452.180389 325.445526 427.155243 
frame00326.jpg 333.428986 234.690353 478.418121 253.474121 467.641876 449.411926 332.317993 425.862335 
frame00327.jpg 340.410980 234.317871 485.485321 253.126297 473.673370 448.594147 338.260590 425.016083 
frame00328.jpg 347.297729 232.150726 492.466248 251.219177 480.448181 445.719116 345.137756 422.454987 
frame00329.jpg 354.120209 230.918869 498.470978 249.691208 486.038849 442.899384 351.456451 420.069977 
frame00330.jpg 359.201538 227.944717 503.681122 246.120911 490.729858 438.512177 355.842651 416.186096 
frame00331.jpg 363.413971 223.153107 507.679169 240.648056 494.067749 431.824371 360.163574 409.987640 
frame00332.jpg 367.299225 221.277496 510.607239 237.761200 496.972839 427.655640 364.067017 406.094757 
frame00333.jpg 369.913849 217.209442 513.737549 233.402924 499.676941 422.726593 366.164948 401.975220 
frame00334.jpg 370.393616 211.517990 514.546204 226.449280 500.534668 416.231445 366.863922 396.365417 
frame00335.jpg 370.784241 208.163391 514.983582 222.778900 500.998138 411.973511 367.924042 393.599060 
frame00336.jpg 372.317291 207.642868 516.192139 221.551193 502.776459 410.246735 369.399567 392.901672 
frame00337.jpg 373.852539 207.731903 518.374023 220.677582 504.978668 409.937592 371.393158 393.188995 
frame00338.jpg 375.164032 210.018982 519.536682 222.281906 506.392303 410.573792 372.958923 395.187347 
frame00339.jpg 376.498993 210.601364 521.484985 221.902756 508.202698 410.168915 374.481598 395.789856 
frame00340.jpg 374.897034 211.051788 521.718567 224.906937 507.175781 409.112244 375.404877 395.601166 
frame00341.jpg 377.294800 221.177292 519.642273 230.252182 507.973206 414.429443 375.796143 402.705933 
frame00342.jpg 376.631042 226.296509 519.794434 233.845276 508.016541 417.532654 376.359131 406.354858 
frame00343.jpg 376.601196 232.616333 519.035095 239.529709 508.351318 422.768585 375.836334 413.628693 
frame00344.jpg 377.121613 239.656494 519.675537 245.787964 509.730896 429.007050 376.433136 421.043274 
frame00345.jpg 377.131470 247.936127 520.110291 252.767410 510.613617 435.868408 377.387695 429.454163 
frame00346.jpg 378.065674 253.844604 521.409973 257.647308 512.186401 440.233185 378.571472 435.303864 
frame00347.jpg 379.029724 259.214600 522.532532 261.632111 513.491577 444.123596 380.124451 440.055756 
frame00348.jpg 327.195953 50.418804 312.812317 67.490768 319.835876 50.795918 354.567078 39.347927 
frame00349.jpg 380.165131 269.708588 522.447144 270.077911 514.306335 450.451263 381.493774 448.957764 
frame00350.jpg 380.614716 273.933105 521.885742 273.335938 514.161316 452.475677 382.192780 451.614838 
frame00351.jpg 379.987732 277.281067 520.027771 275.774597 512.711304 452.799774 382.045929 452.806061 
frame00352.jpg 378.308197 279.455719 517.270142 277.236176 510.518372 452.890106 380.771667 453.685211 
frame00353.jpg 376.231140 280.529022 514.524109 277.461731 508.180206 452.448700 378.977570 453.885956 
frame00354.jpg 373.245087 280.374939 511.551514 276.920013 505.529205 451.567535 376.500854 453.822693 
frame00355.jpg 370.426239 278.880463 508.752502 274.776947 503.112946 449.064545 374.234283 451.957581 
frame00356.jpg 368.609497 274.123993 506.375397 269.398041 501.456360 443.908997 372.369598 447.413177 
frame00357.jpg 365.816681 269.450012 503.960052 264.485596 498.892853 439.076965 370.138184 443.398071 
frame00358.jpg 362.561707 265.075867 500.758118 259.738556 496.006165 434.422241 367.081635 439.153229 
frame00359.jpg 358.231049 260.498322 496.618042 254.579178 492.137634 429.980469 363.141327 435.008759 
frame00360.jpg 352.682587 256.406036 491.371948 250.017487 487.037842 425.585388 357.963531 431.182404 
frame00361.jpg 346.252167 251.873352 484.682343 245.579254 480.946350 420.543976 352.350647 426.533020 
frame00362.jpg 339.696533 246.377945 478.062256 239.611115 474.794983 414.891968 346.280029 421.167908 
frame00363.jpg 332.580261 241.387253 471.455811 234.371719 468.385864 409.973114 339.997101 416.338409 
frame00364.jpg 325.894409 236.714462 465.014343 229.879791 462.920258 405.950745 333.899628 412.720520 
frame00365.jpg 319.656616 231.057037 460.103394 224.070816 458.181213 401.553955 328.336487 408.630157 
frame00366.jpg 313.631531 226.152908 455.351776 219.020828 453.657715 398.085938 323.036011 405.182190 
frame00367.jpg 307.699951 222.209518 450.739471 215.190186 449.525421 396.067749 317.793030 403.184448 
frame00368.jpg 302.112244 218.973480 446.645599 212.076202 445.786469 394.272064 312.973297 401.635834 
frame00369.jpg 297.363739 215.990768 443.270844 209.380859 442.710663 392.887329 308.519470 400.697388 
frame00370.jpg 294.444794 213.644318 441.214996 206.796494 440.889526 391.358246 305.946716 399.144531 
frame00371.jpg 293.438782 211.202499 440.494659 204.264435 439.910645 388.689575 305.251282 396.364868 
frame00372.jpg 294.790710 208.668381 440.994476 201.767990 440.352234 385.267700 306.084290 393.070648 
frame00373.jpg 296.568268 204.535828 442.631042 197.382446 441.723053 380.833405 307.968170 388.173248 
frame00374.jpg 298.958130 199.306671 444.882996 191.967514 443.596893 375.660187 310.067596 382.942474 
frame00375.jpg 301.650665 194.879089 447.898804 187.489304 445.971527 371.823822 312.180786 378.996490 
frame00376.jpg 304.083069 188.909988 451.341003 181.403198 448.959686 367.012512 314.404236 374.149231 
frame00377.jpg 306.747040 182.922226 454.555115 175.572418 451.505463 361.898010 316.413361 369.097260 
frame00378.jpg 309.194122 175.198959 458.075562 167.776001 454.227356 355.675476 318.446655 362.760193 
frame00379.jpg 310.896729 166.663712 460.513611 159.669159 455.796783 348.488617 319.884186 355.874390 
frame00380.jpg 311.984161 158.894135 462.616943 152.186646 457.189026 342.523529 320.574188 350.120819 
frame00381.jpg 312.339264 152.992813 463.946655 146.206604 457.881836 338.664307 320.332458 345.978027 
frame00382.jpg 310.176422 148.992203 463.389313 143.060898 456.625671 337.697418 318.022156 345.565796 
frame00383.jpg 307.352173 149.351929 462.150513 142.955032 454.941223 340.278534 315.583191 347.737518 
frame00384.jpg 301.314819 148.784851 458.234772 143.043915 451.146515 341.791840 309.463074 350.472839 
frame00385.jpg 296.138824 150.659470 454.353546 145.153763 446.972015 343.838562 304.489685 353.359894 
frame00386.jpg 291.983917 154.116180 450.692688 148.387527 443.111847 346.676849 300.332153 357.354980 
frame00387.jpg 289.609985 158.953995 447.619110 152.569000 440.478241 350.067810 297.754547 362.078369 
frame00388.jpg 287.866760 165.410309 445.348022 157.983414 437.835388 354.143860 296.096313 366.856354 
frame00389.jpg 287.229279 170.663422 443.731537 162.031204 436.259338 356.827545 295.332428 370.810883 
frame00390.jpg 288.539063 174.951385 443.493011 164.963577 436.234253 358.376404 296.395721 373.738373 
frame00391.jpg 291.346527 176.691498 445.199219 165.213943 437.550568 358.083191 298.409454 374.926025 
frame00392.jpg 296.034210 179.558334 448.243652 167.167496 439.895020 358.908081 302.362793 377.049683 
frame00393.jpg 300.224274 182.493393 451.266205 168.503006 442.718323 359.606995 306.313690 379.301849 
frame00394.jpg 304.947998 182.578247 454.602386 167.221329 445.605255 357.761963 310.503448 379.136688 
frame00395.jpg 309.880646 182.861786 456.772675 165.995132 447.709930 355.417999 314.301971 378.121643 
frame00396.jpg 313.043182 183.353592 457.856293 165.869965 448.789124 354.095306 316.840637 379.139954 
frame00397.jpg 315.145966 183.964188 458.647247 164.988480 449.207764 352.977661 318.537750 380.183563 
frame00398.jpg 316.243347 183.937820 457.786316 163.726578 448.364929 351.342438 319.412018 380.899994 
frame00399.jpg 316.762817 183.850800 456.589935 161.939621 447.065125 350.117157 319.647308 381.866119 
frame00400.jpg 317.812195 185.220718 455.587982 161.870667 446.352356 350.943573 319.551453 386.101501 
frame00401.jpg 319.781036 192.065994 455.796722 166.485443 445.609344 354.919739 321.190948 393.081970 
frame00402.jpg 548.247742 42.060780 549.482239 41.410713 548.687317 42.007774 545.839966 42.747463 
frame00403.jpg 327.715424 207.420883 458.625305 177.876877 448.098419 366.386871 326.196472 411.444122 
frame00404.jpg 330.339142 209.945526 458.886322 178.973206 448.212677 366.038910 329.813080 412.542084 
frame00405.jpg 333.707886 213.940475 457.732910 181.817993 446.650452 366.509186 332.270355 414.592468 
frame00406.jpg 337.796234 217.154587 457.846436 183.073196 446.529907 366.093536 336.489655 414.980286 
frame00407.jpg 436.735931 227.907089 436.745239 227.760925 436.821869 226.623688 436.745941 227.752731 
frame00408.jpg 355.157532 216.085938 464.472076 181.069580 452.268402 357.902313 351.599609 406.695923 
frame00409.jpg 361.259399 212.409622 467.915497 178.078644 454.620026 351.744171 358.018097 401.411591 
frame00410.jpg 368.920410 206.637299 470.893738 171.613190 457.966400 346.584503 362.807892 396.379517 
frame00411.jpg 375.626862 197.032089 474.474121 163.373856 460.540100 335.456940 369.660278 385.218536 
frame00412.jpg 393.907227 200.573517 478.466980 147.324326 464.091827 333.961060 384.021271 366.583069 
frame00413.jpg 388.358185 181.825821 479.950226 149.364441 465.326996 319.498047 380.604156 367.387695 
frame00414.jpg 437.755951 212.986130 439.778198 209.531143 395.124878 146.107452 438.247345 209.099777 
frame00415.jpg 404.293030 206.147003 277.862885 432.307648 365.304199 177.750259 389.183533 334.777802 
frame00416.jpg 377.886078 156.289902 487.404724 125.182602 458.617126 268.808197 401.262604 303.605682 
frame00417.jpg 388.502014 145.132111 457.893951 168.106995 454.364746 285.078949 354.145081 422.936066 
frame00418.jpg 407.210785 197.960632 454.851624 183.022293 533.548279 422.041199 358.600311 350.807190 
frame00419.jpg 418.366058 17.329346 425.253571 17.944157 418.251160 17.524113 429.746643 16.610258 
frame00420.jpg 395.733856 190.537827 401.613861 193.431534 396.806458 190.726303 387.813110 187.709579 
frame00421.jpg 359.547150 150.550964 457.960602 128.096451 433.669495 252.872604 382.995728 293.890442 
frame00422.jpg 350.265015 147.357086 452.527405 127.550774 428.902496 249.552963 378.192169 293.188110 
frame00423.jpg 59.824303 57.219593 59.826954 57.219360 59.844841 57.216953 59.827000 57.219322 
frame00424.jpg 414.466278 158.878250 414.493164 158.695084 414.481506 158.844879 414.498474 158.670029 
frame00425.jpg 423.713135 175.571228 423.893463 175.406158 423.721588 175.563187 423.835114 175.459274 
frame00426.jpg 180.415359 125.451378 178.368149 124.609879 163.298630 117.898590 178.323868 124.570999 
frame00427.jpg 418.049438 164.699463 420.364197 163.076691 416.814636 165.563553 414.646729 167.095581 
frame00428.jpg 409.958435 50.266212 409.118042 51.607430 410.018829 50.427349 410.205383 49.160160 
frame00429.jpg 415.490051 151.947021 415.677734 151.774109 415.498871 151.938614 415.617035 151.829742 
frame00430.jpg 415.881165 143.551361 416.093903 143.354507 415.891174 143.541855 416.025116 143.417908 
frame00431.jpg 410.374542 27.802523 410.296387 28.029419 410.629395 26.968637 410.301636 27.990511 
frame00432.jpg 418.986572 126.239296 419.201019 126.138451 418.996704 126.234428 419.131683 126.170937 
frame00433.jpg 198.647675 65.140381 204.064972 66.440575 199.390350 65.795052 202.878052 66.677536 
frame00434.jpg 408.744080 61.944630 415.037720 9.531947 415.076599 10.083589 414.975861 9.442005 
frame00435.jpg 414.636993 152.481659 414.616058 152.479950 414.643219 152.475769 414.609283 152.487183 
frame00436.jpg 462.366028 269.700684 465.570068 267.801544 463.198853 269.539490 457.122864 271.731232 
frame00437.jpg 434.975800 99.551620 435.538025 98.779884 435.010376 99.538841 435.365814 99.055107 
frame00438.jpg 417.768250 119.427986 418.182983 118.609512 417.783356 119.398216 417.878326 119.210602 
frame00439.jpg 442.807739 88.242943 442.978729 88.061096 442.815796 88.234177 442.923431 88.119675 
frame00440.jpg 442.676086 90.090370 442.421051 90.069908 442.825897 90.128181 425.690460 91.481628 
frame00441.jpg 430.642914 79.380913 432.081879 80.897781 436.279083 31.241537 434.430878 77.301918 
frame00442.jpg 440.445862 104.649918 441.225983 106.953262 440.085327 105.112389 438.448608 104.907349 
frame00443.jpg 416.740997 14.804629 419.542358 17.714966 422.603088 21.019100 420.732269 19.014679 
frame00444.jpg 436.062714 122.945900 436.906097 123.332794 434.947388 122.419411 436.508606 123.115326 
frame00445.jpg 434.625824 135.251877 436.301422 133.543869 433.730499 136.156235 432.180267 137.800476 
frame00446.jpg 434.516937 143.637680 434.700287 143.390533 434.525513 143.625687 434.640930 143.470032 
frame00447.jpg 398.787109 214.490616 398.794769 214.522385 398.791473 214.508820 398.793732 214.518066 
frame00448.jpg 400.803925 217.474503 404.147125 219.629700 404.794006 219.870575 404.328613 219.659546 
frame00449.jpg 413.942413 214.259384 413.134460 214.934662 413.888092 213.640045 412.988831 215.578156 
frame00450.jpg 395.018799 263.353943 395.016205 263.339081 395.018280 263.351013 395.021790 263.371094 
frame00451.jpg 395.845917 259.041779 395.856995 258.988068 395.819397 258.987213 395.856323 258.913605 
frame00452.jpg 452.177460 64.012352 452.590088 63.978832 452.137421 63.970470 451.981049 64.175896 
frame00453.jpg 386.155060 318.568115 394.285156 293.968048 395.756775 292.160797 394.597961 294.310272 
frame00454.jpg 421.152832 303.030029 421.124084 302.983246 421.156281 303.041443 421.121063 302.971222 
frame00455.jpg 411.308990 350.981781 411.368591 350.281891 411.358978 352.906677 413.178070 347.365753 
frame00456.jpg 398.108734 343.538818 398.074982 344.407959 416.410095 339.201569 394.809143 349.053772 
frame00457.jpg 403.182587 380.162079 395.494690 384.753174 403.970184 378.430939 404.445099 382.860931 
frame00458.jpg 339.872711 39.870346 339.803864 39.144295 339.912262 40.370655 339.764099 38.649010 
frame00459.jpg 448.867767 157.567520 452.504944 158.663788 449.036469 158.101212 445.578094 155.034164 
frame00460.jpg 305.567047 18.954845 310.132477 19.091394 305.980347 19.654694 305.123840 16.819727 
frame00461.jpg 332.256836 26.192440 331.755493 25.001139 331.952820 26.206402 335.855560 29.913431 
frame00462.jpg 410.027740 441.136993 409.992065 440.968475 410.271210 442.287262 409.877838 440.428680 
frame00463.jpg 322.947601 12.077625 321.419006 13.695784 323.034515 10.885470 321.707062 13.639404 
frame00464.jpg 324.084106 47.721291 323.313110 47.298019 325.163422 47.564354 321.387482 41.881889 
frame00465.jpg 273.017944 44.080524 272.882172 43.768639 273.046783 43.919849 272.797150 43.512806 
frame00466.jpg 318.966705 32.439785 311.821594 33.088547 276.284576 22.840441 311.104797 32.319847 
frame00467.jpg 306.520294 38.362751 305.533234 39.120182 306.474274 37.717789 305.745148 39.115036 
frame00468.jpg 303.694153 32.784176 297.847656 32.793835 305.250732 30.416834 302.424225 33.610401 
frame00469.jpg 293.748352 46.225071 293.705353 46.243374 293.780182 46.225739 293.731628 46.240982 
frame00470.jpg 237.908371 23.589460 234.113647 13.299740 237.650009 22.773811 241.378876 33.350948 
frame00471.jpg 280.776917 47.198181 280.717194 47.089539 280.759460 47.177750 280.678741 46.993832 
frame00472.jpg 223.166840 19.358458 223.112442 19.303461 223.180588 19.373003 246.450607 42.603516 
frame00473.jpg 270.146393 70.296349 270.170441 69.690872 270.144257 70.346191 270.137573 70.531250 
frame00474.jpg 253.025742 38.529747 264.357086 35.148140 252.074707 38.067150 266.526947 38.134678 
frame00475.jpg 246.987305 31.213552 246.988815 31.205242 247.010788 31.196817 247.003128 31.196156 
frame00476.jpg 350.368073 446.824982 349.560822 445.442047 350.481049 447.015625 350.557281 447.157104 
frame00477.jpg 227.794830 11.938335 227.743530 11.948605 227.761063 11.946818 227.753296 11.942719 
frame00478.jpg 333.807983 435.447388 333.802338 435.496155 333.939423 435.699066 334.715668 438.064911 
frame00479.jpg 221.611832 20.826139 221.074173 24.147409 221.619904 20.330942 221.928497 20.101805 
frame00480.jpg 322.288269 417.657074 322.289337 417.677307 322.288116 417.654114 322.288055 417.652771 
frame00481.jpg 339.234924 363.533356 339.237579 363.446198 339.225159 363.511505 339.249359 363.476349 
frame00482.jpg 335.292267 354.650848 335.283356 354.595337 335.324860 354.709015 335.199219 354.423035 
frame00483.jpg 224.525528 31.038929 224.823944 31.539022 224.404358 30.936550 223.667526 28.889708 
frame00484.jpg 205.974655 17.380619 206.040848 18.199156 206.403870 19.743261 206.155518 19.041538 
frame00485.jpg 327.942841 331.748962 327.962036 331.759888 327.941681 331.753540 327.962677 331.753876 
frame00486.jpg 222.486618 120.655174 222.487488 120.570435 222.458374 120.709473 222.483063 120.570045 
frame00487.jpg 235.751480 95.062912 235.662628 95.026154 236.051804 94.909912 235.655807 94.999329 
frame00488.jpg 307.219147 270.740387 306.283356 268.977753 307.428802 271.323151 306.509277 269.518158 
frame00489.jpg 290.982697 336.633728 290.971405 336.633972 290.869629 336.636902 290.970032 336.634033 
frame00490.jpg 384.149414 124.248894 384.584808 123.743576 383.558105 121.707977 384.291992 123.483017 
frame00491.jpg 379.565002 123.596497 380.914825 123.659973 379.644714 123.521790 380.499420 123.552963 
frame00492.jpg 395.067444 130.763702 379.179077 125.460541 376.941376 124.739777 379.856384 125.660561 
frame00493.jpg 274.997192 71.561378 274.935059 71.615440 275.029144 71.557602 274.823303 71.654518 
frame00494.jpg 228.496826 77.062447 228.397339 77.116325 229.708481 76.446770 228.415161 77.105431 
frame00495.jpg 308.464478 285.275116 308.517731 285.188202 308.407745 285.273468 308.500977 285.224945 
frame00496.jpg 311.352325 282.622864 311.211792 282.432159 311.358246 282.672333 311.119263 282.206085 
frame00497.jpg 243.045578 83.674713 242.785339 81.869713 245.819885 89.826843 242.762070 82.115036 
frame00498.jpg 329.511627 74.160538 329.163208 74.677986 329.358856 74.151939 329.474335 74.946259 
frame00499.jpg 379.721252 563.742676 379.460938 560.719421 379.782013 564.534119 379.699371 563.637451 
frame00500.jpg 338.096558 73.087418 338.153992 73.021347 337.873901 73.370773 338.150543 73.022766 
frame00501.jpg 294.877472 424.751160 294.896698 425.003906 294.868958 424.629791 294.952271 425.788239 
frame00502.jpg 298.439575 425.274597 298.423431 425.033112 298.440552 425.308075 298.429932 425.145020 
frame00503.jpg 350.342072 70.528648 350.517944 74.952141 350.707458 76.800949 350.492981 74.793221 
frame00504.jpg 357.329224 76.614540 357.166870 74.941963 357.160736 82.468239 357.136444 75.292831 
frame00505.jpg 318.099274 419.651215 317.182159 420.820526 317.802643 420.164185 317.191528 420.959229 
frame00506.jpg 377.751770 73.547722 377.441101 74.016609 377.619202 73.537224 377.707428 74.268410 
frame00507.jpg 399.411530 63.150284 400.168945 65.466690 399.681000 65.359177 399.967072 65.568047 
frame00508.jpg 460.961060 540.283203 460.682861 537.221497 461.020569 541.031982 460.928223 540.084656 
frame00509.jpg 395.691010 393.568085 397.189178 393.118134 395.337372 394.353821 396.252319 394.148926 
frame00510.jpg 417.940948 387.904510 417.201660 388.459442 418.027740 387.802246 417.574799 388.137878 
frame00511.jpg 404.050415 70.335739 404.115814 70.100189 402.846375 70.236038 403.593872 66.840744 
frame00512.jpg 561.980042 313.647003 561.958191 313.858948 562.028625 313.770050 561.991211 313.899048 
frame00513.jpg 472.487244 370.067291 473.995850 370.730713 472.348114 369.897980 471.950592 370.129333 
frame00514.jpg 447.662567 25.043694 447.662323 25.045847 447.662689 25.042301 447.662415 25.045156 
frame00515.jpg 456.201782 19.042669 456.004852 18.790976 455.975922 18.755306 456.005096 18.791208 
frame00516.jpg 461.608429 25.427515 461.406830 21.556355 461.613739 25.558886 461.643616 25.781492 
frame00517.jpg 620.844910 38.143532 620.292908 38.046471 620.385132 38.122311 620.060852 38.064880 
frame00518.jpg 658.890991 48.264233 658.781372 48.410797 659.758301 48.621552 658.852417 48.380138 
frame00519.jpg 458.669403 25.392979 458.961578 26.121565 458.709808 25.404633 458.933929 25.993971 
frame00520.jpg 519.083740 227.952820 518.732483 227.995285 518.892761 227.990250 518.850281 227.966492 
frame00521.jpg 450.119110 18.411882 450.280518 18.287405 449.787689 18.606920 450.309479 18.259214 
frame00522.jpg 507.728790 242.039444 507.710907 242.003387 507.730743 242.043365 507.696198 241.973755 
frame00523.jpg 510.451508 247.321594 510.496735 247.420425 510.474274 247.367111 510.466583 247.364777 
frame00524.jpg 416.933716 145.425018 419.083344 147.748535 418.693573 146.926178 418.900482 147.267944 
frame00525.jpg 409.825623 154.679657 410.146515 155.018982 410.866150 155.551682 410.204224 155.037949 
frame00526.jpg 476.735077 270.564056 476.695404 270.830627 476.733978 270.568848 476.719482 270.683899 
frame00527.jpg 469.734192 254.806686 469.719727 253.947403 469.755310 254.792877 469.807434 255.271866 
frame00528.jpg 453.034729 318.556030 452.795563 318.385773 453.361572 319.069458 451.936676 319.919281 
frame00529.jpg 466.565765 284.196411 466.623718 284.289001 466.559448 284.184387 466.629120 284.300018 
frame00530.jpg 449.575165 269.704559 449.478546 269.582825 449.558380 269.652161 449.446014 269.516724 
frame00531.jpg 445.358063 272.343933 443.607269 275.422729 443.406586 275.745819 443.680511 275.324829 
frame00532.jpg 425.365967 341.395599 425.156219 341.101044 425.664368 341.983551 424.507233 341.465698 
frame00533.jpg 418.149811 346.005798 418.581238 345.449493 418.105408 346.052002 418.001892 346.226990 
frame00534.jpg 409.884796 351.755951 410.884369 350.208527 409.748383 352.009857 409.639252 352.018555 
frame00535.jpg 402.342743 357.369690 402.097626 357.107697 402.679688 357.935638 401.245209 357.754822 
frame00536.jpg 442.258331 107.912323 434.259003 106.143616 440.411469 107.422585 456.070190 111.255898 
frame00537.jpg 441.434875 112.372772 438.678955 113.212051 445.440460 111.149284 431.322754 115.396889 
frame00538.jpg 439.813629 115.774307 440.685089 115.748253 439.787018 115.803322 439.211945 115.700134 
frame00539.jpg 413.197144 331.237701 412.699066 331.557037 413.334351 331.339752 412.556000 331.422943 
frame00540.jpg 372.567566 370.191956 372.234894 370.673096 374.313202 368.109039 370.935883 372.930817 
frame00541.jpg 364.489166 373.000732 365.641052 372.797852 364.293915 373.113617 366.054626 372.444977 
frame00542.jpg 358.007721 372.630737 357.839050 372.797058 358.725586 376.927979 357.839996 372.525055 
frame00543.jpg 349.518768 370.385345 350.907104 369.406067 349.441467 370.558411 349.521759 370.022644 
frame00544.jpg 342.093811 365.834534 346.727448 358.963409 341.989471 365.973907 341.540314 366.702850 
frame00545.jpg 370.989594 346.210114 371.019226 345.113495 373.634460 352.538177 372.993805 347.166382 
frame00546.jpg 307.119202 295.535187 381.584290 236.121506 397.241089 364.482697 330.281494 412.985382 
frame00547.jpg 304.539124 293.075256 383.492096 211.056335 394.278259 361.177032 324.176392 403.025818 
frame00548.jpg 296.011566 281.271027 371.746338 238.893509 388.851501 353.788605 320.450012 403.741547 
frame00549.jpg 302.850159 273.252716 394.630554 203.190002 381.626984 334.550690 325.758301 340.967621 
frame00550.jpg 315.473022 261.339203 441.568146 163.500046 263.854584 191.605682 313.491821 401.660858 
frame00551.jpg 109.242096 173.868881 109.201370 173.818054 109.232475 173.857910 109.306053 173.945313 
frame00552.jpg 117.204628 166.838028 117.307510 166.721680 117.173508 166.808670 117.224144 167.027191 
frame00553.jpg 125.595192 162.268402 126.664459 161.667404 125.939240 162.192947 126.647751 161.808014 
frame00554.jpg 131.292191 157.544922 129.699829 156.553726 117.564713 149.218124 129.639038 156.524765 
frame00555.jpg 132.293289 152.508713 132.244324 152.445282 132.283676 152.496246 132.350021 152.582214 
frame00556.jpg 380.863220 291.796509 381.438599 298.074341 381.812042 291.799347 352.242584 297.563263 
frame00557.jpg 345.069733 241.731979 503.330872 141.223572 292.607330 162.175735 337.122345 368.990326 
frame00558.jpg 391.612091 292.228638 389.650909 286.518738 391.851532 292.423706 391.835663 293.497833 
frame00559.jpg 684.269104 579.596069 435.186401 114.598877 422.153259 317.148132 351.341278 357.977356 
frame00560.jpg 169.474747 138.946426 169.780319 138.748291 169.489151 138.936920 169.682297 138.811661 
frame00561.jpg 347.956329 233.241165 429.439728 229.343872 443.859802 328.781006 344.427032 385.530212 
frame00562.jpg 177.175278 129.132935 178.666901 130.163040 191.844543 139.022644 178.858063 130.284256 
frame00563.jpg 178.188568 122.569832 179.728394 123.666115 193.499878 133.186234 179.934326 123.799934 
frame00564.jpg 358.450470 231.813599 427.877594 230.514206 1324.274292 883.244934 389.544739 142.580795 
frame00565.jpg 384.999268 333.311584 384.331940 333.939606 385.011383 333.278412 385.369202 333.023010 
frame00566.jpg 368.079834 228.756226 460.373596 223.874100 469.167633 340.099274 368.283600 377.590576 
frame00567.jpg 372.617615 236.821594 470.803558 215.495132 473.240662 350.142609 380.220062 371.181702 
frame00568.jpg 374.152130 244.462372 475.533295 224.823059 477.345245 362.353027 381.099243 382.297241 
frame00569.jpg 375.479523 254.445175 480.323608 236.037186 481.645447 377.278870 381.995178 396.876007 
frame00570.jpg 378.159119 266.401062 486.933960 248.684586 487.136230 393.773743 384.116608 411.742279 
frame00571.jpg 382.509827 280.649109 494.560242 264.192017 493.910004 412.517670 387.762695 429.362091 
frame00572.jpg 386.079224 299.100433 503.994873 284.722198 502.012238 437.389282 391.476807 451.022278 
frame00573.jpg 391.342407 320.052673 512.199951 306.038330 509.211395 462.342133 394.209198 475.976654 
frame00574.jpg 394.480621 335.751801 520.795471 324.461761 516.056030 483.741089 397.358276 495.216248 
frame00575.jpg 398.846619 347.515442 528.617432 337.581421 523.075134 500.818390 400.717072 509.978088 
frame00576.jpg 402.700317 353.198425 536.475159 345.849182 529.667053 511.976440 403.608368 519.085815 
frame00577.jpg 406.861328 356.033508 545.085388 351.177521 536.781860 521.032715 406.910736 525.762268 
frame00578.jpg 410.884186 356.534790 553.602234 354.137054 543.391602 527.863220 409.878479 529.945068 
frame00579.jpg 414.268066 355.144684 560.570862 355.211060 548.400574 531.939575 412.358673 531.260925 
frame00580.jpg 417.446014 352.670868 567.300903 355.173553 553.653320 534.459229 415.018707 531.357300 
frame00581.jpg 421.061401 346.242737 574.054443 351.290253 558.622131 533.070068 417.747406 527.348328 
frame00582.jpg 425.951416 336.776855 580.879211 343.633972 564.352234 527.927917 421.401794 519.811584 
frame00583.jpg 429.747772 326.419067 586.678040 335.316742 568.758179 521.793701 424.189362 511.137848 
frame00584.jpg 431.760223 315.646759 591.248047 325.923248 571.627563 514.739258 425.357880 501.543365 
frame00585.jpg 432.309662 304.138916 593.839539 315.517151 572.290588 506.333649 426.339294 489.679108 
frame00586.jpg 430.028809 289.776520 592.992737 304.374268 571.788391 496.701202 423.340149 480.491211 
frame00587.jpg 427.421112 278.035797 589.678833 292.985352 568.889038 487.802124 420.482300 469.235504 
frame00588.jpg 422.203217 266.766052 585.155334 281.661530 563.464233 479.359283 414.967834 458.590454 
frame00589.jpg 415.408295 255.055923 578.431946 271.213440 557.249695 469.360809 409.101959 447.425812 
frame00590.jpg 407.027771 246.581543 568.970093 263.707214 548.544983 462.438385 401.718689 438.954651 
frame00591.jpg 396.404419 241.510895 556.909241 259.326263 537.546570 458.466644 391.607513 433.279633 
frame00592.jpg 384.568848 239.031158 542.519531 257.204742 524.846375 454.823792 380.992249 428.189209 
frame00593.jpg 372.013641 237.271042 526.301392 257.400238 510.761963 451.237640 369.881287 425.205627 
frame00594.jpg 359.880676 236.248154 510.512177 256.934753 496.705109 447.322876 359.113159 420.459869 
frame00595.jpg 348.936340 235.137222 495.331421 256.405304 483.372894 442.221741 349.935455 415.398590 
frame00596.jpg 340.246307 233.046204 481.471344 254.376511 471.406189 435.182037 341.989258 408.496887 
frame00597.jpg 332.900970 230.140060 468.523468 251.455887 460.433594 426.915131 335.638550 400.283173 
frame00598.jpg 326.719971 226.545914 456.981262 247.740143 450.366272 417.883911 330.348694 391.587433 
frame00599.jpg 321.327026 221.702209 446.307251 242.467346 441.220947 408.002838 325.602936 381.997711 
frame00600.jpg 316.884247 217.230286 436.374786 237.807343 432.878143 398.880341 321.083496 372.845245 
frame00601.jpg 312.916077 213.545685 427.876221 233.548340 425.081329 389.489777 318.100220 364.210083 
frame00602.jpg 309.966125 208.675980 420.165527 227.905075 418.811981 380.536926 315.801514 354.192139 
frame00603.jpg 309.001099 203.523346 415.266632 222.673706 414.112274 370.594513 315.174988 345.279358 
frame00604.jpg 309.172028 198.157806 411.115143 217.146881 411.569977 361.723480 315.359283 337.059784 
frame00605.jpg 309.959442 193.726471 408.579346 211.686554 409.025543 353.377777 316.173615 328.626984 
frame00606.jpg 300.026672 170.962952 403.146057 213.464645 406.369232 343.736328 303.512177 329.089172 
frame00607.jpg 314.393707 183.160690 405.582703 200.541931 405.754303 336.843506 324.945465 302.139465 
frame00608.jpg 381.396454 11.547451 379.676208 9.982255 382.778961 12.825057 365.872162 -2.393936 
frame00609.jpg 330.881470 202.283295 393.650970 196.166489 1872.734253 2534.801025 314.702667 319.926697 
frame00610.jpg 316.881531 160.835739 402.879456 188.004761 407.307770 310.713287 320.595703 292.384338 
frame00611.jpg 322.296356 157.458740 405.376556 181.133102 409.532776 303.066284 327.266113 284.577118 
frame00612.jpg 329.826660 157.923248 408.971832 170.744583 413.563721 298.105682 336.199402 277.025238 
frame00613.jpg 342.655670 165.122131 342.625092 165.599991 342.810760 165.188461 342.809265 165.496140 
frame00614.jpg 336.757294 148.579941 414.080811 164.244080 417.751984 286.554565 342.985443 268.880493 
frame00615.jpg 335.356598 137.267044 413.844879 167.499222 419.507996 282.476929 339.581299 271.379761 
frame00616.jpg 293.154633 83.061470 391.631195 180.190811 416.584778 271.826996 401.219055 106.469963 
frame00617.jpg 336.450775 136.562119 405.519012 180.870041 419.408234 275.329529 311.606598 371.381073 
frame00618.jpg 383.524780 18.570330 383.274139 18.417929 383.101318 18.198912 382.893341 18.058760 
frame00619.jpg 361.038086 173.976746 360.910278 173.386581 360.969604 173.655930 311.625671 -55.193428 
frame00620.jpg 352.305176 165.613373 421.921570 183.102264 425.776855 291.568054 359.300507 277.833405 
frame00621.jpg 357.062469 174.867279 423.309784 188.775757 428.295135 298.067566 362.481964 282.649445 
frame00622.jpg 419.876038 219.460236 419.881836 219.461716 419.875336 219.460052 419.873779 219.459641 
frame00623.jpg 353.302582 171.272583 426.447144 208.213303 431.848267 307.171204 358.504669 301.620239 
frame00624.jpg 370.757355 211.441528 386.073578 203.408417 332.882477 230.532791 395.517700 197.027481 
frame00625.jpg 378.637695 217.160477 378.088989 214.332687 379.374237 218.786728 376.225983 220.980774 
frame00626.jpg 364.543213 197.439743 434.126862 230.979858 440.309296 327.271301 370.393372 318.753418 
frame00627.jpg 383.575684 230.796921 386.112701 231.507736 382.667114 230.571426 384.119324 231.006042 
frame00628.jpg 385.468384 238.868790 387.310272 239.945938 385.896240 239.177048 382.561646 236.976791 
frame00629.jpg 386.364319 247.312393 386.228210 247.483246 386.355530 247.382965 386.501282 246.945740 
frame00630.jpg 385.642059 255.416595 387.213654 255.191208 386.440918 255.727814 387.515289 255.623688 
frame00631.jpg 622.791748 13.814654 623.251160 15.839422 621.690918 8.309974 623.105774 15.052817 
frame00632.jpg 498.711121 6.323405 495.975708 9.049235 498.220581 7.026085 501.738861 2.881119 
frame00633.jpg 495.726807 15.643869 495.780121 15.885768 495.600494 15.666419 496.059509 15.693509 
frame00634.jpg 495.389679 23.428595 496.771484 20.724138 495.817780 23.287699 496.736725 21.576653 
frame00635.jpg 425.781250 300.260101 425.755859 300.067627 425.800537 300.258301 425.743774 300.383392 
frame00636.jpg 371.072968 301.987030 384.285675 290.380402 371.927094 304.255707 380.643951 296.715332 
frame00637.jpg 418.794739 316.875458 419.316040 316.228821 418.830902 316.971771 419.160858 316.579712 
frame00638.jpg 481.392700 19.387337 480.903931 24.219284 481.825531 19.416847 481.557495 22.486719 
frame00639.jpg 478.138397 31.190567 478.561462 32.055477 478.098511 31.135771 477.986450 30.806053 
frame00640.jpg 590.892395 94.162109 590.711243 94.565948 590.885498 93.995598 591.060547 94.383392 
frame00641.jpg 379.908844 92.207932 379.036957 93.154610 376.842987 96.789230 379.132965 93.107330 
frame00642.jpg 587.455933 109.750328 587.014526 106.978165 587.268005 109.026680 588.410461 114.267433 
frame00643.jpg 530.339539 92.262932 530.400208 92.647751 530.349976 92.268326 530.256836 91.937622 
frame00644.jpg 470.649719 92.563652 470.954590 94.478188 470.649323 92.326462 470.461609 92.030739 
frame00645.jpg 335.935974 324.727783 410.888306 363.737732 417.141205 457.645264 343.145111 452.506714 
frame00646.jpg 353.183777 351.307098 417.425629 357.123047 422.455963 463.287659 358.146973 444.166016 
frame00647.jpg 621.754333 100.441299 621.792236 100.225586 621.749634 100.468040 621.739319 100.526611 
frame00648.jpg 649.690674 55.327713 644.634583 54.566158 649.637207 55.318855 648.227478 55.110806 
frame00649.jpg 415.808960 404.772980 414.438751 404.455627 423.120239 405.319336 414.268982 404.533112 
frame00650.jpg 659.803223 56.051105 660.581055 61.526993 660.562988 54.910995 656.878662 55.473019 
frame00651.jpg 678.182129 39.095245 678.176025 39.096622 678.165344 39.098324 678.177246 39.096321 
frame00652.jpg 383.680084 44.755894 383.631134 44.887829 383.574707 45.039284 383.636841 44.872993 
frame00653.jpg 388.944489 319.499756 388.754181 318.268768 389.727264 320.338867 350.717133 316.852051 
frame00654.jpg 366.414673 270.815735 460.236633 322.204803 464.856049 434.670288 368.405212 429.436188 
frame00655.jpg 393.170868 298.626862 877.916199 253.059402 1288.990723 2120.584717 398.281311 382.900757 
frame00656.jpg 388.109070 288.817719 476.108765 291.479004 475.566284 429.584259 392.275879 405.590363 
frame00657.jpg 387.859436 280.217010 488.305634 288.019928 472.776581 410.077148 401.364410 381.835693 
frame00658.jpg 384.078766 251.011139 517.977600 231.578094 479.505737 417.160858 400.869354 393.847351 
frame00659.jpg 392.447479 263.794495 488.454895 273.822235 487.419769 417.050110 396.993652 393.444031 
frame00660.jpg 392.410858 255.556503 491.046722 267.545319 490.566650 413.144165 396.880615 390.257629 
frame00661.jpg 392.143463 248.096725 493.441498 262.565918 492.843353 411.123383 396.321686 387.095581 
frame00662.jpg 389.849670 242.645096 494.762970 258.156616 493.726898 410.152863 394.298981 386.126617 
frame00663.jpg 386.281281 241.259323 493.695709 256.966522 492.514893 414.025574 390.095947 388.815369 
frame00664.jpg 379.529602 242.331589 490.522278 259.161987 489.189545 420.488159 383.433411 394.731445 
frame00665.jpg 372.437836 245.459076 486.350128 262.674652 485.174866 428.428558 376.711060 400.967194 
frame00666.jpg 364.733215 249.351822 481.796936 268.463440 481.537659 437.726257 369.200531 410.008331 
frame00667.jpg 357.575134 252.629364 479.556641 271.729401 477.613495 446.508789 362.690521 417.579559 
frame00668.jpg 351.156860 255.199142 477.735687 275.463684 475.818207 455.346039 356.538300 425.841797 
frame00669.jpg 346.806763 257.984955 478.089447 278.634674 476.022217 463.720276 352.611389 432.910919 
frame00670.jpg 344.082733 258.810364 480.095825 280.566223 477.921631 470.234711 350.552460 439.080261 
frame00671.jpg 343.149536 258.620697 483.951630 280.505432 481.434448 475.847504 349.691284 443.625702 
frame00672.jpg 343.008575 257.438385 488.236481 280.149536 484.905457 480.162048 349.430664 447.699097 
frame00673.jpg 343.473358 257.463470 492.719330 280.636780 488.805084 485.142487 349.666565 451.878418 
frame00674.jpg 343.342896 259.252838 496.944702 282.814636 492.273621 491.511871 350.050751 457.310669 
frame00675.jpg 343.888153 260.753845 501.048401 284.599609 496.120483 497.173828 350.367035 462.483337 
frame00676.jpg 344.944336 260.068512 505.923828 283.788696 500.524536 500.339844 351.609833 465.161469 
frame00677.jpg 346.152435 258.259888 510.730743 281.988892 504.914886 502.266174 352.859161 466.867188 
frame00678.jpg 347.719269 253.951126 516.046631 277.153564 509.714783 500.856293 354.563751 465.561676 
frame00679.jpg 349.697449 247.215881 521.656128 269.727325 514.704712 497.432129 356.621124 462.430634 
frame00680.jpg 351.204590 239.415543 527.208862 261.210388 519.410645 493.240967 358.320374 458.400635 
frame00681.jpg 351.870758 231.488464 531.040344 252.920242 522.586487 488.512146 359.205292 454.404846 
frame00682.jpg 351.649841 224.538910 533.781311 245.055206 524.831665 484.278259 359.436401 450.431030 
frame00683.jpg 349.633057 219.032974 533.904297 238.788986 524.828003 480.581299 357.844910 447.627563 
frame00684.jpg 345.919434 216.174652 531.252991 235.212494 522.267944 478.595978 354.647308 446.261292 
frame00685.jpg 339.453949 217.219681 524.932617 235.685272 516.210632 479.715240 348.775543 448.093384 
frame00686.jpg 330.943787 220.027802 515.873108 238.302109 508.351257 481.260559 341.305115 450.482880 
frame00687.jpg 321.925964 223.557068 505.539886 241.419418 499.355438 482.875519 333.121094 453.117279 
frame00688.jpg 311.861572 227.537827 494.465851 244.908463 489.689667 485.178375 324.275940 456.243958 
frame00689.jpg 301.920166 231.843185 483.134735 248.861572 479.679077 486.883240 315.535187 459.135590 
frame00690.jpg 292.390533 236.106567 471.952148 252.522446 470.179810 488.465088 306.926178 461.665863 
frame00691.jpg 282.654999 239.538666 461.155182 255.226166 460.800842 489.635620 298.311951 463.880890 
frame00692.jpg 272.211517 243.985321 449.682739 258.535309 450.958771 492.887268 288.756317 467.721954 
frame00693.jpg 259.614532 247.272858 437.595276 261.994720 439.893677 495.206940 277.715515 471.348083 
frame00694.jpg 248.260757 248.163315 424.988495 262.564453 428.507324 492.915039 267.994934 471.009125 
frame00695.jpg 240.008438 250.256393 413.583649 262.528656 418.231384 490.173462 260.749084 468.498016 
frame00696.jpg 232.025253 251.881088 402.569519 264.110168 408.870819 487.897247 252.812881 468.032867 
frame00697.jpg 225.848831 249.349442 394.217743 261.079498 401.357727 481.939240 247.509888 463.582642 
frame00698.jpg 225.066818 244.780701 390.057556 255.308517 397.866425 472.162537 246.758499 454.888611 
frame00699.jpg 227.335098 234.355377 391.100616 242.434677 397.804901 456.679688 249.856018 438.070160 
frame00700.jpg 231.258743 217.872208 390.957764 226.397293 398.828796 438.680695 251.806900 424.277710 
frame00701.jpg 234.056870 201.235611 392.112610 208.807541 399.694916 420.283905 253.878571 407.241669 
frame00702.jpg 236.734192 186.501877 392.221985 193.231812 399.533691 403.061462 256.197052 390.791260 
frame00703.jpg 241.339050 176.900360 393.158844 182.950836 400.180481 389.941895 259.669708 378.382355 
frame00704.jpg 244.974030 168.841232 394.521912 174.784637 400.646057 379.653961 262.330841 368.543518 
frame00705.jpg 248.802078 163.498993 395.394928 169.292435 401.006104 370.995483 265.423370 360.158539 
frame00706.jpg 253.684631 160.492462 396.498718 166.089172 401.736786 363.403809 269.288116 353.002472 
frame00707.jpg 259.593872 157.630051 397.973785 163.064453 402.197479 355.105377 273.862793 345.049561 
frame00708.jpg 264.331238 155.785828 397.547180 161.137115 401.686401 347.474945 277.216400 337.709076 
frame00709.jpg 267.924072 155.830231 396.688660 161.100769 400.241119 341.979126 279.769165 332.195007 
frame00710.jpg 268.529541 158.084000 392.836700 163.717499 395.911102 339.430847 279.389587 330.052032 
frame00711.jpg 267.254944 162.753159 387.158325 168.388992 390.280640 339.172119 276.897583 329.459961 
frame00712.jpg 265.293274 164.537567 381.733582 170.540695 384.788544 336.292114 274.947174 326.980896 
frame00713.jpg 264.204041 165.782120 377.248047 171.418121 380.109283 333.150970 273.215332 323.291534 
frame00714.jpg 263.131470 164.772186 373.309814 170.912384 376.045959 328.950714 271.753510 319.665344 
frame00715.jpg 262.781219 164.061600 370.122864 170.294617 372.672119 325.003052 270.823303 315.325317 
frame00716.jpg 263.017578 163.366180 367.628937 169.610214 370.058258 320.911682 270.773865 311.360840 
frame00717.jpg 263.211731 161.610992 365.604553 167.573441 367.913177 316.317169 270.536163 306.476471 
frame00718.jpg 263.622681 158.015976 364.058868 164.270264 366.532257 311.037415 270.401428 301.502777 
frame00719.jpg 263.309692 155.067093 362.494476 161.443390 364.488983 306.538452 270.161285 296.982330 
frame00720.jpg 263.510529 154.376572 360.640076 160.611252 362.858093 303.587219 269.797760 293.994019 
frame00721.jpg 263.466522 153.326736 359.172638 159.731415 361.065155 301.053925 269.735107 291.399170 
frame00722.jpg 334.003082 250.683075 284.798401 218.414230 339.010956 247.171600 318.580811 249.858734 
frame00723.jpg 263.140350 154.972641 355.847595 160.049896 357.214539 298.685852 268.915710 288.346649 
