frame ulx uly urx ury lrx lry llx lly
frame00001.jpg      234.940002      217.089996      584.419983      179.740005      630.280029      460.790009      280.799988      498.200012
frame00002.jpg      237.214047      215.663539      587.493249      180.712710      629.728240      463.485707      279.498067      497.452492
frame00003.jpg      245.370591      211.065727      596.635279      180.949217      628.408922      468.234254      275.856272      492.561149
frame00004.jpg      252.987828      207.637133      607.894312      180.532822      628.472782      477.696889      275.979702      494.138267
frame00005.jpg      259.947598      202.656201      617.642727      180.368927      629.348031      484.198117      276.102541      492.575855
frame00006.jpg      265.534198      197.582820      625.660046      180.887955      629.483657      489.741339      276.620305      490.498312
frame00007.jpg      270.169015      192.396658      632.878808      180.923387      629.164446      494.946341      276.291603      488.431848
frame00008.jpg      269.423012      190.917084      633.808596      181.476122      627.848348      497.609162      274.166522      488.768554
frame00009.jpg      267.242014      189.260483      629.759518      178.652735      627.555369      486.762899      267.503387      480.392024
frame00010.jpg      264.034680      182.186667      626.093894      172.040034      630.684987      468.316732      259.760163      467.601454
frame00011.jpg      265.230475      178.035860      626.540446      159.128011      640.278586      448.630202      272.572474      452.171795
frame00012.jpg      266.179433      174.739160      626.009455      150.788185      651.108011      429.863105      275.915792      444.981398
frame00013.jpg      266.860590      174.532366      626.525389      149.764538      653.802900      427.553174      277.904487      444.363282
frame00014.jpg      266.240502      177.745404      625.267628      151.734702      654.415065      427.818394      278.374980      446.359113
frame00015.jpg      265.899584      183.571542      623.067269      151.949368      659.096101      424.842203      284.566963      450.504090
frame00016.jpg      266.363452      191.959548      620.023829      148.537172      670.653912      415.146957      299.281144      455.813430
frame00017.jpg      270.718582      196.424124      622.225589      151.504648      677.762631      408.613196      305.050976      452.455651
frame00018.jpg      271.878392      199.989329      622.913051      153.943872      681.147788      409.224320      308.338394      455.023977
frame00019.jpg      268.681312      210.433957      617.809068      156.860975      686.455602      405.165031      313.814135      461.162846
frame00020.jpg      263.582833      220.049827      610.369070      158.510962      689.022505      400.077047      317.849337      466.678710
frame00021.jpg      258.701260      225.270269      603.059239      158.095051      689.510162      389.452132      318.261228      464.005728
frame00022.jpg      252.293481      229.902507      594.747895      156.733942      687.405260      379.451537      315.875449      461.832485
frame00023.jpg      244.584003      233.308059      585.394684      155.655572      682.798515      369.071452      310.818862      457.645970
frame00024.jpg      240.209318      234.782844      579.868784      153.673883      680.456522      362.077970      308.852723      455.169986
frame00025.jpg      234.020289      236.506667      571.843194      151.773534      676.266150      351.598600      305.171000      449.819844
frame00026.jpg      226.411643      238.803619      561.913696      150.264650      671.150686      339.638058      301.539522      443.628009
frame00027.jpg      218.001328      241.067100      550.840446      147.786584      664.692686      326.335384      297.030812      436.895218
frame00028.jpg      209.654186      245.954190      538.445336      145.273555      657.946889      309.949297      293.741887      429.934448
frame00029.jpg      202.849871      252.583182      528.453140      143.969048      651.711072      296.864603      289.597739      426.375544
frame00030.jpg      201.167477      258.908424      525.285526      144.618369      647.870362      291.589231      285.091367      427.212856
frame00031.jpg      204.955902      264.870859      527.878990      146.085648      648.030325      285.750902      283.191208      426.234596
frame00032.jpg      208.253679      275.396287      527.350142      145.153782      651.303243      276.289494      289.219186      429.964470
frame00033.jpg      213.330655      285.813695      526.083125      141.588570      654.299780      254.701365      297.401210      425.119912
frame00034.jpg      217.021761      289.356888      526.039916      138.697429      655.993678      238.051396      302.521698      416.769427
frame00035.jpg      218.035053      289.828763      525.998299      137.069376      657.763809      232.608079      305.696742      414.062538
frame00036.jpg      218.937958      290.673704      524.968206      134.583149      657.996566      220.859410      307.932309      406.557884
frame00037.jpg      220.539061      292.321330      522.879190      130.696652      657.306585      203.597558      310.391827      396.420307
frame00038.jpg      222.234662      294.132168      523.045367      128.629585      657.216425      193.980552      311.870886      391.301230
frame00039.jpg      226.191801      298.263921      524.359082      126.140031      657.346614      180.469828      313.578018      385.664736
frame00040.jpg      229.299245      302.909176      525.229519      125.795820      658.474134      173.789017      316.084466      385.700556
frame00041.jpg      230.539691      307.177008      525.416806      127.461036      657.308082      172.147100      315.351454      387.322473
frame00042.jpg      231.223592      311.262986      525.054828      127.984724      655.248006      171.343598      313.901164      390.759957
frame00043.jpg      232.191018      311.774753      526.736388      128.692768      656.753334      177.777757      313.926383      396.875631
frame00044.jpg      232.796177      307.083370      535.179394      132.888374      662.163219      200.970826      308.663845      409.320237
frame00045.jpg      233.274201      301.554588      544.108946      136.939841      665.017165      226.483272      299.632607      422.950480
frame00046.jpg      233.924626      293.232651      549.584325      134.481137      661.831036      237.551695      289.507352      425.617732
frame00047.jpg      233.967080      287.106273      552.866986      132.310962      659.788827      242.447919      282.764005      424.924285
frame00048.jpg      234.401948      279.682003      557.485105      130.080650      657.008965      249.684803      274.342949      424.452934
frame00049.jpg      237.207676      274.860595      562.650225      128.377409      655.413473      256.105301      269.522284      425.395857
frame00050.jpg      244.413556      265.944631      574.628695      126.589317      653.599751      272.554353      262.210415      429.163365
frame00051.jpg      251.778897      256.535818      587.542644      126.639388      650.945600      291.334030      254.224828      431.777243
frame00052.jpg      255.268427      251.600955      593.280741      125.944239      649.439475      299.850144      251.128396      432.707385
frame00053.jpg      261.276328      244.679429      601.807717      124.063723      648.783291      312.502398      249.639440      435.117994
frame00054.jpg      268.732595      237.534676      612.757574      123.619827      649.329968      329.593880      249.617337      439.145590
frame00055.jpg      275.497894      230.241445      623.017136      124.260598      650.517106      348.195204      251.060083      443.353266
frame00056.jpg      283.250772      222.121661      634.488198      123.178991      650.818803      368.438114      252.625009      448.587704
frame00057.jpg      287.768174      217.909329      640.222979      116.831545      653.135020      371.311888      255.246512      450.161878
frame00058.jpg      289.602826      220.471609      636.606917      103.089970      655.126012      347.031955      259.552485      445.711115
frame00059.jpg      293.146209      223.230325      635.137937       94.174752      656.194783      332.228277      264.200775      444.507569
frame00060.jpg      295.978202      230.564128      632.478613       87.518923      661.589597      328.471643      274.927126      455.088639
frame00061.jpg      298.866147      235.370988      632.346038       86.765987      663.370652      333.588716      280.840742      463.982322
frame00062.jpg      301.376597      237.745678      633.091263       86.445732      661.582385      339.368861      282.459205      469.631793
frame00063.jpg      303.625285      235.572466      635.565681       84.253979      661.532508      342.580752      283.251559      470.410075
frame00064.jpg      306.172750      232.928975      638.472244       81.568655      663.121254      344.616690      285.320398      470.408699
frame00065.jpg      307.440931      231.173053      640.133141       75.644533      670.181648      343.882550      291.577284      472.950761
frame00066.jpg      308.357607      230.999288      641.373993       70.510908      680.107027      346.539809      301.224971      479.143088
frame00067.jpg      312.964912      229.163882      645.602337       66.559925      688.236348      353.207321      311.875897      483.993862
frame00068.jpg      318.823378      225.191555      654.096105       68.623074      689.537119      365.326241      313.431370      484.835882
frame00069.jpg      322.501158      222.671428      658.850695       70.253661      684.427817      377.655546      310.535489      486.729983
frame00070.jpg      323.316443      220.335923      657.238426       65.213576      682.046816      391.136345      315.434010      493.875766
frame00071.jpg      319.672330      218.878450      650.294340       56.471752      687.020203      400.669911      330.763314      501.563768
frame00072.jpg      317.413132      218.335463      641.773204       46.177941      696.713171      401.179493      348.603877      505.595371
frame00073.jpg      316.539330      216.461418      636.625959       38.023917      707.763035      398.220019      362.127703      506.175281
frame00074.jpg      318.771877      213.191118      631.523271       23.720272      714.305638      388.467745      380.115496      500.174701
frame00075.jpg      318.750419      210.284874      626.717381       16.876142      717.295298      380.947861      387.909844      498.029089
frame00076.jpg      316.446701      210.806516      619.826876       11.418771      718.996308      371.454724      389.760670      495.513602
frame00077.jpg      313.160488      214.272263      611.950346       12.378258      717.005951      371.535483      392.407312      497.349141
frame00078.jpg      312.166139      215.494132      606.800403       12.286804      717.718813      373.139561      394.516703      500.741057
frame00079.jpg      314.308377      214.792057      604.304412        4.251743      722.208706      373.321006      403.577034      504.707133
frame00080.jpg      316.460205      220.743606      602.983767        7.319529      732.584730      371.200041      415.769289      507.427425
frame00081.jpg      317.620928      226.393920      603.346034        9.954594      742.369975      372.219543      428.994795      509.138052
frame00082.jpg      319.502070      230.386731      605.003917        5.565256      752.098639      373.446433      443.774403      512.258782
frame00083.jpg      324.672859      235.806205      606.867675       11.102186      761.574601      374.585845      454.504718      514.875062
frame00084.jpg      327.088393      237.912874      607.089297       10.584157      768.792668      372.498655      463.238788      515.827243
frame00085.jpg      327.656988      238.875465      604.028226        6.333263      772.969266      366.622143      470.732757      514.059156
frame00086.jpg      327.158485      240.309175      599.549376        3.039964      777.491892      360.781447      478.312067      512.552540
frame00087.jpg      328.193923      241.512269      597.691458        1.888883      781.200722      358.149055      483.839939      511.603260
frame00088.jpg      328.480872      241.441731      595.317598       -1.262532      786.681811      353.582612      491.750836      508.457620
frame00089.jpg      326.682636      241.450566      586.487426       -7.428583      789.407136      342.454384      500.156751      502.908013
frame00090.jpg      322.633363      238.134861      577.616390      -15.306546      786.910921      329.924240      501.314479      495.371723
frame00091.jpg      319.083463      234.920840      569.490354      -22.835765      786.629975      317.732445      505.438394      487.221583
frame00092.jpg      317.410717      232.713971      562.099913      -29.525323      788.447059      304.017709      512.436553      477.746815
frame00093.jpg      316.411909      233.326335      557.494498      -30.415435      790.843103      297.671222      519.098736      471.834775
frame00094.jpg      315.532250      240.363247      553.971599      -22.802570      795.176530      299.562071      527.746418      470.480273
frame00095.jpg      316.093317      244.023075      552.161883      -17.403580      796.613116      302.470245      531.800715      470.045149
frame00096.jpg      314.509323      243.682619      548.532777      -17.926918      794.399426      300.493096      531.281210      468.097444
frame00097.jpg      310.851888      242.873378      539.127505      -21.417559      790.994433      292.087554      532.132187      462.064835
frame00098.jpg      304.864664      243.375118      527.493770      -23.008827      784.802830      286.628095      529.883296      458.069660
frame00099.jpg      298.389178      246.384635      518.173264      -20.324521      780.440722      287.341191      527.529028      457.481579
frame00100.jpg      293.571708      250.526184      513.218507      -13.929123      778.511978      293.699184      525.727444      459.062266
frame00101.jpg      290.152013      256.019427      508.380308       -5.432331      777.114139      299.403237      525.690256      460.468648
frame00102.jpg      284.341150      259.396814      499.981270       -0.549633      772.363143      302.173682      522.502698      460.689443
frame00103.jpg      275.473727      259.958577      487.526298       -0.818483      763.391650      300.832250      515.535863      459.427083
frame00104.jpg      265.072000      259.725546      473.370523       -1.283013      754.581522      297.352054      508.968824      455.148187
frame00105.jpg      257.009117      261.320272      461.605223        3.537125      747.226204      300.129001      503.648476      453.114115
frame00106.jpg      252.350772      263.921218      455.884442       10.846050      743.820442      303.954083      501.509997      451.569831
frame00107.jpg      246.690220      267.753003      450.519043       20.364396      740.738097      309.376672      498.502381      450.013214
frame00108.jpg      242.451198      266.281002      448.488880       21.697464      738.080720      312.041044      494.490131      448.936279
frame00109.jpg      237.034161      266.548253      445.754637       24.841256      735.441003      314.429012      490.297559      447.641278
frame00110.jpg      232.609153      268.961199      444.222870       33.712464      733.687313      319.177021      487.914988      446.123833
frame00111.jpg      230.373167      271.520736      444.691911       42.008491      732.413706      325.144541      486.125027      447.078149
frame00112.jpg      228.031559      271.933217      448.117539       49.798806      733.173564      328.310900      485.384905      444.674787
frame00113.jpg      227.349942      269.708588      448.110076       51.246343      732.354560      327.654749      485.031012      441.011489
frame00114.jpg      227.237952      268.500930      448.055496       52.481819      732.820029      325.753298      485.869081      437.554456
frame00115.jpg      226.611845      267.321489      449.922031       56.103701      732.852561      326.525134      485.753154      434.841205
frame00116.jpg      225.630528      263.524591      451.160434       51.751670      731.405197      324.979436      483.406172      433.116937
frame00117.jpg      225.662478      257.762549      453.104263       39.484665      729.403815      321.728125      478.874187      433.646278
frame00118.jpg      224.981944      255.987942      458.892184       41.623428      728.903913      325.312764      475.876739      433.727880
frame00119.jpg      224.811583      253.117083      465.864664       35.914433      723.792867      340.582723      464.531770      449.022213
frame00120.jpg      221.672084      255.305688      478.709154       42.033144      721.470529      353.383458      455.140760      459.538467
frame00121.jpg      220.352910      255.859497      491.121335       42.853574      718.311150      368.138041      443.839300      474.903574
frame00122.jpg      216.454675      259.375988      495.443507       40.138651      715.422683      371.582055      435.341795      487.165777
frame00123.jpg      210.533404      263.282957      491.525321       36.493064      709.396038      369.626049      427.080794      496.145143
frame00124.jpg      203.705275      266.886216      483.862854       31.577955      700.984714      365.980793      417.035846      505.322595
frame00125.jpg      197.509509      268.074976      477.557332       23.937645      696.389227      355.019897      411.599672      507.880140
frame00126.jpg      194.570863      268.666663      472.371568       15.408551      694.320029      342.726329      409.456418      509.578413
frame00127.jpg      190.009755      268.313734      465.715289        3.527856      691.483904      323.070034      405.796718      510.465646
frame00128.jpg      188.928581      268.262204      464.351099       -1.470980      692.706877      313.488225      406.907523      509.467510
frame00129.jpg      190.155925      269.512902      466.068374       -5.522156      696.660045      303.633208      409.768650      510.909558
frame00130.jpg      189.907475      270.709802      465.457500       -7.593255      696.824090      295.623570      408.965290      512.598521
frame00131.jpg      189.922526      272.076591      464.826779      -10.597518      697.772691      281.484361      409.957484      511.993798
frame00132.jpg      192.094182      277.106002      460.991179      -13.174858      701.163916      261.913971      419.626302      508.720729
frame00133.jpg      196.106933      281.909264      455.077573      -18.221701      705.774444      236.441374      435.858646      500.598555
frame00134.jpg      201.790693      284.247132      451.245325      -23.928673      710.741510      214.042801      452.862564      491.431361
frame00135.jpg      206.651461      283.524859      449.711436      -28.078082      713.284974      197.778914      463.092214      482.885128
frame00136.jpg      210.402639      283.102166      448.982847      -31.088205      715.895758      185.442830      471.841985      476.475824
frame00137.jpg      215.997916      283.998320      448.164786      -34.269550      719.906122      171.501427      485.027598      468.717580
frame00138.jpg      223.909920      284.424584      449.317645      -38.134731      725.593396      159.729253      500.523814      460.590135
frame00139.jpg      229.549139      283.328440      448.787979      -42.814834      728.997076      146.210862      513.688610      451.016576
frame00140.jpg      233.100677      283.445737      446.736867      -46.035759      730.204976      135.555674      523.035663      444.006615
frame00141.jpg      241.283955      284.238290      446.466454      -51.209526      735.081937      122.109450      540.177489      434.544836
frame00142.jpg      247.364630      284.908556      449.077924      -52.665972      739.323371      117.591795      550.427994      430.647657
frame00143.jpg      249.274180      289.169833      448.586085      -48.112294      738.515253      118.307220      555.418184      430.789711
frame00144.jpg      248.957192      299.150729      443.670751      -36.907845      732.537302      122.286171      559.096483      434.023924
frame00145.jpg      245.365546      313.520963      431.350925      -19.058069      718.673660      127.091977      559.314538      437.981834
frame00146.jpg      234.998392      324.076644      415.381562       -2.077006      699.940162      131.654361      551.246484      440.262183
frame00147.jpg      198.406642      327.194119      425.737829       21.016050      698.032637      142.163184      523.760543      425.540643
frame00148.jpg      191.345529      315.447664      402.750585       26.898404      711.801333      148.451578      531.565291      420.932970
frame00149.jpg      193.704344      328.486764      381.696046       34.642277      691.516046      134.791629      538.780054      409.155349
frame00150.jpg      196.023777      341.383160      363.534628       43.239632      671.763199      124.297997      541.903854      399.241132
frame00151.jpg      197.946680      351.012136      344.942941       52.915524      649.703363      117.025057      543.743057      387.845289
frame00152.jpg      204.070041      355.645133      327.696437       61.494055      632.167119      105.195445      543.857932      375.313565
frame00153.jpg      197.850799      374.424433      346.352238       76.831672      593.663896      101.024552      499.276629      347.557885
frame00154.jpg      204.792157      381.675103      339.667049      101.488580      545.818060      101.838158      497.637642      355.854480
frame00155.jpg      214.360806      374.910572      329.680025      113.599204      527.576998      105.531491      491.656598      335.638765
frame00156.jpg      211.815451      370.159586      326.733101      119.497302      522.631913      107.086889      492.338638      323.271529
frame00157.jpg      212.984132      367.856251      325.763026      124.512678      521.680358      107.293764      494.915537      316.342966
frame00158.jpg      215.926305      360.875179      259.319190      133.553528      512.404574      109.369031      536.820288      302.649950
frame00159.jpg      220.961410      365.888636      258.705365      141.556994      510.990346      111.330735      541.431629      299.818387
frame00160.jpg      231.449250      371.960882      253.705244      148.492169      505.786732      114.078254      549.945638      298.085881
frame00161.jpg      241.096990      376.050562      248.304199      154.417151      500.050993      116.526671      557.062996      295.526828
frame00162.jpg      244.753277      387.116258      238.315014      174.709895      487.689132      128.849623      556.973042      295.732864
frame00163.jpg      237.786573      400.891029      231.612869      198.395309      478.033452      144.767811      548.951790      300.981561
frame00164.jpg      225.832526      408.819173      226.254330      227.166097      465.239899      157.578426      533.644809      291.710527
frame00165.jpg      217.466451      405.197848      224.794953      240.859065      456.966310      156.605300      520.926935      271.208414
frame00166.jpg      220.507211      397.899815      228.887729      246.006805      459.256474      157.780649      523.586806      259.935585
frame00167.jpg      218.937126      389.090362      234.632312      251.389665      464.267747      164.298790      523.983321      253.721893
frame00168.jpg      220.938114      390.782340      238.377893      248.394507      471.290188      167.296853      530.364341      263.068762
frame00169.jpg      218.000216      390.886923      239.507640      249.005149      473.448688      170.635323      529.604763      266.852999
frame00170.jpg      213.238808      386.875613      240.965418      246.037870      476.682951      173.027144      528.879150      269.778159
frame00171.jpg      213.654614      387.953003      242.466217      240.210338      481.359860      174.129201      532.501673      279.328759
frame00172.jpg      212.132023      388.271865      245.707881      233.210601      488.616233      176.240010      536.594030      291.047648
frame00173.jpg      211.669676      388.729383      245.443341      230.396519      488.994370      173.705594      536.396693      291.575449
frame00174.jpg      212.066136      384.277605      247.923426      221.019761      493.066364      168.602835      539.192702      292.203816
frame00175.jpg      214.272469      382.192535      252.117894      211.166577      499.844293      165.267733      543.676174      297.888082
frame00176.jpg      214.167607      388.002536      258.436412      199.600162      510.623076      160.163336      548.155831      311.483584
frame00177.jpg      212.371338      394.140977      266.986587      188.333546      523.289585      152.723390      550.957193      322.822366
frame00178.jpg      211.666022      388.366639      278.813193      175.555200      538.093801      143.937315      554.145344      324.137115
frame00179.jpg      209.713995      383.078237      293.707526      162.867458      554.435123      131.741543      554.181373      322.992258
frame00180.jpg      230.826157      372.288839      286.903667      158.858922      557.152609      129.338976      566.901151      333.270552
frame00181.jpg      229.428256      376.317141      300.450603      159.617621      568.729846      129.688418      563.637341      341.260750
frame00182.jpg      230.483826      379.601547      314.854171      163.569120      579.386723      128.744938      559.887788      342.383208
frame00183.jpg      238.903341      381.228476      328.810880      164.757792      591.960537      127.566167      564.995941      343.621714
frame00184.jpg      247.396231      378.618526      343.932009      162.849642      606.655532      124.637817      572.093645      341.911267
frame00185.jpg      254.127365      369.360321      356.827264      159.534431      618.164891      119.217554      576.893936      331.717272
frame00186.jpg      255.623663      361.685388      363.555470      158.231721      622.931610      114.456226      576.750959      319.930742
frame00187.jpg      259.930426      348.742134      375.978269      156.432438      630.659618      105.749227      575.873311      298.929908
frame00188.jpg      267.946049      339.164426      393.402229      156.945787      641.034341       95.233299      575.054224      276.076201
frame00189.jpg      275.742534      331.846423      405.391102      158.158468      652.034382       92.625256      582.853627      262.771217
frame00190.jpg      277.622698      329.303815      409.232812      161.070073      653.846241       92.693118      585.129809      254.687359
frame00191.jpg      278.746790      325.836037      412.774780      160.480353      657.585763       93.222967      586.505241      253.010233
frame00192.jpg      276.781542      323.541085      416.131151      159.352678      659.884801       92.192715      585.878231      249.986224
frame00193.jpg      277.941253      323.398274      418.170039      159.079137      663.246575       93.921848      585.880102      253.550861
frame00194.jpg      277.089507      324.630788      422.975933      159.813028      667.188276       97.663326      583.294961      258.997138
frame00195.jpg      275.885550      321.946307      434.976773      157.474822      679.526258      102.890171      578.887807      268.119268
frame00196.jpg      272.933998      317.139095      452.289298      151.525144      696.020012      106.977439      570.339533      279.130857
frame00197.jpg      252.615791      314.518349      487.809006      139.173415      727.939769      106.760813      545.567596      287.020807
frame00198.jpg      252.916508      306.677198      504.204296      131.636481      743.409844      109.837309      534.068560      296.929254
frame00199.jpg      254.507606      300.059617      519.892522      126.421515      756.256502      111.204003      522.183787      302.047458
frame00200.jpg      258.992596      293.360467      533.737793      121.227097      766.791188      108.794468      513.911026      301.847377
frame00201.jpg      266.047919      285.393416      548.892401      115.499751      778.952055      106.681771      508.712758      300.556624
frame00202.jpg      268.561738      278.398877      560.683302      113.468364      783.531971       98.966619      496.775353      287.598759
frame00203.jpg      314.225007      279.351111      591.461942      111.954783      720.065483      100.089283      518.114536      232.705693
frame00204.jpg      412.184521      246.804729      576.281101      125.908101      756.242883       67.575788      508.019576      225.094457
frame00205.jpg      453.126778      227.921351      547.568889      137.976656      774.129188       58.714086      513.250222      219.693368
frame00206.jpg      472.439211      218.650703      533.812455      132.367374      786.120505       64.055027      509.779819      216.393279
frame00207.jpg      481.784400      215.470295      535.628809      114.063761      819.661710       59.372655      502.981532      215.621552
frame00208.jpg      485.329807      213.906863      543.573339      100.996064      860.247360       45.622902      502.944669      215.454862
frame00209.jpg      491.038707      211.947222      543.325372      108.311279     1129.947349      -99.111675      503.738590      215.469442
frame00210.jpg      491.366587      211.849393      544.401081      105.298599     1169.448346     -120.075386      504.229359      215.270678
frame00211.jpg      488.671929      214.026911      525.503656       95.883372      908.439271       -8.432604      509.702484      212.523007
frame00212.jpg      491.728434      214.675697      539.566890       85.789577     1200.189946     -211.518316      507.140825      214.562794
frame00213.jpg      490.433742      216.202065      544.201594       73.996651      976.749550     -106.133659      508.311198      213.705088
frame00214.jpg      497.422123      212.669299      561.565763       58.355922      774.421311        2.605522      511.454143      211.016572
frame00215.jpg      500.798609      210.534185      565.318363       62.186784      888.014149      -98.107759      512.102089      209.850006
frame00216.jpg      500.687561      210.803571      566.527488       56.859513      851.393014      -70.082339      511.921492      209.457360
frame00217.jpg      501.825942      209.960252      560.905279       57.569088      811.698241      -30.754704      511.637070      209.036253
frame00218.jpg      504.801426      207.753419      553.289147       70.281395      798.778740       -6.868805      511.509469      209.244247
frame00219.jpg      505.985883      207.517143      527.351984       67.054057      804.871178      -12.265576      512.659669      208.322877
frame00220.jpg      506.839191      207.379678      515.045605       60.023688      873.151742      -74.847427      513.060134      207.733592
frame00221.jpg      507.624865      207.845645      510.356976       85.390805      853.932632     -105.616163      514.240689      207.279403
frame00222.jpg      508.271290      208.909046      507.948775       81.161521      776.058286      -83.795449      515.587880      206.410520
frame00223.jpg      508.483095      208.779091      507.477499       93.770947      905.256062     -227.909171      515.704203      206.366729
frame00224.jpg      508.817905      208.773325      510.521174       -3.545281      688.158215       10.779387      514.964750      206.809185
frame00225.jpg      509.939946      207.948066      592.398711    -1311.500808      799.690700     -169.984926      513.290050      207.271664
frame00226.jpg      510.117455      207.949078      525.341899        7.423228      668.426010        2.639512      512.964230      207.682818
frame00227.jpg      510.777781      207.363565    12047.521399    62940.000580      744.997714      -60.127000      512.852467      206.776375
frame00228.jpg      510.780807      207.547275      464.774851     -267.308401      662.713281       16.043946      513.139351      206.638518
frame00229.jpg      510.883278      207.597289      516.863133       -6.872707      634.905870       41.922326      513.247792      206.576247
frame00230.jpg      510.882354      207.663297      524.513668      -62.310373      621.685687       56.091442      513.354447      206.503541
frame00231.jpg      511.122083      207.520805      521.986198      -53.558989      614.196443       61.595296      513.589062      206.201936
frame00232.jpg      511.390572      207.382384      528.019337       24.347935      602.410833       69.632021      513.708902      206.106174
frame00233.jpg      511.368546      207.432695      527.170133       38.663493      597.608477       76.183156      513.749899      206.063580
frame00234.jpg      511.363807      207.442297      526.836802       45.932259      594.128230       81.357561      513.761621      206.058133
frame00235.jpg      511.478658      207.297683      526.771950       39.447751      598.625444       74.609219      513.746121      206.078224
frame00236.jpg      512.024485      206.684255      499.229209       56.382567      612.243913       58.600606      514.035568      205.574126
frame00237.jpg      512.029194      206.681490      495.909058       29.211957      605.223299       69.033309      514.051180      205.552877
frame00238.jpg      512.029183      206.679287      495.923414       32.637475      602.421121       73.245043      514.061211      205.543531
frame00239.jpg      512.068328      206.614478      488.032407       30.870001      601.094241       77.490927      514.202485      205.376959
frame00240.jpg      512.069901      206.616402      487.140410       25.577068      600.716372       77.870654      514.210412      205.367996
frame00241.jpg      512.018911      206.782859      484.188195       39.060417      601.518040       71.925172      514.486168      205.036950
frame00242.jpg      512.001091      206.813933      474.391525      -15.750976      596.669872       78.832308      514.533559      204.985762
frame00243.jpg      511.995758      206.823845      470.026637      -43.904095      596.274800       79.268116      514.554443      204.964658
frame00244.jpg      511.979102      206.850002      466.777579      -64.604103      589.513781       89.336595      514.587496      204.929041
frame00245.jpg      511.976540      206.848223      460.732038     -104.053839      580.576606      103.013822      514.606948      204.912674
frame00246.jpg      511.919818      206.940804      451.825348      -48.590447      582.568052       99.580174      515.226265      204.232355
frame00247.jpg      511.877026      206.986402      470.267129       21.444839      552.163304      146.258072      515.403943      204.061625
frame00248.jpg      511.466267      207.431523      504.007582      156.579416      530.708321      179.088427      515.829707      203.716365
frame00249.jpg      510.811879      208.103841      509.659669      190.794713      527.674408      183.782408      516.963707      202.749003
frame00250.jpg      510.805815      208.110599      509.677043      190.835043      527.656807      183.807600      516.971660      202.741713
frame00251.jpg      510.805169      208.111529      509.686639      190.840330      527.655044      183.808471      516.976160      202.736962
frame00252.jpg      513.318248      204.966344      470.262400       78.913006      558.792235      139.963913      516.009708      203.741234
frame00253.jpg      513.560712      204.655928      433.547911     -303.037401      522.205008      193.128143      515.840764      203.475261
frame00254.jpg      513.436109      204.798699      429.982608     -325.739677      521.225428      194.480091      515.978078      203.334514
frame00255.jpg      512.868045      205.569636      296.258300     -248.394242      520.512487      195.346705      516.740936      202.416997
frame00256.jpg      511.772502      207.076450       90.442726     -179.209118      520.029359      195.951611      517.495992      201.367678
frame00257.jpg      513.159072      205.676356      952.835400      313.576550      520.835892      194.510184      517.714323      200.784355
frame00258.jpg      514.671953      203.871764      -44.043150       96.120739      523.739894      189.644558      517.354137      201.103187
frame00259.jpg      515.281914      203.114902      247.378746      152.848220      541.355867      160.439534      517.039664      201.386833
frame00260.jpg      515.289596      203.104575      238.692387      152.713417      539.226540      164.003009      517.033645      201.390237
frame00261.jpg      515.435764      202.922748      229.458215      175.179359      538.344885      165.999307      516.925766      201.474444
frame00262.jpg      515.445296      202.916463      192.984177      172.407489      534.126814      172.859162      516.910402      201.488833
frame00263.jpg      515.449793      202.910740      189.240122      172.100281      533.659808      173.647079      516.905733      201.494014
frame00264.jpg      515.445591      202.918929      190.107563      161.126243      525.978183      186.246867      516.893601      201.521991
frame00265.jpg      515.615572      202.730821      265.199856      107.234592      526.672034      185.135040      516.880965      201.575429
frame00266.jpg      515.692095      202.656354      329.739014      141.871916      535.877601      170.120675      516.883413      201.564825
frame00267.jpg      515.694385      202.654849      329.606133      142.500194      535.625900      170.523766      516.885127      201.562528
frame00268.jpg      515.696321      202.653290      329.863548      142.979000      535.503640      170.721640      516.886256      201.561147
frame00269.jpg      515.697151      202.652595      330.510040      143.314799      535.489310      170.744883      516.886747      201.560615
frame00270.jpg      515.699922      202.650409      329.936936      143.800172      535.391910      170.898521      516.888208      201.558633
frame00271.jpg      515.701115      202.649492      329.453184      143.914788      535.391180      170.895813      516.888520      201.558034
frame00272.jpg      515.701841      202.649063      328.997847      143.964289      535.411499      170.856165      516.888677      201.557615
frame00273.jpg      515.702699      202.648783      327.960173      143.899845      535.395435      170.868469      516.888769      201.557120
frame00274.jpg      515.703333      202.648530      327.711696      143.976694      535.421571      170.815729      516.888666      201.556963
frame00275.jpg      515.704240      202.648091      328.503362      144.501017      535.374421      170.881957      516.888869      201.556342
frame00276.jpg      515.707752      202.646507      328.724071      146.113180      535.168846      171.176894      516.890226      201.553194
frame00277.jpg      515.727848      202.629571      339.779845      152.186385      543.906219      156.699586      516.885598      201.554115
frame00278.jpg      515.729930      202.628737      340.786242      152.970555      543.650451      157.077265      516.885757      201.552943
frame00279.jpg      515.758823      202.599670      345.645994      155.197329      544.274343      156.070314      516.891709      201.546112
frame00280.jpg      515.770971      202.585534      348.570065      155.380420      544.364012      155.996499      516.892922      201.546548
frame00281.jpg      515.808586      202.535564      354.768122      155.910338      543.986079      157.111212      516.887318      201.558683
frame00282.jpg      515.811769      202.530863      355.540256      156.482563      542.038879      160.336375      516.884521      201.561135
frame00283.jpg      515.808382      202.523254      338.961588      148.291912      523.630594      190.359511      516.843740      201.601600
