frame ulx uly urx ury lrx lry llx lly
frame00001.jpg      286.000000      180.000000      544.000000      180.000000      544.000000      390.000000      286.000000      390.000000
frame00002.jpg      287.028906      179.284372      544.982299      179.462858      544.692249      389.312042      286.911524      389.079725
frame00003.jpg      287.910558      178.379590      545.538717      179.031985      545.039206      388.753380      287.399798      387.942535
frame00004.jpg      288.565319      177.683849      545.960024      178.475798      545.414869      388.197629      287.910593      387.321339
frame00005.jpg      288.543018      176.953910      546.012974      177.966967      544.915114      387.662351      287.358995      386.525407
frame00006.jpg      284.667156      176.327091      541.941082      177.539086      540.436394      387.044806      283.025856      385.821935
frame00007.jpg      282.622988      175.371955      539.732143      177.576941      538.377174      386.724408      281.282283      384.880998
frame00008.jpg      282.470457      175.077668      539.339901      177.351861      538.002557      386.443032      281.218508      384.412505
frame00009.jpg      282.562097      175.031517      539.185245      177.119151      537.920063      385.946500      281.472022      384.048349
frame00010.jpg      282.880984      174.914623      539.049239      177.375381      537.653635      386.019588      281.484820      383.685408
frame00011.jpg      283.042481      174.962685      538.842455      177.916810      537.179495      386.258242      281.431046      383.448083
frame00012.jpg      283.121809      175.744291      538.453661      178.773540      536.856239      386.801024      281.421356      383.961082
frame00013.jpg      283.181888      176.478036      538.198905      179.406547      536.576941      387.049210      281.603604      384.302547
frame00014.jpg      283.278541      176.996029      537.895242      179.976426      536.288265      387.435456      281.623356      384.626349
frame00015.jpg      283.120551      177.971558      537.437395      181.216250      535.518847      388.576372      281.274109      385.308067
frame00016.jpg      282.904539      179.024469      536.923475      182.993650      534.577046      390.073928      280.754714      385.940375
frame00017.jpg      282.942570      179.190029      536.514909      184.509994      533.585061      391.081566      280.269983      385.556507
frame00018.jpg      283.114251      178.511881      536.186477      185.193799      532.559408      390.874615      279.906453      384.030115
frame00019.jpg      283.339042      176.261040      535.814684      183.701150      531.772538      388.764735      279.868545      381.146438
frame00020.jpg      284.005498      174.347199      535.742518      182.099630      531.984378      386.499744      280.852479      378.494110
frame00021.jpg      287.867032      172.088721      538.816627      180.052017      535.286498      383.874180      285.031979      375.372967
frame00022.jpg      292.786283      170.150699      542.909216      178.037174      539.294836      381.197180      289.964044      372.475905
frame00023.jpg      297.391788      168.406607      546.558491      175.837594      542.955344      378.307668      294.717588      369.810636
frame00024.jpg      301.801865      166.642438      550.018737      173.780977      546.367834      375.579306      299.285042      367.155521
frame00025.jpg      306.269724      165.463044      553.506805      172.271895      549.812279      373.601526      303.838392      365.267707
frame00026.jpg      309.022174      167.388775      555.162527      173.093291      551.420506      374.268296      306.547085      367.079352
frame00027.jpg      308.436849      172.033299      553.430866      176.514232      549.688528      376.613538      305.922792      370.840634
frame00028.jpg      306.279184      174.907731      550.071692      178.633058      546.883853      377.414672      304.303230      372.671058
frame00029.jpg      305.383924      177.700439      547.851792      181.846335      544.776207      379.824766      303.408321      375.044991
frame00030.jpg      305.722120      181.630330      546.804625      186.129898      543.901205      382.413466      303.849719      377.610098
frame00031.jpg      306.306034      182.651412      545.965195      187.267597      542.911888      381.770638      304.293746      377.399791
frame00032.jpg      306.213052      183.906908      544.229919      189.071750      540.889728      382.628082      303.804718      378.200698
frame00033.jpg      305.365483      187.602641      541.511623      194.124770      537.703644      386.291688      302.306729      381.187241
frame00034.jpg      304.546545      191.985851      538.693965      198.979713      535.043352      389.045454      301.467583      384.230487
frame00035.jpg      304.455639      195.238247      536.667249      201.362943      533.893998      389.272159      302.024587      385.986271
frame00036.jpg      305.620620      196.929930      536.029534      201.388853      534.407622      387.329257      304.277288      386.301970
frame00037.jpg      307.651538      197.417288      536.236653      199.517971      535.866650      383.706758      307.540931      385.494757
frame00038.jpg      310.159329      197.390839      536.836866      197.606845      537.371252      380.293236      311.035115      384.275083
frame00039.jpg      313.449820      197.480871      538.130179      196.720911      539.224700      377.819711      314.881323      383.046531
frame00040.jpg      316.797973      197.125374      539.431730      195.794208      540.596951      375.090828      318.362208      381.183898
frame00041.jpg      319.178608      195.667218      539.698394      194.091080      541.154183      371.620731      321.017337      378.279493
frame00042.jpg      323.836670      194.323772      542.255016      192.665701      544.213250      368.554676      326.077545      375.475228
frame00043.jpg      329.187369      193.234364      545.580828      191.548215      547.522308      365.865906      331.440740      372.914953
frame00044.jpg      335.289690      192.007791      549.661750      190.263831      551.778117      363.184002      337.619922      370.240487
frame00045.jpg      341.767128      190.993144      554.364918      189.837366      555.998563      361.416728      343.716762      367.861613
frame00046.jpg      346.649402      189.904421      557.477421      189.823150      558.195014      360.126801      347.747415      365.440773
frame00047.jpg      349.246899      188.927213      558.224690      189.712443      558.292720      358.416761      349.698366      362.987716
frame00048.jpg      350.314587      187.714953      557.374992      189.237661      556.987051      356.503440      350.285939      360.382549
frame00049.jpg      352.166818      186.972692      557.333545      189.553070      556.645428      355.470050      351.804241      358.259976
frame00050.jpg      353.924874      189.136586      557.052103      192.347432      555.847477      357.342211      352.887703      359.493176
frame00051.jpg      353.619068      192.726336      554.706136      196.107167      553.223410      359.317331      352.211926      361.266001
frame00052.jpg      352.294714      195.642950      551.327202      199.557035      549.645241      361.123209      350.547854      362.508952
frame00053.jpg      351.054273      198.241942      548.089344      203.084744      546.102871      363.086006      348.890388      363.496228
frame00054.jpg      350.213661      200.881800      545.342864      206.727660      542.995488      365.176814      347.607646      364.529897
frame00055.jpg      349.118201      201.962522      542.450317      208.884835      539.582677      365.459213      345.948553      363.657120
frame00056.jpg      347.451950      201.392950      539.023489      209.416517      535.675974      364.533846      343.727539      361.635443
frame00057.jpg      345.076596      201.123491      534.961229      209.571988      531.394986      363.337405      341.065520      359.982129
frame00058.jpg      342.513699      201.515704      530.735084      209.759129      527.252231      362.246218      338.570909      359.008114
frame00059.jpg      339.936719      202.236869      526.488016      210.112795      523.218571      361.273285      336.159437      358.306003
frame00060.jpg      338.250433      202.947340      523.252657      210.548818      520.275770      360.373645      334.821461      357.614242
frame00061.jpg      336.962995      203.377729      520.375543      211.026535      517.354197      359.609584      333.421544      356.639916
frame00062.jpg      335.220056      203.668416      517.123597      211.736395      513.767088      359.115698      331.361006      355.565937
frame00063.jpg      333.405943      203.854511      513.772715      212.150646      510.449767      358.183439      329.563870      354.345632
frame00064.jpg      332.356595      204.058593      511.209363      212.320820      507.947874      357.090254      328.591211      353.197304
frame00065.jpg      331.310312      204.078229      508.531019      211.758387      505.623197      355.149306      327.830386      351.763339
frame00066.jpg      331.220495      204.162499      506.873066      210.792571      504.556672      352.979642      328.374347      350.405113
frame00067.jpg      331.559387      203.941182      505.655664      209.487084      503.835296      350.336673      329.194206      348.740554
frame00068.jpg      332.224108      203.430695      504.760994      208.936246      502.882051      348.612907      329.827979      346.859255
frame00069.jpg      331.991633      202.366741      503.041817      208.504090      500.691954      347.040988      329.093090      344.444818
frame00070.jpg      330.565180      199.642324      500.270223      205.921382      497.773551      342.748536      327.522205      340.061418
frame00071.jpg      329.097116      194.162904      497.492812      200.286444      495.238571      336.052895      326.245553      333.421708
frame00072.jpg      330.058522      187.998440      497.344357      193.198518      496.062351      328.042893      328.245733      326.255783
frame00073.jpg      334.846763      185.083899      500.929735      189.146313      500.405724      323.486692      333.731089      322.694134
frame00074.jpg      339.569998      184.431190      504.568018      187.523140      504.195795      321.180979      338.778297      321.147070
frame00075.jpg      343.968153      184.434905      507.944011      186.770576      507.765043      319.780392      343.424582      320.195424
frame00076.jpg      347.139750      184.497433      510.096345      186.881817      509.507070      319.108876      346.308632      319.379584
frame00077.jpg      348.834564      183.822255      510.712274      187.372425      509.490091      318.776799      347.233467      317.786356
frame00078.jpg      349.475666      183.430128      510.449974      188.330102      508.584383      319.139880      347.262424      316.847503
frame00079.jpg      350.035760      183.666330      510.209671      189.298533      508.025627      319.272466      347.447214      316.306884
frame00080.jpg      350.318202      183.024062      509.809591      189.530206      507.242581      318.974454      347.294657      315.188130
frame00081.jpg      349.920752      183.077581      508.865953      189.648034      506.245197      318.707653      346.822574      314.837552
frame00082.jpg      349.765530      182.527067      508.188488      189.528495      505.452581      318.078190      346.512306      313.880787
frame00083.jpg      348.708440      181.648734      506.721972      188.840406      503.628430      316.987485      345.042739      312.694191
frame00084.jpg      345.976376      180.264769      503.638005      187.829865      500.494639      315.639673      342.300988      311.164038
frame00085.jpg      345.044033      179.324332      502.366944      187.069512      499.387678      314.738874      341.485825      310.209931
frame00086.jpg      343.919731      178.447271      501.055767      186.293750      497.883119      313.712096      340.173591      309.216874
frame00087.jpg      342.016617      178.161154      498.980634      185.853094      496.001617      313.459668      338.416071      309.315607
frame00088.jpg      339.647426      180.075906      496.464322      187.910327      493.274480      315.494722      335.708297      311.401942
frame00089.jpg      336.960901      182.653961      493.690018      190.337039      490.854753      317.976954      333.325629      314.312950
frame00090.jpg      335.577535      184.990760      492.255005      192.080403      489.783078      319.473115      332.269671      316.664177
frame00091.jpg      334.350627      186.375966      491.016399      192.657981      489.215333      320.113788      331.600610      318.324809
frame00092.jpg      334.435116      189.216750      491.261256      194.512889      489.950256      322.589796      332.249550      322.208555
frame00093.jpg      333.924884      196.167952      490.773183      199.782330      490.392522      327.961677      332.586179      329.502998
frame00094.jpg      335.787879      199.373194      492.625666      201.287754      493.715368      329.082673      335.715017      332.571033
frame00095.jpg      341.832955      201.217214      498.688682      200.900937      501.242409      328.789567      343.179007      334.662269
frame00096.jpg      348.971883      202.151636      505.857580      199.465297      509.465522      327.676125      351.427428      336.079162
frame00097.jpg      354.750253      205.631036      511.582543      200.999780      515.699830      329.778408      357.884384      340.365836
frame00098.jpg      358.019325      210.135887      514.804413      204.529850      519.003360      333.259758      361.414385      344.910841
frame00099.jpg      359.987430      211.256492      516.594563      205.889022      520.638583      334.241821      363.268483      345.849725
frame00100.jpg      361.743104      209.443166      518.200076      203.810599      522.285989      331.869659      365.166784      343.985670
frame00101.jpg      362.718351      206.887754      518.883925      200.628120      523.182135      328.780473      366.402808      341.821274
frame00102.jpg      362.782821      206.407129      518.603589      199.312205      523.167708      327.358523      366.875163      341.441388
frame00103.jpg      362.619683      200.632613      518.157016      193.647346      522.764834      321.510982      366.557814      335.077636
frame00104.jpg      360.213081      191.548851      515.397465      184.147144      519.801166      311.330646      364.440883      326.244571
frame00105.jpg      359.483865      185.004549      514.189432      179.547348      518.051149      306.863848      363.146351      320.031730
frame00106.jpg      361.868273      178.956466      516.171829      176.666737      519.042415      303.800051      364.429298      314.007560
frame00107.jpg      365.084163      172.534090      519.061518      172.203402      520.804681      299.272254      366.595988      307.682474
frame00108.jpg      367.093191      167.026969      520.719765      167.235580      522.268347      294.261409      368.425840      302.174901
frame00109.jpg      369.512028      162.912673      522.750459      163.244851      524.120669      290.371142      370.768810      298.404242
frame00110.jpg      370.773059      160.782419      523.692956      160.523901      525.118443      287.532458      372.196380      296.252512
frame00111.jpg      369.488947      159.588741      522.043879      158.674152      523.533789      286.155711      370.919209      295.756749
frame00112.jpg      367.687543      167.417986      519.928410      167.453832      520.638415      295.978088      368.247357      304.341896
frame00113.jpg      363.362662      174.725705      514.953481      175.925330      515.242705      303.664378      363.232927      311.462220
frame00114.jpg      360.419511      183.436236      511.465665      183.665208      512.740325      310.726928      361.372364      319.854488
frame00115.jpg      362.196054      188.257003      512.572992      186.374304      515.679200      312.447063      364.706076      323.835795
frame00116.jpg      368.617315      189.586703      518.625164      186.162363      522.654163      312.031956      372.149166      324.865260
frame00117.jpg      374.653919      190.872140      524.394659      186.717837      528.282080      312.657658      378.301869      326.103149
frame00118.jpg      378.672060      192.877113      528.055907      188.959390      531.525110      315.186234      381.872101      328.370516
frame00119.jpg      380.774940      197.963582      529.806899      194.656637      532.738271      320.982285      383.339571      333.609468
frame00120.jpg      380.699475      203.483253      529.419950      200.594278      531.906045      326.987415      382.739097      339.315280
frame00121.jpg      379.698865      210.495915      528.033663      208.029795      530.440815      334.277751      381.561423      346.351858
frame00122.jpg      379.209582      216.035949      527.197124      213.223280      529.906576      338.848310      381.435910      351.383796
frame00123.jpg      379.872158      218.526962      527.575485      215.039829      530.815450      340.190206      382.546764      353.502047
frame00124.jpg      382.156510      219.129796      529.623876      213.918300      534.033690      338.922829      386.041503      354.080399
frame00125.jpg      385.905813      219.206497      533.397042      212.231408      538.551533      337.268865      390.741678      354.087688
frame00126.jpg      388.552669      218.364860      536.017870      210.208184      541.489394      335.154432      393.814598      353.101906
frame00127.jpg      390.500330      216.491382      538.074569      208.436256      543.344054      333.676262      395.633959      351.466062
frame00128.jpg      390.833182      215.245643      538.513997      207.156619      543.340132      332.313350      395.507117      350.292471
frame00129.jpg      386.319527      213.885102      533.965539      204.834845      539.158483      329.988724      391.322689      349.089676
frame00130.jpg      383.886967      213.142742      531.404577      203.092079      537.364752      328.262412      389.738519      348.466771
frame00131.jpg      382.977857      212.511189      530.482247      201.265659      536.957447      326.414237      389.435929      347.826347
frame00132.jpg      382.149064      211.705084      529.709466      199.694708      536.602607      324.932987      389.146270      347.063642
frame00133.jpg      382.217304      210.371120      529.855642      198.745516      536.565237      324.012232      389.108043      345.619547
frame00134.jpg      382.377975      207.120319      530.110638      196.289484      536.491969      321.572411      388.864039      342.436961
frame00135.jpg      382.416466      202.840295      530.371319      192.720921      536.384072      317.960296      388.575539      338.132593
frame00136.jpg      381.662407      198.789412      529.757975      188.628472      535.595720      313.996219      387.567100      334.371820
frame00137.jpg      377.431541      195.649764      525.730305      185.538720      531.269757      311.060874      382.903657      331.434892
frame00138.jpg      371.988918      192.608265      520.464909      182.829551      525.947868      308.384803      377.510919      328.663274
frame00139.jpg      367.800482      189.421922      516.411577      179.999669      521.981609      305.706602      373.443905      325.718996
frame00140.jpg      365.871545      185.755314      514.732027      177.323647      520.053959      303.248371      371.387270      322.309607
frame00141.jpg      365.867456      181.353407      514.922050      173.742300      520.048792      299.804686      371.206526      318.073968
frame00142.jpg      366.862294      176.920908      516.020758      169.289485      521.409958      295.517595      372.490561      313.853709
frame00143.jpg      371.389645      171.266807      520.402135      163.787863      526.700224      289.860732      377.694859      308.099685
frame00144.jpg      381.864068      164.275944      531.076155      155.609667      538.729184      282.096285      388.816836      301.168882
frame00145.jpg      392.616108      156.972611      542.198878      147.515257      549.799556      274.400305      399.881145      293.990633
frame00146.jpg      401.612636      151.414893      551.428635      141.954729      558.445035      269.527506      408.928728      289.177545
frame00147.jpg      408.319128      149.144843      558.458101      140.176043      564.680714      268.191924      415.083799      287.178086
frame00148.jpg      412.557829      146.786798      562.902891      138.189296      568.816952      266.386590      419.036695      285.007324
frame00149.jpg      417.568951      143.382570      568.110254      134.598278      574.461813      262.685775      424.302971      281.461543
frame00150.jpg      422.691439      136.547621      573.692373      128.008877      579.465030      256.686946      429.077381      275.012151
frame00151.jpg      425.211006      132.486604      576.487605      125.062920      581.030501      254.414464      430.481722      271.635019
frame00152.jpg      423.913560      130.848051      575.414599      125.134270      578.679052      254.973629      427.857789      270.584406
frame00153.jpg      420.556194      130.813089      572.020418      126.717766      574.507466      256.865645      423.540294      271.064959
frame00154.jpg      417.535079      133.155308      569.022036      130.411527      571.080707      260.631355      420.103423      273.716735
frame00155.jpg      415.981942      134.424419      567.481859      132.116564      569.640312      262.168670      418.641361      274.969016
frame00156.jpg      415.626145      134.960357      567.206640      132.366196      569.595017      262.306833      418.410509      275.403052
frame00157.jpg      415.260525      134.892619      567.037981      131.963898      569.547740      262.296936      418.339798      275.762348
frame00158.jpg      415.412112      136.913767      567.323133      134.254371      569.612920      264.926736      418.262021      278.124124
frame00159.jpg      415.404254      139.746417      567.424093      137.519094      569.578417      268.285299      418.019606      281.125383
frame00160.jpg      415.262863      141.998018      567.524255      140.421913      569.195386      271.311595      417.521378      283.439653
frame00161.jpg      414.750523      144.078324      567.183523      143.781850      568.126461      274.741003      416.074901      285.681701
frame00162.jpg      412.380963      146.262143      564.992585      147.594216      564.837224      278.755821      412.409738      288.057561
frame00163.jpg      407.767227      148.943684      560.405921      152.006787      559.453831      283.219245      406.753343      291.013421
frame00164.jpg      403.143886      152.024018      555.863657      155.398048      554.864918      286.461770      402.074310      294.184602
frame00165.jpg      399.032317      155.207530      551.940481      157.197027      551.860237      288.286324      399.028380      297.516644
frame00166.jpg      399.177341      158.289132      552.367446      159.608755      553.441627      290.863805      400.358858      300.743531
frame00167.jpg      404.138442      161.151498      557.870987      161.837698      559.321186      293.345402      405.776434      303.718094
frame00168.jpg      407.994824      163.503232      562.362609      162.964145      564.370238      294.844363      410.106578      306.134490
frame00169.jpg      410.659810      164.797940      565.837399      163.043034      568.190514      295.094372      413.264069      307.379472
frame00170.jpg      412.020316      161.851725      568.105600      159.356385      570.759252      291.569209      414.926218      304.396633
frame00171.jpg      412.919703      156.680552      570.097816      154.025552      572.679004      286.944573      415.837681      299.672312
frame00172.jpg      412.551777      153.653158      570.805646      150.988671      573.213941      284.936668      415.223242      297.712954
frame00173.jpg      409.910612      152.818963      569.414724      148.688274      572.418186      283.168359      413.148487      297.431825
frame00174.jpg      407.497898      150.775088      568.425863      144.969967      572.414197      280.131489      411.850881      295.901711
frame00175.jpg      407.247936      147.865765      569.720026      141.756977      573.937229      278.250186      411.916178      294.085620
frame00176.jpg      406.568065      146.943426      570.752976      141.703593      574.191692      279.206368      410.489048      294.136639
frame00177.jpg      403.618450      145.374677      569.413441      140.446499      572.524314      278.930209      407.030805      293.404531
frame00178.jpg      399.191318      146.031400      566.560495      141.224043      569.391698      280.978142      402.192814      295.289508
frame00179.jpg      394.266435      148.354175      563.232862      142.599036      566.598403      283.377279      397.925833      298.419078
frame00180.jpg      391.238371      151.587889      561.719567      144.365332      565.923142      286.082151      395.735670      302.384409
frame00181.jpg      388.656231      155.499776      560.701495      146.842169      565.317769      289.561669      393.580143      306.925686
frame00182.jpg      384.794720      159.019279      558.326881      151.103346      562.120002      294.733183      388.723254      310.865825
frame00183.jpg      377.690068      161.826500      552.512611      156.416274      554.841052      300.665672      379.622032      314.062895
frame00184.jpg      367.311327      164.062693      543.224425      160.781409      544.430381      305.459792      367.796562      316.771478
frame00185.jpg      356.930860      166.055276      533.939480      163.839159      534.920639      308.981922      357.503023      319.203000
frame00186.jpg      349.577414      167.691261      527.696903      167.301830      528.005967      313.070491      349.611537      321.237108
frame00187.jpg      343.049487      169.379306      522.215496      169.813739      522.231657      316.038846      342.750370      323.251471
frame00188.jpg      336.929929      168.932257      517.182467      169.433231      517.214904      315.403283      336.845335      322.506737
frame00189.jpg      330.953875      166.651798      512.251514      165.196479      513.122547      312.011289      331.875966      320.844366
frame00190.jpg      325.292924      164.710645      507.635742      161.568067      509.177686      308.666162      327.167262      318.849874
frame00191.jpg      320.124316      160.536463      503.283632      156.642028      505.104881      304.456605      322.296281      315.106476
frame00192.jpg      314.793480      158.646500      498.753549      153.563161      501.052823      301.898923      317.546041      313.549268
frame00193.jpg      309.109511      156.575419      493.882193      150.336195      496.630658      299.231517      312.613583      311.747090
frame00194.jpg      304.140235      154.642467      489.523569      147.761730      492.664345      297.052459      307.935000      310.087313
frame00195.jpg      299.305752      152.193417      485.428311      144.020047      489.180681      293.683028      303.683560      307.866801
frame00196.jpg      294.675356      151.230738      481.572140      141.134695      486.261381      291.785210      299.984491      307.820806
frame00197.jpg      290.133910      151.339303      477.923769      140.531120      482.629300      291.818877      295.347223      308.357959
frame00198.jpg      283.763223      153.015409      472.566337      141.179973      477.696201      293.801306      289.533570      311.258839
frame00199.jpg      279.199044      155.909534      468.947153      143.769844      474.508467      297.111834      285.356109      314.694810
frame00200.jpg      276.828716      156.792052      467.557417      144.491116      473.541931      298.391205      283.265766      316.203507
frame00201.jpg      275.195092      159.237101      467.052145      145.227331      473.946578      300.269415      282.647553      319.668985
frame00202.jpg      274.116880      161.110580      467.258868      146.220197      474.541957      302.380994      282.079027      322.500032
frame00203.jpg      273.557420      163.977596      467.956834      148.479809      475.494337      305.485621      281.872351      326.052460
frame00204.jpg      272.934898      164.396411      468.632817      148.094836      476.672413      305.837451      281.701984      327.259701
frame00205.jpg      272.955153      164.559436      470.134284      148.564001      477.965693      307.874583      281.676303      328.684174
frame00206.jpg      273.009014      164.675480      471.731020      149.979855      478.963514      310.447826      281.135369      330.044900
frame00207.jpg      272.664763      165.304012      472.967648      149.753734      480.479446      311.369577      281.272994      331.706515
frame00208.jpg      272.613283      165.583018      474.540934      150.084711      482.095507      313.216355      281.277947      333.418288
frame00209.jpg      272.296932      166.376668      476.008551      150.316721      483.698789      314.638299      281.297060      335.421816
frame00210.jpg      271.589315      167.106052      477.167261      149.805757      485.306425      315.701191      281.368590      337.701052
frame00211.jpg      269.645831      168.861241      477.275102      150.208001      485.222331      317.677636      279.855943      340.665451
frame00212.jpg      263.382132      171.153318      473.293001      151.725189      480.895453      322.407298      274.282585      345.710205
frame00213.jpg      257.634969      181.930364      469.136315      162.262433      477.288460      334.085259      269.164040      357.928905
frame00214.jpg      254.577114      188.236460      467.566392      168.280662      476.332698      340.490032      266.658664      364.810507
frame00215.jpg      253.620774      192.300121      467.911165      172.010345      477.108116      344.621478      265.893363      369.391799
frame00216.jpg      253.578710      193.310552      469.302993      173.009176      478.567985      346.390487      265.945723      371.156606
frame00217.jpg      253.674892      192.777728      470.857721      173.316281      479.671724      347.757073      265.546966      371.630766
frame00218.jpg      253.466570      192.428040      472.095858      173.566099      480.507010      349.147483      264.858282      372.556427
frame00219.jpg      250.424096      194.215725      470.636902      175.309511      478.338533      352.749116      261.285575      376.075380
frame00220.jpg      245.804723      198.181808      467.569015      179.875417      475.175981      358.874119      256.577853      381.783751
frame00221.jpg      241.446001      203.672540      464.298306      185.445071      472.020954      364.856672      251.747748      388.223757
frame00222.jpg      237.316261      209.473799      461.321455      190.458447      469.754476      370.884231      248.173287      395.352098
frame00223.jpg      235.081695      213.508009      459.875758      194.512016      468.767680      375.084268      245.735674      399.741129
frame00224.jpg      233.603302      216.866745      459.340088      196.916885      468.889273      378.462428      244.738026      404.289253
frame00225.jpg      232.721699      221.286763      459.133053      199.913298      469.415347      381.878570      244.386173      409.130765
frame00226.jpg      231.927137      224.006449      458.809381      201.643828      469.502181      383.768693      243.720070      412.023070
frame00227.jpg      230.868205      224.288377      458.362200      201.882753      469.118690      383.954780      242.734720      412.258378
frame00228.jpg      230.090283      222.540578      458.171316      200.911671      468.659167      383.382888      241.610296      410.922324
frame00229.jpg      229.560202      219.239092      458.481597      199.071001      468.228726      381.573294      240.337801      407.629769
frame00230.jpg      227.733895      215.018306      457.297730      194.711426      466.674910      377.902783      237.692197      404.322305
frame00231.jpg      221.944706      213.017629      452.178506      192.201456      461.433392      375.949019      231.551875      403.029570
frame00232.jpg      216.698896      211.242471      447.585911      190.664570      457.360233      374.912518      226.714308      402.117346
frame00233.jpg      213.912567      209.967220      445.282230      189.124497      455.488995      373.372860      224.186457      401.081768
frame00234.jpg      211.134624      207.035825      443.012383      185.634304      453.430001      370.371573      221.730488      398.637049
frame00235.jpg      207.733307      206.764877      440.140681      184.329399      450.590694      369.603424      218.459822      398.881955
frame00236.jpg      202.562511      207.309567      435.445804      183.421677      446.515572      368.969476      214.106000      399.655864
frame00237.jpg      198.529241      206.474569      431.916183      182.743516      443.148374      368.337309      210.251537      398.716249
frame00238.jpg      195.530975      203.079801      429.506495      180.578260      440.306760      366.485976      206.841328      395.543247
frame00239.jpg      193.022162      199.434769      427.686061      178.149859      437.944140      364.218496      203.764886      391.854984
frame00240.jpg      190.691560      194.568198      426.004975      174.317509      435.870733      361.081109      201.102458      387.646562
frame00241.jpg      191.929676      191.937972      427.509924      172.776945      437.948024      360.447857      202.988752      385.588960
frame00242.jpg      196.016361      191.046749      431.908077      173.390390      441.440058      361.872116      205.931178      385.218783
frame00243.jpg      200.803560      192.295717      436.653056      175.205867      446.474673      364.041196      210.530801      386.738661
frame00244.jpg      209.195460      196.001142      444.410246      177.482783      455.714123      366.090624      219.453310      389.947796
frame00245.jpg      220.436548      195.749724      455.697816      177.494352      466.719921      365.938133      230.142255      388.750746
frame00246.jpg      227.266587      191.734968      463.448773      174.017681      472.921371      363.527419      236.647170      385.019380
frame00247.jpg      229.765450      190.300325      466.618766      174.295676      474.444828      364.855293      237.887321      384.272558
frame00248.jpg      230.946045      189.102400      468.231931      176.054783      475.102787      367.035645      237.975666      383.286354
frame00249.jpg      235.599930      188.120790      472.891170      177.789061      479.504270      368.896147      241.603459      382.549569
frame00250.jpg      242.927363      188.867898      480.376571      179.256918      487.017711      370.645343      248.663864      383.040179
frame00251.jpg      250.487427      188.113182      488.404331      179.406813      493.900900      371.317354      255.521359      382.038361
frame00252.jpg      255.941743      184.760943      494.347074      176.298897      498.999820      368.969610      260.495460      379.147687
frame00253.jpg      259.287979      180.798631      498.062256      173.652583      501.569692      367.005505      262.833384      375.776499
frame00254.jpg      261.165564      177.531879      500.066394      171.710551      502.929013      365.538782      264.032507      372.849355
frame00255.jpg      263.359595      174.934583      502.223574      170.964614      504.295569      365.155332      265.283310      370.304535
frame00256.jpg      266.198013      173.231867      504.870805      170.414043      506.684078      364.816048      267.693040      368.324404
frame00257.jpg      270.427373      172.181362      508.968627      169.713085      510.532875      364.417167      271.785960      366.865631
frame00258.jpg      274.072327      171.938281      512.590712      169.119653      513.910836      364.094580      275.356008      366.275742
frame00259.jpg      275.760340      171.937407      514.324363      168.841415      514.986108      364.102527      276.805792      366.064350
frame00260.jpg      275.189537      171.661415      513.521494      168.686953      513.969926      363.810205      276.012489      365.577431
frame00261.jpg      274.039933      171.429471      512.283698      168.070387      512.981623      363.252673      275.123056      365.156999
frame00262.jpg      274.299699      172.375866      512.265101      168.260839      513.880814      363.588976      275.998129      365.994753
frame00263.jpg      276.142208      172.948971      513.916992      168.976625      515.423368      363.929673      277.738734      366.092974
frame00264.jpg      277.437445      172.767293      515.155343      168.756965      516.581081      363.663096      279.220403      365.631341
frame00265.jpg      278.645981      172.550195      516.426984      168.333467      517.711711      363.390421      280.553338      365.175027
frame00266.jpg      279.411723      172.671649      517.327505      168.117503      518.196314      363.503441      281.390334      365.249494
frame00267.jpg      280.010440      173.021823      518.142366      168.325283      518.623777      364.189465      281.902113      365.380421
frame00268.jpg      280.292426      172.486760      518.694223      168.455483      518.732736      364.489970      281.971139      364.927597
frame00269.jpg      280.832195      171.851199      519.388226      168.530286      518.831946      364.833741      281.756936      363.809842
frame00270.jpg      281.510012      171.604590      519.677934      168.977240      519.099527      365.494881      280.669948      362.675273
frame00271.jpg      281.767304      171.262855      520.015346      169.037177      519.725491      365.563709      280.026606      362.917927
frame00272.jpg      281.826630      171.031144      520.245790      168.500489      520.267361      365.262529      280.018591      363.245951
frame00273.jpg      281.810339      170.830329      520.223376      167.801544      520.725826      364.617818      280.415784      363.344967
frame00274.jpg      281.615079      169.848383      520.047538      167.040789      520.742053      363.953843      280.526890      362.743106
frame00275.jpg      281.582291      168.365024      520.161324      166.096396      520.539680      363.260841      280.344915      361.385536
frame00276.jpg      281.277936      166.519896      520.071824      165.532734      519.782856      362.614602      279.614648      359.761210
frame00277.jpg      280.538574      165.444653      519.532152      165.375535      518.666144      362.238444      278.287361      358.952648
frame00278.jpg      278.267735      165.412263      517.283486      165.365271      516.159311      362.131538      275.750018      359.124251
frame00279.jpg      275.635599      166.382286      513.894232      165.652122      513.492165      362.053575      273.463705      360.337546
frame00280.jpg      273.273515      167.410465      510.990797      166.616753      511.159771      361.875498      271.822713      361.354846
frame00281.jpg      271.437823      167.385579      509.045719      166.319139      508.994968      361.151897      269.692192      360.879503
frame00282.jpg      267.445705      166.567957      504.974559      165.547273      504.050004      360.155234      264.852475      359.824093
frame00283.jpg      262.261765      164.715392      499.944507      164.531996      497.661249      359.122892      259.705271      357.681996
frame00284.jpg      256.835327      161.608947      494.313727      163.970281      491.005322      358.434646      253.154446      354.310400
frame00285.jpg      251.158364      160.600906      488.204033      163.260720      485.403911      357.475716      247.454076      353.343495
frame00286.jpg      246.817654      160.146936      483.581416      162.588510      481.751862      356.486644      243.706130      352.911771
frame00287.jpg      243.591615      160.255545      480.168058      161.952600      478.751938      355.984964      240.727901      353.125225
frame00288.jpg      240.116665      160.411988      476.558391      161.806553      475.289885      355.542471      237.203915      353.014795
frame00289.jpg      236.353593      159.961623      472.699714      161.796988      471.390858      355.326734      233.251494      352.711605
frame00290.jpg      233.088187      160.335692      469.211330      161.953849      468.484556      355.284502      230.346105      353.162273
frame00291.jpg      230.805913      161.446579      466.716096      163.139817      465.943353      356.402866      227.747745      354.223690
frame00292.jpg      228.757323      162.955354      464.357794      165.234996      463.558551      358.526572      225.597247      355.587879
frame00293.jpg      228.041596      164.969482      463.122667      167.290997      462.582517      360.305197      224.363936      356.917938
frame00294.jpg      228.320557      167.753556      463.013459      169.310474      462.893095      362.279880      225.020455      359.243449
frame00295.jpg      231.025131      169.752982      465.559830      171.613164      465.632820      363.752860      228.987936      360.526480
frame00296.jpg      236.090336      170.511671      470.289963      173.699571      469.503657      365.594682      233.963676      361.042818
frame00297.jpg      240.585158      173.566894      474.820341      178.044185      472.779151      369.892935      238.352624      364.231132
frame00298.jpg      244.887312      176.023656      478.933375      182.018598      476.221196      373.869054      242.022754      366.405572
frame00299.jpg      249.770675      178.868475      483.819330      185.478290      480.861330      378.055723      247.434761      369.759284
frame00300.jpg      256.052416      180.901917      489.852702      187.037914      487.424182      379.553984      254.171289      371.510662
frame00301.jpg      264.370804      181.889427      497.986894      188.656029      496.009105      380.847549      262.565376      372.347993
frame00302.jpg      272.928971      182.297353      506.602014      191.192441      503.920858      382.400506      269.905925      372.488928
frame00303.jpg      280.356047      182.692811      514.095888      192.889604      510.881357      383.686881      276.385186      372.768643
frame00304.jpg      286.693406      183.311334      520.920924      194.010475      517.272164      384.841885      282.628494      373.469347
frame00305.jpg      293.566660      184.043677      528.284867      195.321532      524.386429      386.475962      289.267226      374.355771
frame00306.jpg      300.411730      184.178799      535.687054      196.363878      531.166377      388.072700      295.895572      375.006101
frame00307.jpg      306.803374      184.182465      542.584872      196.994415      537.494044      389.313444      302.288310      375.325596
frame00308.jpg      312.597349      183.826267      548.798767      197.024922      543.089602      389.983038      307.671330      375.193145
frame00309.jpg      317.389550      183.718714      553.940869      195.988197      548.660736      389.215479      313.041097      374.950518
frame00310.jpg      323.113235      182.292779      560.144477      194.832124      554.322479      388.191435      318.467687      373.239162
frame00311.jpg      327.118274      180.376332      564.375375      192.979763      558.052607      386.898958      321.789853      371.559807
frame00312.jpg      329.381924      179.755773      566.780787      192.459993      559.967024      386.819977      323.590800      370.997686
frame00313.jpg      330.006109      179.749350      567.444126      192.744683      559.995408      387.026682      323.586526      370.850750
frame00314.jpg      329.357083      180.688545      566.730589      193.120942      560.103550      387.092022      323.107683      371.814003
frame00315.jpg      330.153875      181.195465      566.973466      193.888379      561.249233      387.933982      323.227903      373.206865
frame00316.jpg      329.789034      181.768565      566.857187      193.353046      560.741753      387.971399      322.631185      374.410430
frame00317.jpg      327.644656      182.480994      564.978710      193.824742      558.700665      387.731027      320.685409      374.016865
frame00318.jpg      324.413633      183.325610      561.192582      194.362319      554.880403      387.970024      316.460350      374.639739
frame00319.jpg      319.962405      183.790879      556.291314      195.233020      549.919421      388.357378      310.669115      374.915321
frame00320.jpg      314.523898      183.835093      550.809505      195.239488      544.544392      388.448837      305.157265      374.348405
frame00321.jpg      309.131232      183.400125      545.680807      194.712969      539.794966      387.910559      300.612839      374.230981
frame00322.jpg      303.387665      182.747577      540.279260      193.856368      534.170007      387.188518      295.285389      374.055293
frame00323.jpg      296.728980      181.074478      533.968951      192.808768      526.985034      386.263212      288.492961      372.754592
frame00324.jpg      289.133698      178.902484      526.481424      191.557276      519.370451      385.133706      280.944557      371.148456
frame00325.jpg      283.641271      177.209976      521.147049      189.932805      514.722959      383.637044      276.297953      370.045041
frame00326.jpg      280.620018      175.187227      518.175877      187.210660      512.477291      380.700305      273.998144      367.965761
frame00327.jpg      278.238943      172.666870      515.946321      182.751200      510.651871      375.952979      272.149696      364.998273
frame00328.jpg      274.207066      169.476541      512.003923      177.657795      507.225839      371.320415      268.682686      362.202444
frame00329.jpg      269.621588      168.071877      507.172893      175.328942      503.285998      368.317154      264.383184      360.473708
frame00330.jpg      265.018834      165.202110      502.459433      171.751013      498.886294      364.347890      259.830155      357.221410
frame00331.jpg      259.783898      162.170710      497.287996      167.907296      493.606808      360.419730      254.220242      354.029492
frame00332.jpg      252.012981      158.972433      489.628192      164.162648      485.599086      357.021640      246.038340      351.040798
frame00333.jpg      243.541387      157.145791      481.420911      161.570878      478.229784      354.488830      238.231068      349.690230
frame00334.jpg      236.348290      154.197903      474.565691      158.070358      471.995517      350.332930      231.414670      346.605347
frame00335.jpg      228.747773      151.346441      467.384371      154.912766      465.085212      347.696940      223.942344      344.934629
frame00336.jpg      220.361889      149.069910      459.692321      151.659851      457.988500      344.568345      216.247749      342.914398
frame00337.jpg      213.153026      145.736253      453.277304      148.702910      451.614166      342.256240      209.275813      340.395719
frame00338.jpg      207.579737      143.179759      448.515848      145.813634      447.606007      339.765111      204.576220      338.544195
frame00339.jpg      205.110343      139.751647      446.927070      141.495659      446.964639      335.971161      203.235578      335.699568
frame00340.jpg      202.405958      137.959752      445.100270      137.858047      445.323688      333.374823      200.485374      335.249522
frame00341.jpg      197.616364      138.339535      441.333439      136.229025      442.306740      332.739233      196.730893      336.487474
frame00342.jpg      194.095555      136.017358      438.681281      134.935431      439.447012      331.886478      193.162923      334.590619
frame00343.jpg      192.115729      133.878206      437.610456      133.867062      438.405450      331.534747      191.408609      333.468504
frame00344.jpg      191.993925      132.979267      438.399177      132.755580      439.678823      331.144940      192.229746      333.011295
frame00345.jpg      195.177649      131.333411      442.247705      131.990911      443.397579      331.338194      195.697317      331.899047
frame00346.jpg      199.370346      130.806758      447.484050      131.305941      448.213336      332.127792      200.382718      332.853624
frame00347.jpg      204.033272      132.794023      452.571496      133.945959      453.162359      335.854629      205.046360      336.133890
frame00348.jpg      208.938052      134.751037      458.028311      136.343667      458.619286      338.795172      210.155431      338.506854
frame00349.jpg      216.617738      135.286223      465.671136      137.506299      467.169826      340.152663      217.827010      339.108583
frame00350.jpg      228.187910      136.197842      477.241218      138.415773      479.090366      341.575211      229.206128      339.715924
frame00351.jpg      240.129899      136.809106      488.846007      139.983191      490.043138      343.145195      239.888017      339.888032
frame00352.jpg      250.562702      137.529117      498.689422      141.418257      499.731080      344.627284      249.225941      340.169016
frame00353.jpg      260.664732      140.181436      508.014607      142.893621      509.927590      345.936407      258.846061      342.192671
frame00354.jpg      272.656960      143.678100      519.390419      143.832377      522.500313      346.609482      271.637375      344.357121
frame00355.jpg      283.985820      147.688319      530.258403      144.504616      533.745677      347.505240      284.100412      347.522147
frame00356.jpg      294.382270      152.382333      540.097620      146.666499      543.568648      350.255834      295.481679      351.436317
frame00357.jpg      302.237156      159.866170      547.239628      153.336000      549.804775      356.306912      303.344994      358.077611
frame00358.jpg      305.873376      170.107052      549.694932      162.031202      552.241863      365.004159      306.755908      368.076407
frame00359.jpg      307.349660      182.429799      549.926455      174.112469      552.326913      376.456419      307.885599      379.401984
frame00360.jpg      307.113480      192.911025      548.611325      183.387466      551.588408      383.751819      308.406623      388.315250
frame00361.jpg      307.276198      200.585450      547.826205      189.160578      552.321684      388.074958      310.250342      394.931797
frame00362.jpg      309.209368      204.717658      549.223743      191.941564      554.509734      389.792785      313.702550      398.378360
frame00363.jpg      311.544947      208.749214      551.106224      194.870975      556.837991      392.335352      316.811252      402.007471
frame00364.jpg      313.986348      210.554280      553.258340      196.182096      559.080357      393.216085      319.496496      403.374797
frame00365.jpg      315.821271      212.117511      554.742049      198.459958      560.023244      395.546660      320.914295      405.160976
frame00366.jpg      316.570716      215.047681      555.071054      201.868527      560.121383      398.589655      321.481133      408.018691
frame00367.jpg      316.936803      216.902814      554.920436      204.401441      560.107510      400.253268      321.419738      409.234718
frame00368.jpg      318.181763      216.050786      555.606163      204.526329      561.293587      399.178400      322.351878      408.330145
frame00369.jpg      319.856175      215.163023      557.226277      203.782190      563.347355      397.628034      324.223185      407.564165
frame00370.jpg      322.127570      214.691190      559.344526      204.785279      565.259710      398.041538      325.822707      407.310739
frame00371.jpg      325.143694      215.890758      562.191304      206.447140      568.527924      399.538774      329.234225      409.046292
frame00372.jpg      330.150218      217.482322      567.280922      209.516452      573.337296      402.062228      334.598647      410.233959
frame00373.jpg      335.954366      217.985461      573.490219      209.060589      578.610981      402.649291      343.392120      409.672432
frame00374.jpg      343.569981      217.603048      580.905261      209.095403      585.531293      402.766467      350.212275      409.003776
frame00375.jpg      352.135772      215.567873      588.826457      210.823666      592.282514      402.813070      355.507461      406.908281
frame00376.jpg      359.569686      213.093013      595.097140      211.759444      597.590572      401.672326      360.423029      404.224376
frame00377.jpg      364.966344      209.581559      601.861928      208.939859      602.608264      399.839405      372.629396      400.144236
frame00378.jpg      370.119992      206.456971      609.831023      206.731214      606.651469      395.608315      382.472242      396.358853
frame00379.jpg      375.201016      202.401184      615.436073      203.967124      611.611037      389.437808      385.450995      390.886647
frame00380.jpg      378.561426      196.432743      617.709422      203.517680      611.546984      384.755795      387.648342      385.752986
frame00381.jpg      374.951157      191.533525      602.929255      208.900956      597.891212      363.194466      385.764267      384.773824
frame00382.jpg      345.196424      183.322434      590.885988      232.193324      590.679473      331.692539      384.564453      383.497656
frame00383.jpg       30.874913      102.787492      594.577536      254.809662      581.330547      306.545903      418.066960      362.019160
frame00384.jpg      695.872832      342.680271      591.953692      272.214168      574.107223      298.396340      484.837570      332.564992
frame00385.jpg      656.284696      294.879343      587.564717      282.189548      575.510441      293.388244      508.319068      320.455307
frame00386.jpg      649.386872      289.691455      586.520854      283.551979      575.872322      292.723626      511.174022      318.926942
frame00387.jpg      647.211695      288.647612      586.246944      283.885708      575.960381      292.564583      511.899119      318.538984
frame00388.jpg      642.167465      286.610912      585.561114      284.619388      576.206584      292.204574      514.022248      317.458900
frame00389.jpg      641.821975      286.518194      585.519611      284.660756      576.219034      292.185844      514.144931      317.396218
frame00390.jpg      641.101541      286.223507      585.404203      284.776025      576.255685      292.131523      514.661653      317.145020
frame00391.jpg      640.681006      286.093537      585.342559      284.835091      576.274000      292.104873      514.862282      317.044341
frame00392.jpg      637.307700      285.106564      584.936064      285.255821      576.405063      291.899647      517.575322      315.775897
frame00393.jpg      637.162625      284.935712      584.854825      285.329929      576.430457      291.867350      517.644869      315.725443
frame00394.jpg      634.435930      284.510144      584.567050      285.594895      576.519017      291.742166      519.478320      314.878720
frame00395.jpg      632.559381      284.033969      584.273310      285.863388      576.612689      291.614477      521.219731      314.065224
frame00396.jpg      631.609470      283.990737      584.193878      285.934401      576.635676      291.581583      521.607474      313.882519
frame00397.jpg      631.575654      283.891924      584.151663      285.972897      576.648967      291.563241      521.869471      313.760203
frame00398.jpg      631.655611      283.756439      584.104729      286.013918      576.666523      291.542968      522.104015      313.649043
frame00399.jpg      629.053608      283.174010      583.751361      286.332836      576.793803      291.380941      525.134341      312.282236
frame00400.jpg      629.173031      283.081673      583.723241      286.356884      576.805049      291.368778      525.276329      312.215152
frame00401.jpg      628.837724      282.941255      583.659880      286.413345      576.831396      291.338333      525.803987      311.977483
frame00402.jpg      628.096016      282.817432      583.567138      286.493482      576.865150      291.297822      526.419235      311.696913
frame00403.jpg      626.921028      282.485968      583.378919      286.657972      576.937132      291.211404      528.252030      310.880977
frame00404.jpg      626.474123      282.253983      583.265530      286.752828      576.983111      291.160779      529.627403      310.278177
frame00405.jpg      624.399121      282.125369      583.055308      286.927600      577.057621      291.071915      531.875775      309.291937
frame00406.jpg      624.012735      282.126049      583.016914      286.957593      577.070371      291.057937      532.070307      309.202865
frame00407.jpg      622.272246      281.932828      582.783539      287.147264      577.158065      290.962003      534.309384      308.216493
frame00408.jpg      621.355729      281.957833      582.710847      287.205757      577.184225      290.932933      535.028883      307.901436
frame00409.jpg      621.216069      281.878736      582.659986      287.245065      577.201789      290.914047      535.566727      307.666747
frame00410.jpg      620.385069      281.892374      582.586148      287.303135      577.223200      290.887953      536.347156      307.325976
frame00411.jpg      620.106216      281.899006      582.564253      287.322004      577.232996      290.877905      536.589028      307.219243
frame00412.jpg      619.404882      281.967490      582.520967      287.354569      577.237393      290.867725      537.250405      306.933095
frame00413.jpg      618.966293      282.030313      582.486412      287.381377      577.241845      290.860193      537.294371      306.906254
frame00414.jpg      618.519725      282.095952      582.452412      287.408355      577.243949      290.854232      537.435265      306.840000
frame00415.jpg      618.154288      282.141857      582.425904      287.431360      577.245735      290.848573      537.678089      306.731696
frame00416.jpg      617.691905      282.213224      582.394356      287.458483      577.246871      290.842011      537.881737      306.637847
frame00417.jpg      617.319546      282.273053      582.362264      287.481505      577.246098      290.839392      538.204170      306.497464
frame00418.jpg      617.207768      282.286068      582.340527      287.493942      577.245920      290.838870      538.301376      306.453638
