frame ulx uly urx ury lrx lry llx lly
frame00001.jpg 135.997171 75.000388 540.000953 74.999843 539.998996 372.999815 136.002494 373.000523
frame00002.jpg 141.354852 76.982661 542.205654 78.295570 542.718938 373.833622 138.845058 372.485037
frame00003.jpg 145.301607 76.968989 545.619448 79.590046 544.386515 375.170960 142.544013 372.461992
frame00004.jpg 149.726610 79.272320 547.637483 82.892894 545.989431 377.889503 145.287333 374.213314
frame00005.jpg 152.696856 81.534873 549.964338 86.335749 547.110386 380.365128 148.627797 375.939251
frame00006.jpg 156.804255 83.958705 552.641081 89.299695 550.199128 382.157293 152.926567 376.621589
frame00007.jpg 161.972434 86.586047 555.238242 92.105721 554.343092 382.872495 157.350105 376.981307
frame00008.jpg 166.756290 86.839478 560.418351 91.723197 558.045101 382.570207 163.713264 376.390426
frame00009.jpg 171.565589 86.343567 564.662512 91.377586 561.496894 381.538449 168.457760 375.148590
frame00010.jpg 175.632892 85.889696 568.190281 91.163679 564.205852 380.813382 172.128900 374.291456
frame00011.jpg 178.654134 85.889802 570.158581 91.254074 565.657203 380.057131 174.487724 373.767060
frame00012.jpg 180.745284 85.454964 571.901160 90.594362 567.326761 379.255677 177.421092 373.049699
frame00013.jpg 184.098940 86.432191 573.281352 91.929346 570.084931 379.149803 180.005442 372.931228
frame00014.jpg 187.215702 86.860446 576.067865 91.756842 572.333498 378.936670 184.056268 372.744637
frame00015.jpg 190.458165 87.669565 577.777874 92.572408 574.397109 378.410064 186.918121 372.733360
frame00016.jpg 192.860925 88.067485 579.729666 92.310300 575.979893 377.797714 190.160208 372.513499
frame00017.jpg 194.782910 87.693520 581.096835 92.008458 576.830237 376.744378 192.637720 371.987461
frame00018.jpg 197.015155 88.026765 581.702109 92.279040 577.979796 375.330919 194.700271 370.906284
frame00019.jpg 199.243093 87.421246 582.167865 91.571803 578.860377 372.795029 196.077277 368.592901
frame00020.jpg 200.304779 86.747910 581.873735 90.530373 578.771056 370.823315 196.509910 367.478563
frame00021.jpg 200.257788 84.685799 581.519768 88.494756 577.843153 367.841564 197.251055 365.031819
frame00022.jpg 200.648337 83.576985 580.364614 87.149549 576.777747 366.378585 197.020916 364.150983
frame00023.jpg 199.539730 82.455589 579.686844 86.306186 574.487166 365.775162 197.603144 363.874206
frame00024.jpg 199.098565 82.990748 576.908416 88.321803 572.138625 365.438595 196.036413 363.785213
frame00025.jpg 197.576494 82.455162 575.249257 87.771272 569.177093 365.238102 195.466942 363.667779
frame00026.jpg 197.035004 84.052528 571.414334 90.393752 566.671220 365.215433 192.841531 363.878767
frame00027.jpg 195.191248 83.490254 569.568462 90.710046 563.792937 364.948947 192.566665 363.653229
frame00028.jpg 194.237615 82.985702 567.674336 91.086634 561.963102 363.567894 192.066556 362.688936
frame00029.jpg 194.251649 82.215376 566.493172 90.159387 560.829719 362.462788 192.231161 361.671023
frame00030.jpg 194.863229 82.798489 565.502492 91.018417 560.919994 361.528741 193.132161 361.073985
frame00031.jpg 196.466112 82.355619 565.518912 90.518498 561.744206 359.265246 195.025283 359.248798
frame00032.jpg 199.036829 81.628961 566.623577 89.259981 563.145279 357.451776 197.306152 357.488141
frame00033.jpg 201.063501 80.597670 568.305222 88.722438 563.864188 357.261102 199.866414 357.094962
frame00034.jpg 202.678770 80.131218 569.873550 88.490477 564.147604 356.919432 202.202003 356.260704
frame00035.jpg 204.710031 79.914104 570.380269 89.115210 564.199760 356.325647 203.306445 355.546750
frame00036.jpg 205.800134 79.806963 570.281785 89.458880 563.643433 355.729661 204.190876 354.966826
frame00037.jpg 206.719874 80.727297 569.250465 90.639520 563.071004 355.696385 204.505051 355.366123
frame00038.jpg 207.166869 81.264632 568.436265 91.430235 561.851283 354.998417 205.025864 355.051958
frame00039.jpg 206.241745 80.591331 567.048170 90.964180 559.439797 353.739446 205.186311 354.499139
frame00040.jpg 205.471640 80.285272 564.790038 90.666901 557.400892 351.731090 204.859627 353.408109
frame00041.jpg 204.655663 79.610567 562.516614 89.709144 555.055645 349.861269 204.060720 352.281993
frame00042.jpg 203.144284 79.277514 559.420771 89.194393 551.952370 347.672191 202.610479 350.939372
frame00043.jpg 201.197181 78.587130 554.900683 87.666785 548.510392 343.482057 199.668877 348.064441
frame00044.jpg 196.718641 74.951212 550.242450 83.887539 544.024330 338.587929 197.094368 344.952869
frame00045.jpg 192.642830 71.617193 545.571593 79.767380 540.118282 333.186622 194.672379 341.383874
frame00046.jpg 190.086919 68.203597 541.768522 75.337646 537.198663 328.406637 192.985805 337.826812
frame00047.jpg 187.295565 64.702918 538.986337 72.131598 534.187519 324.866179 192.520315 334.998418
frame00048.jpg 186.402797 61.540659 536.103393 68.820960 531.829460 319.580842 190.943583 330.343700
frame00049.jpg 184.541517 57.334358 534.108732 65.345459 529.313961 316.957104 190.751532 328.158842
frame00050.jpg 184.073474 56.501816 532.507922 65.424075 527.289433 317.280285 190.914987 328.456735
frame00051.jpg 185.235101 58.930649 530.696623 68.121624 525.662798 318.242072 190.606855 329.041047
frame00052.jpg 185.925884 60.165952 528.843801 70.875118 523.855842 319.520663 190.144516 330.278901
frame00053.jpg 186.230815 62.905181 527.889627 73.815416 523.114371 321.965423 191.889020 332.832876
frame00054.jpg 188.153663 65.851399 528.250795 77.091846 523.829675 323.209291 194.750554 334.318997
frame00055.jpg 192.355943 68.968181 529.488410 79.409490 526.429969 324.945923 198.048769 336.224300
frame00056.jpg 195.592800 71.712657 531.543581 82.201157 527.989471 326.179956 201.627573 337.858710
frame00057.jpg 199.222037 74.560127 532.786087 83.974747 530.271347 326.236377 204.670192 338.517629
frame00058.jpg 200.435527 74.529066 534.098563 83.542396 530.643364 325.631767 207.644208 338.505787
frame00059.jpg 201.864712 74.626905 533.847793 82.717996 531.008823 322.085548 208.938217 336.291682
frame00060.jpg 202.023504 71.512854 533.474112 78.615144 530.835592 317.608208 210.357861 333.049954
frame00061.jpg 202.490482 68.628424 533.165622 75.374785 530.037451 313.790968 211.415213 330.016613
frame00062.jpg 201.791019 65.496938 531.572574 71.731872 527.940427 309.219297 210.764349 326.675743
frame00063.jpg 199.719491 62.462986 528.421350 68.155096 523.847414 305.025454 208.352082 323.591936
frame00064.jpg 195.612204 61.052544 522.323525 65.926180 517.728694 302.895360 203.429090 322.947092
frame00065.jpg 188.378311 59.826781 514.578489 65.505882 509.094743 301.164056 197.424332 322.955540
frame00066.jpg 180.842893 59.675723 505.655376 66.002136 501.382652 300.691413 191.837948 323.701335
frame00067.jpg 176.661632 61.996541 498.833904 67.678127 496.507937 299.631224 188.153919 323.530447
frame00068.jpg 173.793913 60.468259 494.371085 66.354424 492.683543 296.770324 186.392328 321.436863
frame00069.jpg 172.222858 59.621315 491.391752 65.873518 490.314316 296.556517 186.592669 322.325429
frame00070.jpg 173.304633 62.583829 490.186833 68.277862 489.750228 297.927840 188.861448 324.356532
frame00071.jpg 175.901514 65.470661 490.131836 71.069993 490.004778 298.945777 191.398835 325.468572
frame00072.jpg 179.666455 67.955328 490.940140 73.549022 491.110346 300.041176 194.655014 326.213472
frame00073.jpg 184.307165 69.985424 493.107541 75.746612 493.589892 300.976874 199.226054 326.840970
frame00074.jpg 189.977983 71.998336 496.109386 77.729653 496.521970 301.651118 204.419445 327.312635
frame00075.jpg 195.196167 73.290249 499.729451 78.666162 499.860894 301.129084 210.200182 326.752774
frame00076.jpg 199.490139 72.867653 501.935115 77.723081 501.457256 298.942531 212.971149 325.583925
frame00077.jpg 200.771705 72.301311 502.052845 77.000340 500.709072 298.112901 214.853546 325.143038
frame00078.jpg 201.086905 72.571128 500.886352 77.005368 499.628717 297.562582 215.659199 325.312371
frame00079.jpg 201.619942 73.703103 499.393802 77.366652 498.612627 296.382540 216.094952 324.977631
frame00080.jpg 201.564291 73.322632 497.433650 77.365277 497.177437 296.712715 216.380629 326.428913
frame00081.jpg 201.618279 76.434965 495.786227 80.263966 495.382209 298.857342 216.285703 329.199903
frame00082.jpg 200.169689 79.432463 492.420161 82.943913 492.045073 299.764151 214.323599 331.343847
frame00083.jpg 198.416987 81.836290 488.231389 83.970673 489.376729 298.790480 213.159479 331.049528
frame00084.jpg 197.374003 81.070036 485.672528 83.218408 488.079437 297.162049 213.753988 330.767567
frame00085.jpg 198.395111 81.263941 485.461598 83.057881 488.949585 297.363148 217.009539 331.895117
frame00086.jpg 202.398585 84.169962 486.868406 84.063892 491.565037 296.464392 221.385970 331.853640
frame00087.jpg 205.154768 83.921791 488.251913 83.360606 492.854052 295.369853 225.322625 331.961678
frame00088.jpg 207.878997 85.327881 488.726523 83.240634 493.669998 293.629450 228.211933 331.179998
frame00089.jpg 209.770598 85.151190 488.173216 81.710334 493.396599 291.643418 229.610362 330.396698
frame00090.jpg 208.930503 85.408863 486.203504 81.920759 490.834084 290.435702 229.489779 329.891456
frame00091.jpg 206.858043 83.140749 482.040991 79.136887 486.341821 285.373594 226.806454 326.133309
frame00092.jpg 202.385642 80.228485 475.498679 74.973336 480.671716 280.884895 222.662323 323.102910
frame00093.jpg 197.368752 77.336955 469.388311 71.539216 475.430083 276.559311 219.407967 320.244085
frame00094.jpg 192.389121 74.257752 463.464807 67.866728 470.399315 273.031421 216.214805 318.011541
frame00095.jpg 188.851108 73.631963 458.208963 67.053492 466.071245 271.248718 213.262481 317.209296
frame00096.jpg 184.112366 70.560324 453.155362 64.670267 460.331992 268.519623 209.671290 315.210641
frame00097.jpg 178.894762 70.272533 446.363705 64.420313 454.415186 267.669613 205.309523 315.684166
frame00098.jpg 174.733423 70.115450 440.510978 63.567519 449.880461 264.951149 202.577165 313.525859
frame00099.jpg 172.371828 66.913688 436.893721 60.714848 447.511512 262.318354 202.533664 311.848786
frame00100.jpg 174.432486 69.236205 436.332824 62.023700 448.252154 264.311047 205.995648 314.386205
frame00101.jpg 178.963937 72.054969 438.567021 65.108257 450.873872 265.348627 211.304141 315.145607
frame00102.jpg 185.320517 74.846444 441.239349 66.977368 454.522163 267.361661 216.684515 317.626959
frame00103.jpg 192.969415 80.959468 445.629478 73.004467 459.210641 272.133071 224.135952 321.798165
frame00104.jpg 200.038564 83.824938 450.428388 76.235061 463.185743 272.583229 230.527083 321.477310
frame00105.jpg 206.303309 83.306165 454.171116 75.344073 466.975716 270.618191 236.197671 319.386685
frame00106.jpg 212.566733 82.776709 458.166741 74.111227 470.999192 268.835209 242.430943 317.390818
frame00107.jpg 217.984269 81.028882 461.830730 71.949859 474.235179 266.006788 247.248257 314.627367
frame00108.jpg 222.723596 80.270644 464.322745 70.287612 476.576640 264.077312 251.206765 313.011207
frame00109.jpg 224.670037 77.619834 465.485250 68.651642 476.490359 261.715886 252.618791 310.249589
frame00110.jpg 224.358315 75.570967 463.949604 66.672304 473.813014 260.015337 250.808694 308.849236
frame00111.jpg 221.229045 75.033218 459.706298 66.064862 469.001589 257.408136 247.526715 306.340856
frame00112.jpg 215.039342 69.321059 452.169398 60.444678 461.485040 252.167469 240.760113 302.404577
frame00113.jpg 208.524205 68.713342 444.919607 60.716057 454.932956 253.579718 235.784334 304.572064
frame00114.jpg 203.816391 70.885661 438.727130 63.041286 449.341128 254.877912 231.135803 306.069651
frame00115.jpg 198.885902 73.249549 433.149810 65.882312 443.987983 257.280000 227.483262 309.050264
frame00116.jpg 195.144162 75.721241 427.513949 68.574580 439.123109 259.242061 223.444777 311.889082
frame00117.jpg 191.284316 79.993091 422.758156 73.053396 434.852911 262.830474 220.963632 315.385287
frame00118.jpg 189.800165 82.317075 419.398641 74.891446 433.059414 262.525885 220.276297 315.093691
frame00119.jpg 190.731279 81.581727 419.116320 74.259379 433.328397 261.817548 222.516393 314.431043
frame00120.jpg 194.966201 81.472944 421.319220 74.361833 436.183162 261.858748 226.961256 314.463438
frame00121.jpg 201.239130 84.083180 425.348293 76.417912 440.375225 264.301356 232.963886 316.756168
frame00122.jpg 206.455118 84.731996 429.282290 77.588762 443.254658 262.591523 237.262416 314.287872
frame00123.jpg 210.772957 81.491741 431.841550 74.339160 446.356578 260.357052 242.093834 312.264399
frame00124.jpg 215.562097 83.762826 434.795695 75.395305 448.371615 261.221027 245.311868 313.372218
frame00125.jpg 216.033297 83.474677 434.416510 75.025291 447.908305 259.782632 245.948787 312.397351
frame00126.jpg 215.977622 79.154817 433.992188 70.612550 448.306519 254.181874 247.534338 307.686835
frame00127.jpg 216.973698 76.142217 434.190663 65.096882 450.088890 250.511084 250.254970 306.283674
frame00128.jpg 217.470828 76.121218 434.488386 63.251325 451.141763 248.788213 252.613856 305.764067
frame00129.jpg 217.572054 73.448416 434.228569 60.452982 450.600257 245.598089 253.113259 303.176725
frame00130.jpg 217.178857 70.633191 433.073058 56.957754 450.194002 242.910183 253.529288 301.718840
frame00131.jpg 219.306121 72.701095 433.483885 57.857902 451.502114 245.079153 256.466963 304.175621
frame00132.jpg 222.042348 75.172044 434.901223 61.394459 451.965562 247.886330 257.897443 306.241856
frame00133.jpg 223.505102 77.956777 435.005788 64.709070 451.878760 250.772829 258.981914 309.026473
frame00134.jpg 225.518479 81.293586 435.441177 67.603961 453.284377 252.090377 261.800111 310.641176
frame00135.jpg 229.243575 84.808000 437.729879 69.999059 456.437870 254.801827 266.684099 314.285917
frame00136.jpg 232.898604 89.679029 439.508062 73.917280 458.016159 257.544958 268.960955 317.400304
frame00137.jpg 234.637784 92.359064 440.046945 76.489393 459.095049 259.333036 271.252267 319.232961
frame00138.jpg 237.701558 94.826620 441.830883 78.804715 460.863980 261.494088 274.079555 321.160629
frame00139.jpg 240.674681 96.872294 443.470895 81.016367 462.049887 262.788685 276.144979 322.133022
frame00140.jpg 242.693977 98.907131 444.313728 82.910777 463.300205 263.898609 278.403865 323.279682
frame00141.jpg 245.368002 99.742889 445.573580 83.282423 464.737313 263.903681 280.434481 323.564841
frame00142.jpg 246.350207 102.414961 445.572502 85.580734 464.000147 267.535583 280.623327 328.298291
frame00143.jpg 244.621130 108.754946 442.725587 92.007671 461.030833 273.052923 278.748673 333.964497
frame00144.jpg 243.394281 112.889757 439.774189 96.395277 458.921780 275.017073 277.483223 335.410081
frame00145.jpg 244.889502 113.116675 440.224681 97.258264 459.876378 274.949912 279.731387 334.498565
frame00146.jpg 247.318811 112.897392 441.434167 97.414086 460.563975 275.646857 281.301155 335.191664
frame00147.jpg 249.649109 115.407295 442.785906 100.267599 461.843142 277.584816 283.919962 336.041006
frame00148.jpg 252.933925 117.132757 444.307147 101.906826 462.570516 279.161572 284.974640 337.302652
frame00149.jpg 252.567239 120.449090 443.418761 105.982621 460.973790 282.589463 284.210710 340.092648
frame00150.jpg 251.748263 122.989459 441.590715 108.397046 460.033195 282.911555 283.939045 340.182777
frame00151.jpg 254.102559 123.494776 442.812102 108.900871 462.690070 283.014894 287.853222 339.738876
frame00152.jpg 260.388220 122.814796 448.052969 107.444775 468.711904 280.170928 294.170318 336.786727
frame00153.jpg 265.316165 122.138243 452.931999 106.325205 473.070894 280.210940 298.409073 336.869768
frame00154.jpg 267.704531 124.301456 455.277403 108.699411 473.435770 282.869138 298.642336 338.791992
frame00155.jpg 265.012800 126.524861 452.126258 111.332218 468.600635 284.353856 293.598714 339.871268
frame00156.jpg 259.263084 128.554559 445.841941 113.719167 463.081644 286.505162 288.166544 342.213193
frame00157.jpg 254.927862 128.872207 441.643356 114.010575 459.627018 284.936130 284.959770 340.449730
frame00158.jpg 252.130908 127.821197 438.749025 112.423312 458.000055 283.633354 283.482623 340.066286
frame00159.jpg 251.197405 126.832257 437.837189 111.043311 457.711531 281.567376 283.613149 337.775945
frame00160.jpg 250.356846 124.377715 437.398813 108.671721 457.080622 279.476757 283.086307 336.322836
frame00161.jpg 247.985411 124.494486 434.901150 107.693991 454.554153 278.475496 280.871067 335.929576
frame00162.jpg 245.562098 124.253677 432.158686 107.327842 452.727098 278.141128 279.401789 336.003837
frame00163.jpg 244.097191 124.102921 430.471091 106.976402 451.206577 276.897840 278.334305 334.706285
frame00164.jpg 243.202613 120.868805 429.062161 103.706034 450.204020 273.649028 277.748455 331.308718
frame00165.jpg 242.939179 117.820736 428.797489 101.332242 449.312679 271.019792 277.435645 328.182453
frame00166.jpg 242.010671 114.299395 427.421838 98.479750 447.145534 268.783173 275.476936 325.222969
frame00167.jpg 241.699996 113.526816 426.423617 98.728970 446.720614 269.083893 276.081653 324.724409
frame00168.jpg 244.404924 110.627202 428.364682 96.856632 449.107232 265.965705 279.529384 320.753539
frame00169.jpg 249.445942 107.771966 432.289693 94.041063 453.745740 263.948230 285.451801 318.565223
frame00170.jpg 255.647446 105.576617 437.764387 91.814246 459.042836 260.393849 291.493367 314.254535
frame00171.jpg 261.133545 102.456877 442.132082 87.942483 464.000490 257.347790 297.461818 311.703831
frame00172.jpg 266.461619 101.783504 446.372267 86.328504 468.409936 255.791459 302.922926 310.229036
frame00173.jpg 270.739961 101.108153 449.849529 85.628370 471.426679 254.535333 306.770997 308.752850
frame00174.jpg 273.662469 98.256423 451.750353 82.854001 473.052050 251.236994 309.210219 305.430639
frame00175.jpg 276.425443 97.250726 453.385468 81.111566 474.367564 250.113512 311.475348 304.315547
frame00176.jpg 277.375606 96.610981 453.477665 81.181814 473.282899 249.980831 311.299702 303.640425
frame00177.jpg 276.743645 96.324250 451.796217 81.402073 471.558117 249.638392 310.796113 303.168310
frame00178.jpg 277.394466 96.771583 451.326305 81.570823 471.994662 249.362644 312.594924 303.187234
frame00179.jpg 278.814865 96.940998 451.744057 81.405080 472.352289 248.227182 313.924731 302.085103
frame00180.jpg 278.877123 96.170442 450.611453 80.127834 470.586111 246.459133 312.638151 300.121930
frame00181.jpg 276.841314 95.108674 447.396081 79.397351 467.366304 245.696638 310.298309 299.415686
frame00182.jpg 274.778502 94.433975 444.558511 78.972180 464.702626 244.354290 308.742082 297.546815
frame00183.jpg 272.679166 91.635448 441.954303 77.308301 461.477332 242.419372 306.371321 295.221563
frame00184.jpg 271.073226 89.414651 439.675875 75.830360 459.962402 240.380353 306.123026 292.754052
frame00185.jpg 271.046427 85.520589 439.098685 71.994010 459.451099 236.234531 306.536553 288.437250
frame00186.jpg 270.200706 81.831354 437.331631 68.515248 457.051530 232.958845 304.882311 284.864482
frame00187.jpg 268.133466 77.703087 434.284540 65.993518 453.089834 230.709434 301.816907 281.438354
frame00188.jpg 267.085229 75.029637 431.963130 65.053520 450.397630 229.867088 300.323407 279.247875
frame00189.jpg 267.267122 72.463574 431.046847 63.701084 449.344828 227.887820 300.671770 276.660259
frame00190.jpg 269.242977 72.120827 431.245044 63.572767 449.899771 228.050786 302.606991 276.300431
frame00191.jpg 272.066598 72.302783 432.324088 64.872581 450.289390 228.957718 304.276420 276.306136
frame00192.jpg 274.425116 74.158108 433.024918 67.454864 450.356653 231.509811 305.792499 278.428892
frame00193.jpg 275.051121 77.786379 431.984392 71.178973 449.030720 234.430963 305.749274 281.491789
frame00194.jpg 274.693590 82.522505 429.919397 75.942003 447.517480 237.593880 305.740382 284.257239
frame00195.jpg 275.987191 84.540945 429.239541 77.080674 448.219916 237.409166 307.709208 284.274186
frame00196.jpg 278.395719 86.306170 430.486125 78.534725 449.917352 239.051392 310.971548 286.205827
frame00197.jpg 281.335697 88.574340 432.086640 81.085210 450.723517 239.737785 312.867329 286.442595
frame00198.jpg 282.045056 89.592486 431.449265 82.402987 448.887193 241.193450 312.016675 287.235843
frame00199.jpg 280.905389 91.929912 428.949336 84.893131 446.806574 241.536865 310.919673 287.349918
frame00200.jpg 279.491474 92.116332 426.561007 85.184358 443.821043 241.478097 308.743259 287.612654
frame00201.jpg 276.082474 94.014605 422.236411 86.621506 439.836177 241.569862 305.063854 287.771018
frame00202.jpg 271.200371 90.738201 417.868122 83.564861 435.725642 238.587768 301.025558 284.988013
frame00203.jpg 265.578964 89.002156 412.833495 81.706816 431.231235 237.041983 296.576438 284.195276
frame00204.jpg 260.920577 86.882276 408.422292 79.225480 427.199267 235.063395 292.581586 282.596488
frame00205.jpg 256.964536 86.164481 404.205382 78.686059 422.918181 234.704692 287.962934 281.910350
frame00206.jpg 252.806263 85.583182 399.965469 78.865652 418.397601 235.489344 283.505265 282.960917
frame00207.jpg 247.872566 87.511890 395.459217 81.353891 413.316395 238.548112 278.698752 286.166008
frame00208.jpg 241.423665 89.840850 389.118267 83.954623 407.132445 240.699912 272.389019 288.288565
frame00209.jpg 235.229988 91.202730 383.018916 85.124738 403.076178 240.585660 268.385128 288.574043
frame00210.jpg 234.188504 89.508261 382.115231 83.223782 403.948165 238.675562 269.788223 287.341226
frame00211.jpg 234.966330 89.286381 382.647829 81.769320 404.717125 237.176225 270.507218 286.398491
frame00212.jpg 234.015098 85.550837 382.398831 78.261931 404.930659 234.004860 271.241882 283.238662
frame00213.jpg 235.419652 83.877220 383.505774 76.477301 406.248700 232.513972 272.600887 281.816770
frame00214.jpg 235.980822 83.036544 383.448977 75.077703 405.912575 231.557375 272.167375 280.890288
frame00215.jpg 234.990385 82.547618 382.622960 75.262908 405.580459 231.520991 272.576444 280.776306
frame00216.jpg 238.003212 81.567839 384.686408 73.993057 408.567722 230.072242 276.279369 279.202540
frame00217.jpg 241.536100 81.025514 387.830684 73.874020 410.825727 230.570857 278.615904 279.490841
frame00218.jpg 243.336255 81.141095 389.286849 74.251004 412.062796 230.499830 280.504144 278.928428
frame00219.jpg 245.716404 80.951870 391.015312 74.148520 413.891321 230.274356 282.710598 278.912822
frame00220.jpg 247.552499 82.451884 392.120528 74.804697 414.447997 231.580097 283.508599 280.322257
frame00221.jpg 247.257684 84.496293 391.627963 77.536260 413.494353 233.950259 283.031958 282.292451
frame00222.jpg 248.189988 86.330996 391.686571 79.282164 413.722265 234.871042 283.396552 282.753480
frame00223.jpg 249.124836 86.672454 392.451805 80.142527 413.992434 235.937552 283.975912 283.942485
frame00224.jpg 249.366139 88.813315 392.354649 82.180257 413.634995 237.311556 283.802478 285.329910
frame00225.jpg 248.777985 88.807883 391.605316 82.402689 412.528114 237.093562 282.826134 284.646231
frame00226.jpg 248.231477 88.530954 390.777089 82.397912 411.608866 237.507337 282.045002 284.948287
frame00227.jpg 247.094948 89.649747 389.342819 83.584057 409.554911 238.068264 279.851992 285.227222
frame00228.jpg 244.309850 89.318752 386.107540 83.504925 405.867427 238.096544 276.378126 285.168124
frame00229.jpg 241.094090 90.392066 382.844456 85.599183 402.339537 240.564360 273.390977 287.488178
frame00230.jpg 238.858401 93.267690 380.186837 89.108692 399.684967 242.933475 270.957039 289.617019
frame00231.jpg 236.803502 95.222676 377.540005 90.885331 397.071477 244.671874 268.169069 290.973465
frame00232.jpg 235.617456 96.527593 376.351585 92.565570 396.469465 245.940276 267.734178 291.747379
frame00233.jpg 235.877238 96.246938 376.752047 92.401213 396.998410 246.021412 268.186332 291.962942
frame00234.jpg 235.631548 96.808073 376.693446 92.839720 396.693955 246.589359 267.890819 292.659065
frame00235.jpg 234.928078 96.552045 375.715205 92.805659 395.576888 246.584321 266.977125 292.712166
frame00236.jpg 234.757228 98.869438 375.324886 95.253624 395.180627 249.695953 266.990147 295.833725
frame00237.jpg 234.863983 101.377712 375.242543 97.813443 395.057495 251.649866 267.191621 297.536437
frame00238.jpg 236.017523 104.438990 375.901812 101.002899 396.149301 254.393315 268.621054 300.337123
frame00239.jpg 239.298585 106.771685 378.495505 102.740969 399.171994 255.253874 271.912460 300.760112
frame00240.jpg 242.352373 107.890457 381.266408 103.265135 401.523767 255.674833 274.256552 301.389584
frame00241.jpg 243.406863 107.810711 382.178448 103.422727 402.109008 255.392461 274.902918 301.001270
frame00242.jpg 244.322419 107.417841 382.882198 102.917747 402.834854 254.856489 275.623212 300.319980
frame00243.jpg 245.375907 106.903681 383.841889 102.524780 403.469319 254.827917 276.226367 300.041611
frame00244.jpg 246.542447 107.162929 385.031531 102.945800 404.583798 255.149605 277.386445 300.199015
frame00245.jpg 247.907413 106.543389 386.375161 102.415218 405.566897 254.264697 278.445800 299.335073
frame00246.jpg 249.840659 106.005901 387.361057 103.046822 407.274049 255.278598 279.875762 299.639109
frame00247.jpg 250.881828 106.122761 388.996680 103.336524 409.200259 255.291803 281.068519 297.568537
frame00248.jpg 251.682166 103.599961 389.430229 102.860822 409.012110 255.157285 280.970862 297.651170
frame00249.jpg 253.715148 103.731573 390.547083 102.723298 410.219757 254.497263 280.711426 298.015271
frame00250.jpg 252.834307 102.680260 391.870456 100.772703 410.248250 252.311414 280.855874 296.010025
frame00251.jpg 252.964544 100.450073 392.240780 99.018553 410.256098 251.887352 280.859213 295.994424
frame00252.jpg 252.999922 103.185319 391.818266 98.839490 413.629858 251.296163 282.235511 295.220749
frame00253.jpg 254.443158 101.452916 391.772443 99.683132 414.112350 249.862144 282.585966 298.298265
frame00254.jpg 255.195346 101.637803 394.001011 99.657851 416.196602 248.893076 284.610585 297.086306
frame00255.jpg 255.319262 100.912186 394.617491 101.149692 417.367421 249.222775 288.644976 297.935756
frame00256.jpg 256.919677 101.131249 395.650300 100.719098 417.855603 248.255867 290.670598 297.117959
frame00257.jpg 259.884093 102.985160 399.742495 100.780499 419.731121 251.872489 290.878682 296.623289
frame00258.jpg 261.197415 104.447613 401.230522 101.225889 422.322458 249.889245 292.817077 298.056577
frame00259.jpg 264.458088 104.227503 404.180018 101.829610 427.664259 251.622471 297.851969 298.848781
frame00260.jpg 271.990549 104.541668 410.574628 100.980405 432.613701 249.188216 301.828983 297.855231
frame00261.jpg 276.439662 102.637634 417.445669 97.410483 439.190809 250.240512 306.649795 294.773626
frame00262.jpg 278.065303 105.589010 418.575637 99.604507 441.562148 249.611275 309.276386 299.212037
frame00263.jpg 279.562386 105.814284 419.600473 99.784429 440.762778 249.749805 308.309579 298.647862
frame00264.jpg 276.624155 105.571717 418.570664 99.990522 438.796995 250.148459 306.076845 298.725315
frame00265.jpg 275.052457 105.972462 416.089293 100.568587 438.128279 251.091538 306.384220 299.532126
frame00266.jpg 275.527590 106.504741 416.522258 100.709438 437.592347 250.703211 304.689406 299.333399
frame00267.jpg 273.942957 106.810417 417.305370 102.760704 436.961729 253.630345 303.374517 300.520343
frame00268.jpg 275.256441 109.371066 417.722404 104.504729 435.725178 257.312606 303.554717 302.456165
frame00269.jpg 275.867786 109.872078 415.704157 109.295925 432.675482 259.363376 303.106407 305.234012
frame00270.jpg 276.292986 111.217983 413.806158 110.423281 432.841740 259.814116 303.810812 309.086107
frame00271.jpg 273.735961 115.226515 415.431957 110.732762 434.214266 261.420595 301.537807 308.383038
frame00272.jpg 271.115849 115.684253 413.230726 111.025089 433.379013 263.042262 300.405144 310.063234
frame00273.jpg 267.887572 115.789224 412.460121 111.780998 432.202444 261.690379 298.892470 310.573207
frame00274.jpg 268.298272 116.171879 411.239646 110.358281 432.761283 261.383451 299.266834 311.637754
frame00275.jpg 268.420983 116.355249 412.021400 109.266837 434.212969 262.371270 299.467321 312.629053
frame00276.jpg 268.599484 116.943862 413.509205 109.608140 434.399155 263.856096 300.350193 311.268750
frame00277.jpg 267.703472 116.761413 412.807573 111.729138 433.835027 263.362404 298.631900 312.507098
frame00278.jpg 266.451973 115.329044 412.072630 109.499801 433.454296 263.724725 296.622731 310.622302
frame00279.jpg 265.118316 114.399599 411.930818 110.043930 432.658869 262.738221 294.605683 309.861333
frame00280.jpg 264.849599 112.642473 411.405316 108.311898 432.510825 262.821404 293.627766 308.523978
frame00281.jpg 264.037220 110.799901 412.384174 106.178331 433.271861 261.749488 294.529115 306.988017
frame00282.jpg 264.924663 109.203424 413.183345 103.893888 434.589945 259.515563 296.279659 306.024742
frame00283.jpg 264.539020 109.087742 414.208707 103.943845 435.520623 258.749877 295.351711 306.346401
frame00284.jpg 263.984889 105.968684 413.944685 102.545627 435.844471 257.212478 296.889423 306.228648
frame00285.jpg 266.079495 106.873846 414.381338 102.860897 435.889529 259.202937 296.141869 309.978282
frame00286.jpg 266.433092 107.084696 415.853252 102.879998 438.777974 259.561346 297.396154 308.004819
frame00287.jpg 266.241042 105.096819 418.515552 100.904972 439.712437 258.073646 299.780917 307.280619
frame00288.jpg 268.644268 104.625306 420.290715 100.939806 440.475443 259.363185 300.225329 308.778614
frame00289.jpg 270.154167 104.409634 421.507287 100.954443 439.968824 260.783894 299.242126 309.066864
frame00290.jpg 271.046852 104.724437 420.983824 103.420379 442.252208 261.871017 299.373353 313.421498
frame00291.jpg 272.669492 104.735936 423.347777 103.685766 443.281954 262.634645 301.234790 313.250650
frame00292.jpg 274.649407 105.539215 426.600214 102.325381 446.650710 263.390542 302.771254 313.223119
frame00293.jpg 275.217607 106.785895 428.978221 104.368160 448.622740 265.721398 302.884646 315.279206
frame00294.jpg 273.960022 108.173308 430.295970 104.481805 449.064628 268.984564 304.972199 316.510993
frame00295.jpg 274.668233 111.882267 428.523277 110.364224 449.470546 273.248000 302.315119 323.497055
frame00296.jpg 273.741468 114.304602 428.936071 112.660820 450.443636 274.032473 303.909865 325.680562
frame00297.jpg 274.016672 117.722601 431.448543 111.667807 454.694313 276.140145 305.929316 328.414616
frame00298.jpg 274.132679 119.372017 433.956753 113.960625 456.932529 277.218904 308.038066 331.844227
frame00299.jpg 276.769707 119.770793 436.883528 116.325035 462.099053 279.768724 309.870058 335.111454
frame00300.jpg 279.654212 123.290405 441.189578 117.825644 465.700482 282.115985 312.730223 337.564743
frame00301.jpg 283.592496 126.418734 445.047709 119.472776 468.706514 285.654020 315.515221 341.696006
frame00302.jpg 284.454090 127.728365 448.910513 120.897736 471.939069 287.460745 318.706683 341.847056
frame00303.jpg 286.989632 127.992852 452.068820 120.906557 474.160954 289.320296 318.607345 341.755871
frame00304.jpg 287.702291 127.579176 452.004834 122.766264 473.667417 289.998106 316.514189 344.744850
frame00305.jpg 285.581849 126.756666 452.088180 123.544420 473.882979 290.541889 315.350373 343.787099
frame00306.jpg 284.673703 124.676128 453.373546 120.222186 474.074935 289.525407 313.783256 342.927958
frame00307.jpg 283.387143 122.661425 454.696970 118.653818 475.032760 288.879358 313.399029 342.593982
frame00308.jpg 284.271534 122.589966 455.836936 118.944547 476.299375 289.529230 312.304391 343.761903
frame00309.jpg 283.785049 118.498021 458.434623 117.605657 477.546146 290.056232 313.254350 343.649604
frame00310.jpg 282.052501 114.775077 461.940258 115.983307 478.584608 289.520130 315.586904 341.582919
frame00311.jpg 284.962962 116.259684 464.445887 115.892548 482.290927 288.889699 313.021156 343.429533
frame00312.jpg 285.218738 115.837351 466.323415 113.597643 483.284949 288.163123 312.030127 341.974385
frame00313.jpg 279.979109 114.316913 464.552759 111.949288 481.859219 289.543211 308.313345 344.992395
frame00314.jpg 278.800152 115.868347 463.261808 114.652608 481.571792 292.137708 304.677668 347.700271
frame00315.jpg 276.018059 118.367913 463.610870 114.731622 481.994573 293.757345 303.130692 350.175516
frame00316.jpg 273.784638 117.454490 463.258029 115.476212 483.006212 293.649121 301.762740 351.417720
frame00317.jpg 272.147848 115.943808 466.334550 114.135548 485.100779 294.429921 300.354286 350.017126
frame00318.jpg 268.679517 113.595414 467.341935 113.290894 484.480221 296.065954 299.052253 351.938083
frame00319.jpg 268.232696 115.090320 467.004495 113.898815 485.160672 296.558378 294.509458 354.918156
frame00320.jpg 263.641630 114.056873 467.836110 112.868562 484.702810 297.412098 294.114956 354.116296
frame00321.jpg 260.296636 114.401357 466.617436 115.400540 483.719039 300.500389 290.250684 357.545413
frame00322.jpg 258.312901 117.009818 466.061895 114.822522 483.545132 300.605474 285.150114 358.838668
frame00323.jpg 254.903357 117.371310 465.549837 115.234806 482.450400 302.144846 281.865282 360.957295
frame00324.jpg 250.103817 115.561981 465.500426 114.467446 482.184561 302.044696 279.994140 360.915788
frame00325.jpg 248.821257 118.933805 464.261491 114.725574 482.686205 303.582535 274.926558 363.673366
frame00326.jpg 245.480146 118.711255 463.572141 115.014738 480.399228 304.659478 270.035821 363.698035
frame00327.jpg 237.773270 118.056755 460.677647 115.412412 477.425658 306.584831 264.107502 366.940508
frame00328.jpg 231.198982 116.724670 458.640634 115.038478 474.148199 306.319191 258.446170 365.316407
frame00329.jpg 228.986027 117.400770 455.862944 112.796902 473.321534 305.038370 252.207682 365.513657
frame00330.jpg 221.745144 115.646751 454.638002 111.805062 471.353626 304.945347 248.755985 364.840548
frame00331.jpg 217.495532 115.129326 453.245558 110.325683 469.720281 304.710543 243.690218 364.103772
frame00332.jpg 212.771998 114.171368 450.704407 110.536591 466.502721 306.653760 237.879955 367.204249
frame00333.jpg 205.712372 112.561224 448.485568 109.168357 463.826582 306.586026 233.721456 366.707385
frame00334.jpg 201.534339 114.948937 446.377976 111.622892 461.800592 309.508875 227.418461 369.168893
frame00335.jpg 198.292845 116.817648 444.622299 113.090927 460.374093 311.016352 222.690371 371.106883
frame00336.jpg 194.413322 116.101728 444.188867 113.215248 460.027318 312.160293 221.269346 372.470015
frame00337.jpg 194.812492 119.515524 445.007061 112.965928 463.368397 312.486554 221.138736 372.708365
frame00338.jpg 192.885181 119.455004 448.382860 112.566128 465.176659 313.810601 222.639079 374.871533
frame00339.jpg 193.025544 122.455088 449.677298 115.112625 467.788362 315.877283 221.773960 376.988352
frame00340.jpg 194.419193 125.291979 452.500392 115.247605 472.108198 318.406798 222.939511 380.034165
frame00341.jpg 194.073529 128.247635 455.257917 117.572897 473.814661 319.713515 224.534537 380.728337
frame00342.jpg 195.181634 131.090009 456.852956 118.019812 475.857769 322.476566 222.952091 385.938539
frame00343.jpg 192.446149 133.420380 456.878529 120.645046 475.488416 324.845765 221.752646 388.106641
frame00344.jpg 190.233378 135.365650 456.358329 122.697484 475.305533 326.729051 218.344493 389.734844
frame00345.jpg 188.293223 135.651499 456.194348 123.266072 473.830239 328.880585 215.600044 391.131592
frame00346.jpg 185.623646 135.937020 454.948774 125.277996 472.668207 330.835573 211.732122 391.767444
frame00347.jpg 182.529934 135.438003 453.269241 125.635592 470.987916 330.437627 207.843793 391.217882
frame00348.jpg 180.071431 136.002681 452.626556 123.635588 471.070378 331.478398 205.682506 392.484553
frame00349.jpg 178.078244 135.423133 452.769565 123.594614 470.209008 331.269256 204.800569 390.590972
frame00350.jpg 176.073557 133.129112 452.650273 124.305078 469.385287 331.974282 200.734679 390.994145
frame00351.jpg 174.081394 132.460288 452.507532 122.262854 468.743814 330.366227 198.525188 387.756050
frame00352.jpg 171.461208 128.946480 451.936616 120.245593 467.601758 329.508136 194.845870 387.275346
frame00353.jpg 169.153111 126.474307 451.478433 118.478889 466.644019 328.652394 192.264375 385.077248
frame00354.jpg 166.378842 123.477325 450.605543 116.496779 465.938345 326.737950 189.337734 382.306985
frame00355.jpg 165.172452 119.933921 450.826954 114.608875 465.270154 325.822776 187.056990 380.978054
frame00356.jpg 164.786880 117.158434 452.180727 111.019427 466.086442 324.033867 185.982642 377.472139
frame00357.jpg 164.387247 113.269989 453.585678 109.151042 467.333674 322.765357 186.165418 375.134944
frame00358.jpg 165.103854 111.630528 456.239855 107.478425 468.671950 322.324105 187.149371 374.139186
frame00359.jpg 165.182280 110.937627 457.960143 106.679417 470.554805 322.577810 187.274585 373.445985
frame00360.jpg 165.997125 110.416290 459.798585 106.238702 473.104112 323.156411 187.238101 374.142605
frame00361.jpg 165.622962 109.674009 461.996046 106.255406 473.713262 324.458928 188.508355 376.100305
frame00362.jpg 165.966927 112.273946 462.555255 107.168477 474.315108 325.152807 187.252916 376.645563
frame00363.jpg 163.725604 112.281715 462.128696 106.235187 474.417634 325.707867 184.930287 378.169611
frame00364.jpg 158.749458 112.012475 460.295283 106.929101 471.994816 326.628508 182.034722 379.119182
frame00365.jpg 154.273929 109.678970 459.783238 105.137404 469.514294 326.990068 179.615149 378.831697
frame00366.jpg 153.591521 111.377313 458.989760 105.489629 470.460087 328.604542 178.064387 381.011269
frame00367.jpg 154.178934 112.348680 460.336902 108.217004 471.455486 331.225880 177.026115 382.403699
frame00368.jpg 155.537350 114.785960 459.941398 109.173955 472.129140 332.150293 175.056728 383.396386
frame00369.jpg 153.031339 113.686657 461.192226 109.686884 471.350959 333.855467 174.654698 383.756196
frame00370.jpg 152.745372 113.596261 461.824934 110.251157 472.903768 334.063763 175.713928 382.283127
frame00371.jpg 155.074192 112.559726 465.126444 108.376836 476.464152 333.228906 178.699504 381.073072
frame00372.jpg 158.343909 110.580567 469.357789 108.290886 480.417349 333.261289 181.039843 379.767711
frame00373.jpg 161.710867 109.926556 472.816321 105.929655 484.167990 332.223963 182.473391 378.403349
frame00374.jpg 165.289260 109.342903 475.404395 106.416797 486.104110 332.586397 182.343930 377.947138
frame00375.jpg 165.247890 106.671258 477.681331 105.546700 486.279266 333.904783 182.827890 377.862064
frame00376.jpg 163.657245 105.119776 479.397495 106.165045 485.821159 334.299653 183.245582 376.212963
frame00377.jpg 165.847312 103.860341 481.009796 104.348920 488.541425 332.972451 183.158294 373.514811
frame00378.jpg 168.131900 100.866066 484.238523 104.917098 490.440101 334.886331 182.979905 373.429712
frame00379.jpg 170.129569 99.796009 487.665185 103.826316 492.559935 334.028916 183.469146 371.415531
frame00380.jpg 170.601191 97.494053 488.812188 102.735265 492.145033 334.255775 181.626840 370.258210
frame00381.jpg 168.315844 95.839937 488.159449 101.305079 491.159070 333.104993 179.213271 369.262554
frame00382.jpg 165.246176 93.005030 487.486022 99.106184 492.261842 331.104103 179.700275 368.379749
frame00383.jpg 168.147785 90.970376 490.591010 95.198260 497.249530 327.824725 184.068276 365.877458
frame00384.jpg 173.617159 90.475093 496.953262 91.145380 504.999671 327.064059 189.867996 365.452601
frame00385.jpg 175.368810 89.351208 501.281746 90.019235 507.163920 325.919002 192.779795 364.563408
frame00386.jpg 176.303143 88.972179 502.989950 88.192971 509.116681 325.406543 192.221913 364.720734
frame00387.jpg 175.464769 88.196393 504.263277 88.369505 511.247332 325.428921 192.371536 364.242590
frame00388.jpg 176.417909 87.640060 505.850248 86.348152 511.777815 326.098016 191.813863 364.829929
frame00389.jpg 174.738370 86.224060 506.175219 86.887182 511.206197 326.804739 190.126609 365.119722
frame00390.jpg 174.425188 85.595285 507.144012 86.045099 512.455270 327.441522 189.286364 364.980042
frame00391.jpg 174.146524 84.286643 508.259002 86.843788 512.514726 329.325262 187.980095 366.916610
frame00392.jpg 172.829106 82.353678 509.925049 87.386231 513.063470 330.229862 188.455786 365.602025
frame00393.jpg 174.240829 80.572231 512.340928 87.289778 515.506179 331.872088 188.823754 367.599950
frame00394.jpg 176.688409 82.608736 516.527389 88.053381 519.156263 334.323650 191.255635 368.948709
frame00395.jpg 178.733421 85.267336 518.764741 88.903483 521.789302 335.666754 192.566359 369.980066
frame00396.jpg 178.988603 83.971921 520.691613 89.336316 523.805561 336.273007 192.667903 370.876091
frame00397.jpg 179.107421 82.943402 523.886885 87.582172 526.081425 335.759002 194.999489 370.319372
frame00398.jpg 180.418749 80.654719 527.376555 85.775913 528.554835 336.172266 197.125886 369.671337
frame00399.jpg 184.457142 82.179661 530.022135 85.917477 533.560901 336.304776 198.369902 368.691423
frame00400.jpg 187.914561 81.082593 534.375518 84.223642 536.577892 336.722572 200.119858 369.318151
frame00401.jpg 187.779580 79.652089 536.282322 84.633658 537.725613 336.202151 200.229867 368.476804
frame00402.jpg 188.729885 78.141226 538.328809 82.211581 539.322479 336.080492 200.352039 368.169818
frame00403.jpg 187.687083 76.456806 539.477226 82.872469 538.706620 337.698116 199.196009 368.840444
frame00404.jpg 186.243467 74.893087 539.383938 81.597295 538.380356 336.509123 197.253313 367.445333
frame00405.jpg 184.916583 73.892399 538.920592 80.602095 537.244739 337.462183 194.651035 368.558502
frame00406.jpg 182.303090 72.197627 538.316126 81.073084 536.283789 337.880053 193.967620 370.088583
frame00407.jpg 181.359221 74.891190 537.589951 81.532090 535.974027 340.226812 192.469231 372.548829
frame00408.jpg 177.640336 76.851759 534.572723 83.905336 533.283698 341.188590 190.012601 375.795542
frame00409.jpg 175.188799 80.118329 531.028085 83.841763 530.945971 341.378930 185.208970 378.343762
frame00410.jpg 167.360220 80.491890 524.143283 84.079328 524.559659 340.666999 178.721143 380.320449
frame00411.jpg 160.707786 83.058685 517.474776 84.366061 519.004930 341.274410 172.515485 382.715312
frame00412.jpg 151.575475 81.463436 510.775120 84.740831 511.867400 339.805860 166.997724 383.676131
frame00413.jpg 143.611272 80.957585 504.179252 82.286130 505.654946 336.678457 162.138333 383.583093
frame00414.jpg 135.189167 78.445540 495.702699 80.168630 497.629469 334.717242 153.271997 384.645885
frame00415.jpg 126.274742 81.053212 486.437136 80.129603 489.958879 332.748156 143.453280 385.786656
frame00416.jpg 115.471006 79.798132 476.958907 78.100892 481.124463 331.312552 133.340132 386.905640
frame00417.jpg 103.511721 77.494784 466.617858 78.240278 471.836771 330.874029 125.022753 390.688869
frame00418.jpg 96.273384 80.725009 458.345044 78.636840 466.375977 329.342741 120.158458 390.283361
frame00419.jpg 89.719011 79.754671 452.435799 75.923161 461.050697 325.925996 116.499802 389.052461
frame00420.jpg 83.802659 79.511372 445.621545 74.159831 455.566385 324.900933 110.825068 389.586473
frame00421.jpg 75.269528 77.006581 437.412269 74.030667 448.087985 321.734194 104.128303 390.323889
frame00422.jpg 68.106738 75.664314 430.400151 71.547137 440.726342 319.991507 97.756067 390.476183
frame00423.jpg 59.408347 73.552653 423.908549 72.107854 434.551790 320.803892 92.155246 392.372964
frame00424.jpg 56.209156 76.260323 418.524818 74.404858 430.081996 320.716308 89.962496 393.579009
frame00425.jpg 53.595644 75.277365 414.986721 72.222577 427.054241 317.065463 87.324653 390.471703
frame00426.jpg 50.094901 74.715766 410.457689 69.781462 424.614928 315.306486 87.510828 391.653630
frame00427.jpg 46.311471 74.078504 406.670068 68.599237 422.801521 313.430038 91.374417 394.300871
frame00428.jpg 46.001640 76.070076 406.149593 68.269070 424.620891 311.011800 97.347109 394.814331
frame00429.jpg 51.896884 83.655487 405.340542 67.196083 427.995038 308.518880 103.288119 396.552855
frame00430.jpg 55.087508 86.872731 406.000425 67.249354 429.646728 307.409870 111.015705 397.719907
frame00431.jpg 57.781873 88.012641 406.705102 66.819955 431.426525 304.987361 118.501777 398.572627
frame00432.jpg 62.181782 95.015587 406.873733 63.904254 435.399829 300.244852 127.513077 397.805805
frame00433.jpg 66.517479 100.098973 406.060623 62.547456 438.791129 297.958533 133.957985 401.517053
frame00434.jpg 71.301679 107.495687 404.542373 62.905248 441.845603 295.688447 140.402975 405.958905
frame00435.jpg 75.575939 114.499249 405.296220 63.167881 445.365247 296.179894 149.782234 410.891105
frame00436.jpg 81.711823 125.227728 405.008726 66.356765 450.480305 295.407476 159.824122 416.516615
frame00437.jpg 86.661201 132.168037 405.952854 65.880630 455.792209 293.913669 171.930462 419.121726
frame00438.jpg 88.548685 135.532077 407.140041 65.367641 457.442536 289.698476 180.316914 419.768045
frame00439.jpg 90.038236 140.067403 404.799396 62.419600 458.616328 286.302329 184.899715 422.577866
frame00440.jpg 93.115371 147.256743 402.060944 61.861753 460.818249 284.025674 191.371548 424.286800
frame00441.jpg 94.897455 154.568719 400.354863 61.807526 461.681089 283.528361 195.868513 429.442315
frame00442.jpg 94.659030 163.518961 395.334941 66.145978 460.604630 284.589350 199.506686 437.382045
frame00443.jpg 95.813944 174.102997 392.376189 70.165287 460.888667 286.711896 203.676534 443.519400
frame00444.jpg 95.357847 183.233862 388.289187 77.063006 460.049395 288.993632 209.004208 449.538050
frame00445.jpg 97.383914 188.194828 386.598399 77.232531 462.907116 285.853793 217.016446 450.297304
frame00446.jpg 103.793454 194.812345 385.995650 76.862645 466.975314 283.529151 224.031983 453.376729
frame00447.jpg 107.059133 198.770933 386.339348 76.464528 469.559846 281.450295 232.105995 454.129246
frame00448.jpg 111.350042 207.349336 384.923733 77.357779 471.009543 281.695775 239.090811 458.373387
frame00449.jpg 114.238343 215.978887 383.166189 81.705236 472.350604 282.907212 245.086615 465.047625
frame00450.jpg 117.542355 224.665358 381.921326 88.293075 474.456809 285.373872 250.177270 472.010807
frame00451.jpg 119.560141 228.196972 382.445368 90.863591 476.726062 285.345993 259.076743 470.663185
frame00452.jpg 124.913896 229.137703 383.659502 87.449310 479.796418 282.366252 267.649073 467.034440
frame00453.jpg 126.938206 230.309649 385.430669 87.504714 481.653122 281.538135 270.968636 466.717958
frame00454.jpg 129.496839 232.625639 382.727526 89.268183 480.459862 279.364134 269.635910 468.018496
frame00455.jpg 129.988036 232.541757 380.676974 87.837600 479.649865 277.864381 272.626059 466.433661
frame00456.jpg 131.958391 235.687674 380.776268 89.022427 479.764078 278.710270 273.784020 470.133460
frame00457.jpg 129.945598 240.605303 376.779362 93.226712 476.623016 281.550885 272.369797 474.284898
frame00458.jpg 127.974680 244.669543 372.595418 95.979316 474.300596 283.093156 273.069499 476.032564
frame00459.jpg 125.022246 245.869692 369.043976 97.708514 471.053889 283.867932 272.679390 475.545565
frame00460.jpg 123.909980 251.061722 365.153149 101.814343 467.463382 286.844286 268.504690 483.082888
frame00461.jpg 119.176125 253.247933 360.482433 104.900867 462.240490 289.030371 266.317887 480.998455
frame00462.jpg 118.738442 251.454100 358.408547 106.984263 461.144786 287.354999 267.120081 481.232332
frame00463.jpg 116.767101 250.715867 357.914749 106.644961 459.432047 288.052305 268.083598 480.340554
frame00464.jpg 119.466938 251.485682 355.639826 108.497969 457.700301 288.520872 267.712583 481.612003
frame00465.jpg 120.579634 249.087497 356.085509 108.625262 458.135147 288.784872 271.850932 476.680766
frame00466.jpg 123.499303 246.067208 357.180190 105.495973 459.026843 284.607750 274.793387 471.844885
frame00467.jpg 126.484419 243.453805 357.141391 103.951365 459.069581 282.163475 276.347451 468.375905
frame00468.jpg 129.725663 240.234561 358.020004 102.994458 459.542393 279.728548 277.590026 464.151752
frame00469.jpg 130.641559 234.969619 357.447513 98.588652 457.417645 274.175254 276.305405 457.762239
frame00470.jpg 128.757305 230.636834 355.690241 95.402142 455.022293 272.326534 275.849092 453.290849
frame00471.jpg 132.383295 223.926018 356.277439 94.692742 455.880467 271.024910 278.226873 447.924874
frame00472.jpg 136.540516 216.462837 359.328717 90.677078 456.606838 266.154998 277.897469 439.418393
frame00473.jpg 137.175883 209.800143 359.291662 85.837709 455.520095 261.352607 279.104908 433.752009
frame00474.jpg 139.542758 204.083565 359.567458 81.192377 454.392891 257.407596 278.073875 428.672707
frame00475.jpg 137.096343 200.565573 356.836068 78.304692 451.201485 252.975048 276.118512 422.308587
frame00476.jpg 132.846327 195.072816 353.230982 72.994789 447.935965 248.799569 276.204697 419.264267
frame00477.jpg 131.873580 193.012954 351.830679 72.347580 445.675342 249.280093 276.970201 416.419836
frame00478.jpg 132.054461 190.892229 350.920468 70.430246 443.654191 246.738511 274.955229 413.546519
frame00479.jpg 133.667996 194.281485 347.978325 72.386300 441.326500 248.369159 274.252359 417.109820
frame00480.jpg 132.363700 197.783310 345.191825 78.514924 437.536399 253.942350 271.799733 420.528114
frame00481.jpg 130.932075 200.697630 343.015599 83.862183 434.146719 257.241737 269.572026 422.172085
frame00482.jpg 132.321420 202.680311 340.079488 86.573161 431.541508 258.668927 268.041282 422.813481
frame00483.jpg 132.696471 205.994980 337.868601 91.530846 429.413167 262.513877 267.968415 425.866788
frame00484.jpg 130.607211 207.612961 335.993786 95.102926 425.164038 264.837679 265.200800 427.231718
frame00485.jpg 127.227133 208.690696 330.946877 98.570106 419.903990 268.003915 261.948930 428.903248
frame00486.jpg 125.706050 209.884397 326.220114 101.598933 415.123854 268.766899 257.417481 429.214553
frame00487.jpg 122.630140 208.709341 322.948949 102.324716 411.250691 271.352972 254.811653 430.868522
frame00488.jpg 121.737399 211.392106 319.299661 107.817010 407.094234 274.910316 251.201088 432.953516
frame00489.jpg 122.612854 210.737600 316.738076 109.804604 404.853334 276.146328 251.382127 431.468530
frame00490.jpg 123.393483 206.998688 318.057247 107.766934 404.394372 273.485420 254.808373 425.637403
frame00491.jpg 127.427414 203.554933 319.581660 107.626059 405.056404 271.410192 256.932610 422.338685
frame00492.jpg 132.124820 199.759540 321.447624 105.458228 405.985574 269.998839 260.708224 416.670898
frame00493.jpg 135.195886 195.373103 324.261579 104.531622 407.684944 266.730435 263.847703 413.712466
frame00494.jpg 135.841667 193.090922 324.746651 102.234434 406.905220 265.808451 263.780465 408.351606
frame00495.jpg 141.039291 194.092478 323.278987 102.571464 407.019413 263.938779 264.609155 406.193779
frame00496.jpg 142.306167 192.280660 322.827667 101.445338 405.690361 261.913466 265.558049 402.045916
frame00497.jpg 142.234089 187.722926 323.151981 99.998128 404.705055 259.445041 266.890079 397.816957
frame00498.jpg 145.188262 184.991729 324.002656 97.893027 404.302632 258.792037 266.536330 393.579000
frame00499.jpg 146.518237 184.108099 321.611788 97.412529 402.066468 256.971901 263.785221 390.058427
frame00500.jpg 144.662740 179.185002 320.085965 96.587855 398.135759 255.014935 260.247580 389.156822
frame00501.jpg 138.787633 175.433259 317.124306 96.794617 393.524531 255.467555 257.869062 387.298005
frame00502.jpg 141.022270 178.496110 313.319428 97.314377 390.425374 255.006694 253.771428 386.823112
frame00503.jpg 137.100304 175.911939 309.816666 97.867761 386.440645 255.141157 250.261965 384.020598
frame00504.jpg 134.976526 173.766681 307.067375 96.916182 382.403300 253.085690 246.336849 380.879985
frame00505.jpg 130.956075 169.632872 304.402818 95.319543 378.081006 253.206500 242.745246 376.757941
frame00506.jpg 126.599516 165.461361 302.406735 95.169101 373.109020 252.712125 237.566070 375.574883
frame00507.jpg 123.496700 161.632322 298.669902 95.132775 368.513718 251.417738 232.132157 373.391581
frame00508.jpg 121.536675 158.303592 296.708965 92.850838 365.513935 251.289578 228.942834 368.696314
frame00509.jpg 123.052853 154.491145 294.840988 92.002821 363.299557 249.599577 225.501836 367.442828
frame00510.jpg 123.925242 151.282714 295.321947 90.197243 361.289564 250.562534 223.434336 364.645311
frame00511.jpg 121.474143 149.629069 294.907283 91.704712 359.187474 249.695673 217.867479 363.448632
frame00512.jpg 119.032916 147.338384 291.737452 91.001644 355.826922 252.137254 213.089039 362.309056
frame00513.jpg 114.323160 146.294909 288.707665 93.371973 350.701870 253.132432 208.028109 365.170361
frame00514.jpg 108.888161 144.909666 285.349518 92.961053 346.096443 251.558720 203.310217 360.555077
frame00515.jpg 106.686321 140.082546 281.657788 90.223465 342.331698 251.026422 201.021403 358.277815
frame00516.jpg 107.580400 140.176010 279.146801 90.973586 341.062283 251.006584 201.104530 358.391582
frame00517.jpg 110.460336 137.378798 281.355741 90.223011 341.818040 251.893931 203.248333 356.318316
frame00518.jpg 112.289807 137.139258 282.985888 90.016363 342.762856 251.654439 207.032524 355.576298
frame00519.jpg 118.484227 137.498989 285.750851 92.552793 346.125265 250.993677 209.457386 356.253746
frame00520.jpg 119.496149 134.157603 289.013200 89.779235 346.529056 250.289036 212.051170 352.722453
frame00521.jpg 122.897129 133.768817 288.659859 90.479557 346.983311 249.126015 213.339615 350.260606
frame00522.jpg 129.442138 130.145998 292.285558 85.731545 352.101690 245.043768 218.309848 341.663046
frame00523.jpg 134.341663 124.192229 297.717361 80.443573 355.826196 239.054063 222.979717 338.689924
frame00524.jpg 138.749069 121.403393 300.689065 77.241552 357.251799 239.774252 225.714917 333.796417
frame00525.jpg 141.062099 119.132823 302.514899 79.542134 360.105392 237.009619 228.871598 330.348930
frame00526.jpg 149.574450 112.688266 309.904655 72.573389 365.085483 233.106993 235.042767 324.156196
frame00527.jpg 157.690035 110.998313 315.869809 73.473768 369.579191 233.861100 238.816835 325.580287
frame00528.jpg 165.730078 108.552423 321.869230 72.547581 376.482543 231.359585 247.891052 321.343029
frame00529.jpg 174.750400 103.874322 330.646914 68.522297 383.430985 226.993599 253.751123 316.782513
frame00530.jpg 180.355274 99.864669 335.042109 65.688686 386.901448 225.303620 257.470729 313.358053
frame00531.jpg 184.696895 98.478697 338.480021 65.749361 389.699304 224.980212 261.560736 311.857091
frame00532.jpg 191.396747 94.534369 344.215182 62.703045 394.208059 222.186694 265.514189 304.917668
frame00533.jpg 192.979477 89.102913 348.575306 56.254023 398.229985 217.236152 268.617699 300.017637
frame00534.jpg 198.645675 83.581939 352.047064 53.810159 401.836406 215.353043 272.101073 295.510188
frame00535.jpg 206.266758 77.906939 356.902604 45.715931 406.996450 208.769498 276.869005 289.514538
frame00536.jpg 208.261645 71.569706 359.771953 40.767586 408.009087 205.689298 276.867351 284.803263
frame00537.jpg 206.716476 67.041934 359.299926 36.004336 407.742409 201.049641 276.007281 280.457743
frame00538.jpg 208.222404 59.576313 360.395249 32.190077 407.511625 196.380524 275.534070 275.857323
frame00539.jpg 207.800272 53.858842 361.810792 28.052532 407.541296 194.168943 277.407484 273.905844
frame00540.jpg 211.164680 51.755778 365.704755 23.210854 411.423692 194.872241 282.327593 268.801037
frame00541.jpg 215.277372 48.563682 369.845085 25.314258 415.512738 193.581678 287.460934 271.120727
frame00542.jpg 223.965813 51.186999 375.527460 29.601171 420.244879 195.900052 292.220691 273.542900
frame00543.jpg 230.021814 52.940323 381.143169 25.729434 426.301391 196.990365 299.376063 272.532894
frame00544.jpg 235.505407 57.265447 385.148023 29.263337 431.058039 200.171281 302.946651 273.744484
frame00545.jpg 238.169884 59.608946 388.062201 30.844915 433.082171 201.191159 308.004142 275.933961
frame00546.jpg 242.603765 63.496981 390.473778 36.164068 438.197494 202.371712 311.445277 281.356061
frame00547.jpg 243.416122 63.780434 393.543141 35.366722 439.044055 201.663958 311.833562 280.052367
frame00548.jpg 246.339563 62.504495 394.685608 34.917028 440.634613 204.115291 312.104124 279.088735
frame00549.jpg 246.833471 62.151677 393.829645 35.884108 439.348615 202.713420 311.255917 278.908559
frame00550.jpg 246.040839 60.406118 392.900507 36.701981 436.930858 202.467100 309.538544 281.277631
frame00551.jpg 246.158975 64.275810 394.570335 41.106339 437.865982 206.113054 309.692957 284.875651
frame00552.jpg 250.424995 69.027261 396.795263 45.386106 440.026559 211.729151 313.345326 288.308359
frame00553.jpg 256.552647 70.956447 400.266298 50.109721 441.347418 214.157406 316.296403 288.361394
frame00554.jpg 257.337320 71.205216 402.573572 49.127046 441.691045 215.814022 317.237330 286.921589
frame00555.jpg 257.855253 73.384798 402.122021 54.909463 439.306987 220.858563 314.001354 291.600973
frame00556.jpg 255.715330 76.670454 402.041661 58.019240 438.299758 223.500963 310.859985 292.495425
frame00557.jpg 256.399752 76.231989 400.522188 61.085661 437.187916 224.828382 310.249060 295.007926
frame00558.jpg 257.703187 79.216779 400.939098 62.549975 436.412091 227.379053 309.429320 295.995808
frame00559.jpg 256.567540 84.770082 398.440862 66.995116 432.810232 232.662025 304.651449 301.814485
frame00560.jpg 249.721125 87.860918 395.459533 71.463745 425.320861 236.367194 297.852678 304.488030
frame00561.jpg 244.263987 92.607707 389.263996 76.273075 419.852549 241.209529 291.366825 309.144874
frame00562.jpg 238.999110 96.432317 383.904960 79.442114 415.733304 244.675236 285.465759 314.435712
frame00563.jpg 235.216361 97.041121 381.987849 83.145247 412.689344 245.810207 281.482998 315.327485
frame00564.jpg 231.901197 99.255490 379.044902 85.940325 410.603289 246.416415 279.932636 315.370274
frame00565.jpg 227.261057 99.910952 376.363336 85.908200 404.722962 248.078342 275.954724 316.299995
frame00566.jpg 223.541687 100.367774 372.069059 87.146120 400.220190 248.855631 269.374383 316.541756
frame00567.jpg 218.790930 98.819856 367.036288 88.525267 395.486816 248.636622 263.964866 316.845935
frame00568.jpg 215.854494 97.133967 365.406795 85.494824 392.646245 248.972901 261.009745 314.533339
frame00569.jpg 214.493959 95.563598 364.264822 83.456365 390.538038 249.885605 257.847506 312.640550
frame00570.jpg 214.857312 93.159145 362.007122 84.549375 388.526220 247.501854 256.048512 312.887229
frame00571.jpg 215.963920 91.671870 363.791753 82.489747 389.724513 248.622838 258.628507 310.279845
frame00572.jpg 216.851740 93.369926 364.713277 85.854503 390.366301 249.893107 259.342148 311.119891
frame00573.jpg 212.018017 83.366185 366.638426 87.852269 390.691926 250.019574 261.010513 313.875062
frame00574.jpg 214.922924 81.330616 369.571400 87.724775 392.539950 252.029761 261.209093 315.824046
frame00575.jpg 223.032942 93.939942 369.248912 89.678518 393.086756 253.144488 259.373658 313.925052
frame00576.jpg 220.350432 92.036354 368.667355 87.833188 391.595496 251.610874 258.027220 310.874690
frame00577.jpg 221.500492 92.563378 368.955952 87.998937 391.464795 253.179567 257.133324 312.159750
frame00578.jpg 222.101487 93.127019 369.439659 89.305394 390.926241 255.148234 255.610720 313.764092
frame00579.jpg 221.287927 94.655732 368.891003 91.666244 390.939235 256.446903 255.286371 314.565690
frame00580.jpg 222.030738 95.107507 369.886911 91.788899 391.649618 256.166671 255.218170 314.199982
frame00581.jpg 222.102523 95.433701 369.967924 91.915482 391.374418 256.927075 254.569384 315.191161
frame00582.jpg 221.308724 96.017064 369.993406 93.126054 390.746808 258.621608 253.706833 316.383108
frame00583.jpg 220.775958 96.795810 369.188679 93.729938 389.771205 258.896589 252.231813 316.143140
frame00584.jpg 218.407305 94.686373 369.104619 93.665798 388.257933 259.184532 251.460109 315.755105
frame00585.jpg 217.624860 95.145223 368.489476 95.666244 386.843648 262.527194 249.711413 317.794806
frame00586.jpg 217.929522 97.318725 368.330255 99.018709 385.553675 265.933377 247.983054 319.569040
frame00587.jpg 218.514418 99.156263 368.662836 102.306302 385.242698 269.049531 247.617162 321.206266
frame00588.jpg 219.647042 98.929052 369.587934 103.365554 385.552123 268.924629 247.851699 320.104358
frame00589.jpg 220.594633 96.655484 370.481533 102.460309 385.312837 268.265165 247.716299 318.105633
frame00590.jpg 220.772957 93.724875 370.305396 100.175554 385.127635 265.790110 247.768584 315.450640
frame00591.jpg 222.164947 92.788521 371.136320 98.696276 385.898347 265.581003 248.804905 314.969384
frame00592.jpg 225.109017 92.274663 373.880699 99.701367 387.756896 266.522724 250.882934 314.808655
frame00593.jpg 227.946747 93.031545 375.859226 101.392703 388.290152 269.301742 251.476539 316.700674
frame00594.jpg 230.786237 95.202963 378.057760 104.279982 389.176442 272.057145 252.116288 317.821428
frame00595.jpg 232.913337 96.351259 379.843310 107.497783 388.892010 275.142275 251.493535 319.085619
frame00596.jpg 233.738043 95.873296 380.601769 109.242590 387.423838 276.223146 249.308978 318.458491
frame00597.jpg 232.921265 93.338395 380.023235 108.874779 384.650386 276.358188 245.341268 317.067570
frame00598.jpg 230.927352 92.823451 378.668592 109.102902 382.361917 277.024926 242.128090 316.798172
frame00599.jpg 228.436611 89.571365 377.342143 106.698283 379.441201 274.936953 237.873287 314.477506
frame00600.jpg 222.296684 86.581253 372.633313 105.451081 373.721576 274.893580 230.288489 314.462338
frame00601.jpg 218.262629 85.905863 370.302882 106.476486 371.515725 277.106318 226.836829 315.519276
frame00602.jpg 219.768715 83.588565 372.803635 106.477081 373.114956 277.138771 226.972057 313.895662
frame00603.jpg 224.234484 83.136195 377.830158 106.621830 377.681515 278.470988 230.554004 313.600254
frame00604.jpg 231.569968 79.936832 386.613355 105.109243 385.734310 277.157743 238.213815 311.590170
frame00605.jpg 240.637853 79.223478 396.660068 103.583474 396.251500 276.420207 248.097175 311.061911
frame00606.jpg 249.583618 76.085759 406.731991 100.538985 405.480589 273.003281 256.555000 308.249550
frame00607.jpg 259.634437 75.972963 416.901330 97.956908 418.277458 272.906530 268.870746 309.702745
frame00608.jpg 271.358941 78.467618 430.110802 99.337030 430.878210 274.013452 280.297168 310.279062
frame00609.jpg 281.819152 79.309021 441.873431 99.346239 442.397362 276.102411 290.941226 312.442810
frame00610.jpg 291.600314 82.938098 452.046355 102.195995 451.318671 279.224502 299.138790 315.186347
frame00611.jpg 300.825264 85.963253 461.602489 105.455752 460.719369 283.146841 307.881364 317.850630
frame00612.jpg 312.216943 87.066391 473.622889 106.877620 472.576492 284.925018 318.547082 319.560376
frame00613.jpg 323.004555 91.326268 485.816540 111.392158 483.127331 290.697568 328.558529 324.587344
frame00614.jpg 334.600913 95.667893 497.791082 114.955626 496.009319 294.131611 339.527088 327.312454
frame00615.jpg 346.244658 97.524439 510.894591 115.561122 508.010697 295.500934 349.565188 328.603882
frame00616.jpg 355.358919 99.002692 521.951314 116.524021 518.136808 298.451811 358.105473 331.436674
frame00617.jpg 363.794095 102.376352 531.999072 118.292722 528.208114 299.691952 366.079987 332.501396
frame00618.jpg 370.119788 100.156520 540.561623 114.431970 535.924193 296.132476 371.319931 330.146180
frame00619.jpg 373.526907 98.907823 546.364282 111.466415 541.914043 295.795813 375.917429 330.813813
frame00620.jpg 376.618551 97.225150 551.624218 108.862167 547.321203 292.790532 379.389894 329.036412
frame00621.jpg 377.851582 97.370461 554.630874 106.214654 549.710683 292.155408 379.741238 329.356846
frame00622.jpg 376.010582 95.299862 554.823463 104.484671 549.138460 290.794166 377.904793 328.058299
frame00623.jpg 373.690083 92.956812 554.180193 102.361463 547.940620 289.019125 375.345402 326.648935
frame00624.jpg 370.560926 90.018768 552.086875 100.335456 544.117331 287.833764 370.244396 325.026930
frame00625.jpg 366.383550 89.498470 548.952450 99.994987 541.563761 287.900279 366.822308 324.129933
frame00626.jpg 365.132311 87.469188 549.101272 99.571084 541.081579 288.623021 365.159887 323.609974
frame00627.jpg 365.160276 85.365940 550.768088 99.354288 542.372283 286.745254 365.299788 320.612606
frame00628.jpg 367.419941 80.292879 554.715836 94.222735 546.255944 283.105934 367.320088 316.931930
frame00629.jpg 369.634064 77.741474 559.125883 91.594158 549.631080 281.613996 368.856609 314.973521
frame00630.jpg 370.428118 75.492268 561.891511 89.342532 550.846923 279.934305 368.117403 312.973683
frame00631.jpg 367.697774 74.683701 560.312153 88.328880 547.227668 279.649066 362.402242 312.842499
frame00632.jpg 360.644692 74.132088 555.989382 87.367037 544.470831 278.277308 358.444921 311.920635
frame00633.jpg 358.374720 74.146442 555.203943 84.994116 545.759137 278.335796 357.390336 313.920525
frame00634.jpg 354.542815 80.110935 554.975080 89.285089 547.187963 282.330166 357.925141 319.056172
frame00635.jpg 353.510718 81.548190 555.914088 87.286348 549.844677 279.502268 358.062027 318.504660
frame00636.jpg 350.213054 84.519963 554.926312 87.746234 548.774122 280.550670 355.458847 321.244311
frame00637.jpg 345.450300 85.563466 551.706804 87.020545 546.661469 279.385078 351.925087 321.094974
frame00638.jpg 341.322852 88.666283 549.316790 88.866742 545.558748 280.970637 349.897984 323.268111
frame00639.jpg 338.817832 92.052063 548.015489 90.282171 545.274866 281.492021 348.442559 324.448678
frame00640.jpg 336.445991 95.255235 546.179650 92.148804 543.992975 283.700048 346.290268 327.064970
frame00641.jpg 334.000285 101.797448 544.722880 97.297065 544.120425 288.118575 346.305094 331.302608
frame00642.jpg 334.259102 107.299789 544.693297 101.071055 544.609249 288.956074 345.759149 332.420302
frame00643.jpg 331.151943 111.315245 541.751682 104.199485 539.771757 295.031542 341.450251 338.543672
frame00644.jpg 325.824213 120.668977 535.810277 113.818467 535.426761 299.909703 337.235758 342.283974
frame00645.jpg 322.580944 124.751399 530.873210 118.460333 528.303668 304.971727 329.583278 346.291278
frame00646.jpg 314.884525 130.285741 522.690200 126.139720 521.489227 307.299078 323.407249 346.600061
frame00647.jpg 311.753978 129.692327 519.164340 126.821539 515.565565 307.756070 318.124181 344.985502
frame00648.jpg 306.836697 128.884747 513.347574 127.986437 508.718085 306.204063 311.126392 340.915096
frame00649.jpg 302.113219 127.591639 507.758774 129.198082 500.654873 306.443672 303.489604 338.567436
frame00650.jpg 295.922967 120.453614 501.980306 124.960378 492.538226 299.033530 296.424456 328.220548
frame00651.jpg 291.004589 116.458360 495.411456 123.432141 484.354526 298.856442 287.638857 325.602372
frame00652.jpg 284.758970 112.669940 489.761360 122.435250 477.354878 294.512870 281.200060 319.227733
frame00653.jpg 279.078288 107.061648 483.275801 118.130714 469.633267 290.593862 273.225510 314.728277
frame00654.jpg 270.493914 104.286816 474.658165 115.357015 460.777903 286.313148 264.681866 310.454499
frame00655.jpg 259.331023 100.540251 463.190737 112.086200 449.180328 283.349458 252.567994 308.178708
frame00656.jpg 246.617117 97.254392 451.013893 108.623817 437.970867 278.563068 241.798490 303.608572
frame00657.jpg 237.963972 94.426892 443.672239 106.843624 432.392524 277.997998 235.947721 302.610095
frame00658.jpg 234.535791 94.062757 440.029250 106.257513 429.895289 275.939590 233.470365 299.978539
frame00659.jpg 232.851669 93.534899 438.444612 106.329710 428.358135 276.634835 232.453854 300.529302
frame00660.jpg 230.802217 93.758445 436.368683 106.543128 425.638559 275.404554 229.761649 298.861800
frame00661.jpg 227.564770 92.742525 432.494472 106.406348 420.968334 274.696606 224.930578 297.506586
frame00662.jpg 223.339489 91.090844 427.886883 106.020812 416.104453 274.474505 219.660258 296.164255
frame00663.jpg 219.593536 90.989457 423.905570 108.151660 410.453139 275.846093 214.041747 295.773363
frame00664.jpg 216.034322 89.511704 420.064088 109.128822 406.427518 276.895608 210.119421 294.568407
frame00665.jpg 215.555101 90.349336 419.239955 111.525815 404.839334 278.186303 208.835949 294.446933
frame00666.jpg 214.623403 87.383758 418.207046 110.113361 403.011063 275.995862 207.219932 291.220740
frame00667.jpg 214.995412 86.506153 418.138854 110.058309 402.637540 276.673082 207.236653 291.031246
frame00668.jpg 215.578050 88.127913 417.607108 113.176869 399.589164 281.168537 204.289135 294.439279
frame00669.jpg 211.754199 92.789860 413.698708 118.886082 395.444017 284.829848 200.140290 297.163692
frame00670.jpg 208.758836 95.382199 409.780823 121.507943 392.202135 287.428079 196.317980 299.908977
frame00671.jpg 206.325573 100.290784 407.817392 126.401532 390.529722 292.854036 195.674550 305.567479
frame00672.jpg 205.598061 105.432088 406.348393 130.547918 389.810510 294.264771 194.431391 306.911428
frame00673.jpg 204.463811 107.507157 404.596758 132.421703 387.507003 296.619998 192.177054 309.368318
frame00674.jpg 200.502200 110.939231 400.267917 135.547412 382.279224 299.152751 186.783650 311.681734
frame00675.jpg 192.330854 112.115302 392.499349 137.336210 373.681418 299.853862 178.295964 312.770843
frame00676.jpg 182.889780 112.451149 383.009723 137.731672 365.014919 299.245139 168.096838 312.106108
frame00677.jpg 174.343168 112.258835 375.576688 138.598517 357.578212 300.449092 160.301586 313.027704
frame00678.jpg 167.369108 111.814734 369.280397 138.256141 352.141525 298.753921 154.152953 311.521306
frame00679.jpg 161.380679 110.310673 363.444459 136.684590 346.210953 297.315343 147.492890 309.960048
frame00680.jpg 153.643709 108.210109 356.211848 135.605438 338.668339 295.612221 139.133513 307.609661
frame00681.jpg 146.382260 105.517631 349.651573 134.226299 331.950730 294.463644 131.662579 305.537389
frame00682.jpg 138.278417 102.553147 342.862381 132.395591 324.001708 291.822554 123.031048 302.575848
frame00683.jpg 126.765451 97.615523 331.814242 128.780336 311.656936 288.442818 108.656168 298.564064
frame00684.jpg 113.381116 92.721306 321.224793 126.232893 301.961045 285.857979 97.538648 295.552122
frame00685.jpg 103.707778 88.426214 312.864091 122.707295 292.939891 282.066135 86.778579 291.399814
frame00686.jpg 91.325750 83.303174 302.312746 118.628498 282.022359 278.198747 73.649714 287.420184
frame00687.jpg 78.455467 76.935107 292.106228 113.985745 271.697034 274.089539 61.776023 282.698797
frame00688.jpg 65.851178 69.181807 282.049901 109.089713 261.094336 269.540367 49.437340 276.949722
frame00689.jpg 56.818076 62.344433 274.874018 104.115942 254.264931 264.421904 41.017738 270.488654
frame00690.jpg 51.701626 57.018307 270.137157 100.093519 249.255287 261.341405 34.974320 266.091574
frame00691.jpg 46.416646 52.139524 265.667616 96.061123 245.415409 257.578513 30.867911 261.634634
frame00692.jpg 43.228101 49.434711 262.702052 93.741384 241.995535 255.548909 27.344700 259.467148
frame00693.jpg 36.746627 46.199961 256.813209 90.913843 235.365141 252.634379 20.028216 256.830847
frame00694.jpg 27.977481 44.374821 249.075429 89.236135 227.984828 251.795372 11.461953 256.754410
frame00695.jpg 19.490960 43.732298 241.880144 87.028367 222.464447 249.999256 4.782490 256.179734
frame00696.jpg 10.894315 44.556150 234.277719 87.663616 215.844083 252.670098 -2.460158 260.233525
frame00697.jpg 5.189598 49.696283 229.851589 92.748030 212.078466 257.336419 -5.434489 267.249139
frame00698.jpg 1.769895 55.872637 225.245099 95.942710 207.510543 259.234032 -10.113141 270.322385
frame00699.jpg -7.153861 56.963588 217.057506 97.297917 199.461680 261.028437 -19.761813 273.304619
frame00700.jpg -13.413295 60.935279 211.426932 101.162338 195.326054 265.269422 -24.376091 278.696122
