frame ulx uly urx ury lrx lry llx lly
frame00001.jpg 329.999752 195.999193 565.999603 196.000736 565.000784 435.999274 331.000758 436.000589
frame00002.jpg 330.155347 196.494491 565.679909 197.259012 564.728543 435.933894 330.674707 435.551272
frame00003.jpg 330.726191 196.337357 566.357695 196.581505 565.768830 435.897898 331.567550 435.135267
frame00004.jpg 331.401149 196.195672 567.166786 196.253834 566.190189 435.620550 332.180701 435.032296
frame00005.jpg 331.422397 196.366705 567.410809 196.285917 566.604618 435.331313 332.597528 435.409692
frame00006.jpg 331.150158 196.594792 567.143490 195.425223 566.731110 434.476549 332.619857 435.628159
frame00007.jpg 330.148235 196.677478 566.176401 195.010699 565.906867 434.820873 331.456162 436.470756
frame00008.jpg 329.184181 197.024371 565.221227 195.456859 565.447440 435.009605 330.671353 436.400740
frame00009.jpg 329.186524 196.362379 565.450955 194.721569 565.639888 434.702072 330.867757 435.582310
frame00010.jpg 329.202284 196.073930 565.570238 194.777343 565.457782 434.640795 330.838700 435.555216
frame00011.jpg 329.575445 195.885268 565.842712 194.927503 565.513091 434.797438 330.954359 435.198663
frame00012.jpg 330.210296 196.067763 566.423119 195.965248 565.913331 436.089243 331.390093 435.970424
frame00013.jpg 331.156234 197.332315 567.087002 197.513275 566.082104 437.750842 331.811759 436.718166
frame00014.jpg 331.965997 199.191189 567.409052 199.641342 566.630154 439.268125 332.532788 438.068473
frame00015.jpg 333.068280 200.093825 568.274279 201.024769 567.334123 440.923237 333.593627 439.205730
frame00016.jpg 333.752458 202.333617 568.439181 203.700244 567.113238 442.784536 333.582252 441.093333
frame00017.jpg 334.210312 202.937693 568.505752 204.527370 567.313819 442.304036 334.234990 440.520724
frame00018.jpg 334.771053 202.478608 568.849452 203.446014 567.407110 441.948225 334.847898 440.408580
frame00019.jpg 334.992886 204.345989 568.560778 205.130113 567.612975 443.531299 335.023841 442.160415
frame00020.jpg 335.630547 205.270708 568.991856 206.634939 567.532354 443.878231 335.505932 442.479857
frame00021.jpg 335.769979 205.361945 568.737722 206.817668 567.160515 443.934066 335.428972 443.018610
frame00022.jpg 335.303137 205.971297 567.741476 207.470630 566.359214 443.888679 334.962014 443.094441
frame00023.jpg 334.830860 205.813230 567.135928 207.440487 565.375206 443.638512 334.274515 442.793553
frame00024.jpg 333.849479 204.489560 565.850599 206.410355 563.812232 441.340739 332.886754 440.704189
frame00025.jpg 332.335102 202.901089 564.254971 204.627518 562.270302 439.920759 331.782225 440.124673
frame00026.jpg 331.335541 202.812682 562.730092 203.939596 561.210870 439.014606 330.977664 439.974531
frame00027.jpg 329.977409 202.393694 561.269961 203.296260 559.616380 437.613022 330.161276 439.151215
frame00028.jpg 329.382288 201.759302 559.914717 202.512511 558.551528 436.392004 329.782375 438.838075
frame00029.jpg 329.172893 201.303459 558.912864 202.686587 557.551183 435.610356 329.171346 437.837031
frame00030.jpg 328.592424 200.404602 557.895149 202.315977 555.767709 435.302900 328.217579 437.344689
frame00031.jpg 328.060220 200.378624 556.660355 203.215192 554.445199 435.344168 327.424471 436.845860
frame00032.jpg 328.286414 199.552992 556.225422 203.483762 553.391577 435.220563 327.142103 436.204889
frame00033.jpg 328.819442 199.446333 556.252779 204.134567 552.976218 434.766572 327.551842 435.463878
frame00034.jpg 329.728843 198.973864 556.292425 204.485991 552.166270 434.495937 327.410465 434.988943
frame00035.jpg 329.712688 198.581582 555.539324 205.012152 550.954401 433.906670 327.303474 434.669445
frame00036.jpg 330.251885 198.648766 555.284136 205.917876 550.170413 433.640040 327.946095 434.660857
frame00037.jpg 331.296910 198.099165 555.186344 205.501027 549.636282 432.947445 328.104734 433.702832
frame00038.jpg 331.220297 198.217467 554.555787 206.478398 548.853632 432.855659 328.305386 433.825052
frame00039.jpg 332.235921 198.100129 554.847536 206.351623 549.107712 431.938563 329.184616 432.524316
frame00040.jpg 332.751364 197.586913 554.528603 205.993928 548.532031 431.099886 329.240707 432.242989
frame00041.jpg 332.403907 197.182926 553.765380 205.648351 547.681966 430.286481 328.666477 431.602509
frame00042.jpg 331.833118 196.682642 552.897362 205.472009 546.329659 430.223665 328.019846 431.680119
frame00043.jpg 331.185338 196.797102 552.221054 205.811759 545.281196 430.004634 327.480847 431.805902
frame00044.jpg 330.606825 197.140419 551.439616 206.138639 544.434263 430.025587 327.038314 432.254072
frame00045.jpg 330.423935 197.675529 551.054247 206.198820 544.377308 429.826705 327.197249 432.662114
frame00046.jpg 330.511587 197.405743 550.739206 205.884825 543.926919 428.515647 327.207544 431.389014
frame00047.jpg 330.290733 196.257574 550.335223 204.886545 542.743788 427.437766 326.741853 430.676305
frame00048.jpg 329.853391 195.464603 549.533312 204.609020 541.690634 426.614323 326.210645 430.043129
frame00049.jpg 330.271603 194.316346 549.254288 204.181995 541.039279 425.782072 325.935409 428.532490
frame00050.jpg 330.489188 193.489236 549.082857 204.411783 539.907229 425.517966 325.460713 428.345027
frame00051.jpg 330.851836 193.305758 548.902445 204.950178 538.942137 425.304336 325.321526 427.980315
frame00052.jpg 331.315429 193.764908 549.017642 205.661736 538.330560 425.639585 325.757879 428.525010
frame00053.jpg 332.029371 193.785399 549.406328 205.830583 538.170736 424.647328 326.411238 427.542121
frame00054.jpg 333.152372 194.437606 550.339042 206.776067 538.394973 426.094039 327.327282 428.902629
frame00055.jpg 334.607262 195.841557 551.334341 208.274583 538.325910 426.434401 327.692243 429.394182
frame00056.jpg 335.425280 196.265543 552.230430 209.524417 538.155492 427.312225 327.735560 429.805249
frame00057.jpg 336.432000 195.776153 553.650465 209.915562 538.804763 427.760652 328.304061 429.215658
frame00058.jpg 337.527145 195.775609 555.371527 210.784748 539.478148 428.162036 328.662149 428.787048
frame00059.jpg 338.021804 195.153308 556.175073 210.336695 539.541029 428.216918 328.208075 428.479451
frame00060.jpg 337.328162 194.857061 556.374407 210.516267 538.854332 428.182692 327.436128 428.495354
frame00061.jpg 337.853873 193.989748 557.494365 209.982995 539.397586 427.557117 327.791667 426.993172
frame00062.jpg 339.861950 192.009127 559.916110 208.989102 540.115477 427.210503 328.733343 425.697701
frame00063.jpg 341.153230 191.273421 561.648589 208.749733 540.756005 426.977261 329.030323 424.620703
frame00064.jpg 342.482181 188.820204 563.424254 208.077377 541.139333 425.846138 329.185091 422.166120
frame00065.jpg 343.491449 185.888094 564.913452 206.899162 540.637066 425.124482 328.487589 420.122432
frame00066.jpg 343.769907 184.968422 565.529061 207.486126 539.955893 425.418572 327.670861 419.494966
frame00067.jpg 344.872177 185.167437 566.580669 209.213828 539.336571 427.437287 327.500027 419.991958
frame00068.jpg 346.713997 185.503551 568.194506 210.527830 539.811418 428.694603 328.225354 420.141841
frame00069.jpg 348.509833 185.691099 569.964211 212.041405 540.580422 429.147548 329.084717 420.171929
frame00070.jpg 349.963577 186.337516 571.441151 212.748574 541.276610 430.431197 330.039171 420.809407
frame00071.jpg 350.642149 186.933171 572.475034 213.775653 541.793085 431.181411 330.310419 420.983931
frame00072.jpg 351.511286 186.921987 573.418337 214.255956 542.195774 431.479531 330.578191 420.730913
frame00073.jpg 352.065971 186.721866 574.259328 214.570994 542.130315 431.256493 330.639903 419.963907
frame00074.jpg 352.547828 185.787797 574.741512 214.001159 541.589853 430.287330 330.318910 418.540516
frame00075.jpg 352.062998 184.672116 574.446020 213.098799 540.561623 428.768106 329.407267 417.184282
frame00076.jpg 351.392323 182.645559 573.902221 212.034372 538.997205 427.966841 328.204380 415.938277
frame00077.jpg 350.972622 181.889768 573.009570 211.853419 537.967158 427.429007 327.073716 414.940763
frame00078.jpg 350.486146 181.130726 572.467703 211.928417 536.998812 427.413405 326.370669 415.005796
frame00079.jpg 350.978567 180.604687 572.895327 212.220263 536.700023 427.592850 326.406993 414.010269
frame00080.jpg 352.453660 180.048341 574.300661 212.800587 537.435490 427.555051 327.257722 413.327380
frame00081.jpg 354.017939 179.513997 575.841934 213.212804 537.680993 428.058064 327.970802 412.609494
frame00082.jpg 355.670087 179.043417 577.239315 214.138436 537.738197 428.552246 328.226511 411.529338
frame00083.jpg 357.238701 177.824922 578.661943 213.957391 537.284943 428.068036 328.341422 409.738026
frame00084.jpg 358.265277 176.350510 579.648504 213.820703 536.315292 428.439139 327.891463 408.685851
frame00085.jpg 358.652391 175.108069 580.329855 214.301649 535.398964 428.709987 327.255915 407.592641
frame00086.jpg 359.209431 174.531754 581.310663 215.353711 535.291034 429.392389 327.067662 407.259533
frame00087.jpg 360.111590 173.758578 582.378996 216.419231 534.660332 429.686136 326.905572 406.428446
frame00088.jpg 360.754706 173.610308 583.184716 217.248266 534.622761 430.576208 327.136931 406.586773
frame00089.jpg 362.209846 174.803471 584.365506 218.844925 535.015406 431.749859 327.946564 407.096923
frame00090.jpg 364.222347 174.560750 586.232496 220.468743 535.858451 432.946757 328.976067 407.267762
frame00091.jpg 365.979144 174.572543 587.586791 221.353595 535.850664 432.704399 329.043910 405.750628
frame00092.jpg 366.453915 173.671346 587.879264 221.908486 535.091630 432.909603 328.178552 404.589004
frame00093.jpg 366.231498 171.891045 587.748844 221.260209 533.883628 431.404108 327.363179 402.348487
frame00094.jpg 366.153880 170.102198 587.577116 220.520483 533.021184 430.693127 326.571788 400.797077
frame00095.jpg 366.024284 167.104020 587.376286 218.728850 531.654857 428.786394 325.934365 398.580989
frame00096.jpg 365.526265 166.640407 586.920934 217.952125 531.166572 428.177344 325.423220 398.543087
frame00097.jpg 365.508499 166.298218 586.410836 216.466768 531.217328 427.316761 325.514580 398.287324
frame00098.jpg 365.233067 166.548619 585.974972 216.918157 530.813555 427.024527 325.436527 398.630386
frame00099.jpg 365.229536 166.357312 585.738560 216.542305 531.240328 427.310320 326.155462 399.005321
frame00100.jpg 365.275683 167.012627 584.840938 217.044400 530.684742 427.571338 325.804796 399.558197
frame00101.jpg 364.878454 166.906097 583.647670 216.711941 529.915968 427.155122 325.546496 399.759434
frame00102.jpg 364.997724 166.673071 582.597789 216.173847 528.716659 426.571030 325.114401 399.329203
frame00103.jpg 364.592733 166.900122 580.833049 216.836516 526.665642 426.737565 323.874150 399.394233
frame00104.jpg 363.917860 166.497690 578.669636 216.400052 524.577776 425.234277 323.186166 398.805874
frame00105.jpg 364.029535 166.475599 576.840220 216.517930 522.386593 425.030383 322.494296 398.948480
frame00106.jpg 363.427269 167.478851 574.558417 217.212665 520.811252 424.592340 321.848366 398.830043
frame00107.jpg 363.935887 167.507073 572.725727 217.798002 519.462017 424.501002 321.572419 398.731566
frame00108.jpg 364.749918 168.445145 571.253072 219.430632 516.891197 424.899349 321.108714 398.927459
frame00109.jpg 364.909520 169.867815 568.692199 221.934913 513.859580 425.906525 319.742784 400.034227
frame00110.jpg 365.442823 172.553310 567.082375 225.545402 512.123019 427.666888 319.500997 402.347051
frame00111.jpg 366.937309 174.783969 566.337744 228.576870 510.854131 428.420272 319.801014 402.967076
frame00112.jpg 368.062874 176.481476 565.578159 231.053447 508.346041 429.298402 319.419481 404.327029
frame00113.jpg 367.894429 178.173482 563.724260 233.175615 506.844490 430.191256 318.829024 405.784385
frame00114.jpg 367.688237 179.550110 562.302653 234.517866 505.401537 430.286606 318.109923 406.120171
frame00115.jpg 367.082245 180.081380 561.007678 234.619598 504.903026 430.438830 317.791213 406.747504
frame00116.jpg 366.992502 181.089229 559.988425 235.173444 504.216881 430.321737 317.522268 406.860479
frame00117.jpg 366.955501 180.032123 559.032639 234.212438 503.255120 428.788340 317.539727 405.855066
frame00118.jpg 366.604803 179.454353 557.581268 232.974410 502.343436 427.064844 317.212213 405.623002
frame00119.jpg 365.379782 179.497516 555.555455 232.454588 501.028571 426.490278 316.595816 405.796706
frame00120.jpg 364.316925 179.177216 553.242718 230.986340 499.952541 425.113327 315.872044 405.675362
frame00121.jpg 362.984118 179.916306 550.593261 229.900027 498.211979 424.797108 314.673643 406.292542
frame00122.jpg 361.059506 180.841485 547.726820 229.724178 496.589525 424.330729 313.536480 407.106314
frame00123.jpg 359.944031 181.250588 545.715358 229.111958 495.388682 422.621600 313.182522 406.908097
frame00124.jpg 358.916298 181.160279 543.169392 228.270670 493.480457 422.070288 311.984119 407.134374
frame00125.jpg 357.574337 181.054715 539.961147 228.054775 490.406078 420.888518 310.284568 407.043713
frame00126.jpg 356.770391 180.899882 537.407181 228.400866 488.186263 419.901246 309.302368 406.534086
frame00127.jpg 356.349578 179.542349 535.851690 227.712152 486.635328 418.126488 309.516613 405.519020
frame00128.jpg 357.359162 179.782375 535.012792 227.790137 486.135258 417.901600 310.368598 405.739915
frame00129.jpg 358.745060 179.981823 535.088000 228.711158 485.955626 417.603952 311.521905 405.306064
frame00130.jpg 360.839354 180.671785 535.596869 229.256632 486.582048 417.965279 312.996173 405.351424
frame00131.jpg 362.818800 181.696850 535.845125 230.712755 486.457800 418.795290 314.103435 405.790328
frame00132.jpg 364.511716 181.734596 535.875748 232.120144 485.350033 419.088577 314.580445 405.711395
frame00133.jpg 366.027197 183.475480 535.113527 233.991498 483.759987 419.839278 314.497176 406.191319
frame00134.jpg 367.513030 183.568817 534.406123 234.901990 482.552119 419.722478 314.830114 405.964103
frame00135.jpg 368.801488 185.026823 533.898518 236.279031 481.850028 420.280475 315.299654 406.172777
frame00136.jpg 369.722583 185.298698 533.640642 236.658327 481.788886 420.177650 316.108427 406.461622
frame00137.jpg 371.186960 185.533743 534.137867 236.735763 482.584953 420.215220 317.693332 406.339242
frame00138.jpg 373.015550 185.541573 534.768973 236.599305 482.867610 419.780766 319.023517 405.711605
frame00139.jpg 374.404058 185.140719 535.091879 235.636004 483.344193 417.994044 320.531664 404.487431
frame00140.jpg 375.793039 184.556889 535.063313 234.245003 483.912586 417.344771 322.045573 403.883229
frame00141.jpg 376.438576 183.710294 534.599983 233.052833 483.427134 415.910526 322.796669 402.611353
frame00142.jpg 375.962808 183.235879 533.165991 232.794409 482.298601 415.593863 322.395635 402.826776
frame00143.jpg 376.519295 183.468373 531.841906 232.780197 481.520821 415.751976 322.897234 402.124028
frame00144.jpg 378.009881 183.270348 531.450347 233.090860 481.101675 415.197317 324.462375 401.424169
frame00145.jpg 379.743250 184.100019 530.914201 234.432072 479.392726 416.296015 324.808348 401.558250
frame00146.jpg 380.001305 185.222031 528.923442 236.469757 476.790935 416.815765 323.940792 401.768448
frame00147.jpg 380.284585 186.157283 527.121894 238.578903 474.005834 417.960408 323.002146 402.106933
frame00148.jpg 381.449059 186.973212 526.377945 240.157696 473.089738 418.953806 323.556771 402.301137
frame00149.jpg 383.452716 187.942382 526.380128 242.101664 472.664310 420.163822 324.681080 402.757459
frame00150.jpg 385.304624 189.338270 526.619782 244.811817 472.591822 422.150694 325.535244 403.213238
frame00151.jpg 387.591707 190.210431 527.521911 246.721811 473.047333 423.505697 327.307894 403.147231
frame00152.jpg 389.773190 190.683058 528.533174 248.175448 473.765511 424.988634 328.798193 403.269456
frame00153.jpg 390.908007 190.787790 529.499566 249.648168 475.586803 426.074917 330.630516 403.979858
frame00154.jpg 391.609470 190.049296 530.561559 249.413415 477.410999 426.739560 332.557780 403.621717
frame00155.jpg 390.848169 189.347581 530.930617 249.054639 479.227972 427.595643 333.184390 403.281125
frame00156.jpg 389.054850 188.476654 530.900871 248.092521 481.602977 428.972832 333.825653 403.875146
frame00157.jpg 386.610306 187.352011 530.856686 247.564711 483.751969 429.490539 334.795294 403.690211
frame00158.jpg 384.969202 185.379804 531.389125 246.457696 487.113452 430.946798 335.933282 403.527381
frame00159.jpg 383.346760 184.722096 532.219112 246.015306 490.347774 431.793047 337.176998 403.142772
frame00160.jpg 382.191556 184.244789 532.781689 245.534718 493.031702 432.376632 338.401726 402.880885
frame00161.jpg 382.017287 184.058622 533.373918 245.817350 495.116304 434.140941 338.279229 403.907499
frame00162.jpg 381.645520 184.027198 534.443283 246.837554 497.289536 435.007192 338.476683 404.748925
frame00163.jpg 381.203011 184.732896 535.534115 247.530589 499.612089 437.033252 338.943162 405.651719
frame00164.jpg 380.686558 185.313540 536.671312 248.310339 501.444430 438.572124 338.945852 406.574829
frame00165.jpg 380.112952 186.180862 538.116129 249.169293 503.797080 440.493858 339.268766 407.654837
frame00166.jpg 379.530218 186.050415 539.779830 249.048745 506.350334 440.793239 339.752188 408.074982
frame00167.jpg 378.862749 186.115226 541.366578 248.659270 509.393586 441.788154 340.279821 408.565864
frame00168.jpg 379.140175 185.774723 543.695948 248.055077 512.746609 442.055071 341.696799 408.324706
frame00169.jpg 379.914290 184.533640 546.614859 246.343013 516.295153 441.124040 343.694477 407.117488
frame00170.jpg 380.299105 183.191164 549.252206 244.888930 519.401049 440.403029 345.011196 406.604936
frame00171.jpg 379.452685 182.893493 550.176527 244.153631 521.066346 440.840292 344.579999 407.603852
frame00172.jpg 377.494179 183.425237 550.135950 242.892068 522.417584 440.496703 344.139062 408.576486
frame00173.jpg 375.113333 184.055184 550.006469 241.184030 524.758518 440.314857 344.167937 409.845405
frame00174.jpg 373.450242 184.205059 551.154476 238.688355 528.021036 438.971687 345.388341 410.294587
frame00175.jpg 371.629259 184.701028 551.677264 235.909997 530.646162 437.446826 345.505542 411.506756
frame00176.jpg 368.616168 184.699496 551.255831 232.572973 532.659015 435.212427 345.431670 411.808081
frame00177.jpg 365.492367 184.814943 550.601537 228.950113 535.026581 433.169675 345.395934 412.484822
frame00178.jpg 362.377683 185.062282 550.104759 225.361290 537.595966 430.161313 345.403429 412.648773
frame00179.jpg 360.052824 183.656108 550.136743 219.826344 540.557747 425.844671 345.823690 411.334400
frame00180.jpg 356.490011 181.646725 549.415620 213.952121 542.497079 421.230878 344.948302 409.938695
frame00181.jpg 351.960595 180.501349 547.644655 209.069206 543.033354 417.943184 342.729130 409.306211
frame00182.jpg 347.405067 180.049426 545.543401 204.130690 544.166374 414.162801 340.903515 408.871699
frame00183.jpg 343.928897 179.770469 544.360710 199.968916 545.602779 410.908956 340.218723 408.373775
frame00184.jpg 341.711879 178.688423 544.051837 195.524721 546.990707 408.270455 339.855052 408.337003
frame00185.jpg 339.907241 179.890365 543.791496 193.448789 548.694542 407.029439 339.811456 409.835602
frame00186.jpg 338.704320 180.213453 544.407788 191.274415 550.466186 406.206373 340.281861 410.758544
frame00187.jpg 338.295441 181.440772 545.274383 190.084954 552.570386 405.978974 340.787219 411.956035
frame00188.jpg 338.473006 181.651938 547.044384 188.662619 555.311333 405.608887 341.839454 412.405650
frame00189.jpg 338.998067 181.784198 549.036873 187.276917 557.767210 405.349565 342.273366 412.402429
frame00190.jpg 338.819765 181.465773 550.744089 184.738299 560.330464 403.973393 343.051473 412.299395
frame00191.jpg 338.515592 181.001796 552.338800 181.643065 562.740012 402.515300 343.591488 412.125391
frame00192.jpg 337.146034 180.341120 553.037314 178.792027 564.235275 400.626495 343.119530 412.006477
frame00193.jpg 335.260309 179.398406 553.049620 174.904393 565.601956 398.060954 342.257841 411.287875
frame00194.jpg 332.244412 178.504791 551.551786 170.832334 565.871522 394.748542 340.508723 410.715070
frame00195.jpg 328.765648 176.867119 549.837792 164.887588 566.026962 390.236414 339.395267 409.643267
frame00196.jpg 325.674203 175.642498 548.014402 159.807819 565.992078 386.002915 337.973376 408.603413
frame00197.jpg 323.338497 174.098824 546.556643 155.323353 566.456036 382.479419 337.487137 407.716161
frame00198.jpg 322.031556 172.421811 546.644679 150.343956 568.014552 377.894672 338.271289 405.385409
frame00199.jpg 321.474257 169.560935 547.436736 144.462266 569.755972 373.147462 339.254064 403.084959
frame00200.jpg 320.339699 167.192078 547.662298 139.163868 570.325459 368.985502 338.243361 401.348011
frame00201.jpg 316.791203 164.414922 545.817790 133.924494 569.409041 365.152746 335.819917 399.247840
frame00202.jpg 312.844555 162.393522 543.503173 128.399732 568.770421 361.340313 334.044116 398.955775
frame00203.jpg 310.175979 160.627884 542.098336 122.513327 569.197260 356.910141 333.596552 397.467803
frame00204.jpg 308.420373 158.485126 541.796944 117.245325 570.268022 352.925421 333.555912 395.987842
frame00205.jpg 306.897111 156.348722 541.578417 111.748072 571.219754 349.751108 333.485041 395.171136
frame00206.jpg 305.959196 155.611403 541.793711 107.849160 572.850986 346.534552 334.683210 393.802858
frame00207.jpg 306.172078 153.656479 542.752914 102.710183 574.795929 343.310360 335.426376 392.752960
frame00208.jpg 305.045419 153.439055 542.754005 99.582640 575.719443 341.327370 335.248858 392.655339
frame00209.jpg 303.732281 152.047012 542.536455 95.923418 576.219438 339.466476 335.154210 392.360264
frame00210.jpg 302.622658 151.617064 542.405769 93.685627 576.684166 338.399474 334.733870 392.294407
frame00211.jpg 301.290483 149.517689 542.590932 91.770263 576.096992 338.011434 333.972082 391.451596
frame00212.jpg 300.515516 147.401559 543.097090 90.373111 575.663002 338.624878 332.644091 391.144400
frame00213.jpg 299.920645 144.980911 543.804390 89.290326 575.430752 338.352139 332.222493 389.621346
frame00214.jpg 299.367613 142.436822 544.763179 87.876104 574.674870 337.927457 331.535784 388.716550
frame00215.jpg 298.943560 141.225028 545.205136 87.631606 573.527394 339.270449 330.251632 388.978880
frame00216.jpg 297.854986 139.310364 545.252744 87.890943 571.994079 339.670930 328.880652 388.107228
frame00217.jpg 296.849330 139.288010 544.749076 88.610462 570.768395 340.568894 327.629466 388.925187
frame00218.jpg 296.321941 138.645851 544.493107 89.099137 569.741788 341.632039 326.486033 388.355128
frame00219.jpg 295.838116 137.617951 544.868334 90.367667 568.291735 343.111106 325.085249 387.955725
frame00220.jpg 294.528619 137.042223 544.445681 91.580226 566.066408 344.254184 323.324069 388.183192
frame00221.jpg 293.764771 135.873111 544.273203 92.807053 563.491246 345.420314 321.798970 387.904730
frame00222.jpg 293.241192 135.255488 544.332801 95.245903 560.541541 346.746692 319.830233 388.428420
frame00223.jpg 292.425077 134.549116 544.061011 97.179559 557.432066 348.705941 317.666585 388.922738
frame00224.jpg 291.776049 133.854596 543.577514 100.428713 554.575687 351.130005 315.337391 388.530218
frame00225.jpg 291.461189 133.009208 543.284157 102.879150 552.705693 353.649419 313.468036 388.650885
frame00226.jpg 291.765788 132.140579 543.880082 105.171949 551.483187 354.667630 312.446315 388.169094
frame00227.jpg 292.790376 130.879328 545.107498 106.110401 551.365682 356.108514 311.747838 387.473703
frame00228.jpg 292.848284 128.976801 546.025894 107.352420 549.051794 357.653511 309.687703 387.137079
frame00229.jpg 291.774157 128.690057 545.976341 109.626226 546.356626 360.296100 306.955424 387.969803
frame00230.jpg 290.739441 127.822219 545.604789 112.565266 542.891160 361.929561 303.981819 387.527225
frame00231.jpg 290.631982 125.408279 546.222454 114.131745 540.575357 362.216516 302.578852 385.977478
frame00232.jpg 292.376014 123.497133 548.180272 115.365897 540.377937 362.970524 302.394854 384.578489
frame00233.jpg 294.833297 121.583849 550.989290 116.826762 540.038763 364.570387 302.392806 383.079775
frame00234.jpg 296.639388 119.541776 552.828207 118.649062 539.127760 366.240963 301.180827 381.943870
frame00235.jpg 297.415045 118.563400 554.236096 121.627921 537.371859 368.742874 299.250077 381.349010
frame00236.jpg 298.412496 117.017051 555.480079 125.065297 534.564724 372.193620 296.421385 380.956844
frame00237.jpg 299.835493 114.768732 557.356560 129.887792 531.764411 375.699536 293.811094 378.601332
frame00238.jpg 302.359192 111.815225 560.350995 134.939913 529.542214 379.448103 291.825795 375.888021
frame00239.jpg 305.752078 107.673744 563.878250 139.674333 527.658604 383.201958 289.882627 372.623214
frame00240.jpg 308.894060 103.770266 566.854091 144.988447 524.927468 387.486824 287.359044 369.379998
frame00241.jpg 311.295408 100.469423 569.231314 150.852711 522.435758 392.876190 284.427631 366.549942
frame00242.jpg 313.834813 97.391746 572.055741 157.121128 520.800553 399.108364 282.675208 363.262374
frame00243.jpg 317.322291 93.712320 575.344326 163.198658 519.857587 405.115186 280.841693 359.064288
frame00244.jpg 320.370728 90.275809 577.918385 167.820962 518.835224 410.244560 279.066930 355.008120
frame00245.jpg 321.670484 86.601831 578.873905 171.781569 516.436822 413.537497 276.276798 351.330008
frame00246.jpg 322.173245 84.049525 577.956768 176.385439 512.242294 417.720620 272.074777 348.618745
frame00247.jpg 321.531314 81.171611 576.531164 180.822682 507.570048 420.545237 267.811388 345.031785
frame00248.jpg 322.546337 78.222069 575.801816 185.459687 503.276737 423.756532 264.503750 340.656965
frame00249.jpg 324.962722 74.613577 575.680717 190.765248 499.272060 427.497057 262.266785 337.058887
frame00250.jpg 327.985848 74.683474 575.146400 199.962912 494.836268 433.712424 260.135227 335.747244
frame00251.jpg 332.521672 75.439427 575.781627 209.272797 491.597079 439.451033 259.515219 333.778905
frame00252.jpg 338.658945 77.628607 577.432078 220.454623 488.643394 445.932277 260.595963 332.939180
frame00253.jpg 346.792214 80.795686 580.228183 231.001298 487.718097 452.563977 263.029819 330.510807
frame00254.jpg 355.987531 82.045748 583.300742 241.865338 485.658074 458.279055 265.888436 328.171631
frame00255.jpg 364.174822 84.010014 585.383962 251.953615 482.931556 463.669064 267.242508 325.832968
frame00256.jpg 370.542372 86.436263 586.731411 261.473492 480.035586 469.836248 267.748043 324.076043
frame00257.jpg 375.973717 88.427514 587.468495 270.788042 477.138580 474.863137 268.226163 322.017719
frame00258.jpg 380.900522 89.614842 588.608660 277.873450 475.846652 479.527440 269.417380 320.454357
frame00259.jpg 385.719452 91.948822 590.275105 284.345236 475.452436 483.469403 271.188127 319.890548
frame00260.jpg 390.194196 93.817310 592.499576 289.822360 476.206357 486.580418 273.720705 319.649516
frame00261.jpg 394.117395 96.516217 594.635912 294.872576 477.052733 491.045127 275.706859 320.595890
frame00262.jpg 397.860344 98.547985 597.123190 298.583182 478.429390 493.230277 278.289090 321.002414
frame00263.jpg 400.935919 98.740603 598.793715 300.865983 478.594714 494.294185 279.995450 319.780642
frame00264.jpg 402.940222 98.859147 599.247318 302.672824 478.125093 495.373520 280.055882 317.894956
frame00265.jpg 403.684915 98.128746 598.464107 303.077700 476.879281 496.072628 279.631567 317.102026
frame00266.jpg 403.717711 96.821816 597.629672 302.745739 476.104224 494.555437 279.667093 314.379214
frame00267.jpg 405.394776 94.406209 597.553073 302.008703 475.946936 493.286632 280.306919 311.406773
frame00268.jpg 407.868180 92.584094 597.694293 302.193889 474.975869 491.951599 281.484470 308.535337
frame00269.jpg 409.997616 92.541340 596.702405 304.501630 472.873646 492.810005 282.122339 306.438659
frame00270.jpg 411.614520 93.464870 594.426087 307.310544 470.428512 493.656023 281.923770 305.754070
frame00271.jpg 413.561053 94.820091 592.750628 310.498056 468.430551 494.127070 283.051789 303.696012
frame00272.jpg 416.604191 94.648082 591.048412 313.731761 465.353389 494.703667 283.982118 300.908182
frame00273.jpg 418.588323 99.281479 588.082225 319.783194 461.508645 498.443294 283.792934 301.835390
frame00274.jpg 420.231260 102.844761 585.670487 325.183816 458.594203 501.099454 284.290837 301.944242
frame00275.jpg 422.703613 107.321062 583.960345 331.220236 456.440560 504.299293 285.611150 302.894392
frame00276.jpg 425.199062 112.452869 582.178352 337.213055 454.383022 507.519549 286.837618 303.988266
frame00277.jpg 427.484005 116.940734 580.562984 342.186931 452.660402 510.264622 288.503862 304.952230
frame00278.jpg 429.273893 122.041388 578.023089 347.591824 450.576183 513.871274 289.677669 306.195548
frame00279.jpg 430.658573 127.189921 575.449928 352.325499 448.463333 515.405508 290.321577 307.841193
frame00280.jpg 432.086192 131.387392 573.697729 355.970218 446.737015 516.640312 291.586236 308.471725
frame00281.jpg 433.540741 135.014392 571.834408 359.661162 445.502519 517.939529 293.019416 309.607142
frame00282.jpg 435.486135 138.625928 570.378030 362.611809 444.699641 519.360881 294.927842 310.409140
frame00283.jpg 436.853778 141.980739 568.613587 364.711744 443.055520 520.430644 295.975189 310.269270
frame00284.jpg 437.281435 144.330815 566.895909 367.032101 442.326762 521.076393 297.120145 310.885788
frame00285.jpg 438.018964 146.438360 565.611752 367.366006 442.375483 520.822361 298.954860 310.955571
frame00286.jpg 438.242923 147.451526 563.994417 367.577040 441.529439 520.561096 299.594272 310.041134
frame00287.jpg 438.251130 148.751789 562.741412 368.402804 441.258572 520.022594 300.422153 309.782302
frame00288.jpg 438.641639 149.650184 561.308983 368.852904 440.536604 519.355181 301.245567 309.117434
frame00289.jpg 438.624803 151.028482 559.331853 370.074208 439.121601 519.266824 301.729333 308.415141
frame00290.jpg 438.315617 152.919737 556.332205 372.242160 436.855220 520.345177 302.044511 308.567616
frame00291.jpg 438.053311 155.976583 552.971863 375.036919 434.081290 521.665679 302.157080 309.116467
frame00292.jpg 438.785172 159.877913 549.991794 379.670006 431.484822 523.596526 302.601430 310.293356
frame00293.jpg 440.038814 164.687299 547.026136 383.965526 428.167273 525.197867 303.265722 310.722614
frame00294.jpg 441.674364 168.447826 544.509528 388.026276 425.651328 526.782755 304.373167 310.901681
frame00295.jpg 442.872311 172.639491 541.643599 392.639227 422.336948 528.618931 304.865554 311.089512
frame00296.jpg 442.989472 176.151251 539.147003 396.481552 419.932493 529.965428 305.152332 311.113625
frame00297.jpg 443.349716 178.911080 536.428436 400.215925 417.674343 531.045869 305.910491 310.428694
frame00298.jpg 443.771853 182.759737 533.287903 404.080027 414.152881 532.693870 306.229905 309.902331
frame00299.jpg 444.672973 186.161134 530.277989 408.116420 410.881539 534.019011 306.908507 309.310292
frame00300.jpg 445.543490 189.370649 526.605564 411.625861 406.730907 533.691485 307.279025 308.712863
frame00301.jpg 445.929736 193.098219 522.830823 414.807573 403.032312 534.794334 307.511395 308.829946
frame00302.jpg 445.842132 197.213578 519.531735 417.789889 400.338028 535.900894 308.150216 310.331190
frame00303.jpg 446.265945 201.129265 517.598319 419.988451 398.951455 536.237437 309.709877 312.204808
frame00304.jpg 446.322024 204.653635 515.429256 421.676667 397.434527 536.053318 310.543668 313.827993
frame00305.jpg 446.233688 208.359387 513.648356 423.653757 396.266900 536.490553 311.449461 316.027563
frame00306.jpg 445.750208 211.467042 511.075449 424.245411 394.349945 536.048451 311.680731 317.422246
frame00307.jpg 443.912785 212.225732 507.239089 424.300720 391.218969 534.958207 310.481386 317.328898
frame00308.jpg 441.715345 214.222614 503.041370 425.225511 387.788324 534.719410 308.729909 318.001911
frame00309.jpg 439.621985 215.354901 499.828950 424.114494 384.820956 532.327940 307.606778 317.160953
frame00310.jpg 439.174138 214.985513 497.639320 422.914214 383.172881 529.276920 307.369999 315.896342
frame00311.jpg 439.099964 214.340578 495.433576 421.314966 381.652763 525.991626 307.734038 314.486377
frame00312.jpg 438.676626 214.666123 493.580526 420.061151 380.926531 524.265407 308.051329 313.471839
frame00313.jpg 437.747210 214.373625 491.700539 418.547017 379.735724 522.572998 307.855465 312.982276
frame00314.jpg 437.034169 213.770351 490.139288 417.454254 379.055138 520.755765 307.867352 312.763400
frame00315.jpg 435.703818 214.173754 488.102712 416.045882 377.540081 519.151879 307.473515 312.238141
frame00316.jpg 433.822069 212.998654 486.305276 413.335425 376.670315 516.455630 306.446654 311.484207
frame00317.jpg 431.507786 211.950657 483.802197 410.743351 374.711682 514.605042 304.543314 310.846921
frame00318.jpg 428.072920 210.617841 480.513478 408.802934 372.332193 512.410561 302.085588 310.533248
frame00319.jpg 424.718466 209.690138 477.809632 405.806084 370.951784 510.973960 299.716517 310.552794
frame00320.jpg 421.740734 209.036449 475.405017 403.505038 369.908984 509.180201 298.211668 311.458272
frame00321.jpg 419.414186 208.865733 473.483529 401.017420 369.536879 507.461474 297.228718 311.599384
frame00322.jpg 417.540304 207.752267 472.006156 398.140405 369.380060 505.045047 296.752080 311.645078
frame00323.jpg 415.671246 206.006020 470.697947 394.340223 369.754391 501.908695 296.527552 310.995762
frame00324.jpg 413.654989 204.330273 469.143335 391.073408 369.572685 499.062505 295.696033 310.083649
frame00325.jpg 410.618006 202.131840 467.201614 386.840116 368.893472 495.870975 294.317189 309.066885
frame00326.jpg 406.719804 199.514471 464.695889 382.126043 368.153082 493.042169 291.857323 307.917069
frame00327.jpg 401.985748 196.513863 461.608801 377.357625 367.068506 489.773138 288.948175 307.137973
frame00328.jpg 397.149484 194.332224 458.886021 373.038139 366.478212 487.304467 286.235195 307.244192
frame00329.jpg 392.560326 191.723880 456.639059 367.677194 366.812330 483.620619 283.888646 307.316487
frame00330.jpg 388.073392 188.521861 454.462755 361.769022 367.962391 479.878573 282.420930 306.932767
frame00331.jpg 383.713958 185.160541 452.068215 356.296392 368.348165 476.001767 280.854339 306.688613
frame00332.jpg 379.403678 182.040061 449.831497 350.482479 368.167923 472.251576 278.860980 305.638345
frame00333.jpg 374.950275 179.752029 447.632022 345.928861 367.919304 469.682790 276.288548 306.015444
frame00334.jpg 370.821167 177.339217 445.422446 341.206220 367.135837 466.346157 273.536117 306.267828
frame00335.jpg 366.500985 174.974437 443.400577 336.333546 367.129859 462.840290 271.229009 306.836344
frame00336.jpg 362.044201 172.540340 441.350044 330.193935 367.856265 458.693966 269.595768 307.015085
frame00337.jpg 357.335526 169.368434 439.260648 323.246697 369.049657 453.974064 268.030997 306.808537
frame00338.jpg 352.690537 166.689798 437.535031 316.853441 370.276067 449.822256 266.587774 307.863180
frame00339.jpg 347.250846 165.087062 434.977857 311.076687 371.432008 445.555027 264.863086 309.483081
frame00340.jpg 342.164693 164.390831 432.859525 306.036235 372.150942 442.240595 263.243244 311.541423
frame00341.jpg 338.019325 164.149653 431.209629 300.982886 372.580833 438.817538 261.774844 314.113902
frame00342.jpg 335.479654 163.966936 430.585701 296.124317 372.997660 434.943233 260.628233 316.189773
frame00343.jpg 333.004284 163.994636 430.170853 292.281258 372.988752 432.359179 259.056197 319.356886
frame00344.jpg 330.234300 164.198619 430.043290 289.130711 373.889060 430.724905 257.483108 321.845381
frame00345.jpg 326.989937 164.245186 430.620403 286.106281 375.982353 429.462240 255.706524 324.353965
frame00346.jpg 323.042764 163.348106 431.634269 281.893198 379.744512 428.237762 254.690467 326.817824
frame00347.jpg 318.297876 163.590423 432.653911 278.014106 383.788931 427.358855 253.481831 330.355212
frame00348.jpg 313.696865 163.536187 433.904865 273.607804 388.127000 424.969367 252.714369 333.248580
frame00349.jpg 310.978729 162.305087 436.054656 267.819741 392.955634 422.060370 253.368412 334.966347
frame00350.jpg 310.182212 162.305510 439.290019 263.641247 397.958965 419.564431 255.531415 337.798936
frame00351.jpg 310.807360 161.615670 442.342652 259.527949 401.808587 416.973246 258.018370 338.902106
frame00352.jpg 311.490421 161.114977 444.246725 257.033353 404.569009 415.751349 259.594904 340.092607
frame00353.jpg 312.517010 160.970559 446.601711 255.252290 407.314686 414.893137 261.902478 341.704319
frame00354.jpg 313.525902 160.650986 448.573862 253.339058 410.333918 413.707896 263.769665 342.270462
frame00355.jpg 313.234300 160.663896 449.931019 251.521719 412.965780 413.188253 265.021142 343.892574
frame00356.jpg 311.974032 161.354093 451.424074 248.688706 416.421972 412.026404 266.125675 346.416014
frame00357.jpg 310.956987 162.390538 453.224114 245.815093 420.042353 410.756464 267.223764 349.199479
frame00358.jpg 309.274572 162.301595 455.257663 241.486281 423.675584 408.595151 267.900857 350.845966
frame00359.jpg 306.776996 162.472479 456.766141 238.170585 426.595512 406.855942 267.846590 353.626060
frame00360.jpg 304.423588 162.771610 458.090256 233.566933 430.111350 404.306582 268.463126 355.297789
frame00361.jpg 302.319688 162.656399 459.402736 228.807701 433.801587 401.059250 269.575632 356.734092
frame00362.jpg 300.662555 161.035917 460.983090 222.422313 437.638251 396.437034 271.059175 356.676386
frame00363.jpg 299.183606 160.021772 462.457378 217.344377 441.204265 393.075052 272.545154 357.803968
frame00364.jpg 297.885717 159.588285 464.033502 212.899942 444.738537 390.405271 273.659074 359.041521
frame00365.jpg 296.607593 158.962597 465.797892 208.053941 448.253730 387.596102 274.691835 360.058362
frame00366.jpg 295.545922 159.296232 468.142791 203.415226 452.861659 384.706172 277.206702 362.060689
frame00367.jpg 295.201608 160.324836 470.771985 198.387159 457.869055 381.593486 279.792860 363.437985
frame00368.jpg 294.023626 160.854155 473.092069 192.104309 463.833737 377.319204 282.902090 365.147350
frame00369.jpg 293.144222 161.433837 475.656891 185.030263 470.009789 371.986868 286.722563 366.234364
frame00370.jpg 291.950354 162.020227 477.522987 178.273991 475.506260 367.288884 289.401865 367.536524
frame00371.jpg 289.855118 162.949973 478.835201 171.989745 480.659405 363.038616 291.800946 369.070084
frame00372.jpg 288.095668 164.559667 480.026454 166.368701 484.838683 359.843150 293.748297 371.524902
frame00373.jpg 286.981061 166.408156 481.127595 162.248401 489.259829 357.031464 296.122196 373.518323
frame00374.jpg 287.070988 168.529872 482.748166 158.403560 494.032293 354.930637 299.474995 376.006962
frame00375.jpg 287.888381 170.842210 484.503416 155.328211 497.796402 353.106259 302.635164 378.530126
frame00376.jpg 288.365362 172.765477 486.050181 153.093094 501.451076 351.360456 305.741550 380.341175
frame00377.jpg 289.804519 174.368690 488.327352 150.424253 505.984122 349.605849 309.508864 381.630212
frame00378.jpg 291.279690 174.353667 490.990658 146.526257 509.725710 346.639444 312.874172 381.983916
frame00379.jpg 291.705130 174.739192 492.561528 142.776721 512.864325 343.511132 315.350931 382.287475
frame00380.jpg 292.038601 175.199647 493.668060 138.251591 516.584002 340.304180 318.360993 383.000783
frame00381.jpg 292.345959 176.456296 494.828160 133.528294 520.932895 336.314154 321.870608 383.563633
frame00382.jpg 292.789585 178.334764 496.017582 127.683643 525.576136 332.298830 325.729329 384.619668
frame00383.jpg 292.376664 180.839982 496.035092 123.062326 528.486675 328.780613 327.923740 386.555897
frame00384.jpg 290.604954 184.680725 494.413743 119.613781 530.379977 326.406381 329.514544 389.527993
frame00385.jpg 288.855503 188.148585 492.766688 116.072198 532.045138 323.096161 331.481988 391.646056
frame00386.jpg 287.422912 191.241730 491.008516 111.998598 533.557771 319.562855 333.179728 393.335963
frame00387.jpg 284.671230 194.643108 487.946566 108.434520 533.945552 316.048186 333.769887 395.521188
frame00388.jpg 281.829326 197.437832 484.264196 105.053142 533.579373 312.465594 333.917786 397.033562
frame00389.jpg 278.972246 200.112407 480.735781 101.820762 532.910785 309.592123 333.876439 398.826192
frame00390.jpg 276.003225 202.541597 476.793609 99.186509 532.497239 306.133560 333.641627 399.836203
frame00391.jpg 273.067987 204.689354 473.217987 95.908324 531.345940 302.902393 333.328779 401.026547
frame00392.jpg 269.992222 206.355041 469.350417 92.824474 530.071583 298.959553 332.861336 401.183873
frame00393.jpg 267.059027 207.552188 465.823764 89.101874 529.001657 295.510348 332.524558 401.776008
frame00394.jpg 264.236788 208.357359 462.831298 86.128889 528.415050 292.034128 332.328887 401.899861
frame00395.jpg 261.667293 209.367829 460.021306 82.739017 527.577877 289.157550 332.232409 402.082771
frame00396.jpg 259.713460 210.585870 457.324547 79.432486 527.418917 285.897801 332.920147 402.419482
frame00397.jpg 257.922691 212.002418 454.926057 76.361736 528.077383 282.978286 333.677272 403.515866
frame00398.jpg 256.429796 213.918272 452.799874 73.092178 529.085853 280.406756 334.739319 404.780459
frame00399.jpg 254.951459 215.625062 451.127991 70.693977 529.360247 278.452596 335.220639 405.996453
frame00400.jpg 253.063272 217.813885 449.316996 69.365336 529.018832 277.885851 334.994147 407.571216
frame00401.jpg 251.155780 219.911604 447.663958 69.177409 528.459364 277.784543 334.963346 408.713238
frame00402.jpg 250.434065 221.447489 447.210013 69.378918 529.191665 277.207189 335.842901 409.570634
frame00403.jpg 250.265933 222.609753 447.543721 68.194588 530.058279 276.136984 337.090433 410.556416
frame00404.jpg 249.377243 223.588911 447.799354 67.673825 530.621721 274.953860 337.091872 411.512427
frame00405.jpg 247.822085 224.718028 447.091095 67.223728 530.301566 275.190812 336.129613 413.119385
frame00406.jpg 245.888988 226.177914 446.223931 66.950380 530.170399 276.036779 335.236418 414.823549
frame00407.jpg 244.054935 227.216975 445.981950 66.855691 530.518876 276.994239 334.420714 415.967023
frame00408.jpg 242.291854 228.370402 445.585779 65.755235 531.192945 277.656174 334.299241 417.704922
frame00409.jpg 240.686762 230.472075 445.269223 64.140549 532.602944 277.213585 335.528522 419.292482
frame00410.jpg 240.392798 233.704137 444.809906 62.447266 535.510714 276.433248 337.441923 421.363825
frame00411.jpg 239.266354 236.504418 444.034707 60.781693 537.361856 275.707399 339.052108 423.418326
frame00412.jpg 237.844184 239.673833 441.977423 58.775910 539.032558 274.604015 340.336130 425.175987
frame00413.jpg 237.345523 242.592808 439.896652 56.697346 541.438679 273.743352 342.564642 427.586451
frame00414.jpg 237.966001 245.537733 439.276262 55.447364 544.642908 273.562625 345.746056 429.572778
frame00415.jpg 239.361757 247.766411 439.388709 53.021558 547.910608 272.540846 348.776423 431.151683
frame00416.jpg 239.949682 250.595981 438.870255 52.869255 550.462344 273.885527 350.392509 433.280742
frame00417.jpg 239.473770 253.341415 437.813139 53.661670 551.679853 276.499662 351.139527 436.169026
frame00418.jpg 239.359097 256.123033 437.283701 55.374352 552.837466 279.063695 352.233557 439.079603
frame00419.jpg 240.678364 258.767014 437.241080 57.325624 555.297867 282.920282 354.064413 442.152391
frame00420.jpg 243.232909 259.780380 439.190006 58.449275 558.405539 285.582284 356.321633 444.224764
frame00421.jpg 245.881159 261.386622 441.783047 59.396214 561.379576 288.375407 358.747132 446.720978
frame00422.jpg 248.220446 263.126498 444.184216 61.182416 564.011752 292.325938 360.575993 449.902813
frame00423.jpg 250.830217 265.906212 446.367457 64.572456 566.805072 297.541829 362.723314 453.597974
frame00424.jpg 253.442479 268.898613 448.918495 68.208531 569.664259 302.457324 365.048946 456.762726
frame00425.jpg 256.492063 271.129114 451.578063 71.399718 573.090943 307.070857 367.568850 460.247103
frame00426.jpg 259.699073 272.654500 455.151662 74.270982 576.865228 312.147545 369.659648 462.983380
frame00427.jpg 262.030687 273.603612 459.281307 77.373172 579.971105 317.322054 370.759579 465.888079
frame00428.jpg 263.805331 273.880713 463.620726 79.674939 583.110471 321.944056 371.350890 467.842018
frame00429.jpg 265.661078 274.109825 467.794125 82.419403 585.909972 327.939601 371.738934 470.690537
frame00430.jpg 267.996509 273.774667 472.364793 85.104826 589.372579 334.099784 372.582617 472.928730
frame00431.jpg 270.466292 273.782024 477.310678 87.667183 592.836178 340.630960 373.578657 475.361482
frame00432.jpg 272.509090 274.307149 481.939076 91.831035 595.971062 347.883500 374.071280 478.295062
frame00433.jpg 274.992133 274.405526 486.249840 95.204207 598.778650 355.277129 374.800148 480.214796
frame00434.jpg 277.848840 274.386364 490.259085 98.384549 601.797870 362.042987 376.269931 482.715118
frame00435.jpg 280.980369 274.754151 494.448962 101.173010 605.243965 367.484202 378.183223 484.573794
frame00436.jpg 283.635267 275.041024 498.108047 103.041757 608.005763 371.794681 378.998357 486.392544
frame00437.jpg 284.601949 276.066459 499.659303 104.462054 608.562961 375.570131 379.009757 488.540673
frame00438.jpg 285.670018 276.876301 499.765004 105.806311 609.318456 378.606028 379.756848 489.992322
frame00439.jpg 287.281303 277.068547 500.036271 105.701531 610.351315 379.638951 381.291575 490.872727
frame00440.jpg 288.677886 277.498664 498.924718 104.485307 610.008472 380.160534 381.799271 491.985461
frame00441.jpg 288.169365 278.421752 496.346614 103.731380 608.722843 380.228405 381.264883 493.480455
frame00442.jpg 287.368299 279.495203 493.575388 103.691388 607.746130 381.722354 380.734584 494.795965
frame00443.jpg 286.082862 280.653784 491.679176 104.411779 606.142388 384.457503 379.695551 496.259882
frame00444.jpg 285.354133 281.699376 489.654004 105.764235 605.316428 387.459965 379.330193 497.681229
frame00445.jpg 285.927694 282.030472 488.370005 107.011883 604.955452 390.657192 379.283180 498.672645
frame00446.jpg 286.650755 282.048120 487.869146 107.726904 603.950271 392.902007 379.386871 499.857062
frame00447.jpg 287.639184 281.501064 487.624002 107.246781 604.547603 394.666745 379.288296 500.236408
frame00448.jpg 287.409021 280.958748 487.294872 106.979558 603.748497 396.252072 378.498079 500.366594
frame00449.jpg 285.947077 279.881149 486.410527 105.902972 602.884933 397.830624 376.899446 500.368336
frame00450.jpg 284.497700 278.990396 485.450066 105.302440 601.277127 400.203447 374.722720 501.424729
frame00451.jpg 283.492449 278.689181 484.525419 105.781786 599.952979 403.749025 372.863421 502.560106
frame00452.jpg 282.640680 277.078916 483.932489 105.693464 598.323950 407.067082 371.253798 502.846630
frame00453.jpg 281.541663 275.941968 483.936166 106.412977 597.578910 411.158438 368.650707 503.779226
frame00454.jpg 278.887296 274.153034 484.040708 107.111341 595.504703 415.061453 365.058598 503.854056
frame00455.jpg 276.374322 272.059183 484.242703 107.686305 595.034878 419.526266 361.837061 503.713657
frame00456.jpg 273.978278 269.682492 485.930902 109.120997 593.774351 423.376370 358.471069 503.244227
frame00457.jpg 272.107325 266.461278 488.206311 110.056692 593.212250 426.810884 354.741390 502.134410
frame00458.jpg 270.415317 262.943711 491.207041 110.923644 591.415290 431.000166 350.137917 501.152836
frame00459.jpg 268.472287 259.365711 494.033654 112.734162 590.390619 433.385410 345.935441 500.266554
frame00460.jpg 267.134946 255.219287 498.077782 112.764329 589.382389 435.370085 341.553949 498.396694
frame00461.jpg 264.223714 250.073097 501.104045 113.095310 586.977591 437.955610 335.585420 496.633288
frame00462.jpg 260.830354 245.946477 503.817006 114.801002 584.413199 441.385628 329.276065 495.743387
frame00463.jpg 258.228309 240.274645 507.490425 116.251174 582.138085 443.686358 323.439140 492.968429
frame00464.jpg 256.045905 234.781145 511.232310 117.043119 580.732912 446.641128 317.961091 490.879165
frame00465.jpg 254.626343 229.534322 515.482327 117.826592 579.436807 450.107468 313.256027 488.524823
frame00466.jpg 253.436735 224.457702 519.066321 120.221109 577.575070 454.320565 308.748892 486.365723
frame00467.jpg 253.009732 219.621490 523.150663 123.232770 576.216610 459.663028 304.494952 484.692349
frame00468.jpg 252.215687 215.176477 527.347319 126.566686 574.624128 465.416444 300.333342 482.746948
frame00469.jpg 251.210883 210.482414 531.068829 131.073123 572.159526 471.389778 295.265926 480.681810
frame00470.jpg 249.896848 204.834314 535.204367 135.010748 569.780254 476.507967 290.335555 477.961583
frame00471.jpg 248.871679 198.056952 540.278586 138.563481 567.573324 481.154683 285.094106 474.173949
frame00472.jpg 248.472704 191.633863 545.575001 144.111699 564.846315 487.402282 279.409349 471.007425
frame00473.jpg 249.062365 185.478390 551.199797 150.512269 562.965551 493.093300 275.075786 467.960883
frame00474.jpg 250.631692 179.911878 557.047924 156.501418 561.470292 497.981876 271.253671 464.846893
frame00475.jpg 252.572401 174.770461 563.187181 162.471448 559.960570 501.779866 268.193923 461.676438
frame00476.jpg 254.384224 168.145805 568.901843 166.837921 557.781806 502.041978 265.257325 455.864235
frame00477.jpg 255.431064 158.558699 572.618782 169.169810 554.096972 501.014879 260.281635 448.326213
frame00478.jpg 256.570840 147.966540 575.662567 169.352929 549.763828 499.709863 255.223276 439.224398
frame00479.jpg 259.041491 136.908497 578.817536 170.536220 545.900776 499.432485 250.478612 430.855454
frame00480.jpg 261.906042 126.555703 583.012962 173.127348 542.830422 498.498784 247.259448 422.030625
frame00481.jpg 266.505292 116.286481 587.632496 177.493058 539.686960 498.778354 244.874180 413.435864
frame00482.jpg 273.227571 108.397667 593.032023 183.542601 537.457455 499.240945 244.549629 405.321921
frame00483.jpg 280.789403 100.335572 598.435745 189.091477 535.262331 499.476417 244.378493 396.835580
frame00484.jpg 287.837498 94.177297 602.453661 195.913319 532.753178 501.333801 243.769752 390.661061
frame00485.jpg 294.830002 89.655750 605.847234 202.854871 530.778011 502.959433 243.804089 384.754986
frame00486.jpg 302.258874 84.751069 609.699989 208.049400 529.783899 503.108552 245.646784 378.527516
frame00487.jpg 310.741834 79.702435 614.167978 211.888964 529.841527 502.917353 248.012877 372.467159
frame00488.jpg 318.622799 76.722583 618.247413 216.845946 529.086441 502.827557 250.486576 367.388486
frame00489.jpg 325.142610 73.532974 620.074084 220.863073 527.499889 503.372211 251.094016 362.713330
frame00490.jpg 330.121823 70.778161 621.293629 226.611418 525.499706 506.469157 251.285760 360.001523
frame00491.jpg 335.789069 69.836088 623.671751 232.343981 524.519930 508.813079 253.089432 357.087031
frame00492.jpg 341.861821 69.509557 625.959398 238.747452 522.871608 511.314945 254.481892 354.798300
frame00493.jpg 346.929234 69.612393 626.933600 245.709837 521.031648 515.627009 254.714822 353.238498
frame00494.jpg 351.066802 70.900405 627.640988 252.048407 519.402495 518.184544 255.465176 352.412903
frame00495.jpg 354.285626 71.902979 628.087913 255.261273 518.766822 518.954921 256.353581 351.036293
frame00496.jpg 356.666206 72.194540 628.282405 257.302575 518.845292 519.521500 257.664589 350.641172
frame00497.jpg 359.181645 73.118844 628.181332 259.004353 518.008052 518.128422 258.857130 349.942524
frame00498.jpg 361.458975 72.332002 626.425126 259.129398 516.716938 517.046735 259.060526 348.044903
frame00499.jpg 362.452707 72.524462 624.901286 259.116155 515.950480 514.418797 260.099076 347.338661
frame00500.jpg 363.995785 71.570080 623.177580 257.778613 515.175474 512.204096 260.843709 345.590487
frame00501.jpg 365.146373 71.520412 621.073855 257.726423 514.135166 511.790538 260.915632 344.664642
frame00502.jpg 365.518787 72.203609 618.768579 259.223999 512.342607 511.621782 260.942420 345.172754
frame00503.jpg 366.420809 73.386758 616.761120 260.169562 511.053603 510.993460 261.006548 344.873106
frame00504.jpg 367.294218 74.302479 615.219361 261.249822 510.475185 510.545486 261.472605 345.910376
frame00505.jpg 367.525052 75.147624 613.496231 260.882297 509.448584 507.988020 261.970111 346.845010
frame00506.jpg 367.581453 75.685804 611.266456 260.401892 508.707495 505.838209 261.780183 347.541627
frame00507.jpg 367.593605 74.959650 609.897308 258.098564 508.950774 503.165260 262.457865 347.247298
frame00508.jpg 368.425971 73.953124 609.076215 256.846297 508.024187 501.832522 263.267971 347.366478
frame00509.jpg 368.724965 73.583302 606.889342 257.548094 505.742442 502.012189 261.948482 347.500165
frame00510.jpg 368.251567 74.620747 604.224727 259.642394 503.376598 502.647536 260.663609 349.313446
frame00511.jpg 369.032390 75.026279 603.437215 260.625377 502.526616 501.550004 261.033824 349.760450
frame00512.jpg 371.495297 73.562965 604.519672 259.283973 503.269631 498.821598 263.205265 348.019901
frame00513.jpg 374.754434 71.919273 606.398386 257.592483 505.343693 496.759858 266.296853 346.546592
frame00514.jpg 378.485067 70.192504 608.545692 257.471882 505.951525 495.831977 268.779689 345.412978
frame00515.jpg 381.669368 69.066764 610.453192 258.040243 507.064227 495.407228 270.837165 343.531410
frame00516.jpg 385.370605 67.297996 613.206105 257.717937 509.227774 494.157874 274.018714 341.596105
frame00517.jpg 389.447247 65.463887 615.292365 257.719035 509.801365 493.836592 276.031626 339.346381
frame00518.jpg 392.821509 63.458101 616.399716 258.605763 508.991762 493.008132 276.760956 337.769190
frame00519.jpg 395.894761 62.829785 617.135445 259.795188 508.184144 492.622783 278.214496 337.316895
frame00520.jpg 399.633723 62.751228 617.842412 261.340168 507.525348 491.911165 279.916508 336.752003
frame00521.jpg 404.480556 63.420906 619.531846 262.973661 507.507614 491.437013 282.850503 336.601314
frame00522.jpg 409.329449 63.573416 621.547663 263.775976 508.876581 490.393856 286.145568 335.588552
frame00523.jpg 413.613695 63.687303 623.748305 263.763403 510.958338 490.346296 289.816932 335.352477
frame00524.jpg 415.810554 65.373793 625.152269 264.167634 512.872667 490.989419 292.078867 336.402334
frame00525.jpg 417.597069 66.280365 626.888934 264.774362 514.996653 491.564559 294.351420 337.370550
frame00526.jpg 419.740554 66.918502 628.336266 264.858278 515.949970 491.610820 296.045001 338.577777
frame00527.jpg 420.771040 67.618931 628.483919 264.674275 515.101144 490.447879 296.325133 340.152830
frame00528.jpg 421.095601 68.496890 628.032274 264.576767 513.940650 490.293742 295.606370 341.546682
frame00529.jpg 421.353900 68.760882 627.975032 264.972678 513.735451 489.703711 295.299318 341.647461
frame00530.jpg 421.902977 68.480629 629.017346 263.623726 515.120306 488.763089 296.500316 341.663305
frame00531.jpg 423.228523 67.995719 630.254984 262.671513 516.380352 488.394822 298.124079 342.531758
frame00532.jpg 425.251704 68.844690 631.489981 262.784365 518.029274 488.189265 300.527630 343.453951
frame00533.jpg 429.848899 69.693417 634.421524 263.905361 519.682190 487.085646 304.778473 344.829437
frame00534.jpg 435.323555 70.733501 637.032733 263.576783 521.257333 485.798561 308.317984 344.786420
frame00535.jpg 439.652627 71.826257 638.388653 264.700528 521.557084 485.825218 310.689026 345.680398
frame00536.jpg 442.559479 73.388783 639.299988 266.713742 521.525720 486.780149 312.234687 347.037156
frame00537.jpg 445.472589 74.913937 640.596553 268.429137 521.077769 487.240496 313.327229 347.806792
frame00538.jpg 448.343525 76.037238 641.015896 270.781071 520.162419 488.355867 314.110582 348.901000
frame00539.jpg 451.465889 77.897978 641.176271 273.979652 519.775509 489.248080 315.476281 351.307229
frame00540.jpg 455.468392 81.272260 642.664715 277.845473 520.303561 491.264997 318.194099 354.002626
frame00541.jpg 460.611691 85.497636 645.237696 281.634011 522.220262 492.716879 321.734075 354.651780
frame00542.jpg 465.869951 86.571584 648.406771 284.276406 523.862349 493.575296 324.751797 355.133945
frame00543.jpg 469.236928 89.359943 649.919492 286.812752 524.723375 495.860901 326.662529 356.453407
frame00544.jpg 471.682819 92.088936 649.647467 290.689353 523.659674 497.591702 327.025045 358.907347
frame00545.jpg 472.576097 94.959409 649.821905 292.579096 523.366601 498.935589 327.560873 360.472705
frame00546.jpg 474.295318 96.160108 649.378745 294.039646 522.437048 498.687024 328.312836 361.229896
frame00547.jpg 475.522920 98.498632 647.258573 295.584654 520.554406 498.309844 327.637501 362.509994
frame00548.jpg 474.876416 101.303572 645.006004 296.071885 517.893215 497.365991 326.755568 363.294737
frame00549.jpg 474.984970 101.039506 642.896181 295.131962 515.795052 494.959461 326.132293 362.934614
frame00550.jpg 475.206409 101.655807 641.027102 294.587547 514.910626 493.282460 325.813233 362.622726
frame00551.jpg 474.473770 101.083035 640.679033 292.327003 514.082938 492.491418 326.172611 362.612930
frame00552.jpg 473.269104 100.310877 638.692956 290.575566 512.760382 491.757567 325.855212 363.493072
frame00553.jpg 472.133471 101.457608 637.092852 289.304914 511.731172 490.097880 325.473738 364.328697
frame00554.jpg 471.763341 102.287492 636.084177 288.664066 510.893871 488.946254 325.609632 365.656261
frame00555.jpg 471.484919 105.445420 633.768693 289.798851 509.532188 490.146794 325.208444 368.317700
frame00556.jpg 471.315083 108.466418 632.206288 289.951111 508.616427 490.209064 325.750794 371.171103
frame00557.jpg 471.830994 110.824896 631.118587 289.961924 508.596523 488.691681 327.044260 373.842447
frame00558.jpg 472.551777 114.480888 630.384535 290.668172 508.659848 489.821403 328.453758 377.093490
frame00559.jpg 473.556844 118.844527 630.741843 291.491335 509.345680 491.279976 331.082982 380.706609
frame00560.jpg 475.350981 121.848344 631.652437 291.275611 510.574119 492.201717 334.017078 384.297880
frame00561.jpg 476.811492 125.791174 631.591846 291.753361 511.033373 492.853556 336.094205 387.665182
frame00562.jpg 477.718551 129.112643 631.139153 292.168944 511.876880 492.191619 338.433420 391.098868
frame00563.jpg 479.402443 131.808206 630.513570 291.768589 512.295702 492.000750 340.443017 394.023246
frame00564.jpg 481.507251 134.748709 629.029119 292.564716 511.820315 490.823184 342.601558 396.787280
frame00565.jpg 482.623513 136.705220 627.479148 292.409655 511.446467 490.160852 343.940738 398.870360
frame00566.jpg 482.761270 137.285975 625.499189 292.107229 510.784483 489.108670 344.857998 400.577619
frame00567.jpg 482.355557 139.806418 623.942194 291.954079 510.451323 488.507074 345.252207 402.422289
frame00568.jpg 481.922659 140.876673 622.940816 290.236582 510.944530 486.774586 346.191204 404.003941
frame00569.jpg 480.463258 142.534623 620.785093 288.169384 511.567839 485.600651 347.081491 407.004684
frame00570.jpg 478.159842 144.542087 618.379801 285.962400 511.213468 484.274899 347.026376 409.667587
frame00571.jpg 474.525758 146.395240 615.340863 283.665065 511.089967 483.607808 346.093593 412.840712
frame00572.jpg 470.290019 147.109033 612.247181 281.245081 510.461459 481.236828 345.468153 414.391864
frame00573.jpg 467.566132 146.789940 609.500962 278.161779 509.997738 479.240569 344.813706 414.726412
frame00574.jpg 464.306508 137.416415 607.415162 274.117125 509.554400 474.378774 345.474304 415.209247
frame00575.jpg 462.982784 145.811576 604.013693 271.747926 508.251722 474.371841 343.751416 415.467055
frame00576.jpg 460.451553 146.692606 600.574361 270.739708 506.578378 473.668476 342.989534 416.771633
frame00577.jpg 458.153313 147.010678 598.025473 269.409331 505.016590 470.549473 342.584546 417.643769
frame00578.jpg 456.321200 147.619833 595.842155 266.644960 504.840888 468.747218 343.044870 418.728580
frame00579.jpg 454.181066 147.762187 593.935274 263.175725 504.870732 465.676995 342.839318 419.697863
frame00580.jpg 450.560132 148.289302 592.105039 259.829643 504.699608 463.112106 341.444094 420.515157
frame00581.jpg 445.746525 148.714601 589.890522 255.328959 505.398854 462.267800 339.754594 421.537260
frame00582.jpg 440.965492 147.673742 588.058677 250.654220 506.062564 461.037547 338.993356 423.004748
frame00583.jpg 437.499833 147.233048 587.356794 245.027901 508.206645 457.407193 338.925223 422.619151
frame00584.jpg 434.627362 145.502354 587.908272 237.014154 512.340691 453.702990 339.716385 421.943510
frame00585.jpg 433.013307 143.436643 590.197744 230.361917 516.535095 448.865274 341.614776 420.450269
frame00586.jpg 432.357310 139.626237 592.995037 225.053477 518.648419 442.347619 343.959466 418.847501
frame00587.jpg 431.947737 139.179131 594.576456 219.856891 521.945570 439.954159 345.653646 418.085749
frame00588.jpg 431.122193 138.712395 595.714543 214.924194 526.047462 436.994136 347.539814 418.082081
frame00589.jpg 442.346489 134.319198 629.563386 194.608918 489.960733 498.355075 353.293151 404.108815
frame00590.jpg 440.902575 134.653461 628.088882 185.228527 488.215384 491.064591 354.530467 404.986277
frame00591.jpg 441.123780 135.321757 628.843203 183.963216 483.471877 495.523010 354.812089 405.088521
frame00592.jpg 442.205856 137.415049 628.429727 185.094643 482.317002 496.866870 357.353160 405.058849
frame00593.jpg 443.896285 139.957642 630.002762 179.857181 482.058382 498.032440 358.375396 407.106679
frame00594.jpg 446.064871 146.236571 628.277289 178.211638 487.045314 504.509281 356.585968 410.534571
frame00595.jpg 447.286317 147.838394 626.068698 177.679580 481.856616 509.014334 357.155181 410.578113
frame00596.jpg 445.507885 147.559402 618.481405 184.806165 482.589790 504.887598 356.495507 411.720708
frame00597.jpg 445.220697 146.681012 614.650073 192.416913 480.131113 507.735730 358.979176 412.849522
frame00598.jpg 443.258263 141.025361 605.789575 206.389041 481.395522 491.929980 359.174750 413.633094
frame00599.jpg 441.240879 147.132979 609.650951 184.384224 479.784634 509.107909 360.127535 414.582509
frame00600.jpg 438.013969 146.494937 609.497054 184.028304 478.926676 519.884401 360.190477 416.788216
frame00601.jpg 431.673174 144.257056 611.816517 177.471381 475.821233 528.076970 359.003750 419.026419
frame00602.jpg 415.575863 154.070972 605.326371 172.435693 536.856185 499.554692 359.424304 426.836176
frame00603.jpg 407.294294 151.303542 609.229282 162.489034 545.849792 505.942599 361.133614 425.674776
frame00604.jpg 388.470922 148.110577 581.013734 166.301116 550.688981 402.392341 358.435194 432.331209
frame00605.jpg 377.299815 145.193107 580.426686 157.620037 556.832793 392.692908 359.432200 429.764428
frame00606.jpg 369.096159 144.441382 579.819216 150.557173 562.525818 388.715591 360.652444 429.711741
frame00607.jpg 364.251013 143.771083 580.064283 144.318891 568.040982 384.236116 362.155871 428.359173
frame00608.jpg 361.211381 142.511218 580.896559 139.165648 572.563329 381.590712 363.402396 427.523009
frame00609.jpg 359.357823 142.059039 581.652106 135.938700 575.786748 379.789758 363.920350 426.288849
frame00610.jpg 357.853023 141.424687 582.087543 133.779209 577.507462 379.497048 363.668071 425.632367
frame00611.jpg 356.688784 140.567643 582.656634 132.894967 578.410762 379.203094 363.438974 424.839068
frame00612.jpg 357.434484 139.776109 583.804775 132.942523 579.726097 379.596954 363.774734 424.238461
frame00613.jpg 358.179725 139.164034 585.443937 132.977817 581.190625 381.195632 364.785140 424.907372
frame00614.jpg 359.696745 141.220731 588.136099 135.049529 583.906392 383.754015 366.264722 426.326276
frame00615.jpg 361.982730 141.671828 591.466755 137.170658 588.225934 387.108638 368.007324 427.186825
frame00616.jpg 364.904997 142.014764 596.509354 139.006369 593.035496 389.504784 371.176301 427.458540
frame00617.jpg 368.741636 143.919784 602.532336 140.574584 599.497638 393.931760 374.189913 429.023697
frame00618.jpg 371.687779 144.749285 609.466973 144.530677 604.590511 398.980586 375.358582 430.056792
frame00619.jpg 374.871573 145.833505 616.749220 148.611493 610.730982 405.547974 376.548004 430.765417
frame00620.jpg 378.069075 147.475218 624.435374 151.851126 617.759643 412.137001 378.499483 431.840305
frame00621.jpg 382.233742 148.869807 632.939161 156.101953 624.867640 418.949046 380.343440 432.387938
frame00622.jpg 386.434399 149.979422 642.019563 160.455172 630.566653 427.656139 381.436056 432.183780
frame00623.jpg 390.499253 150.460425 649.731063 167.918658 633.906155 439.253497 380.616479 432.514309
frame00624.jpg 394.295629 150.860067 656.127548 179.142687 635.373056 451.676950 378.638504 432.727616
frame00625.jpg 399.016102 152.149060 662.341602 190.665451 636.498299 464.336213 378.348620 433.068533
frame00626.jpg 405.876569 153.259107 669.422317 203.011192 638.032213 476.297793 378.509688 431.501930
frame00627.jpg 413.944515 152.428282 677.195558 214.323826 639.029288 488.393781 379.250452 428.283976
frame00628.jpg 421.128754 151.892493 682.900278 227.477549 637.239071 500.489955 377.369795 424.801492
frame00629.jpg 426.474022 150.208813 686.942421 238.728083 634.891849 509.909995 375.537546 420.440981
frame00630.jpg 431.573152 148.041456 692.370597 247.871469 632.594749 518.211660 373.687876 416.114347
frame00631.jpg 435.086117 146.391560 696.253462 256.440986 630.225165 525.604263 371.390881 411.750166
frame00632.jpg 437.035311 143.731094 699.504058 261.367360 629.223401 530.550177 369.434240 407.441403
frame00633.jpg 436.861263 141.032072 701.383357 261.995039 628.324664 532.679886 366.785114 403.753137
frame00634.jpg 433.838627 137.517761 701.196880 258.942257 627.884427 530.821590 363.742222 400.107028
frame00635.jpg 430.153908 132.834582 700.035831 251.776788 627.323124 526.572296 360.023425 395.110066
frame00636.jpg 425.136891 127.662243 697.747034 243.694457 626.307954 521.581179 355.735307 391.170088
frame00637.jpg 420.457142 123.851951 695.513935 236.011119 625.815753 517.410670 352.450090 387.338474
frame00638.jpg 416.167567 119.833015 693.795871 228.052398 625.896958 512.483020 349.853292 383.224275
frame00639.jpg 413.352883 115.737686 693.645889 220.202557 627.563546 508.466373 348.836213 379.033061
frame00640.jpg 412.326344 113.536761 694.103112 213.549108 628.993234 505.339029 348.389786 376.376064
frame00641.jpg 410.989842 111.952603 695.027622 208.050432 631.299945 504.218873 349.028102 376.473718
frame00642.jpg 409.512049 114.421866 695.262047 204.366097 633.574748 504.278093 349.211152 378.933320
frame00643.jpg 408.108420 115.876799 695.864211 201.200674 635.326757 503.339639 349.459068 380.557255
frame00644.jpg 406.944008 117.323323 695.658703 197.752758 636.220568 503.836019 348.809293 382.551717
frame00645.jpg 404.240081 119.863958 694.278207 195.972632 635.382751 504.848779 347.178085 385.890798
frame00646.jpg 400.894981 122.126288 692.033591 194.151401 634.834105 505.627235 345.337539 388.750763
frame00647.jpg 398.159241 125.544972 689.812873 192.863449 634.573181 506.625926 344.387207 392.607269
frame00648.jpg 396.220392 128.720182 688.208240 191.884179 635.368862 507.243408 345.001050 395.570292
frame00649.jpg 395.452290 132.044287 687.005120 190.848384 635.510261 507.827048 345.232138 398.775510
frame00650.jpg 392.856857 135.942327 684.326287 190.662250 633.949633 508.408052 344.009863 403.293460
frame00651.jpg 389.347508 140.221926 680.134372 190.763379 632.040609 509.339156 342.627092 407.038531
frame00652.jpg 386.846410 144.923748 676.284291 191.516520 630.472726 509.460679 341.399369 410.583723
frame00653.jpg 384.338231 148.625942 672.331507 190.056043 629.081331 507.434258 340.969677 413.264653
frame00654.jpg 381.861440 152.467341 667.940465 187.776463 627.963631 504.487550 340.800597 415.921028
frame00655.jpg 379.488262 156.722382 663.197237 185.015851 626.790744 501.261957 340.730318 418.835226
frame00656.jpg 377.111022 161.302413 658.107180 181.577994 625.504631 498.134664 340.666690 421.720810
frame00657.jpg 374.425161 166.421571 652.559343 178.505137 623.632691 493.795683 340.556126 424.886012
frame00658.jpg 371.857862 171.031480 646.538264 174.413922 621.290400 489.401000 340.113552 427.917840
frame00659.jpg 368.480636 176.022090 639.979832 170.713264 617.930713 484.893960 339.291960 431.363596
frame00660.jpg 364.795163 181.155078 632.425928 166.964928 614.700475 480.727597 337.953626 434.700933
frame00661.jpg 361.276872 185.719392 625.116917 162.894447 611.811629 475.352242 337.122999 437.549154
frame00662.jpg 358.221411 190.329714 618.120376 158.586757 609.025539 470.392061 336.982847 440.349209
frame00663.jpg 356.024341 195.269074 611.855945 155.191151 605.623218 466.146307 336.647663 443.791701
frame00664.jpg 354.198654 200.295042 605.503882 152.967140 602.733017 462.451981 336.487363 447.047358
frame00665.jpg 352.240430 206.014667 599.188392 151.165295 599.272791 460.943391 336.410472 452.081078
frame00666.jpg 350.409873 212.106619 593.144430 150.692453 595.981743 459.138303 336.486168 456.508048
frame00667.jpg 349.106262 217.925007 588.063413 150.960892 593.059433 458.997448 336.411782 461.238384
frame00668.jpg 347.056887 223.775649 582.731569 152.455009 590.310840 458.600040 335.668828 465.952153
frame00669.jpg 344.836052 228.511069 578.034677 153.632407 587.657081 459.559531 334.895719 470.084766
frame00670.jpg 343.153569 232.929899 574.331050 156.284708 585.253210 461.039929 333.943924 473.617299
frame00671.jpg 341.402037 235.843711 571.243235 158.303213 583.422679 461.917576 332.763752 476.031411
frame00672.jpg 339.334511 237.241058 568.375967 159.253674 581.688197 462.173925 331.673350 477.454529
frame00673.jpg 337.654808 239.086565 565.750840 159.352345 580.431028 461.171868 331.437802 478.659569
frame00674.jpg 337.175187 240.307053 563.407924 158.397449 579.244473 459.012012 331.802801 479.261802
frame00675.jpg 336.629427 241.753229 561.026479 156.108786 578.210740 456.165996 332.178771 480.134691
frame00676.jpg 334.890718 243.559536 557.516392 153.783492 575.924183 453.278913 331.294757 481.718246
frame00677.jpg 332.578439 245.538908 553.059446 151.722537 573.741147 450.096314 330.476851 483.185302
frame00678.jpg 331.001458 246.295662 549.347049 148.417509 571.920697 446.018220 329.938078 483.338679
frame00679.jpg 329.849197 246.470558 545.950199 143.989334 569.881352 441.090413 330.214646 482.557552
frame00680.jpg 328.469224 246.408724 542.366632 140.257651 566.727067 437.958759 328.831269 482.728124
frame00681.jpg 325.812496 246.266598 538.204483 137.892860 562.498030 435.678468 326.233521 483.008442
frame00682.jpg 322.749090 246.494611 533.812643 135.600348 559.972166 434.034724 324.481412 483.018868
frame00683.jpg 319.808058 245.720931 530.082001 133.340485 557.106785 432.062940 321.961075 482.969280
frame00684.jpg 315.831128 245.857727 525.760855 131.764700 552.883513 430.949642 318.351088 483.704175
frame00685.jpg 311.269442 245.805626 520.764394 130.439662 548.633337 428.879294 314.811139 483.781460
frame00686.jpg 307.439466 245.685045 515.846110 128.538375 544.697857 427.314378 311.618270 483.639110
frame00687.jpg 303.591790 245.032244 510.935606 126.367590 539.809875 424.717819 308.438060 482.721409
frame00688.jpg 299.736700 244.185125 505.717519 122.878359 534.679663 421.968194 305.337277 482.366309
frame00689.jpg 295.309120 243.919301 499.648201 120.635975 529.545917 419.845713 301.192413 482.653102
frame00690.jpg 291.047257 243.588281 493.943994 118.439429 524.640468 417.867750 297.400835 482.455570
frame00691.jpg 287.207245 242.497197 489.431089 115.989663 521.325028 416.008456 294.594980 481.691223
frame00692.jpg 283.060172 241.107862 485.647469 113.478367 518.406709 413.458501 291.872926 480.770045
frame00693.jpg 280.096811 239.492687 482.318606 110.943893 515.088650 412.274344 288.812627 479.729111
frame00694.jpg 276.724217 238.417228 478.578748 109.302108 510.839727 410.442896 285.070586 479.256762
frame00695.jpg 273.040565 237.440067 474.149243 106.497446 506.242781 408.659273 281.382710 478.679391
frame00696.jpg 269.727365 236.797907 469.399142 103.855747 501.918112 407.625223 278.628850 478.683693
frame00697.jpg 267.509196 236.568766 465.690677 102.100365 499.220257 406.032396 276.589212 478.703636
frame00698.jpg 265.680725 235.827009 463.356624 99.889209 497.336793 405.664559 274.819869 478.903728
frame00699.jpg 263.782414 236.190691 461.776569 99.412701 496.431799 405.585574 273.664594 479.839622
frame00700.jpg 262.785955 236.500928 461.062770 100.112328 495.527636 407.126172 272.069470 480.810947
frame00701.jpg 261.431983 236.429157 460.686889 100.223449 495.575612 408.778274 270.768631 481.709043
frame00702.jpg 260.135971 236.534189 460.835243 102.137073 494.832993 412.336872 268.353490 482.957010
frame00703.jpg 257.307668 236.133971 460.023703 103.451820 492.886660 415.592334 265.032901 484.300990
frame00704.jpg 254.342927 236.546628 458.874381 105.317934 491.374469 417.899499 262.145613 485.418089
frame00705.jpg 251.495874 235.126213 458.139442 105.822692 490.966482 418.686017 259.270319 485.057839
frame00706.jpg 247.579387 233.105895 457.484721 105.130555 490.460849 418.446245 255.756588 484.708613
frame00707.jpg 243.240427 230.997145 456.788333 104.405220 489.770397 417.491233 251.425280 483.606649
frame00708.jpg 238.891602 227.519718 455.711171 102.845267 489.218763 416.240785 247.142482 481.919905
frame00709.jpg 233.835555 224.297031 454.361930 100.911107 487.667315 415.518720 242.236689 480.498408
frame00710.jpg 228.612860 221.024265 452.571840 99.348192 486.268249 414.064567 237.818492 478.735278
frame00711.jpg 224.356996 218.368368 450.682085 97.362773 485.473479 412.586373 234.922092 477.877983
frame00712.jpg 220.918487 216.332580 448.821818 95.272000 484.428659 410.339189 232.888508 476.526435
frame00713.jpg 218.810357 214.796375 447.253498 92.866528 483.495909 407.238723 231.013333 474.676738
frame00714.jpg 215.970085 212.665703 444.909988 89.014985 481.949669 402.878637 229.037822 473.018923
frame00715.jpg 212.251279 209.898368 442.048420 84.975439 479.699148 398.952291 225.912954 470.561588
frame00716.jpg 207.267840 207.290328 438.506652 82.226781 476.722549 396.510805 221.331246 469.362837
frame00717.jpg 200.801651 204.452331 435.305512 80.377137 475.049028 394.472010 216.473582 467.817258
frame00718.jpg 194.630303 201.243176 433.265532 79.082336 474.129200 391.840683 212.433354 466.347510
frame00719.jpg 190.232199 197.570345 432.419927 78.355858 473.920965 390.692260 208.938794 463.629061
frame00720.jpg 186.806009 193.595921 432.968588 77.966470 474.581168 389.549615 205.558344 461.556981
frame00721.jpg 184.117596 190.185596 433.952121 78.029430 474.861586 389.624816 202.709500 460.138890
frame00722.jpg 181.544633 185.908446 434.989878 77.059543 475.322569 388.316116 200.767490 456.839109
frame00723.jpg 180.357749 181.469151 436.451708 75.936961 476.710906 386.591838 199.541504 453.332575
frame00724.jpg 180.564945 177.479747 439.191005 74.483811 479.410655 385.800934 199.724636 450.624585
frame00725.jpg 180.704145 173.539452 442.335348 73.728545 481.685918 384.885500 200.057272 447.661219
frame00726.jpg 180.210621 169.318988 444.567249 72.301272 483.883506 384.175486 199.968565 445.448494
frame00727.jpg 179.389920 166.051199 446.638734 71.708095 485.012035 384.098366 199.480072 443.800757
frame00728.jpg 178.749304 162.748126 448.292816 70.564939 485.783438 383.123921 198.896861 441.377441
frame00729.jpg 177.253594 159.147620 449.525464 68.558529 486.180169 381.951311 197.672482 439.598917
frame00730.jpg 176.082743 156.038883 450.308216 66.628441 487.440785 380.735916 197.242664 437.914375
frame00731.jpg 176.454878 152.896068 452.174560 64.760443 489.297000 380.085281 197.667642 436.355123
frame00732.jpg 176.851715 149.260587 454.790645 63.285888 490.765213 381.101149 197.169323 435.504304
frame00733.jpg 176.529157 147.724520 456.897449 63.446203 492.808746 383.824274 197.174878 435.725331
frame00734.jpg 176.822959 145.529119 459.671547 63.487066 494.509222 384.882570 197.998279 434.598814
frame00735.jpg 178.703901 143.441437 463.432903 63.784961 497.251691 388.030506 199.386598 434.325528
frame00736.jpg 181.060821 141.506635 467.735560 65.057767 500.392674 389.423123 201.156816 433.049732
frame00737.jpg 183.074194 138.642712 472.300228 66.318053 503.223680 391.712230 202.009805 431.776024
frame00738.jpg 183.980424 134.891910 476.699608 67.571175 505.915989 393.205843 202.230835 430.434595
frame00739.jpg 185.426340 130.764698 481.656464 69.185733 509.400453 396.215698 203.067078 429.496804
frame00740.jpg 188.244428 127.505929 488.103446 72.900073 513.346120 399.771850 205.271502 428.488806
frame00741.jpg 192.519028 124.532361 495.180894 76.681671 518.007022 403.864004 208.552883 427.715892
frame00742.jpg 197.784635 123.267094 502.613134 81.259280 521.985928 409.894347 211.978924 428.405400
frame00743.jpg 203.142820 125.004432 508.865093 87.059617 526.136472 416.461858 215.820030 431.385692
frame00744.jpg 208.420148 129.004722 514.422589 92.890000 529.975284 422.275795 218.782285 434.287049
frame00745.jpg 212.137858 131.515630 518.706603 97.628767 533.096834 427.087164 221.505187 437.668217
frame00746.jpg 216.045572 134.300256 522.597162 100.828908 537.417816 429.607961 224.629992 438.901488
frame00747.jpg 219.176128 133.282984 526.722518 101.243792 540.270739 430.066656 226.532817 438.215834
frame00748.jpg 221.078347 131.542370 529.979419 101.577375 542.451472 431.305462 227.586907 437.074659
frame00749.jpg 223.103783 127.672611 533.952599 100.165010 544.888979 430.687957 228.416800 433.838533
frame00750.jpg 224.347881 123.146880 536.827137 96.932828 546.369135 429.669912 228.568627 431.828900
frame00751.jpg 223.356906 120.226518 538.615197 94.658101 547.375225 428.808227 227.792238 431.495085
frame00752.jpg 222.739087 117.932875 540.131231 92.905762 549.150762 428.879370 228.676415 430.942740
frame00753.jpg 224.346554 117.212863 542.639123 93.438652 551.921457 431.214649 229.785642 431.878876
frame00754.jpg 227.345819 116.347316 547.304567 93.831243 556.249395 432.176756 233.995300 431.057841
frame00755.jpg 233.326167 115.945902 553.387285 94.844034 562.039417 434.183883 239.429958 431.065376
frame00756.jpg 239.679079 115.833728 560.134601 95.920143 567.546801 436.285177 244.119187 430.961610
frame00757.jpg 244.398384 115.696289 565.656894 97.097883 572.637502 437.818931 247.815242 430.339224
frame00758.jpg 248.248022 114.059134 570.644923 96.018800 576.407752 437.985133 250.277621 429.396969
frame00759.jpg 251.090658 111.282292 575.246877 94.461713 579.150933 436.277405 252.545260 426.900277
