frame ulx uly urx ury lrx lry llx lly
frame00001.jpg 236.000510 176.000967 462.999752 179.999317 462.000540 405.001694 236.999505 400.998014
frame00002.jpg 236.192145 175.545667 462.910238 179.712351 462.225270 404.125220 237.180762 400.308299
frame00003.jpg 236.138939 175.477176 462.962265 179.718454 462.280871 404.470522 237.317221 400.439681
frame00004.jpg 236.393322 175.314376 463.235045 179.411409 462.297917 404.148848 237.055213 400.171864
frame00005.jpg 236.300165 174.666756 463.094389 178.882066 462.527870 403.907909 237.159162 400.038597
frame00006.jpg 236.361467 174.221255 463.011608 178.306741 462.787870 403.269056 237.207419 399.312848
frame00007.jpg 235.998205 173.328555 463.064810 177.673232 462.627045 402.628494 237.243935 398.696453
frame00008.jpg 236.122008 172.853354 463.170248 177.213502 462.628430 402.170398 237.076581 397.897202
frame00009.jpg 235.688595 171.796752 463.495959 175.927971 462.451670 401.732796 237.292435 397.397870
frame00010.jpg 235.776729 171.524692 463.066169 175.864740 462.884967 401.631762 236.996463 396.651693
frame00011.jpg 235.361656 171.100524 463.057925 175.463375 462.694206 400.959849 236.776556 396.114538
frame00012.jpg 234.857999 170.488613 462.565501 175.114785 462.024674 400.673515 235.950797 396.102167
frame00013.jpg 234.268330 170.152343 462.319661 174.936845 461.601268 400.403156 235.540087 395.671948
frame00014.jpg 233.774701 169.985043 461.810775 174.817968 461.007398 400.552233 234.905404 395.628925
frame00015.jpg 233.005298 169.772817 460.925873 175.029008 460.305612 400.669352 233.765399 395.904444
frame00016.jpg 231.730034 169.530737 459.991378 175.054719 459.081204 400.667253 232.592706 396.360050
frame00017.jpg 230.454944 169.836730 459.092930 175.214380 458.273076 400.830536 231.806706 396.263470
frame00018.jpg 229.317776 170.017296 457.861975 175.228367 456.761935 401.595584 230.645899 397.023807
frame00019.jpg 227.764355 170.617816 456.724480 175.416627 455.630188 402.335681 229.698269 397.955416
frame00020.jpg 227.154493 171.838838 455.048413 177.768523 454.993441 403.704419 227.845092 399.365915
frame00021.jpg 226.054424 173.291546 454.063737 179.005297 453.467751 405.452127 226.643801 401.281014
frame00022.jpg 224.049747 175.262962 452.635835 181.415070 452.718109 406.805217 225.204697 402.729733
frame00023.jpg 222.208852 176.977696 451.524871 183.515306 450.451692 408.846126 223.210775 404.902447
frame00024.jpg 220.090801 178.943777 449.764219 185.536153 448.871269 410.949255 221.246389 407.029178
frame00025.jpg 217.908961 181.633776 447.959035 188.181242 446.716685 413.600941 219.578030 409.586113
frame00026.jpg 215.627183 183.868750 445.803279 190.619936 444.749070 416.100336 216.633849 412.359326
frame00027.jpg 213.230838 185.975264 443.460956 193.132024 442.751179 418.831571 213.480247 415.213685
frame00028.jpg 210.212399 188.079651 440.503535 195.702307 440.449783 421.276599 210.295958 418.023077
frame00029.jpg 206.892830 191.058062 438.010029 198.353227 437.129896 425.069120 206.575692 422.030693
frame00030.jpg 203.466935 193.131219 435.362002 201.007261 434.596719 428.380007 202.064333 425.644145
frame00031.jpg 198.341686 194.825106 431.596287 203.602454 430.885077 431.117477 197.651354 428.522633
frame00032.jpg 194.561019 196.440128 428.742755 206.177972 427.932310 434.519345 193.362676 432.203669
frame00033.jpg 190.280151 198.006127 426.080350 208.786399 424.429265 437.081985 189.200559 434.586093
frame00034.jpg 186.805316 199.457920 423.492015 210.376991 421.248860 439.435259 184.837592 437.118115
frame00035.jpg 182.226737 200.237588 420.576968 212.522850 418.018658 441.324196 180.896509 439.318185
frame00036.jpg 178.673661 201.055089 418.904722 212.483968 415.553822 444.110332 177.528930 441.562702
frame00037.jpg 174.951410 201.451852 417.124727 214.355523 412.930893 445.868828 173.702436 443.658857
frame00038.jpg 170.719296 202.074464 414.643930 213.846716 410.202749 447.724698 168.824225 445.425922
frame00039.jpg 166.298338 202.180104 411.663078 215.942104 406.999991 449.683193 164.486435 447.238212
frame00040.jpg 162.895551 202.062320 411.199816 215.067867 404.147953 451.428227 161.284421 448.037201
frame00041.jpg 159.734458 203.134281 409.635975 216.385535 402.895769 452.390260 158.097787 449.306482
frame00042.jpg 157.899963 204.148384 410.468285 215.421982 403.163236 454.349712 156.734951 451.522129
frame00043.jpg 157.358677 205.466742 410.850915 215.597824 404.499345 456.135479 156.406905 452.230605
frame00044.jpg 157.279243 205.597091 412.103936 214.406467 405.657269 457.962416 156.716333 454.240509
frame00045.jpg 158.212685 204.615660 413.912347 213.964152 407.433884 457.561611 158.183978 455.863284
frame00046.jpg 159.213393 203.595499 416.645931 212.329271 408.834824 455.488033 161.156361 456.619834
frame00047.jpg 162.139768 201.784521 419.599413 211.579488 412.292771 455.115570 163.681799 457.749038
frame00048.jpg 166.459047 201.045288 423.119248 210.856128 417.241955 453.434965 167.812603 457.477157
frame00049.jpg 171.671901 200.693078 428.560878 209.196482 424.266642 452.792575 172.870633 455.931164
frame00050.jpg 176.572190 196.443251 434.849026 205.771324 428.341205 449.300525 179.593529 454.866289
frame00051.jpg 183.234234 193.973773 440.096748 204.185129 435.209925 446.444945 186.531908 454.033151
frame00052.jpg 191.777800 192.699073 444.914002 203.079545 443.113188 445.219169 193.212876 453.874526
frame00053.jpg 198.586475 191.049819 450.013583 202.752775 449.783176 441.747236 200.515216 453.364011
frame00054.jpg 205.163601 189.136203 458.103362 201.734667 456.392357 438.017573 209.120768 450.936272
frame00055.jpg 210.995804 185.936150 463.404800 197.488446 462.032199 435.330633 216.001481 448.662252
frame00056.jpg 216.985777 184.991551 467.026614 195.756778 467.844448 433.105003 222.876205 446.899228
frame00057.jpg 222.488573 184.042478 471.650701 193.750427 472.694251 430.673058 228.116722 446.597209
frame00058.jpg 228.448363 180.688961 474.998216 191.799900 476.105797 428.616674 231.553292 446.207920
frame00059.jpg 231.789716 177.128684 478.280285 189.997420 477.391170 424.704433 234.666637 445.624470
frame00060.jpg 234.032982 176.021478 479.982721 187.765183 479.924714 422.446288 238.629362 443.245160
frame00061.jpg 237.229817 176.137538 480.854354 186.357715 481.522248 420.998545 240.599613 441.001530
frame00062.jpg 238.080670 174.309068 481.701976 184.551637 481.572061 418.155019 243.355572 438.170612
frame00063.jpg 237.554001 172.461461 481.453299 181.507873 481.454853 415.478148 245.627588 436.327934
frame00064.jpg 238.425170 170.333533 481.382097 178.249186 480.667187 413.117621 245.583622 435.649162
frame00065.jpg 239.296702 168.847675 478.986346 177.632241 477.806564 410.658737 243.259389 435.782214
frame00066.jpg 236.764958 167.445014 476.188136 176.136910 475.178625 408.243799 242.480762 435.352828
frame00067.jpg 235.341645 168.000235 471.675044 177.274537 472.200795 406.876163 238.525596 434.982650
frame00068.jpg 231.416341 167.546317 467.709936 176.184087 467.674169 406.184055 236.083113 435.134682
frame00069.jpg 227.408036 168.473889 463.604241 176.074957 463.172932 405.209377 233.092133 434.750089
frame00070.jpg 223.052213 170.223211 458.664721 176.458861 458.925374 405.611474 229.298516 436.850661
frame00071.jpg 218.837375 172.542267 452.695746 179.151118 454.993344 405.919030 224.725991 439.124692
frame00072.jpg 213.707859 173.816781 448.730331 178.794765 450.592060 407.224338 220.946018 441.634607
frame00073.jpg 209.694925 177.325345 443.895482 181.201249 446.819009 408.642611 217.154827 444.682355
frame00074.jpg 206.298029 179.432896 440.996116 181.128331 443.271364 409.924211 213.968687 446.756855
frame00075.jpg 202.495504 182.359806 437.327514 182.782541 441.383235 410.342151 211.628617 451.440440
frame00076.jpg 199.329399 185.396968 434.190279 184.796366 440.487467 411.606607 210.391651 454.968074
frame00077.jpg 198.802690 188.597760 434.074026 184.834511 441.104567 412.996744 212.121337 459.254252
frame00078.jpg 201.505418 193.638730 435.488042 186.553164 444.922530 414.039071 216.303293 461.931769
frame00079.jpg 207.648989 197.910731 441.153314 187.091806 450.141124 414.044147 224.092833 463.387257
frame00080.jpg 216.045393 202.210697 448.739776 188.852528 460.461648 413.790408 235.238174 467.266821
frame00081.jpg 230.237647 207.641212 462.397436 188.245074 477.514121 413.715648 250.820375 470.076287
frame00082.jpg 249.532776 208.921095 482.090856 186.765748 500.222537 412.198826 271.443009 470.254811
frame00083.jpg 272.246200 214.215053 504.860999 180.439246 531.891908 409.397538 301.226889 469.620713
frame00084.jpg 286.363843 204.541751 476.705164 184.504541 510.502277 406.417508 347.266214 465.306128
frame00085.jpg 280.611370 212.211818 506.571704 180.592229 531.732267 419.523836 302.432064 481.965855
frame00086.jpg 290.597445 223.437210 554.880137 140.806071 544.326896 414.585489 332.795145 449.442124
frame00087.jpg 301.529270 212.353125 563.914841 136.448048 554.215347 415.879754 345.820760 433.204771
frame00088.jpg 301.647799 213.095541 560.652081 134.456902 564.552488 407.661396 350.505679 432.671761
frame00089.jpg 297.811085 211.106495 555.965633 131.220719 564.424201 402.932776 351.835524 430.300231
frame00090.jpg 294.128367 213.111373 550.369620 143.672451 546.154503 383.869559 319.233910 494.233362
frame00091.jpg 328.702628 184.424329 571.683495 139.717244 543.247944 384.230999 295.163150 510.516380
frame00092.jpg 310.978980 224.756649 540.306717 135.552043 587.595351 364.427747 367.301891 466.541317
frame00093.jpg 298.927630 226.770900 527.578869 139.748897 575.685450 364.122136 355.048300 468.576039
frame00094.jpg 285.502694 227.890699 514.721124 142.477695 561.721360 365.529331 340.878496 469.869834
frame00095.jpg 269.774021 227.210066 501.823829 143.639585 546.771936 367.984050 326.050797 471.906378
frame00096.jpg 254.981432 226.313719 488.396868 146.965067 531.583265 370.687647 308.889225 474.258987
frame00097.jpg 239.796962 224.324412 475.359078 149.667714 517.388425 373.463392 292.276313 475.601135
frame00098.jpg 224.995955 221.759978 463.541010 150.961099 503.702787 376.129453 276.107641 474.855232
frame00099.jpg 212.729809 220.064111 452.322447 152.677647 492.501789 379.298504 261.369179 473.782922
frame00100.jpg 202.804591 218.177887 442.905268 154.957503 482.090398 382.062245 247.868134 472.831591
frame00101.jpg 195.988544 214.011640 437.956640 155.488848 474.287801 384.902440 238.027056 469.146015
frame00102.jpg 192.997810 209.191957 435.580967 157.428453 469.182830 387.826167 230.171326 466.137671
frame00103.jpg 191.894967 201.948695 438.156990 157.083807 466.352938 390.225713 225.991562 461.040393
frame00104.jpg 194.794070 195.650293 442.350432 158.623174 466.342473 393.187509 223.434161 456.605419
frame00105.jpg 199.501784 189.846044 449.597554 160.037288 468.249465 396.973818 224.758473 451.185994
frame00106.jpg 206.134807 187.538719 457.147482 163.905649 471.814185 402.151192 227.013606 446.540810
frame00107.jpg 215.388150 188.045470 464.182716 170.171233 476.697816 409.675033 230.101116 445.447313
frame00108.jpg 222.602194 191.408591 472.377081 178.060337 481.346075 420.368486 233.808442 446.327388
frame00109.jpg 228.574587 196.030540 478.555465 188.011281 483.284004 431.354360 234.870096 450.907093
frame00110.jpg 230.226549 200.147615 482.302820 198.112771 482.445034 441.117610 234.750327 455.254697
frame00111.jpg 231.546148 206.152629 485.616069 206.682646 481.986129 453.383364 232.734565 461.620957
frame00112.jpg 232.116939 213.854707 485.697744 217.600660 479.846236 465.794951 229.541469 468.496547
frame00113.jpg 227.779375 222.815445 480.789732 229.879851 475.265752 478.791138 224.094262 477.859691
frame00114.jpg 221.768349 230.057844 476.760328 240.265424 467.489707 491.107445 215.504357 487.282008
frame00115.jpg 216.136904 236.688034 474.764298 249.307946 460.563575 500.186306 208.139290 495.742519
frame00116.jpg 208.692003 247.659137 467.307316 260.237553 455.487612 515.081140 199.797519 504.759641
frame00117.jpg 201.794647 256.473530 460.510375 271.009587 448.226573 526.773921 191.899123 514.236491
frame00118.jpg 194.458066 262.923574 455.270613 280.561001 438.993684 534.444510 185.163620 521.534036
frame00119.jpg 189.220397 270.545573 447.557286 290.296412 434.149469 542.579020 177.431080 528.759038
frame00120.jpg 184.542539 277.035010 438.881381 298.236676 430.287329 549.077364 170.762941 534.454873
frame00121.jpg 178.489737 277.705704 435.460458 300.366752 424.196005 550.517360 167.079268 535.404492
frame00122.jpg 175.094311 276.755787 431.659135 299.865709 418.879762 549.868607 163.549609 534.771428
frame00123.jpg 172.159212 274.065111 428.865520 296.439538 416.818602 545.784300 161.565388 530.568362
frame00124.jpg 169.411060 267.873666 428.375317 289.972009 414.760254 539.060942 160.416121 523.494410
frame00125.jpg 167.775664 259.166614 427.295647 281.384853 414.155558 529.961786 159.421108 514.805707
frame00126.jpg 166.695280 249.653504 426.171316 270.918653 413.737583 518.769810 158.299491 503.860411
frame00127.jpg 164.770009 236.259595 425.164964 256.595106 413.593723 504.744290 157.677981 491.585094
frame00128.jpg 163.006055 220.552148 424.297455 241.247395 413.986559 490.048431 157.613031 477.617125
frame00129.jpg 161.288388 205.141577 423.761879 225.121143 414.581335 475.797110 157.236363 463.147596
frame00130.jpg 158.954035 190.733436 423.291370 208.908316 414.504261 459.536401 156.971526 448.575298
frame00131.jpg 157.368761 176.560844 421.906576 193.665698 414.021539 443.534255 157.240510 433.364582
frame00132.jpg 154.763258 163.545197 419.589552 177.749189 412.455422 427.431567 155.911072 420.453907
frame00133.jpg 153.863322 151.029157 416.506669 162.774977 411.889638 411.889392 155.345527 405.610498
frame00134.jpg 152.598289 139.744342 411.868262 149.741164 409.550073 396.971788 154.942215 393.373249
frame00135.jpg 149.524318 128.614577 406.968290 137.747084 406.771610 383.082712 152.022908 382.051174
frame00136.jpg 143.041812 116.218013 402.579641 124.523808 402.050327 370.652232 147.880670 370.019878
frame00137.jpg 138.485879 107.212551 397.060011 113.021336 398.255721 359.715062 144.428950 360.289207
frame00138.jpg 135.331459 100.680008 392.480632 106.076585 394.045794 351.348752 141.909835 353.228563
frame00139.jpg 130.739357 94.562048 388.482769 100.516333 390.198795 344.253131 139.841631 347.004344
frame00140.jpg 129.171086 89.848064 386.175737 96.155894 387.309871 337.469738 138.251495 340.370009
frame00141.jpg 131.890437 86.667214 385.762343 92.145204 388.205388 333.698231 137.772542 336.140905
frame00142.jpg 137.155621 84.817823 387.685542 89.659316 393.041507 330.591881 140.873464 331.649246
frame00143.jpg 143.403165 82.484226 392.195512 87.205038 398.212183 328.470831 147.541060 327.987728
frame00144.jpg 156.299431 84.847523 403.047334 90.604265 408.826916 328.180356 161.390949 327.441065
frame00145.jpg 174.145826 88.641625 416.211079 94.257861 422.561753 329.672446 177.007782 329.251820
frame00146.jpg 193.389212 91.509977 435.841565 99.061241 435.660693 330.770461 199.430870 329.559809
frame00147.jpg 156.158865 92.224572 412.567825 106.252798 469.545947 327.700240 245.513533 330.880546
frame00148.jpg 189.014378 130.868593 440.685405 133.486138 497.590304 338.209017 195.875793 339.828039
frame00149.jpg 160.619065 117.523696 509.478826 121.486884 508.687651 347.386443 167.685709 329.734651
frame00150.jpg 204.030931 142.331601 538.299048 128.182470 539.665512 347.350210 208.397200 333.518968
frame00151.jpg 239.426321 149.663277 564.597954 132.531176 576.432972 352.226751 248.376007 340.112928
frame00152.jpg 288.432705 162.311682 595.875894 138.614045 614.697783 364.619052 283.121072 341.470729
frame00153.jpg 311.165138 167.074345 632.411977 141.819823 643.978977 366.055137 312.888507 343.888499
frame00154.jpg 360.854385 168.181278 672.135925 147.626903 668.281477 369.132757 346.300137 349.730722
frame00155.jpg 358.659115 182.601147 729.833264 95.480723 707.334109 385.812758 390.796887 329.341797
frame00156.jpg 398.615666 181.566139 853.191581 11.517270 607.166054 368.001792 412.273988 323.495925
frame00157.jpg 429.537910 197.563997 906.192454 -4.094831 657.822316 392.514741 431.279337 326.499234
frame00158.jpg 448.664949 195.957637 923.064503 9.315763 676.651169 396.617638 445.553455 326.335583
frame00159.jpg 464.929909 197.749906 1054.228151 -44.463070 698.968882 406.169023 454.184662 322.962967
frame00160.jpg 477.040505 205.307823 1053.222614 -40.118135 743.271286 427.783736 453.058934 323.544450
frame00161.jpg 471.948183 198.356053 931.300813 44.384402 721.077539 380.158486 481.143849 335.044688
frame00162.jpg 470.098781 196.610364 942.255102 46.109275 723.276454 387.706395 479.519376 335.559011
frame00163.jpg 475.780138 123.243941 861.797796 189.038544 758.953211 377.089701 459.771202 354.389960
frame00164.jpg 431.916980 115.004553 771.802948 188.098497 763.131167 372.550602 476.906291 397.639451
frame00165.jpg 419.715425 123.402466 753.503826 190.852399 745.242815 372.789762 455.709681 402.075810
frame00166.jpg 391.575125 114.487233 731.089547 189.560685 722.988772 375.612656 446.997717 401.216743
frame00167.jpg 392.676513 117.760776 703.867729 208.262779 697.983207 369.083953 417.641387 414.683219
frame00168.jpg 369.149034 114.086900 677.847259 208.691064 669.906221 372.907697 397.745085 413.177408
frame00169.jpg 442.060925 186.112394 647.083486 197.234596 640.268384 389.226724 435.087383 390.841608
frame00170.jpg 458.683123 158.028199 618.827186 205.135656 607.563320 374.054387 462.500132 401.623407
frame00171.jpg 464.236170 180.766678 608.305583 169.472241 577.252351 388.443965 469.081909 381.868413
frame00172.jpg 438.693040 168.771704 584.499544 215.502727 575.936725 380.585306 444.540591 400.163169
frame00173.jpg 451.577902 193.576078 624.760069 147.564413 607.372268 427.394977 459.118061 382.595643
frame00174.jpg 434.041198 207.062908 683.596192 109.665296 657.086551 450.399904 430.515108 387.946241
frame00175.jpg 442.915273 208.854555 650.414535 98.367701 641.752699 484.030182 445.271683 389.779394
frame00176.jpg 443.620506 199.635067 646.291742 120.382778 613.787684 438.076043 438.378924 398.527591
frame00177.jpg 393.854415 176.656850 698.467285 122.192138 596.304158 420.747987 409.973683 394.023528
frame00178.jpg 360.828235 203.670818 740.470122 98.199098 696.180391 443.880232 408.024548 394.911861
frame00179.jpg 376.934737 209.692292 722.506112 104.224432 731.867933 512.246465 374.446120 398.976717
frame00180.jpg 368.969636 206.757648 767.963613 42.838472 740.228090 545.128759 366.822191 399.894061
frame00181.jpg 353.985665 207.876840 785.237591 30.683231 741.136328 544.486515 358.350838 402.982851
frame00182.jpg 347.551809 208.265362 835.637280 -42.471366 747.639102 555.466524 358.002519 405.950327
frame00183.jpg 340.562275 211.451646 863.842395 -65.745674 744.379589 561.468931 353.184108 411.678763
frame00184.jpg 332.289444 214.178536 892.581715 -95.327124 742.552396 555.820401 354.975814 415.404442
frame00185.jpg 321.433102 207.444385 1013.510195 -196.797414 693.202118 540.410775 354.681814 422.277628
frame00186.jpg 342.505049 223.637842 1092.888512 -202.620040 662.603572 584.337682 333.103742 421.457478
frame00187.jpg 341.860613 235.302758 833.726525 115.885617 828.186811 800.562806 329.542343 432.684127
frame00188.jpg 305.554060 242.300629 988.583706 59.261089 833.279015 707.739166 344.023196 472.713555
frame00189.jpg 254.330454 241.925959 931.557367 111.947061 1051.667182 808.282002 361.130287 476.009526
frame00190.jpg 262.169416 250.819072 981.310303 109.350082 1044.757595 792.032062 359.213668 489.216728
frame00191.jpg 279.030424 273.561380 -1722.504545 968.713564 2673.399302 1847.036609 317.310091 467.108439
frame00192.jpg 316.847979 320.018020 -3704.805667 2759.902452 -564.729523 -118.549230 288.880315 480.614025
frame00193.jpg 311.728133 323.105866 -7774.836823 5167.255516 -1300.015052 -454.253552 292.889062 492.617163
frame00194.jpg 321.352205 335.418808 -3712.658999 2887.818070 -661.902122 -128.925604 294.778941 500.748765
frame00195.jpg 318.301452 330.963506 -7139.461263 4865.955824 -32313.049937 -18380.054295 302.997507 513.470757
frame00196.jpg 323.707207 339.643038 -2065.627727 1882.863917 -1352.988550 -616.157688 305.400923 514.789309
frame00197.jpg 325.614983 340.299723 -1479.262543 1569.290632 -2384.675310 -1267.992894 314.462319 519.458097
frame00198.jpg 331.509380 338.863338 -1577.423890 1642.388813 -5420.107369 -3152.023267 321.041702 523.889307
frame00199.jpg 337.408957 341.478419 -1340.823565 1496.926114 -2451.029228 -1304.742787 325.311214 522.345511
frame00200.jpg 344.657848 337.772613 -1344.735330 1507.001444 -3035.302928 -1649.516481 332.785597 520.175001
frame00201.jpg 349.678426 328.992405 -1268.097401 1514.284777 108970.175088 64905.394990 347.176437 515.739023
frame00202.jpg 357.519953 320.962919 -1692.563162 1763.402203 8053.761447 4706.822806 355.477331 506.384964
frame00203.jpg 359.924954 303.594689 -1919.857284 2048.603925 6521.515664 3695.284319 364.601173 494.783726
frame00204.jpg 369.088946 286.202057 -2023.727218 2013.697426 -6027.023433 -2952.661697 361.277898 469.947349
frame00205.jpg 373.073017 257.220430 -2294.991725 2199.395137 -77570.734561 -40241.483360 368.286462 444.075436
frame00206.jpg 376.203986 229.156326 -1983.117770 1957.983083 12732.896102 6436.354536 373.717762 415.520972
frame00207.jpg 374.700376 188.378110 -1058.399160 1190.880908 61232.219035 42870.456954 384.097832 389.326190
frame00208.jpg 382.799200 178.375946 -1073.699324 1280.470661 -1457.067895 -679.580888 374.561499 355.818510
frame00209.jpg 385.248481 152.057976 -1773.918860 1782.955175 5013.312088 2426.321593 387.179773 342.961377
frame00210.jpg 390.104674 123.420291 -2794.475046 1739.713193 3495.133702 2611.642441 394.920472 320.655482
frame00211.jpg 394.666124 107.698965 -4007.275892 2314.040905 3890.892815 2888.216237 397.814455 307.469626
frame00212.jpg 403.681792 94.689716 -1904.069455 1174.204015 -3169.965315 -2855.532246 391.088364 285.882191
frame00213.jpg 407.645247 73.638654 -2203.792310 636.506971 -9058.637944 -10535.226359 398.519119 271.444381
frame00214.jpg 416.179236 74.294465 -1196.051636 509.236264 -660.452550 -1164.782792 397.667463 271.598602
frame00215.jpg 418.595657 66.099745 -5967.744156 1166.298907 -6006.115702 -7251.031885 405.092201 265.934205
frame00216.jpg 420.794403 59.042754 2821.630672 -252.244591 3191.700748 3382.495242 412.899203 282.294526
frame00217.jpg 425.583207 60.842567 3161.284700 -401.772194 4527.687393 5266.836061 417.397362 294.533271
frame00218.jpg 426.391603 66.025728 4961.796610 -863.330186 2442.466383 2595.769865 423.502680 301.036936
frame00219.jpg 427.737123 71.110708 2294.048423 -135.392078 2397.697075 2613.096798 422.256542 307.300549
frame00220.jpg 425.119773 84.521050 4000.990192 -573.829998 2242.231491 2405.060015 423.911257 321.498387
frame00221.jpg 422.339716 103.026355 -56055.927274 11361.139961 2408.583471 2666.256426 425.223148 327.976966
frame00222.jpg 419.901007 125.654882 -585.731756 498.938221 -9508.341294 -11777.744014 422.516325 335.078128
frame00223.jpg 413.145476 180.806715 -600.100887 908.687425 -1064.913333 -486.110503 411.975679 341.989868
frame00224.jpg 407.927443 195.064900 -490.960239 831.851826 -928.996675 -379.308470 403.032415 346.480777
frame00225.jpg 401.057037 205.872219 -317.311771 738.580793 -712.697053 -283.939852 396.502558 354.993493
frame00226.jpg 392.486008 175.342097 -258.794099 474.855626 -1741.047815 -1876.047963 392.019711 346.283139
frame00227.jpg 400.107587 152.609732 -5401.889930 1646.418589 1716.190189 1665.160248 377.444211 357.270167
frame00228.jpg 390.545496 158.980645 -2287.984126 1278.338148 3379.147965 2981.370670 371.705518 364.836016
frame00229.jpg 377.621280 171.991051 -827.850255 851.566569 1068.831821 816.336008 385.081714 365.326971
frame00230.jpg 374.713085 178.435440 -440.365905 711.032962 7313.454932 6859.922558 381.673516 367.539898
frame00231.jpg 378.900199 190.483683 -303.979756 637.003276 -9714.231698 -9661.503331 380.661850 363.074525
frame00232.jpg 374.667171 189.280228 -307.781464 628.219295 -14838.776043 -14477.426347 380.385988 358.906390
frame00233.jpg 379.336753 185.654378 -1231.585633 941.962186 1493.010547 1321.831548 376.257092 352.200575
frame00234.jpg 374.981882 187.854560 -939.940557 809.530282 9154.671187 8627.217713 377.431996 348.486360
frame00235.jpg 375.582960 175.987610 -1878.780761 1133.126590 18648.752781 18784.516773 369.933648 342.557293
frame00236.jpg 373.642677 170.156977 -1662.203732 1012.503376 14766.900158 15401.673797 365.825589 339.264746
frame00237.jpg 376.522564 173.607803 -1399.914538 1005.305399 2052.043240 2005.518436 380.790786 343.017547
frame00238.jpg 376.797718 182.481617 -2546.924911 1598.936810 -962.817268 -925.176213 382.024543 344.850531
frame00239.jpg 375.964705 185.312149 -2736.815444 1768.407844 -1043.990942 -939.572415 381.357547 345.487193
frame00240.jpg 376.715360 184.219086 -2506.938129 1649.181645 -844.539964 -795.936221 381.756986 343.779431
frame00241.jpg 378.283396 183.202022 -2761.218869 1761.317043 -911.090917 -871.086898 382.134635 342.301627
frame00242.jpg 379.384946 182.080986 -4578.415945 2669.716012 -1307.346101 -1268.000532 381.274370 346.164969
frame00243.jpg 378.684828 181.089329 -2237.039840 1531.331170 -644.031181 -730.121198 379.499412 345.924344
frame00244.jpg 377.354391 180.567431 -28254.214790 15130.391185 -336.381331 -457.782203 370.685632 356.459487
frame00245.jpg 373.696690 181.811016 -3890.152941 2429.796479 -439.642583 -552.152519 370.739071 351.155927
frame00246.jpg 371.443575 183.148246 -9501.182236 5481.485750 -369.335519 -485.159311 368.458043 355.151620
frame00247.jpg 367.824928 182.273812 -1869.507601 1396.576515 -569.248760 -705.976618 372.146156 348.700211
frame00248.jpg 365.807590 184.300271 -102217.782189 56851.436403 -471.718603 -620.847524 364.721541 364.146569
frame00249.jpg 363.438450 183.047016 -3063.025273 2069.480230 -725.017390 -915.460106 369.741877 357.107921
frame00250.jpg 361.933363 182.106637 -3247.529637 2129.088294 -1789.912089 -2150.970437 370.035027 362.071770
frame00251.jpg 363.511680 191.083557 -3117.037636 2242.375797 -680.728786 -834.131768 369.272001 366.863659
frame00252.jpg 363.479153 189.350283 -12896.319535 7594.893334 -5340.594782 -6131.310720 370.584552 372.924503
frame00253.jpg 362.764515 199.038378 4585.078775 -2240.374779 4734.933361 4521.775468 372.915083 380.361010
frame00254.jpg 366.775688 203.093217 3207.493896 -1538.189628 4614.197032 4197.759077 373.862284 385.740020
frame00255.jpg 368.713657 204.790258 3726.576587 -2045.671203 3360.711379 3093.251176 379.714583 388.957462
frame00256.jpg 371.440188 214.028875 2529.817815 -1327.218407 4296.818343 3632.145860 382.422650 395.413281
frame00257.jpg 373.581003 223.692211 2199.143708 -1270.444494 2689.812612 1933.294637 385.261459 400.667697
frame00258.jpg 375.896385 225.518208 944.129849 -261.148805 947.475141 573.340290 385.489184 412.460708
frame00259.jpg 377.565364 231.547785 955.007871 -285.331480 957.922236 584.184441 387.499190 416.121619
frame00260.jpg 378.235097 235.558742 962.572145 -309.352381 932.345743 569.919870 390.187985 418.232616
frame00261.jpg 379.090621 240.226737 900.502737 -256.589891 912.441843 518.507494 386.668632 422.739138
frame00262.jpg 379.350574 243.738336 923.741674 -274.885942 886.644402 511.367293 388.698105 417.831045
frame00263.jpg 378.591116 244.474036 839.315766 -200.673967 879.811354 501.207834 388.200582 420.688515
frame00264.jpg 375.611923 241.526732 862.526193 -292.733497 829.971652 503.945615 392.226668 420.507593
frame00265.jpg 372.721336 251.858288 704.972842 -133.566530 789.814110 480.584123 392.937419 421.966567
frame00266.jpg 375.991145 249.558214 623.031525 -13.991725 899.864335 528.249100 385.251233 432.480150
frame00267.jpg 374.163256 246.507073 601.033174 -4.539829 879.445252 536.129010 384.464092 433.055789
frame00268.jpg 376.590218 246.432698 616.952691 -37.737905 787.711466 551.502353 375.509019 422.765034
frame00269.jpg 371.308234 234.731525 718.075539 -68.220542 713.683459 466.755334 379.671323 416.979278
frame00270.jpg 372.954379 237.258616 688.407382 -63.692253 723.821570 450.037715 376.108236 420.338804
frame00271.jpg 368.066200 223.111904 614.342290 20.713162 618.417644 466.152067 385.245414 425.534080
frame00272.jpg 370.331138 220.129320 593.813426 89.153806 621.754870 529.095186 383.502442 423.194947
frame00273.jpg 369.905111 220.730162 570.298755 131.820149 621.997275 522.169888 382.940921 419.548404
frame00274.jpg 369.196022 218.788048 561.437866 130.524546 620.851186 508.296466 383.599030 424.142196
frame00275.jpg 359.288633 208.267276 526.051767 167.849769 535.587206 406.257517 388.110809 415.757727
frame00276.jpg 363.465814 211.610417 510.637008 184.563916 531.273285 398.979520 387.829677 417.959995
frame00277.jpg 365.171317 209.976167 504.709949 190.145455 524.003353 392.041481 389.265852 414.200266
frame00278.jpg 368.112838 206.957831 497.233036 184.983705 518.280727 385.905155 392.918734 415.713103
frame00279.jpg 369.936232 201.576596 492.742593 180.536811 513.955590 378.513348 397.028013 412.036031
frame00280.jpg 373.449378 197.356744 490.205120 175.273449 510.621408 373.312749 399.582728 406.206801
frame00281.jpg 376.200910 193.102079 486.976346 168.932939 508.591367 365.482330 403.120090 404.070095
frame00282.jpg 355.868054 194.286102 459.955070 140.444675 516.785917 359.911219 421.322471 391.451439
frame00283.jpg 349.268694 201.491316 470.056631 158.638214 506.424896 347.341028 390.123698 421.702143
frame00284.jpg 347.533145 195.763986 482.970894 116.431586 518.292718 344.053531 396.042157 406.423089
frame00285.jpg 350.142386 193.315851 482.534069 108.437540 520.971285 334.867745 401.060585 399.959460
frame00286.jpg 351.626937 185.647005 483.081667 99.132828 522.168746 326.666659 403.789692 395.047603
frame00287.jpg 355.447838 184.384671 479.924057 111.805477 526.201563 313.988767 403.920909 390.528247
frame00288.jpg 351.560113 170.337404 481.110241 82.090317 525.433959 308.324539 410.593086 382.729717
frame00289.jpg 356.702015 169.167629 478.905715 91.202395 530.738659 296.369270 411.327741 377.237097
frame00290.jpg 357.780011 162.495549 479.915738 85.992906 530.195441 286.452732 413.998684 368.329330
frame00291.jpg 361.165723 157.593596 481.733173 84.227034 532.720361 282.024325 413.221489 362.110147
frame00292.jpg 362.005561 149.899759 485.091783 80.442907 535.224431 276.500322 415.882933 351.291069
frame00293.jpg 364.670612 143.790083 486.775846 77.503999 536.784192 274.212569 417.290309 349.660336
frame00294.jpg 365.666226 138.037429 490.929575 75.485933 537.872632 271.298206 417.911128 340.878673
frame00295.jpg 362.259988 129.306658 494.957807 45.676696 539.629869 273.154004 423.676804 334.909736
frame00296.jpg 369.877301 133.329061 498.717011 73.922371 543.231145 273.033599 418.452135 335.738048
frame00297.jpg 371.894671 132.119201 503.212170 68.503153 545.554310 275.609222 420.542810 337.980599
frame00298.jpg 373.646008 128.541208 509.946262 51.176114 546.988252 281.343056 423.979753 343.649421
frame00299.jpg 376.770922 130.954527 515.982547 53.373196 550.114461 285.249084 425.278803 344.676489
frame00300.jpg 381.740260 133.832525 522.117274 58.493455 553.645357 291.324310 425.451453 348.839469
frame00301.jpg 385.198755 137.299826 530.346203 62.320674 557.635834 298.298130 425.907782 349.843083
frame00302.jpg 388.937577 145.279667 541.106486 65.520881 564.823003 305.870539 425.598304 348.089074
frame00303.jpg 393.997043 146.363362 550.780544 72.876706 564.970082 314.242089 425.855560 352.335054
frame00304.jpg 401.901861 153.782419 554.481528 79.633127 589.545103 342.476095 425.566379 361.588923
frame00305.jpg 405.460072 159.486589 563.979200 87.639097 595.950673 352.754928 425.890046 362.935410
frame00306.jpg 408.247089 160.265051 580.580123 94.479862 587.849399 348.197387 425.889970 364.088599
frame00307.jpg 411.724144 153.764727 564.051283 113.416101 569.606461 348.411424 429.498509 379.995246
frame00308.jpg 416.406754 155.484417 556.681536 148.999582 565.468701 352.325894 426.288169 386.428616
frame00309.jpg 418.632836 150.168706 572.346775 130.750932 571.913956 364.087635 430.464460 389.422548
frame00310.jpg 421.598797 155.373481 583.751034 136.545522 580.848578 374.534798 431.180177 387.948490
frame00311.jpg 429.193392 160.599628 569.687087 153.021795 574.740197 353.917194 424.746464 410.836483
frame00312.jpg 432.391631 163.627768 582.070773 151.431498 583.367567 365.870016 425.496616 411.243949
frame00313.jpg 435.649149 167.272055 590.062227 157.087133 592.975853 375.577858 425.404476 410.678156
frame00314.jpg 437.831046 167.126350 616.159374 140.537697 606.492460 400.699233 429.117287 403.266776
frame00315.jpg 438.992321 174.326485 621.954475 149.986989 620.202107 413.990395 427.536579 403.809604
frame00316.jpg 439.588484 165.371842 616.665355 161.739704 598.854101 394.732501 428.741205 413.782339
frame00317.jpg 442.511845 170.714507 632.667263 165.207507 615.117813 407.538447 429.055689 412.048741
frame00318.jpg 447.801814 179.347958 657.589679 148.058158 633.645590 419.836094 429.240406 418.799873
frame00319.jpg 454.164089 190.236298 621.393479 176.136604 627.486329 398.027611 420.416894 450.338629
frame00320.jpg 455.548245 201.401559 638.651546 179.152801 651.573572 411.798048 423.124153 445.785396
frame00321.jpg 457.598764 192.845918 644.632747 189.883791 639.244428 420.985104 425.148639 452.657350
frame00322.jpg 456.224509 179.158527 666.372408 198.901525 637.307170 436.107867 433.723043 430.970080
frame00323.jpg 460.611165 188.621646 681.598373 199.550153 657.748248 464.664748 432.182252 436.718422
frame00324.jpg 459.626435 194.597488 698.013710 198.727413 677.738862 478.069867 431.175187 429.725567
frame00325.jpg 456.836299 186.696631 683.316592 200.224786 662.807883 458.276476 427.438392 436.465580
frame00326.jpg 455.239484 181.564494 691.385527 198.479142 659.959233 457.429114 421.521552 434.498018
frame00327.jpg 456.370092 188.512213 705.859556 195.371905 674.267593 474.484645 414.457572 426.646228
frame00328.jpg 445.562123 174.522754 690.738617 191.076835 656.282353 450.814328 412.122796 428.078661
frame00329.jpg 440.311894 170.335889 696.605608 187.984588 658.387118 453.631988 406.796562 421.757580
frame00330.jpg 436.143389 166.480355 693.302922 183.056874 663.549576 463.557439 400.593109 415.950692
frame00331.jpg 428.479481 161.062243 693.992385 174.312442 661.207135 454.175763 395.503855 411.327917
frame00332.jpg 424.771941 157.397240 695.525899 167.828013 662.677115 458.716004 386.229798 403.211177
frame00333.jpg 415.495235 151.617706 693.837319 163.689402 659.412287 455.253417 378.451755 398.976963
frame00334.jpg 406.954754 150.353017 692.352585 153.608364 661.078373 455.584683 372.990834 393.877368
frame00335.jpg 399.941243 138.976843 707.061178 140.316356 652.273614 455.618240 367.836980 386.616953
frame00336.jpg 394.427556 140.288853 693.687603 146.674779 654.369169 451.314269 358.767794 381.406627
frame00337.jpg 385.132882 132.878934 697.198967 150.046726 652.887723 449.055815 352.584066 370.420031
frame00338.jpg 387.187809 126.600471 714.472174 124.764553 653.322335 457.989223 345.254732 371.802919
frame00339.jpg 378.419659 110.788293 739.978267 87.068843 647.327217 444.082172 342.649516 372.529546
frame00340.jpg 372.927101 106.663933 746.760536 81.873662 652.829388 446.993233 337.614497 370.428217
frame00341.jpg 365.077104 99.123790 754.610604 84.083567 653.010629 447.937819 333.389232 371.900206
frame00342.jpg 362.991012 87.490172 735.303188 114.653328 674.635323 453.184512 330.023942 385.987062
frame00343.jpg 366.006126 98.835409 729.085519 144.556079 682.280204 471.253313 316.731671 388.705979
frame00344.jpg 291.065670 77.562972 729.173641 187.627736 690.772601 473.883154 273.821307 395.744508
frame00345.jpg 233.878416 104.960238 757.422810 164.061046 695.756079 493.045450 204.107286 403.093859
frame00346.jpg 232.611923 136.034462 765.433178 101.324037 702.173176 589.217518 205.752316 403.377739
frame00347.jpg 230.704947 139.113049 804.113334 112.137591 608.882895 538.067293 204.979102 410.654644
frame00348.jpg 231.770161 144.933046 822.058992 114.071620 601.737875 550.059908 206.391795 425.082016
frame00349.jpg 236.934001 153.462149 532.909261 212.401079 500.304971 502.079522 209.354393 452.933147
frame00350.jpg 243.049718 163.670240 543.084015 216.358891 506.680120 507.151367 216.695374 457.609112
frame00351.jpg 250.471096 169.367894 549.954537 221.451965 515.135345 510.799811 225.621467 460.611214
frame00352.jpg 255.996560 168.896936 558.405571 220.460666 520.838026 511.607067 232.451309 462.096162
frame00353.jpg 262.276421 170.595013 564.430755 219.733648 532.589317 515.292733 239.171882 464.142040
frame00354.jpg 270.129573 170.091611 572.630392 216.127710 541.376739 514.193100 247.309506 463.115320
frame00355.jpg 277.789405 168.975979 581.387485 212.433253 551.238854 511.748626 254.905995 460.732198
frame00356.jpg 283.576196 162.758349 591.777012 203.165082 559.331111 506.843243 263.009419 456.218603
frame00357.jpg 288.826923 154.860996 602.966266 193.544725 566.966882 501.100502 270.596489 450.006003
frame00358.jpg 294.761433 148.865820 608.071953 187.139728 573.949581 493.922688 277.008037 443.451375
frame00359.jpg 300.653991 142.998872 615.162807 179.739832 580.141859 489.740964 282.493668 438.526240
frame00360.jpg 304.121588 139.221457 619.686713 172.609053 588.067312 486.748183 287.381579 433.875192
frame00361.jpg 307.373866 134.440254 622.266531 166.952656 593.438360 482.287922 291.122680 429.765038
frame00362.jpg 310.269515 131.904520 622.668980 164.425958 597.569573 478.493764 294.276565 426.535473
frame00363.jpg 313.083137 127.911266 627.451582 159.321473 601.514452 475.996586 297.182356 423.184763
frame00364.jpg 316.902726 127.285722 632.405151 155.637035 605.646658 474.835653 299.728629 420.659471
frame00365.jpg 319.348782 123.323592 639.446914 149.648270 609.069010 473.829957 302.948708 418.622057
frame00366.jpg 321.723839 121.316933 641.872703 147.058592 614.769981 475.154518 305.237897 417.930920
frame00367.jpg 324.499131 120.514216 645.497818 144.787973 619.899283 476.827151 307.633685 416.695090
frame00368.jpg 326.818856 118.953844 648.685471 142.083450 624.018229 477.778924 309.821691 415.512092
frame00369.jpg 326.973114 115.718581 653.191018 137.504764 626.331565 479.519293 311.573870 414.823735
frame00370.jpg 326.785836 114.233042 657.639387 133.583290 626.852522 479.926832 312.391852 413.640791
frame00371.jpg 325.953604 113.216068 656.550758 131.990873 627.047500 483.363799 310.887512 413.647482
frame00372.jpg 322.712173 111.369950 655.560768 130.744801 624.832869 485.086184 309.435524 413.035852
frame00373.jpg 319.948603 111.453589 654.008383 130.285063 623.114920 489.739108 306.835915 413.583205
frame00374.jpg 317.700653 110.886068 650.637682 130.528631 617.806655 495.257448 302.021572 416.852025
frame00375.jpg 313.959920 112.520710 646.589403 134.108249 611.051907 502.582883 298.436562 419.937190
frame00376.jpg 307.987242 116.183965 641.313347 137.530934 605.161553 509.744350 294.611292 425.160571
frame00377.jpg 304.600162 121.534466 635.405631 143.120213 601.630543 521.420540 290.532592 430.199589
frame00378.jpg 300.374586 124.827135 630.202203 147.908175 595.617221 530.640358 286.726601 435.319649
frame00379.jpg 297.984922 127.880066 627.239003 152.067205 587.851742 537.618915 283.534931 437.879485
frame00380.jpg 295.577503 131.581828 620.686864 155.813025 584.121815 544.649356 281.629437 440.704512
frame00381.jpg 294.591084 135.344114 614.766105 160.693023 579.987408 549.550857 281.543275 441.374757
frame00382.jpg 295.226881 137.906650 608.512502 164.883449 575.804012 552.872843 281.145574 441.967797
frame00383.jpg 295.885501 138.716446 605.515415 165.116080 571.181712 553.663271 281.525255 441.132411
frame00384.jpg 296.553430 138.562824 601.285605 165.039979 568.634016 553.530086 283.209858 440.081595
frame00385.jpg 297.503293 136.571189 598.908795 161.180845 567.659831 551.942827 286.824875 437.261193
frame00386.jpg 300.745430 136.903121 596.014513 161.328553 566.619802 549.761622 289.345114 433.910298
frame00387.jpg 302.311809 134.418071 594.027806 157.961593 563.541745 546.936812 291.622002 431.297615
frame00388.jpg 302.824764 132.691511 592.160398 153.500115 559.987126 544.391454 292.808265 428.713563
frame00389.jpg 301.723491 130.613042 588.820234 149.515423 557.197018 541.978277 293.377363 425.733660
frame00390.jpg 299.661202 129.168100 582.737244 146.229193 554.219758 538.674858 292.621475 423.123594
frame00391.jpg 296.608088 126.685799 576.756440 141.834361 550.353182 535.402493 290.584331 419.961957
frame00392.jpg 291.711640 124.005182 569.932266 136.194443 543.676355 531.093031 287.442588 417.959836
frame00393.jpg 285.666251 121.239052 563.100887 131.370593 536.905385 527.743896 282.827214 416.077421
frame00394.jpg 279.530313 119.582318 552.521265 129.780000 530.570407 525.598287 277.133563 415.271296
frame00395.jpg 271.753659 117.138351 543.181207 124.837023 522.769807 522.633874 271.449479 414.493159
frame00396.jpg 263.689133 117.209096 532.361987 125.509696 516.108635 521.451630 263.768427 415.217498
frame00397.jpg 252.214602 115.334263 521.697704 123.342365 509.044992 521.289810 254.779482 417.368830
frame00398.jpg 243.401184 114.494606 513.102527 120.707556 498.829515 519.802252 248.532826 417.771878
frame00399.jpg 233.854233 114.427052 503.367040 120.213008 492.305028 522.774658 239.818882 420.510541
frame00400.jpg 222.191675 114.731745 496.737976 119.086792 487.103278 524.011967 230.288802 422.961695
frame00401.jpg 216.899077 114.166712 490.601467 113.518027 482.205173 527.427856 226.306631 425.094699
frame00402.jpg 211.169898 114.583174 486.249580 112.958769 480.098812 530.587517 220.244035 426.930542
frame00403.jpg 206.284027 112.427790 482.570078 109.915306 477.664135 532.548999 216.373912 429.298541
frame00404.jpg 203.287324 110.669167 483.065550 105.618565 478.792504 533.944941 214.895206 429.530056
frame00405.jpg 202.921470 109.986482 485.364322 105.946100 479.665914 534.247630 214.644640 429.393980
frame00406.jpg 203.055904 109.387599 487.299506 103.330047 484.691268 539.448656 214.136067 431.682985
frame00407.jpg 202.449264 106.632429 491.460049 100.202811 484.611305 539.938242 214.444105 432.229458
frame00408.jpg 203.231481 106.703566 493.309328 101.140635 488.392090 542.665664 214.896582 433.031272
frame00409.jpg 203.784762 106.472980 496.264317 100.920099 490.006140 545.086640 215.040540 434.778310
frame00410.jpg 205.677252 107.338417 497.962315 102.440522 494.926247 549.955139 216.706726 437.462867
frame00411.jpg 209.255622 108.571004 503.193491 101.998025 498.094782 552.634382 220.597417 439.336262
frame00412.jpg 212.296985 110.596596 508.911970 102.605633 501.023327 553.522936 225.171187 440.416315
frame00413.jpg 218.170653 112.003456 512.829690 103.980660 507.312569 556.646607 231.112520 441.598226
frame00414.jpg 224.117384 116.000743 517.916431 108.646130 513.772127 560.257357 235.934569 443.304658
frame00415.jpg 229.196017 118.972358 524.260489 110.405642 519.373248 563.984591 241.233363 445.656648
frame00416.jpg 234.208935 122.210840 529.643106 113.676524 526.415573 568.024986 247.544093 448.644090
frame00417.jpg 239.195241 126.216611 535.974337 115.114397 532.201932 571.437763 252.542443 452.254392
frame00418.jpg 244.026714 130.851348 539.892910 121.261881 539.192603 575.687960 257.856274 455.337869
frame00419.jpg 247.718582 133.876721 542.960401 122.391090 545.751813 577.413553 262.977702 458.503487
frame00420.jpg 252.085316 136.541311 549.787381 122.889632 551.785075 580.192047 267.842878 461.289802
frame00421.jpg 256.077661 140.943432 554.568265 124.769428 556.961814 581.506631 272.294834 463.921461
frame00422.jpg 258.030850 143.511925 558.122184 125.850603 561.730116 582.965603 275.714663 467.868571
frame00423.jpg 259.986977 144.840937 563.096895 126.470139 565.393007 582.548571 279.311888 469.220964
frame00424.jpg 262.780202 147.878244 565.151408 127.944161 569.885067 582.997427 282.221802 472.393571
frame00425.jpg 266.516579 151.964254 568.277283 132.952066 574.359635 582.414551 285.785293 472.786243
frame00426.jpg 270.451705 153.776720 571.958623 133.850059 580.721904 581.570723 289.885061 475.643352
frame00427.jpg 272.421856 156.671204 576.147188 134.732896 583.309450 579.848968 293.722618 476.350062
frame00428.jpg 275.499554 160.314562 577.607256 139.514298 586.365643 578.623750 296.145277 477.339676
frame00429.jpg 278.295764 162.930523 578.146061 141.935869 587.821198 577.603594 298.522240 479.547107
frame00430.jpg 281.143357 166.360907 579.247423 143.969967 587.827345 575.262074 300.442832 479.401444
frame00431.jpg 283.296698 167.576737 579.504091 145.701981 590.115121 571.425162 303.397339 479.539444
frame00432.jpg 286.580550 170.663464 579.704446 150.672304 589.073611 565.914083 306.387230 476.428746
frame00433.jpg 291.867311 173.617258 582.887716 150.615144 591.752348 563.644392 311.183506 474.506964
frame00434.jpg 297.038077 175.948965 580.473411 156.879512 594.542917 559.650372 314.840823 473.822930
frame00435.jpg 302.619592 175.910981 586.110340 156.267460 594.288788 549.790848 321.195191 468.441454
frame00436.jpg 310.163423 176.651337 588.866532 156.309877 597.626659 541.918490 327.431929 464.339651
frame00437.jpg 317.332422 175.991283 592.294207 156.519932 601.839683 533.607294 333.941611 459.076409
frame00438.jpg 324.319984 173.860049 598.856668 152.091580 604.496089 523.861071 341.225742 452.420976
frame00439.jpg 332.617957 173.298955 600.609324 154.090980 609.243481 515.970110 346.720626 447.510514
frame00440.jpg 339.271550 170.493184 606.104042 150.840215 611.443042 505.736558 352.711234 439.955760
frame00441.jpg 344.785471 167.461361 609.465049 147.151979 613.085391 497.418100 357.220291 433.573187
frame00442.jpg 349.004504 164.794543 609.773085 144.439863 614.005874 489.773760 361.092435 428.194899
frame00443.jpg 352.531091 163.228425 608.640890 143.638938 612.951234 483.196920 363.375846 423.094809
frame00444.jpg 353.820602 162.198608 606.507602 145.156017 608.630717 477.621240 363.531777 418.870451
frame00445.jpg 353.569934 160.060846 603.859105 141.848627 604.442273 471.834233 363.051319 414.429922
frame00446.jpg 352.225248 159.692445 598.737826 142.777274 598.532670 468.355989 360.438875 411.609122
frame00447.jpg 348.976588 159.090361 591.872983 143.446859 591.139803 464.494550 356.696288 409.378413
frame00448.jpg 344.780028 158.354154 583.677586 144.943687 581.437934 458.824424 351.080430 404.757960
frame00449.jpg 337.649150 156.181761 574.165277 146.834398 572.424031 455.762403 344.145862 402.327576
frame00450.jpg 328.936688 154.280354 564.019891 144.682500 561.482390 451.667582 334.880942 399.073972
frame00451.jpg 318.963790 151.506572 552.937494 142.434082 547.244353 447.383498 325.390718 396.208449
frame00452.jpg 309.073299 150.610913 538.240537 144.732386 534.482015 443.485452 313.865552 393.413619
frame00453.jpg 296.256823 147.098593 526.566988 144.138993 520.475656 438.160162 298.834710 391.204161
frame00454.jpg 280.314773 146.020110 510.533641 144.487657 506.539398 437.573412 285.252067 386.410234
frame00455.jpg 268.649552 142.989118 496.447653 142.984681 490.431066 434.683912 272.983446 387.082923
frame00456.jpg 256.751908 142.608249 482.033599 143.983813 477.358315 433.131524 259.742659 386.629136
frame00457.jpg 245.498955 142.082409 471.413590 143.722578 465.548873 432.284718 248.325367 385.694514
frame00458.jpg 236.852433 142.843227 461.040102 143.462191 455.588599 432.757615 239.950403 386.573444
frame00459.jpg 229.394640 144.375253 452.353154 144.817311 448.122405 433.670731 232.002901 388.106051
frame00460.jpg 224.256805 147.477360 446.698244 147.909128 441.980063 435.685578 227.320289 390.830274
frame00461.jpg 220.478147 150.983699 442.166308 151.152964 438.801812 437.757831 224.824099 393.511224
frame00462.jpg 220.840630 156.355997 439.878405 157.239422 438.417133 441.702367 223.850749 397.718123
frame00463.jpg 221.914478 160.405409 441.588163 161.534495 438.812863 445.582373 225.897843 401.964966
frame00464.jpg 225.437101 166.610199 443.570846 167.423011 441.901917 449.522312 229.369832 405.990738
frame00465.jpg 229.431966 171.858652 448.018969 170.665614 446.820408 455.240455 233.100009 411.558801
frame00466.jpg 233.809095 176.169822 452.110641 176.169497 452.336867 460.707942 237.688515 416.052448
frame00467.jpg 237.801129 178.638343 457.700023 179.807765 457.238410 463.816297 242.659889 418.040486
frame00468.jpg 242.147884 181.978539 466.074257 182.823257 463.848587 469.953260 247.274302 422.552821
frame00469.jpg 247.454377 185.878095 473.140059 189.324738 470.476894 478.975967 251.856117 429.557227
frame00470.jpg 252.158082 193.259140 480.308910 198.904908 478.375849 490.135268 257.071265 437.096804
frame00471.jpg 257.896681 201.113981 488.188117 208.417754 486.344153 503.214808 262.164481 446.763837
frame00472.jpg 261.514585 208.316251 496.847702 217.947864 492.367994 515.259707 265.819438 456.175953
frame00473.jpg 266.168346 218.038516 503.119338 229.638762 499.525019 528.921039 269.259444 466.386119
frame00474.jpg 268.670046 225.195442 511.235094 240.315846 505.914313 543.283331 272.537605 476.716208
frame00475.jpg 271.319580 232.965541 517.505856 251.914079 513.090298 558.052598 274.692498 487.285059
frame00476.jpg 273.865147 240.246900 524.115452 261.827282 520.641345 573.045386 276.937948 498.010131
frame00477.jpg 276.058726 248.182336 530.028349 272.431496 527.289038 586.427663 277.841123 507.676354
frame00478.jpg 276.652878 254.063418 535.228401 281.701356 531.867336 597.578967 278.671561 516.005731
frame00479.jpg 276.265511 259.115574 540.618066 290.337622 535.996033 607.167148 278.342222 524.058365
frame00480.jpg 275.292519 262.665969 545.916352 297.147770 539.546864 616.452668 277.736870 529.812399
frame00481.jpg 274.213736 267.127942 547.270010 303.310681 543.087831 625.759614 276.131239 536.450762
frame00482.jpg 272.311811 268.344433 550.854165 306.872622 543.319082 633.023298 273.232406 541.560549
frame00483.jpg 268.083610 267.796650 554.921242 307.488121 542.252558 635.823123 270.324281 544.023377
frame00484.jpg 264.008753 267.297009 552.739951 308.109415 542.240856 637.762017 265.502913 545.561798
frame00485.jpg 257.847590 263.187672 552.287326 308.204701 539.000603 636.549727 259.482945 545.055792
frame00486.jpg 252.099057 258.761854 550.741934 304.743169 538.465034 634.606941 253.602526 543.377741
frame00487.jpg 245.376433 251.360811 551.341564 297.664500 534.964968 629.642352 247.711751 539.004276
frame00488.jpg 238.362414 243.416155 550.889615 290.514258 532.665764 624.254183 241.280864 535.150751
frame00489.jpg 231.598401 234.088506 549.098764 283.265847 530.429651 616.142913 234.849939 530.064499
frame00490.jpg 223.201987 221.728868 547.967836 273.359879 526.253079 607.799705 229.298218 525.530452
frame00491.jpg 216.428242 211.103142 545.788867 263.796207 525.402244 601.639670 222.003673 520.520622
frame00492.jpg 209.959472 201.950604 542.824574 254.523680 524.533432 593.939776 214.662491 514.799885
frame00493.jpg 203.825119 193.457968 541.824113 244.460941 523.021903 586.955062 207.239563 509.736993
frame00494.jpg 197.109371 185.661004 537.595913 236.725570 522.065084 581.232869 199.695783 507.232906
frame00495.jpg 190.502852 179.827806 535.321274 227.281280 521.903861 575.506020 193.413620 504.727746
frame00496.jpg 183.666663 175.068716 534.689298 221.226040 521.083867 571.256449 188.116173 501.852524
frame00497.jpg 176.337080 170.711284 540.317860 210.911176 519.833380 566.568781 184.329473 498.559940
frame00498.jpg 171.115926 166.537492 541.482426 200.477730 519.345809 563.998371 181.636059 498.514121
frame00499.jpg 166.708607 164.067988 539.500907 196.956974 518.243954 557.004211 179.429105 498.712480
frame00500.jpg 162.136282 161.268721 536.373203 191.435489 518.668613 552.135646 177.237969 501.275187
frame00501.jpg 160.427033 161.423854 538.099950 184.223201 521.529483 548.702832 177.428819 501.428942
frame00502.jpg 158.987160 162.396080 535.031666 181.459158 525.062757 544.790342 179.441421 504.225858
frame00503.jpg 160.243600 163.892607 534.154171 178.609033 529.479503 542.012139 180.871099 507.001805
frame00504.jpg 162.865208 166.477677 537.095078 170.237550 535.727882 540.003242 184.262748 508.507022
frame00505.jpg 164.638104 167.434803 539.431584 164.745478 542.432394 535.016521 188.358314 508.955177
frame00506.jpg 168.549723 168.463090 542.119062 156.719464 553.226074 530.828557 191.518198 509.728990
frame00507.jpg 168.249938 161.333789 545.905146 145.160596 555.595296 518.708137 196.361003 506.307046
frame00508.jpg 171.139094 159.918248 552.773513 137.851232 562.834443 509.497425 202.644050 504.174324
frame00509.jpg 173.953458 156.484863 560.851150 125.128630 570.252998 501.257288 208.811525 501.024425
frame00510.jpg 177.489934 154.420797 563.228504 117.158984 579.923951 493.280027 214.405009 501.044597
frame00511.jpg 178.812281 150.427916 570.042075 104.044070 586.441197 486.056238 220.503964 499.063190
frame00512.jpg 181.254971 149.238710 571.740097 95.145312 593.905190 479.006665 225.917253 498.335976
frame00513.jpg 181.704311 146.525837 574.685925 84.793773 600.375483 471.811047 231.155589 496.067551
frame00514.jpg 182.569948 144.490590 577.162495 74.817984 605.586794 464.577248 235.331236 495.398816
frame00515.jpg 184.323421 144.966387 578.741642 69.374524 608.494523 457.235672 238.597313 493.529030
frame00516.jpg 184.343982 144.959725 579.038247 61.371893 612.149947 451.505858 241.660565 492.925596
frame00517.jpg 184.593196 144.741729 577.101128 56.811036 615.404860 446.317764 244.094333 493.239160
frame00518.jpg 183.948133 145.790704 576.450806 51.864179 617.240662 442.079969 246.770008 492.672315
frame00519.jpg 181.827322 146.689237 574.916602 47.451513 618.721894 436.657840 248.705021 492.188740
frame00520.jpg 181.733031 147.556529 572.630449 44.642111 620.114507 433.982401 249.192532 492.998070
frame00521.jpg 179.217697 146.940660 571.514992 40.972722 618.330200 429.162860 249.863714 491.913694
frame00522.jpg 179.222768 147.653318 570.336552 37.359671 619.447683 426.684881 249.912352 491.143045
frame00523.jpg 177.654131 147.126305 568.783023 36.622850 615.690949 424.621531 248.841588 491.100536
frame00524.jpg 175.819245 147.789103 566.078652 35.641553 614.168493 424.790849 247.082272 490.866238
frame00525.jpg 173.635271 147.955772 563.080879 35.470061 611.848032 424.271067 244.708976 490.637169
frame00526.jpg 170.795640 147.351902 558.544599 35.679221 610.034946 423.552848 242.380815 490.848651
frame00527.jpg 168.350621 145.546188 555.737099 34.247410 608.719851 424.584217 239.271698 491.085883
frame00528.jpg 165.701676 144.232499 551.157523 34.982934 608.294597 425.595741 236.160623 491.573555
frame00529.jpg 162.608602 142.115080 548.299931 35.852241 604.465570 424.823291 233.463101 490.739225
frame00530.jpg 162.191174 141.678949 545.013211 38.459994 602.366121 425.837501 231.329486 490.327046
frame00531.jpg 160.994417 141.834683 542.728119 41.742216 600.462552 428.726829 229.546473 490.424663
frame00532.jpg 160.088334 141.278373 541.534264 44.138678 597.885455 432.187530 227.578757 490.773428
frame00533.jpg 160.479194 142.474440 538.584402 48.183859 595.328290 435.631786 225.768793 490.974690
frame00534.jpg 158.620685 142.632928 537.016461 53.260799 589.475295 437.889274 221.945874 490.077635
frame00535.jpg 156.897881 142.560037 535.444094 54.875661 584.559458 442.560995 217.632190 488.646749
frame00536.jpg 152.824081 139.615083 533.620132 58.487411 574.733428 444.559974 213.499874 486.529349
frame00537.jpg 150.789189 138.844286 531.205023 62.122098 569.403674 448.665090 208.741355 485.682672
frame00538.jpg 148.994166 138.350309 527.939716 68.193823 563.796812 453.869684 204.395489 486.052173
frame00539.jpg 146.639151 137.155912 526.739214 74.317385 554.464366 457.691808 200.118249 484.420142
frame00540.jpg 145.363146 133.804168 524.978765 78.318533 548.378545 461.919433 195.261220 481.657093
frame00541.jpg 143.913610 135.979775 524.126208 85.272828 542.360368 467.261012 191.823424 482.597247
frame00542.jpg 141.508582 136.490454 522.360000 92.582727 539.688323 474.874531 186.289752 485.090667
frame00543.jpg 138.657100 138.459809 521.431304 99.468067 535.416160 481.241100 182.219488 488.006787
frame00544.jpg 136.102022 141.721127 519.221967 106.298631 531.439115 489.205951 177.007954 493.939476
frame00545.jpg 130.487090 148.957579 513.664068 114.294105 527.289652 496.534063 170.164355 501.883854
frame00546.jpg 123.855801 155.815738 507.899742 120.030952 523.003496 503.251184 164.712174 509.260993
frame00547.jpg 120.034685 162.500688 503.969179 126.967987 518.971075 509.006233 160.666836 516.268533
frame00548.jpg 116.427569 169.001884 500.539994 133.217380 518.060165 513.764178 159.166203 519.922788
frame00549.jpg 118.633968 170.834550 501.112311 138.041315 516.003002 516.637439 158.753443 523.291788
frame00550.jpg 124.551511 175.847033 503.244257 142.647889 518.228373 521.895989 160.100614 524.569600
frame00551.jpg 128.853220 176.319280 504.631067 146.977847 522.065533 524.557605 163.624678 525.007237
frame00552.jpg 137.515476 177.530997 512.296062 150.371199 526.419933 528.951223 169.341400 524.017366
frame00553.jpg 146.250030 178.651360 519.887340 153.473413 534.895853 533.408949 177.095099 524.341246
frame00554.jpg 156.883279 179.751567 530.183399 156.795529 543.524225 537.366659 186.163873 523.996362
frame00555.jpg 169.460685 180.767216 539.483152 159.293808 554.353358 540.904861 194.579354 523.995021
frame00556.jpg 179.786655 179.094796 550.616209 160.068019 562.298098 542.027822 205.118081 522.757144
frame00557.jpg 190.306863 178.862618 562.395686 160.380978 572.001821 544.225333 215.097438 520.808586
frame00558.jpg 195.978388 176.211368 569.909850 159.981134 576.003340 544.362282 218.914982 519.298620
frame00559.jpg 199.627521 174.717855 576.503734 157.736424 580.997572 546.057349 222.613889 517.701431
frame00560.jpg 202.342603 173.580602 577.561252 159.501776 581.760594 545.985204 223.434838 517.286626
frame00561.jpg 202.480493 173.419226 579.251689 157.477726 583.572047 547.282877 223.411723 515.778111
frame00562.jpg 201.996719 172.464236 577.002902 157.469718 582.876360 547.912148 222.536893 515.917068
frame00563.jpg 201.180008 171.508486 575.547059 157.632195 581.233764 547.578377 220.943284 515.335935
frame00564.jpg 199.901350 169.336088 574.850797 154.811508 579.926969 546.942107 220.468030 514.172373
frame00565.jpg 198.461975 167.101587 575.517103 151.566965 580.228040 546.110550 220.485591 512.365226
frame00566.jpg 198.594133 166.522078 575.795724 149.858762 581.399482 546.384328 220.487791 511.034677
frame00567.jpg 198.620975 164.564632 575.930645 147.693104 582.344640 546.200753 220.656336 510.115329
frame00568.jpg 197.643375 159.059983 578.993987 141.682458 581.233178 543.731799 223.152024 507.920300
frame00569.jpg 197.393238 156.786832 581.634868 138.344095 582.541064 543.034463 224.025739 505.726892
frame00570.jpg 198.501225 154.229404 582.509943 137.162740 583.131633 542.310119 224.349215 503.790950
frame00571.jpg 198.438055 151.321689 579.591339 137.764522 581.441236 541.179601 223.733209 502.687729
frame00572.jpg 197.330183 148.283211 579.571456 138.298851 578.567272 540.276881 221.662961 501.092048
frame00573.jpg 193.961339 146.282914 577.005726 136.609940 576.783111 540.093402 220.172134 500.354772
frame00574.jpg 193.381333 144.363647 578.226026 135.947544 575.068559 540.169784 217.761523 498.797727
frame00575.jpg 191.684197 142.340804 576.350990 135.793081 573.656482 540.458194 216.272135 498.319984
frame00576.jpg 189.771881 140.379725 578.584283 134.806097 572.255266 540.607188 215.723053 497.186846
frame00577.jpg 189.926292 140.710381 577.206883 138.133741 573.958026 543.676290 213.728250 498.535923
frame00578.jpg 189.949477 140.654538 578.195382 138.195764 573.517406 544.630284 213.191870 498.010403
frame00579.jpg 192.032231 140.607234 577.005799 141.901952 577.351935 546.738977 212.976442 499.672537
frame00580.jpg 196.374254 140.721996 582.537065 143.101643 580.695378 546.829013 213.243306 496.475337
frame00581.jpg 198.653525 137.131049 590.342006 137.253196 584.798072 545.244361 217.604484 492.836461
frame00582.jpg 204.821232 135.356583 595.422049 137.467458 590.921144 543.990297 219.437228 491.166282
frame00583.jpg 212.237636 132.150203 603.686494 134.719968 597.162764 543.691470 225.066909 487.924993
frame00584.jpg 217.012904 126.172256 612.468201 131.508605 603.236219 539.294964 231.448471 484.372512
frame00585.jpg 224.886866 122.457674 619.519344 132.141332 607.721879 536.864181 236.067141 482.540049
frame00586.jpg 231.953530 117.863202 629.477183 128.554340 615.656926 537.583008 242.472191 481.231961
frame00587.jpg 239.226391 115.999860 639.202394 128.028667 622.444168 534.650474 248.320825 478.407532
frame00588.jpg 247.372693 115.367960 644.425194 127.813040 630.460596 534.239850 253.408457 477.539121
frame00589.jpg 254.083390 116.591146 656.526130 123.698257 641.288606 534.460669 260.089028 473.188858
frame00590.jpg 260.653666 115.573630 660.877043 123.796619 649.194519 534.828220 264.708450 472.749506
frame00591.jpg 266.288741 114.188515 667.718505 121.800158 656.350228 535.725456 269.650884 471.857541
frame00592.jpg 271.657453 113.131289 674.741830 120.266273 662.516806 535.928852 273.845209 470.708853
frame00593.jpg 275.746902 110.774212 682.807385 117.570610 665.428315 533.622924 278.368818 469.222800
frame00594.jpg 279.131826 107.829162 691.156330 114.033506 666.499795 530.692542 282.732432 467.565892
frame00595.jpg 280.542054 106.402980 695.528729 114.739680 668.515373 527.595756 285.320959 466.358796
frame00596.jpg 283.462452 106.162508 698.746042 115.074867 668.778159 526.893606 287.106693 466.794150
frame00597.jpg 285.751287 107.741794 700.632565 113.718319 670.436073 529.223032 287.707559 468.943237
frame00598.jpg 284.978396 108.282105 699.031529 116.556861 670.566707 529.887886 286.960583 471.240532
frame00599.jpg 283.422421 109.538893 698.729856 119.149477 669.603330 529.522567 286.442453 472.766729
frame00600.jpg 282.052193 110.562810 696.213782 122.413704 668.327918 530.061436 285.426957 475.628970
frame00601.jpg 280.670102 111.302983 695.105793 125.439004 665.371680 530.803621 283.257429 478.352722
frame00602.jpg 279.791801 112.636461 695.393914 124.428447 663.362229 531.612772 281.069089 480.198767
frame00603.jpg 277.976494 112.762559 692.858765 127.338508 663.693903 532.198594 279.915848 481.377198
frame00604.jpg 276.772184 113.596044 693.467235 126.136260 661.265575 532.340404 278.649674 482.838132
frame00605.jpg 275.564463 114.815910 687.858546 130.026811 662.022577 534.351836 276.864828 484.637855
frame00606.jpg 273.903432 115.320649 688.613015 129.075672 660.916491 534.848527 275.923341 485.782117
frame00607.jpg 272.075143 115.307837 688.919356 129.174728 660.808510 535.814267 275.620595 486.355592
frame00608.jpg 272.876482 116.848797 688.417818 130.745478 661.999039 537.804052 274.711668 487.496060
frame00609.jpg 274.199508 117.675561 689.224812 131.535097 662.398621 539.753224 274.484266 489.742481
frame00610.jpg 274.690788 118.018859 689.198646 133.202115 663.931954 540.684097 275.909174 491.126641
frame00611.jpg 276.747484 118.018184 691.887011 134.710870 664.971731 541.182282 277.966656 492.167933
frame00612.jpg 281.550136 122.282543 693.158395 138.306498 670.330194 543.403882 280.616757 492.562814
frame00613.jpg 285.211011 123.270493 697.837627 139.194297 674.172993 544.070803 284.243126 492.891656
frame00614.jpg 290.134612 123.879742 701.586429 140.729636 677.756423 544.754695 287.559997 494.409156
frame00615.jpg 294.616247 124.882137 706.050093 142.606759 681.415866 544.809782 291.118095 494.959254
frame00616.jpg 299.103292 125.879176 710.651510 144.624729 685.205511 545.017906 295.074044 495.420572
frame00617.jpg 303.388178 126.115156 716.233954 145.589850 689.203709 546.032627 299.694398 495.879525
frame00618.jpg 308.320478 126.903294 722.259021 145.712335 693.122661 547.889685 303.829033 497.280269
frame00619.jpg 312.595722 127.798340 727.596103 145.880799 697.060743 548.294107 307.577279 498.222000
frame00620.jpg 315.795303 128.111379 732.177474 145.490583 700.634306 548.051425 311.782157 499.487882
frame00621.jpg 319.713550 128.829784 736.513802 144.300934 704.743888 549.786129 315.855654 501.773852
frame00622.jpg 322.768415 129.482352 739.466846 147.085167 708.396943 550.825092 319.046729 503.749168
frame00623.jpg 326.648978 132.527963 741.386473 150.845863 712.589456 552.431389 321.554850 505.823265
frame00624.jpg 328.591223 133.080790 745.501339 150.675203 715.097082 554.115204 325.268450 507.824384
frame00625.jpg 331.782374 137.257716 746.426098 155.562029 718.938719 556.298474 326.677606 509.991168
frame00626.jpg 332.994586 139.173580 749.958702 155.530720 721.255892 558.051131 330.440628 511.684016
frame00627.jpg 336.571765 143.347717 749.126609 161.420658 724.286693 559.839618 331.381555 514.572991
frame00628.jpg 338.454083 145.795717 751.753510 163.564203 726.870317 561.521625 334.638496 516.505709
frame00629.jpg 339.367900 147.859639 754.572652 165.165152 727.764414 563.387699 336.849407 519.525405
frame00630.jpg 340.928673 150.138680 756.230257 166.041142 729.302926 566.217553 339.052425 522.996406
frame00631.jpg 342.249607 154.504930 756.235034 170.838752 731.397690 568.700313 339.356047 526.529291
frame00632.jpg 342.619092 156.981378 757.310158 172.298852 732.497436 570.521937 340.447822 529.952070
frame00633.jpg 342.811102 159.145647 759.228263 173.054910 732.712404 572.884196 341.521779 533.326219
frame00634.jpg 343.579740 163.938902 758.753111 177.312631 734.106318 575.474030 341.560532 536.187496
frame00635.jpg 343.740345 166.290047 761.089064 176.907344 733.923019 579.792576 342.160573 540.138431
frame00636.jpg 343.317054 170.097460 759.285369 180.896691 734.140399 584.006861 341.376361 545.248345
frame00637.jpg 342.184671 174.492131 757.426518 185.671991 733.506031 588.091901 340.948950 550.596325
frame00638.jpg 340.147583 178.996751 758.752415 188.951212 732.055932 591.708089 340.514414 554.349585
frame00639.jpg 339.044251 184.328088 755.646340 195.398820 731.042320 597.167378 338.264617 559.831981
frame00640.jpg 335.717845 188.301267 754.288608 198.575371 728.348374 600.589634 336.414197 564.229125
frame00641.jpg 333.060442 191.261793 750.776153 201.340505 724.969874 603.165771 333.321901 567.916871
frame00642.jpg 328.640489 194.188579 746.744883 204.631485 721.511566 603.552326 331.176997 567.728097
frame00643.jpg 325.294550 193.489567 740.078018 204.217454 717.299517 603.868489 327.108711 567.699350
frame00644.jpg 322.068050 193.332436 733.271863 203.521970 713.325539 601.591630 322.564068 565.439204
frame00645.jpg 319.085551 189.819276 728.688224 198.524515 708.386843 598.027497 317.450569 561.552951
frame00646.jpg 316.310663 186.037302 720.691191 196.279941 703.698321 591.694612 310.850343 556.984809
frame00647.jpg 309.938950 180.065622 717.417139 188.134563 697.562792 586.151444 307.858096 551.495437
frame00648.jpg 303.154679 175.165182 707.434921 185.861179 693.685350 580.353333 301.646735 546.418050
frame00649.jpg 299.193913 167.575423 702.970536 176.912903 690.120605 572.290295 298.251407 537.728904
frame00650.jpg 295.883050 158.705247 699.742687 164.967034 686.939716 563.889833 294.278812 528.530166
frame00651.jpg 293.847233 151.323093 693.662300 156.345375 685.432209 554.894965 290.340713 520.741676
frame00652.jpg 289.984565 140.139773 688.107084 144.607110 682.823147 545.382693 284.895901 511.367621
frame00653.jpg 287.691067 130.897688 684.797678 133.560176 678.966391 534.384636 281.232830 500.208301
frame00654.jpg 285.062275 121.183001 681.089751 124.032282 673.152702 521.849856 277.693683 488.359992
frame00655.jpg 282.836010 111.135065 676.822315 114.541133 667.732120 508.440600 275.104912 475.290991
frame00656.jpg 280.876870 99.995997 673.418480 106.090655 664.608489 496.562317 272.522706 463.160888
frame00657.jpg 277.915566 85.889373 672.164875 93.352679 661.897508 486.729928 271.115222 453.171968
frame00658.jpg 275.208290 72.949192 673.107626 80.765571 659.783622 477.522377 269.691072 445.368269
frame00659.jpg 273.828921 64.010294 672.807192 73.282033 657.750786 471.216818 267.140286 439.092964
frame00660.jpg 272.742308 57.373286 672.239031 67.188769 656.601019 466.366211 265.668391 434.041866
frame00661.jpg 271.727829 53.109861 672.254765 63.323900 654.604966 463.815704 265.324435 430.374773
frame00662.jpg 271.753267 53.909585 670.250468 64.485356 654.612509 462.011144 263.649168 427.568677
frame00663.jpg 271.815207 54.450790 670.046980 64.681582 653.582147 464.388958 263.035753 428.328688
frame00664.jpg 271.285512 57.029641 669.786532 67.795138 651.655139 468.048509 263.182223 431.618831
frame00665.jpg 271.777165 62.209634 669.133914 73.865891 650.813633 472.277948 262.960724 435.063350
frame00666.jpg 273.642136 71.037736 668.652851 82.249708 650.808155 480.987427 262.938223 442.541889
frame00667.jpg 274.161690 80.014790 666.154342 93.640053 650.699988 489.580479 262.910169 450.080251
frame00668.jpg 274.770904 90.016342 665.667210 105.475578 650.032572 498.377829 262.498309 458.040438
frame00669.jpg 275.399502 100.331609 663.119729 117.436217 649.601280 509.548838 261.960738 468.194607
frame00670.jpg 276.154764 111.248703 661.597979 128.615263 649.954488 520.204725 261.647544 477.847272
frame00671.jpg 275.611952 120.031108 660.640840 137.851313 648.582511 530.504257 260.500323 488.142877
frame00672.jpg 274.556390 128.589797 659.044096 148.215228 647.390816 538.900619 258.730659 495.811362
frame00673.jpg 274.028699 136.696695 657.666278 156.591322 646.446184 548.565932 256.974389 504.940747
frame00674.jpg 274.257702 144.858169 659.386069 163.637414 646.372565 556.725274 257.642643 513.209360
frame00675.jpg 269.631122 148.588499 654.534859 168.778119 646.268731 564.745704 251.768212 521.252301
frame00676.jpg 268.720439 153.039298 655.163262 172.118196 643.911391 569.796017 249.796155 525.829758
frame00677.jpg 266.759324 156.363648 654.674669 173.917505 643.105264 574.629079 247.953273 529.748793
frame00678.jpg 263.756796 157.636845 651.883085 176.017016 641.524747 577.261693 243.887630 533.698009
frame00679.jpg 261.366198 157.860206 649.210255 178.065209 639.640819 577.689080 240.043260 534.292560
frame00680.jpg 258.313202 157.498150 648.993522 176.014671 637.799955 578.610577 237.973971 535.026992
frame00681.jpg 256.185972 156.984248 646.103738 176.958818 635.171050 578.369725 234.592871 534.771122
frame00682.jpg 253.429401 155.151712 644.581531 174.875661 632.540129 578.138567 232.825605 535.110789
frame00683.jpg 251.730738 155.053177 641.732974 175.979540 631.828405 579.507171 229.383281 536.238405
frame00684.jpg 249.843398 153.931051 641.108923 174.420383 629.787817 579.850555 227.147919 535.896535
frame00685.jpg 247.301873 151.900011 638.625133 173.197521 628.528366 578.890886 225.052891 535.584050
frame00686.jpg 245.015082 149.771015 638.200400 170.222579 627.325631 576.523103 222.655499 533.344820
frame00687.jpg 242.694696 144.795979 637.951281 167.050030 626.630125 573.329787 220.286535 529.364897
frame00688.jpg 240.938173 139.515055 635.545373 162.858545 625.412457 570.005385 217.925229 526.639739
frame00689.jpg 238.872187 133.293256 635.922809 156.352832 624.886647 565.679298 216.744472 521.455971
frame00690.jpg 237.085502 127.378543 634.300109 151.380247 622.610005 560.946802 214.496864 516.670220
frame00691.jpg 234.832926 120.966886 633.870182 144.805008 621.114422 554.626375 212.732125 510.555463
frame00692.jpg 232.231254 114.382789 633.165705 139.434851 617.869620 548.626276 211.459740 503.666227
frame00693.jpg 230.119744 107.888988 632.135906 132.388826 615.738954 542.267113 209.782712 497.527106
frame00694.jpg 227.307582 100.960718 629.937982 126.745460 614.233575 535.476428 207.297354 491.660731
frame00695.jpg 224.898634 93.730929 629.556314 119.458359 610.500850 528.930004 204.845744 485.690451
frame00696.jpg 222.436826 86.419179 628.526124 111.414769 610.454575 522.978159 204.053659 478.377260
frame00697.jpg 219.923155 77.453156 627.642425 103.699450 608.391452 515.417566 201.532560 471.774934
frame00698.jpg 218.027458 69.500444 626.280566 95.496333 608.100996 508.298428 199.873597 464.937820
frame00699.jpg 215.516176 61.791387 625.350615 87.887000 605.760826 501.941309 197.312248 458.791498
frame00700.jpg 213.280426 54.685943 624.220162 80.098347 604.823570 494.794673 196.512086 452.239004
frame00701.jpg 211.349766 48.105807 623.851226 72.752315 603.593795 489.145159 194.359663 447.092143
frame00702.jpg 209.573132 43.026713 621.188626 68.181913 601.548218 483.641887 192.295075 442.737810
frame00703.jpg 206.899500 37.350059 621.053192 61.647012 601.219619 477.814895 191.680392 436.284705
frame00704.jpg 204.507808 30.640453 620.138577 54.777424 599.016368 473.169042 190.122461 432.450250
frame00705.jpg 202.729690 25.905975 618.677844 50.657410 598.014474 469.271068 188.065461 428.986811
frame00706.jpg 200.324301 21.851234 617.990409 46.465132 596.470942 465.130327 187.164134 425.460181
frame00707.jpg 197.901692 18.400775 616.562534 42.036988 595.203005 462.329429 185.737778 423.740841
frame00708.jpg 195.456587 16.779442 614.233475 40.998354 592.240776 461.896624 184.860581 423.383240
frame00709.jpg 192.689829 19.035213 612.820957 41.871189 589.803935 461.494389 182.731568 424.517806
frame00710.jpg 189.689405 21.803802 609.183515 45.182094 587.196192 463.103690 180.431030 428.053838
frame00711.jpg 187.973361 25.351853 609.377243 46.464423 582.840572 467.804531 180.108210 433.378775
frame00712.jpg 186.406078 31.969490 606.291582 53.044526 580.615063 471.849298 178.637905 438.594092
frame00713.jpg 184.343912 38.169093 605.395400 59.041792 578.839409 477.963960 177.752409 443.820276
frame00714.jpg 182.688347 46.787611 601.844345 66.078736 576.775315 484.770313 176.043751 451.018849
frame00715.jpg 180.560433 55.931076 597.872416 74.670662 572.632188 489.371302 175.171566 456.491724
frame00716.jpg 180.033458 65.917570 591.347359 83.493259 570.416737 495.924367 172.715753 463.319510
frame00717.jpg 177.806673 75.630607 583.898416 94.095223 568.810094 498.569445 170.182283 467.968161
frame00718.jpg 175.869186 82.280844 581.555586 98.537680 565.440401 502.176934 168.177091 471.780310
frame00719.jpg 174.155326 86.982118 577.324840 103.198771 560.512666 504.618902 166.262642 475.890221
frame00720.jpg 172.270852 90.281450 575.087747 105.833717 556.662769 505.110439 166.942778 476.770168
frame00721.jpg 173.450927 93.421449 572.515886 106.241222 557.610179 506.536865 166.701509 476.412477
frame00722.jpg 173.147047 93.244317 570.322617 106.657111 556.088617 503.844660 168.436845 473.952488
frame00723.jpg 172.075806 91.442489 570.913441 102.758972 553.634685 501.465174 172.986632 471.674523
frame00724.jpg 178.200654 98.044751 566.622552 108.446417 554.863418 500.260048 173.504126 470.254827
frame00725.jpg 178.999745 97.148118 566.535239 106.419352 554.332223 496.819221 177.677193 466.580513
frame00726.jpg 183.015620 98.124065 567.048317 106.106885 554.924160 493.996121 181.682025 463.214143
frame00727.jpg 185.320083 95.954566 569.546688 103.343672 556.135470 490.302769 186.853820 459.412682
frame00728.jpg 188.313803 93.732636 570.994336 101.127589 557.222509 485.206161 191.888416 455.973786
frame00729.jpg 197.353621 96.508984 572.477327 101.544646 562.496065 482.178645 197.918453 450.599118
frame00730.jpg 204.038020 95.064636 576.941818 98.217144 564.501330 478.038651 205.624928 446.581134
frame00731.jpg 210.801998 95.596196 579.107751 98.347783 568.499659 474.375168 212.397250 442.339090
frame00732.jpg 216.927040 94.789559 583.626272 96.391124 571.415091 470.212634 219.830204 438.936500
frame00733.jpg 223.244490 94.845992 587.188194 96.622303 575.199484 466.343985 226.608102 435.044903
frame00734.jpg 230.351648 95.740700 590.652287 96.916039 578.911245 463.785923 233.473680 432.017707
frame00735.jpg 237.859361 96.675829 594.697577 97.551590 582.541836 462.453641 239.846871 429.697597
frame00736.jpg 243.738142 96.393229 598.412655 96.541861 586.073922 460.777881 246.163559 427.970120
frame00737.jpg 248.730175 97.239111 601.901345 96.893790 589.411563 458.009707 251.915119 424.543622
frame00738.jpg 253.520485 95.989441 605.765270 94.630800 592.529503 457.540646 257.130933 423.427779
frame00739.jpg 258.622544 97.515715 608.474467 94.507239 596.235577 457.181008 261.472007 422.618054
frame00740.jpg 262.813130 98.406580 611.155440 95.194357 598.609292 457.755872 264.637275 420.973866
frame00741.jpg 266.824542 98.875229 613.211730 94.824556 599.052342 456.537481 267.692917 419.326721
frame00742.jpg 269.124328 99.410998 612.399616 98.041984 598.993258 455.800691 269.896232 419.505436
frame00743.jpg 271.480029 101.915547 613.846300 97.972072 600.334307 456.840891 272.443133 418.678179
frame00744.jpg 271.512553 104.041712 612.727335 101.171724 599.954287 456.813379 273.369953 418.944842
frame00745.jpg 272.314736 105.437120 611.985342 101.614884 598.641756 458.897899 273.364927 419.526720
frame00746.jpg 272.174612 108.162836 609.410686 104.458362 595.791375 459.472053 272.541802 419.611436
frame00747.jpg 270.158669 111.047549 605.397354 107.464716 594.030774 461.295875 270.671739 420.984231
frame00748.jpg 267.650756 112.970644 601.825314 107.681035 592.925104 464.953129 268.385485 422.490507
frame00749.jpg 264.116825 114.072443 597.055703 111.386281 586.965483 465.135471 265.013877 422.790330
frame00750.jpg 259.876230 114.148171 592.821776 112.107066 579.356982 465.298193 260.709423 424.827183
frame00751.jpg 253.691620 113.955354 586.779654 114.521733 572.273473 465.712331 256.198132 426.349599
frame00752.jpg 247.597323 114.786797 580.408481 117.381471 564.969214 466.568727 251.268415 428.399160
frame00753.jpg 242.005531 116.438105 575.432300 118.305591 558.501810 468.090514 245.801424 429.468217
frame00754.jpg 236.505383 118.311241 567.808802 122.733120 551.225255 469.929904 239.626920 431.115677
frame00755.jpg 230.525535 119.249838 562.868890 122.887139 544.955795 473.588890 233.878728 433.070475
frame00756.jpg 223.777422 121.219649 554.002981 127.769284 537.366712 475.119218 226.681804 435.104667
frame00757.jpg 217.330690 122.185878 546.799009 128.258719 530.001372 478.738039 219.487718 438.167325
frame00758.jpg 210.341367 123.850671 539.899294 129.178429 523.181140 481.009420 212.420192 440.064880
frame00759.jpg 202.896725 124.196756 533.297153 129.824900 515.839700 482.265625 205.946934 440.838887
frame00760.jpg 197.156838 125.711043 525.830508 130.279788 510.776915 484.709776 199.822977 442.336200
frame00761.jpg 190.685980 125.963697 518.263105 131.525015 504.710830 484.439083 194.030091 442.731897
frame00762.jpg 184.882471 126.444812 512.504733 131.205673 500.658762 485.040173 188.488717 442.615820
frame00763.jpg 179.041439 125.696192 508.152889 129.022152 495.363416 484.605440 184.334031 442.150524
frame00764.jpg 175.937482 126.225483 501.672140 131.196258 491.371705 485.176750 179.526654 442.048523
frame00765.jpg 171.583713 124.943224 498.547699 128.074495 486.583431 485.957924 176.114692 441.808390
frame00766.jpg 168.732945 126.350367 492.765722 132.398170 482.760556 485.450350 171.815624 440.505501
frame00767.jpg 165.561220 125.795902 489.882499 131.386626 477.891284 486.829962 168.786447 440.021314
frame00768.jpg 161.641190 124.475103 486.863557 128.635372 473.419490 487.296716 166.862980 439.927826
frame00769.jpg 158.623462 125.100976 482.036630 130.252831 470.130765 487.271631 164.488942 439.513406
frame00770.jpg 158.840122 124.568691 480.384004 129.265642 466.386093 488.960709 162.335707 440.132001
frame00771.jpg 159.152524 125.666042 477.452504 130.818200 466.921555 490.623729 161.006996 439.766682
frame00772.jpg 158.465823 124.222593 477.484123 127.959839 465.892482 490.769500 162.516830 439.639258
frame00773.jpg 159.939824 125.237910 475.881697 130.340085 466.234152 491.267433 163.270490 438.991806
frame00774.jpg 162.495541 123.880693 478.114210 128.281290 465.527064 491.635616 165.889236 437.896163
frame00775.jpg 165.756284 124.519277 478.087224 130.625487 470.161943 492.228581 168.189965 437.416884
frame00776.jpg 168.749807 123.363649 482.122208 128.180848 472.441452 492.128610 173.896597 436.181550
frame00777.jpg 175.062461 124.581138 485.536648 128.426587 476.020334 491.818089 177.962760 435.097532
frame00778.jpg 180.359349 122.962486 491.112875 125.369732 479.420472 491.431219 184.035686 434.078519
frame00779.jpg 186.875538 124.336971 494.932844 127.511727 485.450751 491.018543 189.364860 432.588276
frame00780.jpg 192.997749 122.727760 502.030141 123.556636 490.880835 490.915750 197.575350 431.231145
frame00781.jpg 202.157016 124.599180 507.317378 125.892536 498.008428 490.405289 204.368335 428.919478
frame00782.jpg 209.022772 122.358326 515.260231 123.214020 504.244705 489.686297 212.406217 427.740319
frame00783.jpg 218.411708 123.099853 522.936957 123.667282 511.858982 490.156661 219.525065 425.944690
frame00784.jpg 225.076553 121.398257 531.337627 120.000827 518.775320 490.750963 227.677902 425.301826
frame00785.jpg 233.203146 123.253833 535.796858 122.458798 526.739019 492.092648 233.571518 424.939207
frame00786.jpg 238.118639 121.289966 544.311228 119.455784 532.009531 491.632135 240.416315 424.131460
frame00787.jpg 244.554955 122.337199 549.129587 122.111354 539.031274 492.392344 245.132061 423.414734
frame00788.jpg 249.853086 120.892077 557.679864 117.980835 542.381216 493.085872 251.407026 423.092467
frame00789.jpg 255.448582 121.398473 561.547414 118.944521 548.954153 494.706391 256.212828 423.720945
frame00790.jpg 260.973585 122.114400 568.650287 119.071331 552.637487 494.832877 260.982875 422.495713
frame00791.jpg 265.562999 122.840337 573.877045 119.144609 557.900536 495.810918 265.888738 422.361347
frame00792.jpg 270.302174 123.502695 577.959383 120.536654 562.646845 497.162825 269.999744 423.110943
frame00793.jpg 274.732403 124.720498 581.194720 123.350289 567.975216 497.900886 273.751736 423.792985
frame00794.jpg 277.874103 125.282176 585.813648 123.745110 572.262724 498.653615 277.635283 423.898903
frame00795.jpg 281.348457 125.673956 589.923443 124.552467 576.074839 499.727058 281.024961 424.633952
frame00796.jpg 284.280045 126.309202 593.423336 125.720962 580.117928 500.692736 283.849154 425.284873
frame00797.jpg 287.041016 126.970211 596.488323 125.892808 584.023723 502.542210 286.561698 426.490056
frame00798.jpg 289.569162 128.001320 598.454953 128.254643 587.120450 503.697228 288.801250 426.959391
frame00799.jpg 291.886261 127.255905 603.684382 124.011512 588.573660 505.768007 290.788666 428.369397
frame00800.jpg 293.086282 127.552622 607.154267 125.428755 590.263907 505.250816 292.801904 428.466567
frame00801.jpg 295.066249 128.099303 609.406290 126.405434 592.218394 506.105004 293.893319 429.346745
frame00802.jpg 296.891797 129.208105 611.153707 128.392859 594.874983 506.758864 295.022159 429.411413
frame00803.jpg 297.900539 129.684116 612.002470 129.801347 595.654067 507.371902 296.179569 430.118005
frame00804.jpg 298.516213 130.392774 614.356722 130.107179 597.780814 508.407430 296.944326 430.821540
frame00805.jpg 299.530269 130.643393 614.084944 131.237560 597.891126 508.020521 297.233424 432.133040
frame00806.jpg 299.676990 130.531523 618.250779 127.782195 599.129803 509.696151 298.378953 432.143412
frame00807.jpg 299.627959 130.877764 617.214594 128.958826 598.864115 509.771873 298.587652 433.290252
