frame ulx uly urx ury lrx lry llx lly
frame00001.jpg 236.000640 102.000111 497.000317 99.000578 495.001153 540.001853 244.000002 538.001605
frame00002.jpg 237.122077 102.597084 498.330763 98.693268 496.191381 540.090207 244.892743 537.457441
frame00003.jpg 238.305385 102.472641 499.694844 98.734680 496.871062 539.761895 245.791053 536.890565
frame00004.jpg 240.351595 102.550423 501.035832 99.095764 497.619753 539.750007 247.033012 536.237557
frame00005.jpg 241.516871 102.560474 502.235227 99.396965 498.402700 538.820496 248.687748 535.167701
frame00006.jpg 242.917187 102.093727 503.510706 98.621921 499.304245 538.079825 249.644942 534.044652
frame00007.jpg 244.375526 101.336018 504.434252 98.376134 500.046310 536.840770 250.642860 532.687593
frame00008.jpg 245.568698 99.956462 505.741356 97.010241 500.821665 535.113018 251.974586 530.685548
frame00009.jpg 247.304309 98.359676 506.852392 95.923385 501.631627 533.513750 253.007498 528.797358
frame00010.jpg 248.366205 96.259934 507.900649 94.677574 502.599121 531.054889 254.087218 526.367864
frame00011.jpg 250.304869 94.264243 508.755921 91.981369 503.557504 528.518245 255.801425 523.448677
frame00012.jpg 251.261669 91.242896 510.018783 89.583543 504.283352 524.608910 256.963639 519.815443
frame00013.jpg 253.102377 87.375912 511.402111 85.805129 505.101826 519.637988 259.091299 514.332646
frame00014.jpg 255.051211 81.833267 512.909933 81.330761 505.951061 513.893664 260.881715 509.151501
frame00015.jpg 257.023871 75.935441 514.152640 75.477547 507.197079 507.568850 263.127594 503.493989
frame00016.jpg 258.902821 69.420520 516.400408 69.684466 509.169131 500.259656 265.461114 496.454038
frame00017.jpg 260.891290 62.403663 519.072182 63.616135 511.055145 491.918861 267.926071 488.643315
frame00018.jpg 263.462570 54.530324 521.663974 55.508002 513.129121 484.728919 271.018516 481.469132
frame00019.jpg 265.887123 47.930986 523.944993 49.658638 514.286088 477.516142 273.331276 474.483931
frame00020.jpg 268.118187 45.268216 525.306751 46.422710 515.501360 474.812171 275.555109 471.392428
frame00021.jpg 269.176519 44.305275 527.659728 44.989536 516.051773 475.686502 276.689179 472.097401
frame00022.jpg 268.289332 48.632299 529.121961 51.458497 516.929414 481.565122 276.006776 477.921572
frame00023.jpg 267.127002 56.855491 530.676189 59.460120 517.216046 491.185732 275.434850 487.776969
frame00024.jpg 267.060508 69.661632 529.490915 73.209699 515.681876 502.959546 275.665261 500.178724
frame00025.jpg 266.087152 84.945860 530.787120 88.036226 515.793748 518.042426 274.772124 514.335883
frame00026.jpg 265.301399 101.856797 528.604356 106.899918 512.748176 532.480395 273.170937 529.446430
frame00027.jpg 263.092822 117.838997 526.980978 123.260992 510.761717 544.082234 272.717237 541.200822
frame00028.jpg 262.294487 133.889348 525.420700 140.301386 508.160159 554.756158 271.971103 552.090294
frame00029.jpg 263.602896 151.680730 523.979645 158.059094 506.598910 563.297596 273.631764 560.600891
frame00030.jpg 266.344075 168.242973 525.133785 174.189764 506.656785 570.629662 275.973217 567.384912
frame00031.jpg 270.980079 183.344797 525.990766 189.094069 506.586487 575.774945 280.553107 572.032001
frame00032.jpg 276.589886 197.535601 527.058079 203.436600 506.347750 578.780828 285.298250 574.782007
frame00033.jpg 282.115053 209.556948 527.742076 215.890299 506.858870 580.767700 290.788141 576.356459
frame00034.jpg 287.975746 219.731442 529.793829 227.034312 507.698279 580.575614 295.872490 576.173864
frame00035.jpg 294.085511 227.290642 532.152969 235.052913 508.122124 578.119374 301.063872 574.141342
frame00036.jpg 299.892333 234.554482 533.084646 243.043384 508.717677 575.831334 305.696491 571.111519
frame00037.jpg 305.357876 241.150812 532.080962 249.579613 507.215950 571.733180 309.709471 567.242126
frame00038.jpg 309.132707 246.764860 530.515178 255.642766 505.044971 567.104114 312.072387 562.456635
frame00039.jpg 311.477014 250.989070 527.075034 260.438123 501.514219 561.474846 313.420950 557.700722
frame00040.jpg 312.640203 255.142809 523.289318 264.374946 497.185612 555.439053 314.204519 551.496561
frame00041.jpg 312.443447 258.973318 518.470541 268.237046 492.960560 550.039042 313.659576 546.373432
frame00042.jpg 312.321844 261.939422 512.668116 271.231458 487.658772 543.857858 313.523066 541.100194
frame00043.jpg 312.053955 265.150977 508.194684 273.740944 483.585673 538.246664 313.008895 535.637428
frame00044.jpg 312.661628 268.135502 502.368760 277.002358 478.602536 532.905113 312.642556 530.969370
frame00045.jpg 312.221825 270.527446 498.327871 278.881169 474.990431 527.149467 312.513393 525.772661
frame00046.jpg 312.794220 272.044004 494.275102 279.517302 471.111036 521.697448 312.347205 520.431318
frame00047.jpg 312.671314 273.085804 490.077559 280.024089 467.754620 515.498171 312.207503 515.278897
frame00048.jpg 313.075446 273.422003 486.473220 278.981116 464.649592 509.217307 312.811403 509.466244
frame00049.jpg 313.642919 272.365177 483.604077 277.519468 461.445597 501.904121 313.063087 503.369023
frame00050.jpg 314.195868 271.255747 480.694248 275.250867 459.269963 494.485191 313.950822 496.986266
frame00051.jpg 315.734800 268.393760 477.744591 273.004230 457.463471 485.945472 315.268739 490.890295
frame00052.jpg 317.441137 264.493399 476.231458 267.416513 456.287113 477.836031 317.395701 483.648078
frame00053.jpg 319.874053 259.504017 476.049290 261.422014 456.330178 468.682424 319.322489 475.150311
frame00054.jpg 321.301886 253.173836 474.869671 254.944349 455.699164 458.402896 320.604714 466.154794
frame00055.jpg 323.619855 245.939812 474.666984 246.534872 455.774027 448.303451 322.630958 457.211332
frame00056.jpg 324.925599 241.103745 473.985132 240.599777 455.400296 439.832516 324.432957 449.836525
frame00057.jpg 325.778495 235.976031 472.168883 235.561695 454.542961 432.177108 324.654138 443.271724
frame00058.jpg 326.357264 232.699730 470.950459 230.617587 453.500276 425.400636 325.031871 437.123413
frame00059.jpg 328.820380 232.249670 469.345057 228.468740 452.363232 420.449676 327.701369 432.349962
frame00060.jpg 330.177006 232.618116 468.057587 228.274109 452.127906 416.534570 328.720977 430.077116
frame00061.jpg 331.138799 232.684742 466.449458 228.282810 450.988751 414.103794 329.713591 427.693995
frame00062.jpg 331.658749 232.387507 464.342639 227.486504 449.785322 410.857656 330.115801 424.826337
frame00063.jpg 331.811241 232.795867 462.038681 226.648526 448.122066 407.535816 330.514595 422.440613
frame00064.jpg 331.566465 232.402012 459.829886 225.346205 446.441428 403.809389 331.068144 419.261824
frame00065.jpg 331.648542 231.031875 457.781026 223.769239 445.149936 400.378576 331.321742 415.897672
frame00066.jpg 332.343340 229.494121 456.566380 221.731006 444.783091 396.356358 332.380998 412.429034
frame00067.jpg 333.102371 226.947537 456.153678 219.400830 444.277861 392.112918 333.176790 408.771411
frame00068.jpg 333.810932 223.729600 455.832558 215.470945 444.166289 387.309730 334.088488 404.176686
frame00069.jpg 334.448611 220.489697 454.316713 212.168663 443.503469 382.595619 334.531306 399.954881
frame00070.jpg 334.947956 218.195054 452.511861 209.343612 442.366488 377.861973 335.361638 395.641130
frame00071.jpg 334.450998 214.484923 451.170909 205.468171 441.095424 372.164905 335.111564 389.917544
frame00072.jpg 334.159368 210.314215 448.458620 200.950348 438.810102 366.287084 334.594893 383.691912
frame00073.jpg 332.804093 205.748012 445.269143 196.966614 436.362992 359.737626 333.422953 377.193824
frame00074.jpg 330.414283 200.383861 442.106039 191.480880 433.529756 352.859229 332.126272 370.193303
frame00075.jpg 329.292959 195.615016 439.177749 187.066041 431.090675 346.650207 330.843486 364.168173
frame00076.jpg 328.486538 192.437310 436.278992 183.370263 428.939492 341.643096 330.082479 359.092033
frame00077.jpg 327.375448 189.389041 433.466127 180.211969 426.268532 336.812276 328.911060 353.557492
frame00078.jpg 325.099429 187.088689 430.075771 178.269832 423.212333 332.439055 327.096227 349.726130
frame00079.jpg 322.966290 185.225747 426.154565 176.762141 420.077300 328.651187 325.254484 346.184238
frame00080.jpg 321.576370 184.535048 422.826906 175.275471 416.752097 325.959721 323.671716 342.894301
frame00081.jpg 319.185563 184.347330 419.335032 175.132912 413.922085 323.413269 321.932503 340.562609
frame00082.jpg 317.076537 184.446431 415.932574 175.144301 410.974887 321.600100 320.152869 338.590413
frame00083.jpg 315.593732 184.837055 412.515815 175.562831 407.611287 320.590543 318.102373 337.680452
frame00084.jpg 312.936528 185.543839 408.837052 176.558067 404.721002 319.810932 316.163258 337.402410
frame00085.jpg 310.581730 186.989935 405.523755 177.686270 401.382312 319.959213 313.809300 337.384221
frame00086.jpg 307.570294 189.199130 401.541733 179.986099 397.722867 320.596433 311.029607 338.882018
frame00087.jpg 304.484991 192.419173 397.361813 182.596609 393.934821 321.940849 307.941995 340.396037
frame00088.jpg 301.340326 195.902954 392.798509 185.215869 389.868236 323.324421 305.231350 342.345351
frame00089.jpg 297.834082 198.937840 389.241155 188.875962 386.134910 324.890906 301.821413 344.057669
frame00090.jpg 294.673202 202.824211 384.567827 192.593424 382.091985 327.474041 298.539066 346.545740
frame00091.jpg 290.763855 206.916378 380.269570 195.747454 377.995046 329.577459 295.136003 349.418306
frame00092.jpg 286.886542 210.046528 375.645760 198.431084 373.895544 331.557545 291.085531 352.091229
frame00093.jpg 283.257524 212.547992 371.973852 200.369761 370.038374 333.252847 287.647967 354.324582
frame00094.jpg 278.657977 212.133682 368.736495 202.635112 366.763862 334.457463 284.622949 356.424130
frame00095.jpg 275.588274 213.409194 366.424594 203.964145 363.765318 335.173047 282.518065 357.590333
frame00096.jpg 273.938205 214.972513 364.577276 205.657637 362.517444 336.273347 280.696364 359.822779
frame00097.jpg 273.936941 217.077550 363.313025 206.683543 361.777036 337.882308 280.186919 361.311715
frame00098.jpg 273.811590 217.253973 363.549179 206.953807 361.616869 337.995639 280.367651 361.738264
frame00099.jpg 274.498603 217.580055 364.947152 206.725911 362.247942 337.971080 281.277997 362.447715
frame00100.jpg 276.254416 218.184413 365.880918 207.623421 363.467689 337.676497 282.617355 363.746133
frame00101.jpg 279.322493 218.185148 369.012972 206.865334 365.420965 339.125634 285.196066 364.532000
frame00102.jpg 282.964463 219.757769 372.695119 206.917409 368.782599 339.987215 288.332271 365.416331
frame00103.jpg 289.964727 222.696490 376.209890 208.355478 372.478559 341.488614 292.220136 367.984629
frame00104.jpg 295.950685 225.127286 381.660000 210.428751 377.551803 342.762353 297.027984 368.779907
frame00105.jpg 299.388960 224.246418 386.479289 213.969185 381.999425 343.167737 302.648079 372.170959
frame00106.jpg 306.481328 227.957268 391.545226 215.187422 387.546146 345.666751 308.016245 377.222893
frame00107.jpg 313.655796 231.830542 398.452387 217.381641 393.021660 347.709698 315.406184 376.149672
frame00108.jpg 319.709801 232.943414 404.902782 219.618267 398.281792 349.209150 321.408074 379.170238
frame00109.jpg 328.847058 238.936576 411.204643 221.264185 404.744545 351.428405 327.800131 379.978390
frame00110.jpg 333.661465 237.450222 416.858606 223.405498 410.772330 351.532159 334.601110 383.849264
frame00111.jpg 341.663649 240.191171 423.765635 223.689802 417.416604 353.641884 341.816512 384.860878
frame00112.jpg 348.486976 240.466870 428.183961 227.816344 423.393154 355.420319 343.929710 397.017035
frame00113.jpg 355.484717 243.351878 436.252680 225.683022 428.235631 356.513197 353.907173 386.593607
frame00114.jpg 361.731898 243.891467 438.072903 233.398737 433.683715 358.123538 353.550871 401.880236
frame00115.jpg 365.772898 245.417883 446.822035 229.232594 437.831275 358.121281 364.199739 389.801790
frame00116.jpg 371.539122 246.754291 452.397743 230.823209 442.743702 358.996395 369.997954 389.553950
frame00117.jpg 376.533327 249.208178 456.310160 231.602039 447.610291 360.078066 374.220970 392.973796
frame00118.jpg 380.369621 250.278856 461.083386 232.746031 450.982112 360.543927 377.709637 393.762137
frame00119.jpg 383.907751 251.007813 463.658558 235.651499 454.426148 361.493437 378.863692 398.418580
frame00120.jpg 387.215283 251.586170 466.347407 235.842022 457.139873 362.219667 379.632837 404.741836
frame00121.jpg 390.784332 255.217179 470.213891 234.514763 459.439440 363.568456 384.118977 397.369637
frame00122.jpg 392.285806 255.167875 470.876109 235.321915 460.219826 363.908958 383.587495 399.681932
frame00123.jpg 391.095069 252.308962 471.323080 234.915543 461.094465 362.674051 384.024888 401.360534
frame00124.jpg 393.267048 252.769816 472.280940 233.979923 461.636994 362.597339 384.644868 397.946244
frame00125.jpg 391.565427 250.464745 471.506098 233.560246 462.343141 360.536454 383.403949 401.986280
frame00126.jpg 391.474561 248.762489 473.504112 231.389691 461.326643 359.162981 384.729460 393.368950
frame00127.jpg 390.237118 247.310029 473.120531 229.607714 461.283638 358.138560 385.248040 390.296134
frame00128.jpg 389.054562 246.135869 472.374207 228.411681 460.109713 356.469711 384.617213 387.664269
frame00129.jpg 386.965562 244.537881 471.474980 228.383797 458.662843 356.529560 382.445778 386.857567
frame00130.jpg 384.380790 244.807672 469.863587 228.289374 456.999020 355.966226 379.120817 388.352494
frame00131.jpg 382.342952 243.244188 465.571742 228.844317 455.805546 356.837275 373.556476 396.945456
frame00132.jpg 380.947989 245.908372 466.018509 225.896954 452.334548 357.479498 374.559895 383.322288
frame00133.jpg 374.435156 242.375378 462.109195 228.285873 449.328994 355.251396 368.989306 386.978000
frame00134.jpg 371.111186 242.614941 458.748249 227.524726 445.765550 356.503033 365.792037 384.038254
frame00135.jpg 366.141162 241.080334 456.279810 226.583494 442.310928 356.214886 362.663647 382.363298
frame00136.jpg 361.354095 241.781191 451.758204 227.749935 438.596091 356.975667 357.934648 383.184003
frame00137.jpg 357.123102 245.603997 447.633945 228.491354 434.716361 358.809674 352.927625 383.768346
frame00138.jpg 349.088977 243.559503 442.041083 229.560878 429.720818 359.682152 346.893333 385.790921
frame00139.jpg 344.237966 247.165294 437.691681 229.567997 425.193595 362.883759 340.379640 386.914372
frame00140.jpg 336.308918 244.764444 432.531374 231.718134 419.879673 364.758177 334.565313 388.841599
frame00141.jpg 331.569964 248.045497 426.898038 233.736278 415.628675 367.768581 329.150873 391.098423
frame00142.jpg 325.704366 251.754352 422.307376 236.413807 411.294506 371.009979 323.199179 394.011537
frame00143.jpg 320.269732 253.799944 417.741579 238.730962 407.379565 374.827868 318.076111 397.264734
frame00144.jpg 314.447092 254.581447 413.936616 240.472778 403.910792 377.006111 312.917406 399.241184
frame00145.jpg 309.670733 252.902963 410.957621 239.036365 400.670315 377.900141 308.443356 398.887957
frame00146.jpg 305.323077 252.407757 408.156243 239.304103 398.289686 379.259209 304.646123 399.882620
frame00147.jpg 300.849856 251.441014 405.541535 239.053628 395.880285 380.761002 300.731744 401.160706
frame00148.jpg 297.158728 250.820451 403.692597 238.694421 393.783899 382.455019 297.269143 401.358891
frame00149.jpg 293.129517 248.614486 402.055628 237.426089 392.472893 382.785735 294.213035 401.371952
frame00150.jpg 290.403296 246.090557 400.785381 235.781816 391.002217 383.387929 291.421998 401.306518
frame00151.jpg 287.711651 243.306270 399.861445 234.075582 389.875288 383.551453 289.400734 400.193558
frame00152.jpg 286.345083 240.205727 400.001305 231.599634 389.776725 383.832773 287.536510 399.353939
frame00153.jpg 284.558965 235.985671 400.238748 228.784823 390.009336 383.488796 286.215128 398.590306
frame00154.jpg 283.027764 232.072339 401.442160 225.094355 390.839404 382.462340 285.063519 396.396591
frame00155.jpg 281.798128 227.030222 402.271921 221.602135 391.542904 381.256507 283.911057 394.717640
frame00156.jpg 280.646030 221.768395 403.827577 216.875221 392.782888 380.205137 282.874735 392.974619
frame00157.jpg 279.245161 216.573875 404.773246 212.247498 393.584076 379.331043 281.638433 391.136522
frame00158.jpg 277.442881 211.138041 405.924796 207.794917 393.969882 378.628334 279.980512 389.454327
frame00159.jpg 274.287514 204.366484 406.457409 202.154142 394.365462 377.699221 277.459459 387.365728
frame00160.jpg 270.785609 197.471732 406.982526 196.296798 394.557255 376.362207 274.422923 385.671660
frame00161.jpg 267.296690 189.581654 407.476582 189.492780 394.385601 374.652879 271.700230 382.787439
frame00162.jpg 263.477201 181.962199 407.320770 182.993364 394.171605 372.904805 268.600186 379.820486
frame00163.jpg 259.567296 174.413404 406.687910 176.335526 393.702414 371.623335 265.291803 377.726220
frame00164.jpg 255.570608 167.838145 406.408067 170.684105 393.428534 371.001747 262.760023 375.276757
frame00165.jpg 251.244763 161.869235 405.684110 166.095185 393.168584 370.785608 258.984869 374.208355
frame00166.jpg 248.900712 158.511527 406.889699 163.382696 394.084202 372.343753 257.571414 374.066470
frame00167.jpg 246.854992 155.032561 407.576101 160.527752 395.237687 373.567172 256.258857 373.917928
frame00168.jpg 246.110281 150.205689 409.661032 156.373656 398.126971 373.783115 257.006946 372.636984
frame00169.jpg 246.207872 143.778026 413.268954 150.998572 401.034431 373.113167 257.308198 370.649385
frame00170.jpg 245.939518 135.906458 416.795657 143.988423 404.267085 372.031531 257.767960 368.157754
frame00171.jpg 245.729983 125.984932 420.892808 135.055712 408.074742 368.906915 259.264273 363.452521
frame00172.jpg 247.588849 116.384707 426.324285 126.436900 413.245112 366.607866 261.569290 359.043631
frame00173.jpg 248.856149 105.948599 431.986402 116.550323 418.887622 363.206267 263.641181 353.810933
frame00174.jpg 250.863089 93.967605 438.421933 105.605839 424.117814 358.362907 266.699804 348.513318
frame00175.jpg 253.768915 83.118531 444.430869 95.202043 429.394332 354.002380 269.841345 342.643239
frame00176.jpg 256.572562 71.489049 450.602116 84.405572 435.180264 349.230343 273.369061 335.204168
frame00177.jpg 261.208840 60.011966 457.057922 73.361557 440.947172 344.291667 277.641557 328.509144
frame00178.jpg 265.390727 48.558330 463.653370 62.652635 446.809357 339.109204 282.319662 321.853280
frame00179.jpg 269.391696 37.097316 470.367770 51.794283 452.823958 334.060711 287.120703 315.427043
frame00180.jpg 274.440939 27.595733 476.937918 42.544989 458.833721 329.772583 291.474976 308.835898
frame00181.jpg 279.146385 16.049900 483.734018 31.351314 464.904082 324.387693 295.898119 301.845142
frame00182.jpg 282.231493 3.231715 490.408918 19.653329 470.204894 318.418085 299.223447 294.292167
frame00183.jpg 285.646475 -8.703097 495.338085 7.357374 474.374344 312.195959 302.208480 286.108365
frame00184.jpg 288.483203 -18.197779 499.207141 -4.654476 478.366857 306.735184 304.432271 278.537255
frame00185.jpg 289.299361 -33.107986 501.923289 -16.912633 480.346453 300.552775 305.654931 270.774592
frame00186.jpg 289.072560 -46.511259 504.472834 -30.824665 481.968666 294.190288 306.139258 261.812479
frame00187.jpg 289.616140 -58.207444 505.613583 -42.671370 482.253166 288.672869 306.339424 253.860904
frame00188.jpg 289.231009 -67.981452 504.477915 -54.050533 481.641516 283.326633 306.258822 245.942004
frame00189.jpg 287.648126 -75.218469 502.490971 -59.438720 479.782311 279.174009 304.710375 240.766029
frame00190.jpg 286.860012 -79.554542 500.671926 -63.799098 477.603680 277.572073 304.203179 236.937431
frame00191.jpg 287.514736 -78.199570 498.591515 -63.012194 476.381502 279.951719 304.624889 237.028033
frame00192.jpg 288.174080 -74.980808 496.528904 -55.679913 474.818323 283.911669 305.281798 239.494358
frame00193.jpg 291.734842 -63.028984 496.514639 -48.381804 475.309194 291.494271 307.891719 244.698775
frame00194.jpg 295.651711 -53.175092 497.371195 -33.674059 476.517929 300.628190 310.662318 252.286017
frame00195.jpg 300.775714 -38.634951 499.883016 -19.117319 478.813402 312.085135 314.296535 260.902241
frame00196.jpg 306.758323 -25.283984 502.781097 -4.026277 480.866278 323.850623 318.782583 270.367010
frame00197.jpg 312.300152 -14.155234 505.845658 13.930578 483.558242 336.436869 323.055084 280.558097
frame00198.jpg 317.754866 -0.853459 508.438147 31.289198 485.905532 349.840942 327.303331 291.718413
frame00199.jpg 323.519301 14.412481 512.990893 47.428666 489.437282 363.353013 331.396753 302.246900
frame00200.jpg 328.759456 28.275683 515.575565 63.897325 491.582132 376.830142 335.499152 313.803283
frame00201.jpg 333.763080 43.381981 519.521332 79.717382 494.897208 391.516593 339.169359 325.145800
frame00202.jpg 338.602416 56.615531 522.720244 94.863594 497.930916 405.854125 342.856844 337.207279
frame00203.jpg 343.397277 69.683755 527.079728 109.647693 501.310993 419.603762 346.364221 348.564856
frame00204.jpg 348.077578 81.924451 530.518448 124.182280 504.350824 432.655840 350.102307 359.315967
frame00205.jpg 352.872122 92.618933 535.029350 136.485494 508.076065 444.771540 353.659809 369.233039
frame00206.jpg 357.511438 101.976397 539.535851 147.480164 511.653895 456.618953 357.163095 378.423844
frame00207.jpg 361.767605 109.984373 542.294117 158.048110 513.657092 466.074843 360.118080 386.495310
frame00208.jpg 364.769944 117.269188 545.196066 167.015735 515.970341 475.426731 361.968948 393.861823
frame00209.jpg 367.162435 123.278651 548.166221 174.191295 517.703300 483.080188 363.788239 399.732597
frame00210.jpg 369.913377 127.534105 550.737350 180.067662 519.440051 489.585024 365.406004 404.141697
frame00211.jpg 372.454234 131.204680 553.233701 184.415403 521.299069 494.370382 367.080819 407.529736
frame00212.jpg 374.930832 133.730854 556.051308 187.808460 522.717042 498.200172 368.739256 409.689020
frame00213.jpg 377.556579 135.521556 558.056307 191.476152 523.371579 500.662663 370.199619 411.356268
frame00214.jpg 379.995188 137.056055 559.471680 195.096610 523.392848 502.538304 370.778555 412.233705
frame00215.jpg 380.878152 138.856194 559.918763 198.159043 523.736504 504.505077 371.417920 413.381877
frame00216.jpg 381.938296 139.645544 560.794319 199.905799 523.267280 505.608339 371.437326 413.120623
frame00217.jpg 382.277344 139.933806 560.870871 201.148155 522.609697 505.907195 371.397266 412.045135
frame00218.jpg 382.950894 139.154105 560.316399 202.417990 520.493506 504.911704 370.929255 410.613276
frame00219.jpg 383.395079 138.644777 560.752373 202.831356 519.764216 504.548434 369.892829 408.819563
frame00220.jpg 383.831649 136.719749 559.946925 202.879922 517.485810 502.255458 369.523012 406.133334
frame00221.jpg 382.962769 133.983293 558.621805 202.271771 515.689487 498.511394 368.075623 402.112547
frame00222.jpg 383.532594 131.083824 558.162984 200.285566 513.231625 493.318637 367.297152 396.752435
frame00223.jpg 382.987307 125.319668 557.337902 196.406797 511.063368 487.465439 366.020629 390.529750
frame00224.jpg 381.968176 119.133801 555.000541 192.008987 506.628565 479.994800 363.635534 383.078505
frame00225.jpg 379.442714 112.755000 551.572149 187.747955 502.348246 472.351105 360.624812 375.155422
frame00226.jpg 376.959910 108.084427 547.345241 184.912128 496.979335 465.104157 357.492665 368.361276
frame00227.jpg 374.422249 103.914529 542.470271 182.941903 491.211682 459.291313 353.762571 362.454769
frame00228.jpg 371.402930 102.204719 537.708388 181.994737 486.594987 454.696112 350.609830 357.222208
frame00229.jpg 368.070705 100.046528 531.998423 183.074323 479.610140 450.006273 345.771860 352.936168
frame00230.jpg 364.554714 100.941022 526.054578 186.146299 473.245673 447.694167 341.179987 350.261999
frame00231.jpg 360.908782 103.489201 520.441049 190.193503 468.236363 447.858618 337.742877 349.518437
frame00232.jpg 357.779220 106.237578 515.699721 194.967391 462.952946 447.613385 333.350845 348.693936
frame00233.jpg 354.736250 109.394664 510.744488 200.379439 457.925143 447.506932 329.846467 348.701981
frame00234.jpg 353.017667 114.349043 507.162043 206.479121 453.458564 448.770340 326.898049 349.563006
frame00235.jpg 350.746329 118.606318 504.080050 211.826921 449.923805 451.050163 324.191827 350.021510
frame00236.jpg 348.817359 122.691397 501.010316 217.815351 446.191645 452.414414 321.702054 351.708137
frame00237.jpg 347.146840 126.788050 498.187878 223.158990 443.291592 454.770885 319.480956 353.577781
frame00238.jpg 346.561119 132.051361 496.042849 228.277575 440.890754 456.558587 318.199714 355.368152
frame00239.jpg 346.202052 137.368025 495.091555 234.348602 439.646870 459.735510 317.273259 357.639345
frame00240.jpg 346.124115 141.774411 494.305211 239.793973 438.932735 461.793043 316.994344 360.550460
frame00241.jpg 347.572940 147.003337 494.289201 244.603969 438.390661 464.486866 317.237089 362.930473
frame00242.jpg 347.820747 150.183266 494.588664 248.479798 438.332119 465.687296 317.480052 365.032384
frame00243.jpg 348.630166 152.874126 495.053391 251.360545 438.414314 467.184439 317.890641 366.569543
frame00244.jpg 350.252423 156.141873 495.688672 253.857674 438.893758 468.917277 318.732841 368.738960
frame00245.jpg 351.224881 159.476479 497.685442 256.920569 440.467890 470.929233 319.936420 370.678567
frame00246.jpg 352.796300 162.191582 498.708228 259.202781 441.837852 472.878993 321.182220 373.406017
frame00247.jpg 354.378707 164.961317 500.885290 261.954037 443.400714 474.971530 322.455195 376.026046
frame00248.jpg 355.608433 167.861402 502.820767 264.688151 445.099753 477.249535 323.804469 378.881997
frame00249.jpg 356.848454 171.366428 504.459998 267.688147 446.960670 480.656586 324.979627 382.435401
frame00250.jpg 358.077414 176.364503 505.876203 271.469039 448.931259 484.293021 326.527232 386.710016
frame00251.jpg 358.654832 181.229041 507.721300 275.491452 451.096924 488.935407 327.991678 392.049202
frame00252.jpg 359.099523 186.403238 509.196791 280.036090 453.113459 493.640172 328.951939 397.479625
frame00253.jpg 358.935521 192.013681 510.472395 284.977540 455.141290 499.492336 328.783794 403.222620
frame00254.jpg 358.325996 197.899419 511.686849 290.118761 457.018209 505.540662 328.773351 409.673738
frame00255.jpg 357.559521 203.519029 511.610016 294.674078 457.367103 510.692969 328.440779 416.193585
frame00256.jpg 355.534151 209.499184 511.327271 300.016049 457.830556 515.779449 327.048738 422.426616
frame00257.jpg 352.580352 215.927729 511.208164 306.810365 457.031282 524.014380 324.669994 431.318009
frame00258.jpg 348.183508 223.745629 509.698337 314.338218 456.169957 532.276065 322.058697 440.424295
frame00259.jpg 343.394301 231.437203 506.537059 321.813834 453.495675 540.314153 317.679297 449.844165
frame00260.jpg 338.226174 240.253660 503.266251 329.284594 451.361014 548.843936 313.398599 458.793948
frame00261.jpg 333.051969 248.530820 500.122032 336.547892 449.343380 557.192419 309.235194 468.645146
frame00262.jpg 327.899097 256.607861 497.401937 343.893963 446.770720 563.852186 305.321810 477.072073
frame00263.jpg 322.665555 264.576431 494.634984 350.300305 445.171099 570.502189 301.457125 485.359606
frame00264.jpg 317.593396 271.062251 492.587778 355.959841 443.360840 576.177553 297.646719 492.254807
frame00265.jpg 312.860800 277.086063 490.442169 360.685010 441.439832 581.829317 293.475195 500.082372
frame00266.jpg 300.292173 276.030412 487.527966 367.797254 441.529354 583.682294 280.435280 512.249524
frame00267.jpg 305.334809 286.879442 487.231369 368.994376 439.061222 591.354948 286.944429 512.543204
frame00268.jpg 300.890294 291.216141 486.663511 373.182306 438.471272 596.617182 284.682914 517.785500
frame00269.jpg 298.481006 296.589031 485.207134 376.953901 436.611689 601.075173 281.819389 523.849814
frame00270.jpg 293.287896 300.170306 484.200119 380.530148 435.492266 604.372900 278.287500 529.377013
frame00271.jpg 290.526896 304.814410 482.963544 384.495486 433.984220 607.974706 275.856734 534.464700
frame00272.jpg 286.664403 308.222706 481.663241 387.221565 432.659814 611.251213 273.250703 538.162418
frame00273.jpg 284.777218 311.700216 481.123170 389.660635 433.177075 613.935687 272.101252 541.253016
frame00274.jpg 284.946527 314.387488 481.450528 390.475163 433.635940 616.686893 271.590096 543.720971
frame00275.jpg 285.180622 315.725696 482.522613 390.532300 434.445120 616.916438 271.783143 544.469082
frame00276.jpg 285.190406 315.113313 484.485132 389.310050 435.819836 616.031819 271.895389 544.799318
frame00277.jpg 285.391744 313.316710 486.435204 387.659067 437.246365 614.441266 272.222673 543.937340
frame00278.jpg 284.317691 310.059324 488.128293 385.051247 438.451886 612.059306 272.003758 542.467307
frame00279.jpg 284.968560 307.752457 488.759517 381.643816 439.218820 608.913568 272.475741 540.557505
frame00280.jpg 285.452512 304.753744 491.014505 378.016119 440.585244 606.451928 272.977113 537.906145
frame00281.jpg 285.892121 301.072034 492.239943 374.080782 441.510229 603.231688 273.339731 535.391779
frame00282.jpg 284.568048 296.136241 492.904160 370.105257 442.489125 599.834773 273.174726 532.603871
frame00283.jpg 285.070307 292.104636 493.047120 365.012174 442.298059 596.120812 273.049450 528.861042
frame00284.jpg 282.742456 286.843420 493.047736 360.430571 442.771422 592.179526 271.825150 525.456550
frame00285.jpg 280.719733 282.261687 493.190705 355.855305 442.219729 589.319188 270.484861 522.714344
frame00286.jpg 278.584383 278.091365 492.423879 350.999493 441.363569 586.160880 268.840083 519.076571
frame00287.jpg 276.397338 274.007828 489.592459 346.236088 439.961396 581.465538 267.416363 515.267006
frame00288.jpg 273.812905 269.661320 488.817391 341.265565 438.482001 576.724736 265.815435 510.751564
frame00289.jpg 270.697809 264.791088 485.359399 336.692584 436.933629 571.469970 264.118684 506.732318
frame00290.jpg 267.682426 259.272124 484.383034 331.643602 435.332074 566.845225 262.141627 501.882402
frame00291.jpg 264.170188 253.759466 481.758827 325.812403 433.720530 561.535505 259.817716 497.668454
frame00292.jpg 260.028754 246.933785 479.658455 319.633580 430.925154 556.096657 256.767850 492.146375
frame00293.jpg 256.302183 240.312516 476.370054 312.287480 429.461457 549.694216 254.880686 485.944154
frame00294.jpg 251.592010 232.237931 473.551254 305.187157 426.930316 543.347896 251.416333 480.143729
frame00295.jpg 248.793313 225.777385 470.867801 298.009887 425.342087 537.342827 249.224597 474.254565
frame00296.jpg 244.441087 218.042920 470.088602 291.155564 423.996021 530.824358 247.330682 467.889343
frame00297.jpg 242.766923 212.044314 468.472213 284.404800 422.871992 524.795870 245.965420 462.283101
frame00298.jpg 241.046177 206.440709 467.676087 278.716654 422.343753 519.299227 245.394920 457.101142
frame00299.jpg 240.424749 202.518935 466.784853 274.140247 422.056405 514.680836 245.160287 453.241797
frame00300.jpg 239.274988 199.070210 466.229394 270.279758 421.831158 510.532516 245.041456 450.441170
frame00301.jpg 240.363557 199.133496 466.589602 267.753400 422.515639 508.387725 245.737626 448.401616
frame00302.jpg 241.219400 198.531273 468.015441 266.420775 423.403687 506.398981 246.416822 446.344558
frame00303.jpg 242.173409 199.100587 467.944179 265.615262 424.190866 504.412861 247.547775 445.892455
frame00304.jpg 243.251617 199.182455 469.318114 265.582089 425.105127 502.967348 248.363543 445.059307
frame00305.jpg 243.267906 198.500375 469.500651 264.405836 426.334094 501.107821 249.356902 444.685551
frame00306.jpg 244.498965 199.774030 469.698189 264.183052 427.464484 499.623970 251.321468 444.165887
frame00307.jpg 245.368658 201.044137 470.781940 264.444940 428.492371 498.069161 252.665897 444.262330
frame00308.jpg 247.878453 203.735395 470.718672 264.019739 429.836364 497.146624 255.062634 444.958331
frame00309.jpg 248.646513 205.956772 471.545169 265.506025 431.123289 495.862179 256.754294 446.207207
frame00310.jpg 252.231037 211.104721 471.838691 266.998466 432.447190 495.887215 259.382004 447.667948
frame00311.jpg 254.113923 214.675054 472.105384 268.510942 433.912270 495.001214 261.888170 449.398894
frame00312.jpg 257.218464 219.146198 472.067691 269.333305 435.146850 494.473021 264.332076 450.907625
frame00313.jpg 258.764617 222.660039 471.694778 270.231526 436.441212 492.664881 266.783852 452.292544
frame00314.jpg 259.735168 224.933038 471.210676 270.355477 437.170199 490.434567 268.076008 453.339457
frame00315.jpg 262.882996 228.073861 470.427501 269.315463 437.677019 487.564052 270.863185 453.276638
frame00316.jpg 265.713938 229.876156 470.429004 267.147366 439.649469 483.787955 274.315237 452.330831
frame00317.jpg 268.782207 230.147941 471.832145 265.323990 441.406152 478.589350 277.218586 450.499596
frame00318.jpg 274.147677 230.790978 471.618602 260.477733 443.489818 472.656965 282.444488 447.971109
frame00319.jpg 279.157623 230.069199 473.674622 256.488313 446.111810 465.776868 287.563112 444.788342
frame00320.jpg 284.375612 229.272168 475.278404 251.350591 448.921772 459.282017 292.863922 441.058743
frame00321.jpg 289.407727 228.612805 476.148111 246.328491 452.374791 452.407913 297.958814 437.987185
frame00322.jpg 294.209101 228.026842 477.444831 242.542678 454.135665 446.490067 302.806446 435.299241
frame00323.jpg 297.349392 227.681180 476.524835 240.344609 455.754943 440.628184 306.146017 434.189060
frame00324.jpg 301.190511 229.108237 476.192643 238.668624 457.446477 437.011588 310.799905 433.153486
frame00325.jpg 304.291565 231.767669 476.317651 237.224264 458.415623 431.653926 315.583888 432.408991
frame00326.jpg 307.518788 234.646830 475.548828 236.753773 458.936656 428.680195 318.464639 432.598166
frame00327.jpg 309.975250 238.352055 474.218518 237.504473 459.192081 426.831075 321.077388 433.164961
frame00328.jpg 310.187429 243.035702 471.279546 239.547086 458.428031 425.474316 322.128959 434.738508
frame00329.jpg 309.262781 248.759509 467.257018 241.007086 456.266361 425.688446 322.563219 438.021144
frame00330.jpg 307.356817 255.918591 462.211775 244.811649 453.292087 426.992354 321.703506 441.560465
frame00331.jpg 304.157272 264.094119 456.238679 250.248925 449.742873 429.560605 320.136485 447.619320
frame00332.jpg 301.533770 273.647266 450.514683 257.133175 446.316039 433.682054 318.982986 453.462920
frame00333.jpg 298.803131 283.772235 445.358256 264.837653 443.414112 438.790985 317.392150 460.581818
frame00334.jpg 297.866884 295.504887 441.195389 274.136765 441.272383 446.071663 318.036597 469.452421
frame00335.jpg 298.016862 308.139020 439.224254 285.407783 440.452837 455.572478 318.437628 480.174513
frame00336.jpg 283.727994 322.265705 445.307387 301.606761 432.842608 447.262023 325.129841 472.581410
frame00337.jpg 317.883078 343.039130 416.714568 326.321788 451.446246 459.703459 306.445018 493.644069
frame00338.jpg 325.758618 357.606884 402.072786 340.948057 467.582182 477.233149 300.958125 552.600112
frame00339.jpg 327.638947 370.680450 400.224506 353.913604 467.515660 488.160748 298.660965 567.769194
frame00340.jpg 319.300731 376.493278 396.466772 367.180520 460.535819 486.857830 291.232110 595.388986
frame00341.jpg 313.452888 381.778820 391.135850 368.152801 460.804799 496.749395 299.636498 581.349313
frame00342.jpg 316.619060 385.481819 386.543468 376.295055 454.657921 506.021532 289.137835 593.552155
frame00343.jpg 311.949062 390.194390 381.806773 375.806954 447.533227 506.846588 277.696790 591.627677
frame00344.jpg 303.429021 387.980969 374.114255 377.179193 444.576141 505.378714 267.255699 602.468048
frame00345.jpg 286.254768 380.899915 359.631142 369.028490 447.742003 513.504261 266.536442 584.312129
frame00346.jpg 287.407631 379.466435 357.084731 367.170973 433.005285 514.088441 247.371196 577.249705
frame00347.jpg 271.431427 372.115629 342.813524 359.063594 431.452909 509.200828 246.589299 561.393364
frame00348.jpg 267.729491 362.233161 334.144829 359.087308 403.171985 486.583640 229.696490 596.586688
frame00349.jpg 255.221500 354.637801 326.276728 348.473860 390.433636 473.625014 222.601033 577.959909
frame00350.jpg 223.247269 337.243392 347.059686 321.522949 357.158468 478.132919 247.094799 496.633380
frame00351.jpg 215.818346 326.544951 338.984170 311.429454 348.565836 469.055466 239.208563 485.409913
frame00352.jpg 208.757215 315.182300 331.747579 301.611842 341.570106 459.682209 231.942860 473.999516
frame00353.jpg 203.322453 303.095375 325.965147 290.932961 335.275545 449.290102 225.654311 462.077465
frame00354.jpg 198.680010 290.507533 321.254386 280.568441 329.778506 438.984224 221.035342 450.375347
frame00355.jpg 195.020550 277.743306 317.472530 270.107488 325.830471 428.706243 216.771262 438.477650
frame00356.jpg 192.166598 265.473700 314.830410 259.861081 322.307234 419.460234 213.228024 427.341109
frame00357.jpg 189.942064 253.304734 312.617174 250.094713 319.099992 410.496938 210.259070 416.163961
frame00358.jpg 189.894698 242.834947 312.175775 241.934906 317.532273 402.945583 208.810460 406.651951
frame00359.jpg 190.599928 232.470736 312.951347 234.145976 316.742035 395.075675 207.952324 396.809929
frame00360.jpg 192.461824 223.684472 314.455343 227.049078 316.814479 389.128204 208.172197 388.462387
frame00361.jpg 195.407227 216.104157 317.116254 222.583309 317.511501 383.893331 209.137505 381.329993
frame00362.jpg 199.818070 210.511749 321.161414 218.876622 319.658033 380.020686 211.982362 375.407824
frame00363.jpg 205.638659 204.900595 326.136317 215.674490 322.857590 377.034114 215.160861 369.812215
frame00364.jpg 211.782001 199.911183 332.177523 213.032668 326.380513 374.509503 219.477643 364.984975
frame00365.jpg 218.952893 195.449223 339.328452 210.959442 331.170790 372.595752 224.325182 360.610722
frame00366.jpg 226.363767 189.579130 346.973751 208.297228 336.181378 370.218364 229.178695 355.805755
frame00367.jpg 234.851511 184.011676 355.216760 205.530137 342.388634 367.678019 235.433383 350.683380
frame00368.jpg 244.197834 178.793595 365.152655 203.188647 349.486531 365.632587 242.566465 346.205719
frame00369.jpg 253.753319 173.742182 375.176386 201.598784 356.787763 365.106117 248.751108 342.715437
frame00370.jpg 264.564420 169.580411 386.445931 199.868679 365.542090 363.278418 257.461129 338.902057
frame00371.jpg 275.666620 164.836686 398.581360 198.075916 374.744751 362.910474 265.948865 335.875974
frame00372.jpg 287.696359 161.643897 411.321523 196.867600 384.532108 362.224195 275.575883 333.140842
frame00373.jpg 299.895708 159.131700 424.192788 197.008025 395.072530 362.800142 285.410952 331.819689
frame00374.jpg 312.701661 157.409890 437.717939 197.871199 405.583102 363.809960 295.514008 330.909078
frame00375.jpg 325.798116 156.537885 450.776623 199.261650 416.373832 366.022552 305.827004 331.125045
frame00376.jpg 338.367191 156.565156 464.286606 201.133865 427.098129 368.321715 315.894437 331.769241
frame00377.jpg 350.617849 157.158812 477.917377 202.642250 438.034381 371.069062 326.409502 333.383356
frame00378.jpg 362.304347 157.831294 490.813305 204.607972 448.726775 374.076607 336.566757 335.129311
frame00379.jpg 373.800604 158.763817 503.834013 206.662512 459.261557 376.960803 345.854636 337.407856
frame00380.jpg 384.812331 160.072136 516.492765 209.037190 469.591889 380.542898 355.138087 339.856224
frame00381.jpg 395.459321 162.402287 529.082810 211.785334 480.046782 384.296541 364.527912 343.017738
frame00382.jpg 406.183004 164.501112 541.573515 214.185538 491.117882 388.385593 373.900300 346.790384
frame00383.jpg 416.506636 168.268871 554.178373 217.623778 502.059750 393.202325 383.284155 351.638002
frame00384.jpg 426.436403 172.660281 566.603614 221.685861 513.073521 398.505842 392.260542 357.541794
frame00385.jpg 436.039270 178.830527 577.969995 226.980017 523.739426 404.961521 401.759677 364.257417
frame00386.jpg 445.351680 185.091858 589.240439 232.017147 534.314524 411.366943 410.172310 371.556416
frame00387.jpg 452.890497 191.650768 599.399361 237.577109 544.176630 417.506157 418.584926 379.062988
frame00388.jpg 460.284517 198.560032 609.184473 243.276064 554.050207 424.037347 426.377436 386.709300
frame00389.jpg 467.478091 205.866813 617.855787 248.650532 562.667528 430.333518 433.558473 394.748227
frame00390.jpg 473.472431 212.896138 625.951860 253.704459 571.230681 436.314778 440.683368 402.723621
frame00391.jpg 479.069076 219.982827 633.764276 258.909150 579.348574 442.223968 447.189545 410.078074
frame00392.jpg 482.683739 227.197162 639.241380 264.484805 585.259819 448.314029 452.099309 417.787451
frame00393.jpg 485.515891 235.266830 642.665733 270.154465 590.169398 454.785947 456.111861 425.612676
frame00394.jpg 486.422507 243.093394 646.219670 275.875173 594.790204 460.691516 458.773842 433.347783
frame00395.jpg 486.505771 250.535740 647.847111 281.614194 597.652334 466.568771 461.044691 440.680074
frame00396.jpg 485.687964 257.256154 648.681034 286.754405 600.472026 472.102735 462.170414 447.785377
frame00397.jpg 484.905307 263.293364 648.704408 291.374982 601.676419 476.936880 462.638150 453.905873
frame00398.jpg 481.906513 268.490809 647.375187 294.606489 602.220996 481.095568 461.873254 459.101506
frame00399.jpg 478.038538 272.311211 645.552888 297.300275 602.056713 484.620191 461.124674 462.928338
frame00400.jpg 473.585611 274.879068 642.680452 298.272326 601.057159 487.371846 458.308120 467.104369
frame00401.jpg 468.973693 276.626326 639.044719 299.618217 598.191512 489.383663 455.692162 468.555031
frame00402.jpg 462.974559 276.800244 630.778378 300.533927 595.922066 490.841080 448.949459 475.773020
frame00403.jpg 455.439574 277.357913 629.107648 298.309635 592.744160 491.497284 447.339190 471.630220
frame00404.jpg 449.363582 277.568908 623.355555 297.819323 588.707698 493.453083 442.590936 471.951042
frame00405.jpg 440.994349 276.617392 617.165527 297.217133 583.674840 494.792575 436.142114 472.333031
frame00406.jpg 431.938110 275.904462 609.278355 296.486283 577.883032 496.411772 429.368356 472.910254
frame00407.jpg 422.870841 275.318090 601.372959 296.065495 570.940226 497.842239 422.044618 473.639369
frame00408.jpg 411.961372 274.675881 592.764503 295.894775 564.519679 499.870134 413.713324 474.362655
frame00409.jpg 400.703368 272.948217 584.198477 296.416600 557.028302 501.552760 405.158241 474.557937
frame00410.jpg 389.198394 272.392577 575.042556 296.256441 549.023857 503.814013 396.073361 475.211411
frame00411.jpg 377.653344 271.828255 565.185965 297.068311 541.268448 507.698127 387.069371 477.236147
frame00412.jpg 366.249666 271.046701 553.585659 297.879725 532.570750 509.962861 378.118836 478.426265
frame00413.jpg 356.432161 272.705959 544.458475 300.181342 524.080634 514.313160 369.384010 479.163501
frame00414.jpg 345.741879 272.320589 534.058980 304.276699 515.601474 518.676058 360.031561 481.606092
frame00415.jpg 336.429457 274.152278 523.368364 308.383207 506.109333 522.876234 352.414271 483.070294
frame00416.jpg 326.353741 275.132776 506.483138 317.503309 497.920484 527.042749 342.043716 488.992473
frame00417.jpg 317.570686 276.895700 495.279619 320.689812 489.490791 531.358994 336.823699 489.873789
frame00418.jpg 309.859687 276.097598 485.120270 332.416877 483.398492 535.184902 322.455051 493.720217
frame00419.jpg 302.022071 280.376020 483.285394 324.829654 476.004765 537.811084 322.770789 491.695634
frame00420.jpg 295.903062 280.293961 472.943530 326.923636 467.131795 538.658656 318.068635 492.577729
frame00421.jpg 290.141336 279.036589 465.187559 329.637613 460.427842 539.808247 312.761584 490.790489
frame00422.jpg 282.554187 279.696986 466.192860 329.929148 456.002326 541.417264 306.828927 485.868067
frame00423.jpg 279.954055 280.340776 460.682633 332.017286 450.294583 543.350614 302.304307 485.106744
frame00424.jpg 274.765240 278.853978 455.919782 334.098115 446.108690 544.410601 297.847969 484.909425
frame00425.jpg 271.560587 277.835252 452.068311 335.156209 441.843487 544.380568 294.561410 483.970793
frame00426.jpg 270.632579 277.584188 449.701620 336.598623 438.459166 545.059790 292.504258 482.734713
frame00427.jpg 269.804470 276.938355 448.318452 338.388086 436.227604 545.988146 290.751702 482.189122
frame00428.jpg 270.411949 276.813575 447.273622 339.942149 434.164386 546.665805 289.796307 481.364845
frame00429.jpg 270.894768 276.555389 446.613785 341.672708 432.516670 547.422605 288.876889 481.094065
frame00430.jpg 271.971404 276.771228 446.974550 343.690887 431.461351 548.732569 288.500475 480.529265
frame00431.jpg 274.952480 277.734533 447.375484 345.963936 430.497035 550.462667 288.497332 480.088423
frame00432.jpg 277.516378 278.445162 448.711853 347.982496 430.616035 551.713131 288.997154 479.779025
frame00433.jpg 278.142659 278.277730 450.689772 350.081203 431.428032 551.610724 290.111463 479.682288
frame00434.jpg 282.890452 279.919832 452.924534 351.999888 432.122780 552.962222 291.624276 478.987258
frame00435.jpg 284.677309 280.239667 455.609404 354.113666 432.966503 553.179395 293.043928 478.741469
frame00436.jpg 287.820102 280.421772 457.463833 355.996638 433.314713 553.839459 294.715070 478.310757
frame00437.jpg 291.845893 281.812549 459.463361 358.634784 433.016178 554.450366 296.094447 478.193880
frame00438.jpg 294.489742 282.315023 461.039938 361.030318 433.087971 554.567406 296.802606 478.824947
frame00439.jpg 297.602306 282.486593 457.478414 362.165716 432.991053 554.863582 298.210688 481.200890
frame00440.jpg 300.018063 281.073532 451.498088 367.145285 432.013058 554.198049 297.470226 483.771133
frame00441.jpg 301.806352 282.036187 452.384808 369.259193 433.335430 554.483251 295.171694 485.473024
frame00442.jpg 314.956633 262.062613 432.234268 375.572521 404.633917 533.730825 291.857987 492.174264
frame00443.jpg 322.359993 250.185731 428.292999 384.453732 398.338236 530.295363 284.484847 495.922408
frame00444.jpg 305.922956 288.093440 460.369576 379.618942 437.504332 558.954281 289.444329 487.772644
frame00445.jpg 307.240864 295.735042 472.403454 372.258874 437.274355 560.405622 300.512542 486.382677
frame00446.jpg 309.691342 300.123878 474.117461 374.451937 438.131628 562.553252 300.885588 491.027906
frame00447.jpg 311.182505 306.449497 477.512916 376.668758 440.514333 565.859820 302.167323 495.959779
frame00448.jpg 311.664694 308.884423 479.931868 379.479238 442.136099 566.537399 304.002317 500.117920
frame00449.jpg 314.426843 312.617615 482.863459 383.692692 444.521810 570.268822 304.850151 503.801033
frame00450.jpg 316.380965 317.508446 484.150991 385.226214 445.802550 571.687279 306.600255 508.882119
frame00451.jpg 317.056908 322.628093 485.134218 387.905831 447.722237 575.238799 306.886984 515.127827
frame00452.jpg 317.042996 329.421396 486.378242 390.945772 447.804459 578.096463 306.612211 521.519629
frame00453.jpg 320.153906 339.824794 482.879885 392.479071 450.858961 594.216605 305.042729 528.989430
frame00454.jpg 312.791022 345.951764 481.083148 400.371347 443.999586 587.477696 301.004365 538.720232
frame00455.jpg 306.336654 357.983098 476.190838 407.451974 439.808990 593.466134 296.687304 550.858178
frame00456.jpg 298.306336 370.887105 468.938848 415.398408 434.221097 600.031643 290.819436 562.727768
frame00457.jpg 291.669842 387.317962 458.960191 425.369244 428.111085 609.946462 284.845817 576.897735
frame00458.jpg 282.668160 403.926332 450.385014 436.668295 421.351355 618.687577 277.946848 591.038986
frame00459.jpg 273.666198 421.221464 438.961773 445.648587 412.971641 627.294597 270.779919 606.311198
frame00460.jpg 236.075841 433.332086 450.119270 455.361128 399.976670 609.049698 274.089078 598.261269
frame00461.jpg 254.078373 451.235395 417.135278 463.974888 397.848852 639.492770 256.206378 633.366865
frame00462.jpg 245.523249 462.391109 408.713376 469.541016 381.993661 635.822740 251.106329 638.653663
frame00463.jpg 237.130852 472.230466 397.322082 470.078915 383.314241 644.022333 244.790764 649.706883
frame00464.jpg 227.668868 475.752632 379.850754 477.058931 377.190323 643.258023 234.005179 662.458398
frame00465.jpg 219.605386 479.037157 379.186633 463.933302 369.124530 635.309987 233.059326 653.237456
frame00466.jpg 214.387922 474.073431 370.841954 455.444781 364.844913 626.113976 231.075586 648.100820
frame00467.jpg 209.576134 467.818115 363.799002 443.407870 360.870109 615.325524 226.764614 644.137968
frame00468.jpg 203.769962 459.006842 358.009697 432.024790 356.979817 600.388181 224.726079 632.992212
frame00469.jpg 199.579290 448.923399 352.767970 417.914951 353.177044 586.568135 220.868896 623.565183
frame00470.jpg 196.267055 437.891402 346.641047 403.660234 349.358126 572.523620 220.859533 609.913689
frame00471.jpg 190.996562 427.495153 341.252345 392.876766 346.434718 557.900649 214.952791 603.001943
frame00472.jpg 190.980105 416.287432 336.315019 376.233390 343.288375 543.071895 218.237967 586.046393
frame00473.jpg 188.913306 405.767279 332.052995 363.756681 340.653947 529.240511 216.790983 573.544255
frame00474.jpg 186.366027 393.640834 327.966201 351.276733 336.660888 514.506705 215.112762 559.274514
frame00475.jpg 184.963775 381.799541 323.442722 338.150148 333.815414 500.177872 215.183243 546.157137
frame00476.jpg 183.586106 370.314006 319.745587 326.625764 330.873999 485.935842 213.752813 532.601995
frame00477.jpg 183.065656 358.415468 316.089707 312.926021 328.337906 471.742864 213.568128 519.456383
frame00478.jpg 181.179470 345.340522 312.354673 300.306043 326.478633 457.343010 213.127784 506.099510
frame00479.jpg 180.822903 332.564781 310.152994 287.806854 324.343200 443.453623 212.872367 492.087264
frame00480.jpg 180.007410 319.229389 307.984165 274.517331 322.879834 429.208156 212.432540 477.999035
frame00481.jpg 178.605937 305.495772 304.819929 260.167538 320.767660 415.182754 211.859614 463.760108
frame00482.jpg 177.418311 293.158640 303.026134 247.234972 319.299270 401.354443 211.165903 450.075073
frame00483.jpg 177.980299 280.530991 300.979712 235.939086 317.856611 388.575604 211.305785 437.070493
frame00484.jpg 178.691701 268.350100 299.426828 223.451513 317.233580 376.250385 212.331590 424.668248
frame00485.jpg 179.445563 256.630262 299.329443 211.872592 317.343291 363.982204 213.344029 412.013930
frame00486.jpg 182.307296 247.467583 299.787415 203.038627 317.916546 353.765968 215.485350 401.605876
frame00487.jpg 185.262919 238.491756 300.750025 194.495161 319.189391 344.605789 218.523853 392.621868
frame00488.jpg 188.181067 231.915859 302.842429 187.136142 320.756048 335.870239 221.164281 384.053760
frame00489.jpg 193.173411 225.857329 305.775689 182.295133 323.752060 329.669242 226.091942 377.143094
frame00490.jpg 198.805236 222.002902 309.410528 178.659709 327.310694 323.980415 231.912168 371.448833
frame00491.jpg 205.439947 219.725964 313.138711 177.409210 330.848805 320.542681 237.334784 367.708420
frame00492.jpg 212.014218 219.636803 316.974158 176.153366 334.512359 318.340642 241.972581 365.327111
frame00493.jpg 217.378629 217.622924 320.923734 176.257750 337.832112 316.888625 247.366129 363.418493
frame00494.jpg 223.177776 218.644294 324.767902 176.556103 341.156821 315.597649 252.021060 361.839930
frame00495.jpg 229.121491 219.062992 328.388503 178.156440 344.353253 315.483380 256.770844 361.175860
frame00496.jpg 233.273939 219.605098 331.303766 178.480608 346.989937 315.480165 260.703069 361.008981
frame00497.jpg 237.564329 220.744048 334.252516 180.605397 349.451341 315.530054 264.270295 360.867245
frame00498.jpg 241.114193 223.157329 336.719468 182.014149 351.714087 315.423804 267.523401 360.668537
frame00499.jpg 245.376320 225.425014 338.826682 184.015236 354.005476 316.008701 270.694675 361.371307
frame00500.jpg 248.899574 227.081849 341.060506 186.917341 355.933320 317.395845 274.093542 362.381453
frame00501.jpg 252.651998 229.260803 343.775278 188.776498 358.298047 318.699586 277.271312 363.371692
frame00502.jpg 255.516264 230.522041 345.896881 190.261439 360.021858 319.640519 279.562414 363.912538
frame00503.jpg 258.597573 230.748919 348.273724 192.389055 362.311375 320.122254 282.646976 364.693330
frame00504.jpg 262.821799 232.998453 351.436946 193.519101 364.505866 320.971567 285.445440 365.526353
frame00505.jpg 266.549399 234.266988 354.759471 195.789387 367.736070 322.608019 288.968958 366.305318
frame00506.jpg 271.132470 235.815215 358.265026 197.632220 370.706131 324.108907 292.834653 367.480104
frame00507.jpg 275.677970 236.587669 362.239717 198.976301 373.798206 325.022366 296.769573 368.132325
frame00508.jpg 281.312379 238.451905 366.890511 201.404997 378.424144 326.897916 301.906828 369.472012
frame00509.jpg 287.496270 239.612684 372.053998 203.786917 382.387457 328.175541 306.458022 370.559960
frame00510.jpg 294.550909 241.254786 378.219272 205.101420 387.781578 329.627506 312.822095 371.489905
frame00511.jpg 302.225174 241.730236 384.694246 208.111239 393.609198 331.767307 319.658188 373.351881
frame00512.jpg 311.409045 244.959634 392.175241 210.445590 400.263150 334.177556 327.012642 375.250024
frame00513.jpg 319.784006 246.678525 399.861124 212.627738 406.767400 335.777233 334.313253 376.178375
frame00514.jpg 329.563720 247.680849 408.512642 214.905222 414.097306 337.798909 343.092713 377.724926
frame00515.jpg 338.792861 249.897748 416.212293 218.648866 421.433059 339.609349 351.841726 379.802960
frame00516.jpg 348.421592 253.072683 424.670484 222.574533 428.983483 342.784104 360.272433 382.073051
frame00517.jpg 356.777641 254.262548 432.517435 225.113056 436.141173 344.953600 368.045633 383.437134
frame00518.jpg 364.285431 257.447661 440.137456 229.628406 442.422478 348.773833 375.098280 387.031289
frame00519.jpg 372.436560 262.212809 446.589778 235.502349 448.873276 353.331802 382.147211 391.467495
frame00520.jpg 381.556825 267.680669 452.772728 240.188031 455.090348 359.356440 388.226012 396.646456
frame00521.jpg 387.008923 271.166092 459.373516 244.978766 459.526404 362.061192 394.446402 398.678014
frame00522.jpg 392.525954 274.756536 463.543363 249.548882 463.953805 365.415893 399.462519 401.940667
frame00523.jpg 396.602198 278.656508 467.069289 253.541717 466.788709 369.908373 402.755915 405.311219
frame00524.jpg 400.522310 284.911537 469.854554 260.406936 469.224224 375.688635 405.932705 411.023214
frame00525.jpg 403.728099 289.272744 472.524852 264.219951 471.392571 379.524367 408.029539 413.544626
frame00526.jpg 405.427016 292.536967 474.148167 267.431026 472.554331 381.798938 409.489053 415.531894
frame00527.jpg 406.450634 293.781742 475.116392 270.503882 473.142108 384.019246 410.979190 417.410877
frame00528.jpg 408.988652 295.988548 476.138624 271.953730 474.387666 384.983824 411.762371 418.272973
frame00529.jpg 409.611348 296.285822 476.293514 273.825694 474.613499 386.280352 413.029368 419.223693
frame00530.jpg 411.698203 297.234792 476.604201 275.007125 474.508963 387.275797 413.011068 419.051838
frame00531.jpg 412.175234 295.413886 476.494189 273.276699 474.181738 385.332145 413.259738 416.463893
frame00532.jpg 410.427307 293.599086 476.358703 272.952800 473.488857 382.816055 413.653849 414.189815
frame00533.jpg 410.421084 292.512758 475.302498 272.515481 472.490621 381.636799 413.286214 412.630675
frame00534.jpg 410.681997 291.510046 473.935027 271.685224 471.629336 380.558862 412.418254 411.327860
frame00535.jpg 409.594642 288.516425 472.683989 269.294474 469.596987 376.981064 411.040304 406.077095
frame00536.jpg 407.993222 285.596008 470.554357 265.941714 467.585579 373.783389 409.652901 402.751195
frame00537.jpg 406.426998 282.531881 468.611085 264.526112 465.817055 371.203805 408.298305 399.585432
frame00538.jpg 404.809268 280.935512 466.461811 262.168013 463.423327 368.525707 406.207410 396.024076
frame00539.jpg 403.205679 276.737286 463.898468 259.771532 461.703623 364.998744 404.274467 394.921268
frame00540.jpg 401.418205 274.087476 462.481860 256.105585 458.930502 361.990751 402.549086 388.915846
frame00541.jpg 399.425901 270.732004 459.957531 254.751925 456.843780 358.297831 401.080924 386.044116
frame00542.jpg 398.294879 268.360544 457.706743 252.057681 454.957590 356.419786 399.426537 382.949379
frame00543.jpg 396.805192 266.205207 455.839071 249.976937 453.144888 353.235300 398.172373 379.721509
frame00544.jpg 395.670766 264.959180 454.112141 249.511242 451.776376 351.760599 397.052056 378.305850
frame00545.jpg 395.256408 264.616932 453.365913 248.686412 450.347289 350.975504 396.189436 375.878892
frame00546.jpg 395.256237 264.042050 452.459749 247.830883 449.413221 350.066653 395.484561 375.120244
frame00547.jpg 394.857759 262.900460 451.557979 248.145378 448.643039 349.153654 395.182603 374.364528
frame00548.jpg 394.878220 263.844712 451.164353 248.311071 448.327414 349.292133 395.218500 373.863445
frame00549.jpg 394.834809 263.871070 450.823383 249.544596 447.700013 349.500591 394.908218 374.283645
frame00550.jpg 395.571798 265.080994 451.056449 250.169679 447.461468 350.195991 395.109361 373.521961
frame00551.jpg 395.623901 265.389288 450.947779 251.133887 447.496162 350.126603 395.271597 374.472511
frame00552.jpg 396.561657 267.128961 450.972194 254.229095 447.719308 351.808782 395.738779 375.441232
frame00553.jpg 397.553872 269.957592 451.083867 256.637783 447.714078 353.991882 396.039418 377.464315
frame00554.jpg 398.629149 272.515421 451.672024 259.357561 448.113246 356.243997 396.510894 379.228031
frame00555.jpg 399.112354 274.777845 451.940728 262.073158 448.257164 358.674429 396.960224 381.797874
frame00556.jpg 400.122252 276.848145 452.770785 263.793156 448.607378 360.432322 397.615708 383.306766
frame00557.jpg 401.307844 279.540883 453.700329 265.772685 449.228148 362.894373 398.393919 385.421635
frame00558.jpg 402.285239 281.490759 454.200147 269.593236 450.011202 365.228578 399.403591 388.080068
frame00559.jpg 403.809585 283.884401 455.054375 271.898816 450.701820 367.597179 400.212867 390.280111
frame00560.jpg 405.033515 286.884221 456.219086 274.173042 451.469984 370.048075 401.334810 392.411407
frame00561.jpg 406.450129 288.267146 457.389348 276.750913 452.500731 371.659362 402.536282 394.534193
frame00562.jpg 408.195212 290.278119 458.976053 278.641210 453.888051 373.778018 404.127776 396.391953
frame00563.jpg 409.898616 292.507547 460.700655 281.350410 455.200477 376.040793 405.791194 398.516629
frame00564.jpg 412.088042 294.040208 462.431461 283.451100 456.858412 377.317085 407.979420 399.619863
frame00565.jpg 414.505808 294.841110 464.347730 284.589616 458.775163 378.113668 410.273171 400.679653
frame00566.jpg 417.419283 296.835283 466.595406 285.551599 461.017976 379.115119 412.788108 401.591779
frame00567.jpg 420.025379 298.092332 468.876460 287.364377 463.134103 380.305554 415.081646 402.859820
frame00568.jpg 422.705517 299.088921 470.603085 288.877417 465.098425 380.969191 417.457447 403.745973
frame00569.jpg 425.079237 299.422599 472.359991 290.026409 466.820940 381.492520 419.568868 404.308928
frame00570.jpg 427.291835 300.120805 473.967126 290.818987 468.401040 381.668507 421.543214 404.386332
frame00571.jpg 429.410692 300.658972 475.648959 291.276107 469.857237 381.954305 423.342518 404.431088
frame00572.jpg 430.999497 301.320966 477.462615 290.994060 471.098449 382.117911 425.065181 404.272942
frame00573.jpg 432.680886 301.036410 478.784266 291.204733 472.593358 381.990462 426.949376 404.261262
frame00574.jpg 433.938689 301.202308 479.507329 291.279734 473.419785 381.937011 427.982171 404.528870
frame00575.jpg 435.344752 301.144450 480.346787 292.268205 474.509612 381.873673 429.349151 404.643046
frame00576.jpg 436.833516 301.500385 481.685350 291.679722 475.550989 381.548729 430.779091 403.946594
frame00577.jpg 437.984603 301.059989 482.579313 291.473719 476.218232 380.943596 431.874028 403.416074
frame00578.jpg 439.106216 301.261274 482.869522 292.347179 476.981448 380.988285 432.874129 403.310946
frame00579.jpg 439.981419 301.947990 484.045756 291.249575 477.240853 380.597740 433.620920 402.485476
frame00580.jpg 440.450064 301.688522 484.000016 291.957528 477.647618 380.229549 434.296342 402.293042
frame00581.jpg 441.478376 301.746988 484.333208 292.430969 478.053749 380.336527 434.954174 402.428982
frame00582.jpg 442.466500 301.604477 485.206676 292.329339 478.805755 379.945966 436.008008 402.172698
frame00583.jpg 443.664614 301.678005 486.359539 292.326918 479.691847 379.759324 436.953328 401.640104
frame00584.jpg 445.195907 302.819635 487.761299 292.444391 480.889265 380.439112 438.466852 402.163945
frame00585.jpg 446.921502 303.524722 489.115832 294.205043 482.498070 381.056813 440.321473 402.321864
frame00586.jpg 449.194931 304.492989 490.767524 296.100308 484.417622 382.047712 442.120460 403.613380
frame00587.jpg 451.672634 305.833241 493.777593 295.695831 486.492500 383.128682 444.587234 403.713914
frame00588.jpg 454.397194 306.741252 495.818868 298.128785 488.993500 384.286657 446.998508 405.226687
frame00589.jpg 457.220998 307.692090 498.484029 299.953824 491.719863 385.510152 449.716679 406.400106
frame00590.jpg 460.299411 309.293312 502.284009 299.191438 494.667394 386.566525 453.064947 406.465930
frame00591.jpg 463.503387 310.633354 505.493854 300.899281 497.918732 387.846918 456.133478 407.717548
frame00592.jpg 467.003981 311.647541 509.072714 302.047763 501.218427 389.188151 459.408439 408.691433
frame00593.jpg 470.249736 312.203870 512.436937 303.176133 504.880763 389.980428 462.854912 409.552158
frame00594.jpg 473.389150 312.771227 515.390066 304.349667 507.954250 391.130613 465.794751 410.547961
frame00595.jpg 476.248879 314.074567 518.648627 305.283967 511.139271 391.820965 468.775202 411.152112
frame00596.jpg 479.487420 314.399883 521.645597 306.592466 514.294629 393.109273 471.701886 412.438652
frame00597.jpg 481.652080 314.861828 524.198076 307.505847 516.759430 394.064110 474.031736 413.147160
frame00598.jpg 484.108254 316.622826 527.316400 308.006495 519.416912 395.690926 476.336421 414.289798
frame00599.jpg 486.115109 317.171288 529.341637 309.469930 521.698696 396.610913 478.394770 415.515145
frame00600.jpg 487.494192 317.352734 531.311860 309.206198 523.392670 397.189260 479.731380 416.022146
frame00601.jpg 489.112687 318.316860 533.473778 309.730538 525.121937 398.573856 481.190833 416.783520
frame00602.jpg 489.936777 318.753584 534.407121 310.879290 526.148917 399.684899 481.983477 417.555233
frame00603.jpg 490.153929 319.668817 535.275227 311.829045 526.891669 400.725417 482.294421 418.533638
frame00604.jpg 490.424764 320.358763 535.789589 312.569549 527.445347 401.698159 482.507961 418.967329
frame00605.jpg 490.485556 320.996980 535.952862 313.538941 527.640459 402.893454 482.314909 419.817774
frame00606.jpg 489.912504 321.199599 536.032420 314.223788 527.420389 403.634805 481.883318 420.009363
frame00607.jpg 489.090636 321.353561 535.725531 314.605674 527.162522 404.251784 480.952962 420.751551
frame00608.jpg 487.809644 320.900477 534.439275 315.339564 525.932425 404.616361 479.447752 420.695443
frame00609.jpg 486.481203 321.201436 533.548913 315.217911 524.939539 405.156624 478.067855 420.773191
frame00610.jpg 484.526429 321.529267 532.297934 315.379240 523.614943 405.409226 476.525127 420.867134
frame00611.jpg 482.688614 321.243006 530.494065 315.464086 521.827875 405.880344 474.285839 420.717347
frame00612.jpg 479.885013 320.290848 528.101262 315.587492 519.385116 405.758108 471.348489 420.368958
frame00613.jpg 477.176147 320.012268 525.862545 315.095538 516.984401 405.763755 468.663126 419.690891
frame00614.jpg 474.314619 319.025239 522.936409 314.913503 514.393090 405.465408 465.616346 419.144794
frame00615.jpg 471.576190 318.178879 520.690232 313.737059 511.898680 404.911700 462.670124 418.190939
frame00616.jpg 468.347011 317.488750 518.489283 312.827531 509.316967 404.308862 459.795687 416.642952
frame00617.jpg 465.845173 316.532282 515.910236 313.047093 507.081179 404.254058 457.103688 416.451200
frame00618.jpg 463.371143 315.448144 514.047999 312.172404 504.855226 403.662555 454.438528 415.237615
frame00619.jpg 461.431128 313.386264 512.378665 310.678792 503.166887 402.761942 452.465801 413.641103
frame00620.jpg 459.144939 312.148804 510.670806 309.317623 501.309567 401.303620 449.995900 412.090506
frame00621.jpg 457.356131 309.843572 509.382814 307.220039 499.729628 399.525570 447.952372 409.605554
frame00622.jpg 455.443392 306.906654 507.663829 305.364701 497.975524 397.699970 445.755067 407.496153
frame00623.jpg 454.038990 304.287779 506.804105 302.905825 496.886122 395.432695 444.184192 405.031782
frame00624.jpg 452.389551 301.457974 505.987667 299.587357 495.709776 392.987414 442.632951 401.797568
frame00625.jpg 451.457644 297.596654 505.404861 296.710472 494.763962 390.268599 441.341175 398.938734
frame00626.jpg 450.443331 294.024312 504.670431 293.004121 493.534545 387.147694 439.968335 394.673948
frame00627.jpg 448.800121 289.900171 503.192717 289.078246 492.084804 383.292729 438.252545 390.589844
frame00628.jpg 447.186658 284.836087 501.496580 285.455223 490.359315 379.334200 436.165407 386.335718
frame00629.jpg 445.060094 280.075691 500.190190 279.641144 488.477031 374.471494 434.018439 381.070937
frame00630.jpg 443.153763 274.319012 497.931900 275.125659 486.490252 369.594018 431.749069 375.764669
frame00631.jpg 441.047509 268.349134 496.524361 269.108719 484.623348 364.087511 429.784862 369.651254
frame00632.jpg 439.280774 262.103159 495.162497 263.488461 482.751633 358.831149 427.723715 363.384919
frame00633.jpg 436.986347 255.538774 493.226094 257.612035 480.757606 353.266751 425.294304 357.402074
frame00634.jpg 434.679309 248.736325 491.051771 252.182626 478.487027 347.503686 422.651148 351.594472
frame00635.jpg 432.347762 242.716110 489.540616 245.335675 476.380872 341.393673 420.278476 344.900318
frame00636.jpg 430.542836 235.896881 488.098612 239.516750 474.863446 335.470372 418.274685 338.827790
frame00637.jpg 429.180063 229.680337 487.292349 232.560860 473.650118 330.006205 416.741318 332.566941
frame00638.jpg 428.241939 222.177694 486.555441 226.541431 472.762438 324.007641 415.449631 326.148019
frame00639.jpg 426.696834 215.129187 485.837134 218.951858 471.367446 317.772300 413.616250 319.452729
frame00640.jpg 424.972269 207.194347 484.998019 212.285912 470.249865 311.418865 411.713182 312.685278
frame00641.jpg 423.430682 199.720058 484.096554 204.857171 469.332211 305.475563 410.076757 306.474326
frame00642.jpg 422.574032 193.614837 483.814087 199.596194 468.688659 300.714955 408.854792 301.351343
frame00643.jpg 421.709906 187.063923 484.042826 193.824470 468.658542 295.709576 408.065025 296.013176
frame00644.jpg 421.436911 183.096684 484.135779 189.602819 468.743494 292.306396 407.672758 291.654449
frame00645.jpg 421.610800 179.500694 485.164200 186.135913 469.254842 289.770185 407.500653 288.897141
frame00646.jpg 421.878893 175.004529 486.560237 182.280534 470.468545 286.765526 407.994634 285.328441
frame00647.jpg 424.643179 173.610576 489.652216 181.097283 473.150650 285.741817 410.280131 283.692185
frame00648.jpg 427.473942 172.185078 492.691676 180.514228 476.246625 285.185872 412.959420 282.665911
frame00649.jpg 430.314813 171.429560 496.425433 179.753781 479.485205 285.043139 415.614844 281.797923
frame00650.jpg 433.252554 171.526983 499.805341 180.069390 482.415974 285.580799 418.029549 281.678583
frame00651.jpg 436.472530 170.539829 504.149765 180.178269 486.165107 286.101063 421.225865 281.312286
frame00652.jpg 440.755025 170.194049 508.446620 180.588664 490.424687 286.972762 424.965295 281.376604
frame00653.jpg 444.857020 170.258343 513.429057 181.474305 494.931243 288.286861 428.775849 281.808414
frame00654.jpg 449.195625 170.705341 518.585932 182.511562 499.383223 289.764886 432.909183 282.385943
frame00655.jpg 453.574890 170.991513 523.501717 183.254971 503.592998 291.304985 436.742298 283.092026
frame00656.jpg 457.583392 171.274531 528.068337 184.448167 507.508650 293.069140 440.355601 283.744878
frame00657.jpg 461.224895 171.285695 532.614408 185.388779 511.612982 294.291519 443.647875 284.118534
frame00658.jpg 464.932782 171.161481 536.425249 186.116057 514.984586 295.816284 446.705170 284.729292
frame00659.jpg 468.192020 171.328701 539.939698 186.902456 517.898796 297.070179 449.436689 284.982471
frame00660.jpg 470.920181 170.868276 543.429880 187.189177 520.652415 297.867746 451.868332 284.940645
frame00661.jpg 473.462157 170.481782 545.564208 187.586739 522.306425 298.595680 453.566992 284.609500
frame00662.jpg 474.292046 169.643801 546.994929 187.912304 523.342282 298.935382 454.277621 283.877831
frame00663.jpg 474.725934 168.715630 547.682846 187.105783 523.636089 298.957067 454.489583 283.291634
frame00664.jpg 474.467266 167.644767 547.621368 187.312882 523.713149 298.823608 454.374061 282.591940
frame00665.jpg 474.841384 167.473420 547.749292 187.725571 523.643655 299.076284 454.260108 281.720076
frame00666.jpg 474.826043 166.592275 548.266231 187.371840 523.632856 299.067539 454.259268 281.016436
frame00667.jpg 474.512642 165.265229 548.009642 186.620222 522.894411 298.675283 453.508603 279.441441
frame00668.jpg 472.479493 163.269368 546.297792 185.225381 520.770838 297.793695 451.070520 277.871398
frame00669.jpg 471.513877 162.768778 545.160037 185.357054 519.671851 297.964737 450.055015 277.098333
frame00670.jpg 470.228243 162.693643 543.999554 186.025595 518.438720 298.474567 448.797728 276.857687
frame00671.jpg 469.240716 163.058160 543.014745 187.158298 517.211998 299.760026 447.593533 277.335322
frame00672.jpg 468.272031 164.216085 542.471374 188.934736 516.192158 301.595054 446.463873 278.272725
frame00673.jpg 467.611762 164.903321 541.738123 190.892379 515.253369 303.806106 445.327648 279.597769
frame00674.jpg 466.289242 166.634590 540.132741 193.176989 513.503395 306.042459 443.754588 280.968864
frame00675.jpg 464.729928 168.687224 538.792218 196.091568 511.758439 308.952352 442.093712 282.871029
frame00676.jpg 462.454116 171.130150 536.562432 199.224946 509.193902 312.299891 439.609144 285.240248
frame00677.jpg 460.053913 171.741330 534.558736 200.788592 506.780168 314.160775 437.091455 286.316151
frame00678.jpg 457.318811 171.933234 532.015404 201.681288 503.718293 315.708250 433.896241 286.883374
frame00679.jpg 454.252727 172.025579 529.109831 202.391125 500.368949 317.232385 430.704965 287.496254
frame00680.jpg 450.784071 172.051887 525.800937 203.526065 496.544961 318.607138 426.892435 288.029179
frame00681.jpg 446.776458 171.349605 522.330824 203.693575 492.278183 319.654638 422.623716 288.155312
frame00682.jpg 442.492458 170.696031 517.939652 203.921747 487.595412 320.347147 417.789134 287.880805
frame00683.jpg 437.791847 170.044196 513.539211 204.102010 482.604639 321.341523 412.828993 287.836698
frame00684.jpg 432.121950 169.123674 507.870124 204.150823 476.621975 322.457239 406.759321 287.848109
frame00685.jpg 425.698878 169.990728 501.369478 206.011830 469.641479 324.569605 399.876958 288.926959
frame00686.jpg 418.914534 171.846485 494.719007 208.672863 462.930511 327.978014 393.173315 291.436273
frame00687.jpg 411.367766 174.098510 487.708636 212.109815 455.684451 332.059444 385.675602 294.802957
frame00688.jpg 403.764666 178.027367 479.943954 217.284428 447.850840 337.186183 377.892149 299.078931
frame00689.jpg 387.010707 176.958142 476.658202 225.112578 439.752111 324.797678 377.364452 293.394548
frame00690.jpg 397.420494 203.563450 450.016525 232.261992 438.512257 340.171317 355.687908 293.676261
frame00691.jpg 391.541748 209.595569 434.330846 234.225282 442.935145 357.112389 334.966753 331.665039
frame00692.jpg 385.370827 213.980805 427.122974 242.038396 436.426296 362.013317 321.764635 339.175644
frame00693.jpg 377.530206 215.673575 421.262293 245.842793 430.893800 364.659017 322.081452 344.087110
frame00694.jpg 375.215331 225.452006 415.566889 251.026268 427.724610 376.314724 319.272272 347.848970
frame00695.jpg 371.987248 233.926888 411.012055 255.938899 421.199624 386.641253 313.409302 352.341020
frame00696.jpg 366.565513 240.367668 407.089119 262.430507 418.825622 392.125317 310.783046 356.179858
frame00697.jpg 358.523228 240.211762 401.196124 269.802300 412.191834 382.847710 287.000394 389.947010
frame00698.jpg 356.335061 250.113668 398.256160 275.969493 411.780009 394.522255 286.735472 383.778984
frame00699.jpg 351.807470 256.402227 394.841706 279.058183 409.208260 400.099684 297.233484 380.488291
frame00700.jpg 347.800076 262.069088 390.535012 283.404117 406.908764 402.684438 297.297503 386.915620
frame00701.jpg 344.473452 265.930613 388.198907 287.280797 407.650218 410.279857 298.990202 386.713516
frame00702.jpg 341.480550 269.346649 385.550500 288.895874 405.098839 407.127072 297.594581 390.653159
frame00703.jpg 339.335249 269.743257 381.804430 291.352102 405.225479 407.093215 296.869320 395.540866
frame00704.jpg 336.978178 267.071794 381.315561 287.812712 406.330362 403.506125 297.321164 392.184221
frame00705.jpg 333.269707 261.116516 377.833494 282.531371 404.411100 392.659968 281.375652 414.430691
frame00706.jpg 332.627534 253.776057 378.784147 273.415479 404.626667 388.080040 290.262359 385.976566
frame00707.jpg 317.110505 233.077789 397.751490 258.049335 387.268719 380.882386 313.334248 355.615116
frame00708.jpg 315.705580 224.468072 396.564885 246.645937 388.103763 372.158647 313.696760 348.247424
frame00709.jpg 315.005493 215.898559 396.178441 236.917023 388.929226 363.592174 314.503023 340.856059
frame00710.jpg 317.117305 211.488490 397.901311 231.495902 391.876595 358.346183 317.700897 336.463237
frame00711.jpg 320.265710 206.188012 401.458357 225.348466 396.457660 353.004434 322.017357 331.784258
frame00712.jpg 324.298471 200.999965 405.481351 219.652041 401.396106 348.046301 326.794285 327.241261
frame00713.jpg 331.880839 197.626529 412.840898 215.714237 408.878130 345.051459 334.332479 324.409496
frame00714.jpg 340.580099 195.620651 422.155058 213.452141 418.360208 342.806228 343.768579 322.617557
frame00715.jpg 350.896014 194.224777 432.629116 211.614535 428.875710 341.797265 354.361037 321.755012
frame00716.jpg 362.487111 194.570406 443.522803 211.599908 439.957916 341.309998 365.841314 321.345249
frame00717.jpg 375.224429 195.298267 456.010392 212.209315 452.496947 341.718778 378.423598 321.849456
frame00718.jpg 389.347803 198.620586 469.826625 215.157076 466.066911 343.890827 392.385649 323.957589
frame00719.jpg 404.230687 201.769775 484.239605 217.692731 480.501132 345.855188 406.910439 325.857423
frame00720.jpg 419.781846 204.086520 499.927594 220.070190 495.849830 347.843596 422.233418 327.601497
frame00721.jpg 435.683698 206.258325 516.132154 222.054736 511.907942 349.610897 437.944221 329.140019
frame00722.jpg 452.372373 208.833085 532.829072 224.067145 528.713035 351.615133 454.281916 331.383872
frame00723.jpg 468.901569 210.428138 549.714378 225.549459 545.682401 353.300757 470.777163 332.943773
frame00724.jpg 483.859040 213.026800 564.580506 227.609979 560.835294 355.099736 486.041592 335.107221
frame00725.jpg 498.124556 216.641412 579.205895 231.356731 575.558126 358.456372 500.544724 338.769766
frame00726.jpg 511.506701 219.354076 592.670452 233.614481 589.185384 360.950833 514.068767 341.482530
frame00727.jpg 521.812238 223.780713 603.103194 237.750713 599.845353 364.797735 524.647616 345.540466
frame00728.jpg 527.000062 228.989066 607.842861 241.857822 605.271529 369.572391 530.060025 350.595774
frame00729.jpg 524.523904 236.345818 605.394351 249.302635 602.925600 375.842310 528.134373 356.926530
frame00730.jpg 528.634130 254.306595 586.422307 265.544058 603.135288 372.129004 511.973712 350.723733
frame00731.jpg 528.080569 256.887206 570.352476 278.362637 591.252844 361.113550 482.524524 346.269493
frame00732.jpg 542.412429 272.237907 568.133635 272.825930 580.231163 368.849339 353.137952 525.520047
frame00733.jpg 546.753073 278.622680 564.112897 272.739930 -60.477078 6487.851386 352.116793 507.085341
frame00734.jpg 544.475827 251.172511 558.146933 269.017578 527.676757 548.670736 247.511157 501.189306
frame00735.jpg 543.799969 250.912058 548.322124 272.961756 497.253751 595.640912 835.669598 209.199388
frame00736.jpg 542.636076 246.437977 543.954251 274.481468 630.350931 -2104.021117 569.794572 395.371356
frame00737.jpg 544.426874 258.410157 543.905204 275.150928 520.281750 482.603342 549.820168 286.120808
frame00738.jpg 544.831896 260.344473 544.714025 275.137221 562.953865 69.933268 561.454715 295.913738
frame00739.jpg 545.275717 255.301359 545.019518 275.428159 598.540312 -249.709020 522.973822 245.263554
frame00740.jpg 546.884050 251.501261 546.047317 263.005649 515.293771 481.889388 588.000861 55.116884
frame00741.jpg 546.209340 252.983564 546.352291 261.966242 525.159742 425.249758 941.592721 -1437.161665
frame00742.jpg 543.322397 262.029335 547.908971 258.656491 522.446832 678.599196 3127.710646 -9563.106203
frame00743.jpg 537.009844 263.214291 553.816006 254.124569 577.725966 450.809765 415.982595 641.642364
frame00744.jpg 528.050509 265.975349 544.936508 257.816081 581.865830 423.118335 1471.824584 -3146.516545
frame00745.jpg 529.817569 269.357732 541.533499 265.208661 572.663437 375.938552 658.798569 -184.298246
frame00746.jpg 530.145259 266.681311 540.192716 266.557034 556.390221 355.570242 655.413538 -99.023278
frame00747.jpg 530.395071 247.765196 543.019844 268.478208 549.138034 316.773117 566.025172 196.163023
frame00748.jpg 509.117018 229.524362 544.498780 263.750437 551.812958 305.791436 571.604011 113.799671
frame00749.jpg 514.995985 245.257312 544.882963 262.646474 552.381265 310.776771 560.500910 160.745194
frame00750.jpg 513.340476 255.075470 547.168658 263.896802 556.823364 303.243021 571.972153 156.872690
frame00751.jpg 531.787641 253.135439 549.262826 257.065107 554.869615 310.923284 556.487883 222.972823
frame00752.jpg 516.117676 260.782769 550.609235 250.941062 557.234904 292.760754 557.005709 217.253660
frame00753.jpg 470.609217 204.009630 551.120448 246.288638 555.704299 319.073955 555.556006 192.714892
frame00754.jpg 487.466407 143.191442 549.985510 245.228349 561.043754 384.156938 554.810535 201.826398
frame00755.jpg 226.972911 -311.573827 540.577751 227.125637 574.989283 442.547337 544.005030 163.102315
frame00756.jpg 508.563139 102.058533 531.320907 199.060910 612.463710 880.054976 527.548947 137.280861
frame00757.jpg 513.918449 123.760741 532.330421 200.168103 589.126460 590.285917 524.231012 113.390174
frame00758.jpg 1416.997694 2940.969374 528.619707 169.213377 567.831243 434.752681 516.135008 60.682266
frame00759.jpg 473.218452 -48.092935 530.086207 178.683122 564.176254 412.868644 520.341302 101.689709
frame00760.jpg 510.445505 72.565188 526.871873 156.932097 456.219799 -311.405285 521.731997 116.673768
frame00761.jpg 520.699185 117.507138 529.504859 172.508845 491.042526 -78.421024 524.246520 135.758646
frame00762.jpg 517.880351 98.729355 527.732330 161.237070 465.528617 -238.657107 521.249848 118.704608
frame00763.jpg 519.496902 108.666652 525.999368 150.135545 491.266368 -72.721902 520.532149 114.681786
frame00764.jpg 517.008641 92.706743 525.691282 148.154023 7590.027874 45394.674425 519.905779 110.915625
frame00765.jpg 471.916247 -195.550295 522.138494 125.302465 550.770353 308.673697 510.538361 50.819180
frame00766.jpg 625.629690 786.713867 519.626265 109.203543 551.307940 312.026127 506.484820 24.925762
frame00767.jpg 544.920401 270.929244 511.536799 57.452404 551.994185 316.376413 509.400716 43.629000
frame00768.jpg 558.501531 357.858211 487.649005 -95.403126 566.927589 411.967691 492.774615 -62.813367
frame00769.jpg 553.855561 328.159993 496.234742 -40.528144 561.669725 378.325121 493.975552 -55.135084
frame00770.jpg 555.773252 340.452087 500.913383 -10.612820 570.670932 435.978035 498.667556 -25.079310
frame00771.jpg 555.730245 340.208020 502.392342 -1.153203 569.963452 431.442736 501.869691 -4.577189
frame00772.jpg 578.026782 482.942960 504.486692 12.250941 572.223654 445.907826 497.000647 -35.752049
frame00773.jpg 564.549788 396.686817 508.253297 36.362801 573.802044 456.016950 505.837404 20.825940
frame00774.jpg 566.925204 411.906652 504.093662 9.732673 576.659218 474.313857 499.848450 -17.515062
frame00775.jpg 584.955826 527.336886 506.236315 23.449504 579.380241 491.736119 498.026288 -29.179957
frame00776.jpg 566.757032 410.842238 509.461136 44.086582 585.098938 528.350501 508.948309 40.754312
frame00777.jpg 563.486766 389.912128 512.018206 60.453864 572.411074 447.103816 508.396145 37.222221
frame00778.jpg 555.853582 341.049618 515.168299 80.619913 562.706645 384.967123 516.697031 90.373788
frame00779.jpg 551.349274 312.218804 518.471940 101.773448 549.250078 298.804769 521.204021 119.236491
frame00780.jpg 581.291781 503.882006 526.769217 154.884552 554.224012 330.648343 526.483850 153.048087
frame00781.jpg 556.172512 343.092558 521.461395 120.905263 580.917886 501.536159 524.202922 138.447906
frame00782.jpg 550.775536 308.548042 511.445839 56.795382 471.307718 -200.170161 522.970229 130.560938
frame00783.jpg 550.731194 308.264291 507.171272 29.432021 494.015065 -54.790754 521.582066 121.676042
frame00784.jpg 551.914832 315.841832 501.855751 -4.591398 491.056486 -73.726172 523.455084 133.666643
frame00785.jpg 552.022197 316.529029 515.725935 84.192445 509.351009 43.383366 524.526457 140.525051
frame00786.jpg 544.705587 269.694578 509.888171 46.823904 495.426680 -45.748367 523.403109 133.334408
frame00787.jpg 544.804282 270.326409 508.833065 40.069973 492.414077 -65.031379 522.565609 127.973608
frame00788.jpg 559.619274 365.159232 506.006510 21.977053 500.627179 -12.457448 521.651857 122.124728
frame00789.jpg 557.706412 352.914770 491.316760 -72.053753 503.049323 3.047182 522.090281 124.931206
frame00790.jpg 560.854409 373.065503 490.770446 -75.550777 505.003549 15.556661 518.963940 104.919153
frame00791.jpg 560.147381 368.539782 496.075998 -41.588844 499.283338 -21.059184 520.189496 112.764283
frame00792.jpg 561.884447 379.659007 305.316080 -1262.664738 492.182584 -66.511909 521.570928 121.607134
frame00793.jpg 557.237218 349.911569 467.699769 -223.227904 488.155749 -92.287920 525.053833 143.901802
frame00794.jpg 557.182309 349.560127 477.637825 -159.612795 485.133083 -111.636048 528.941938 168.790221
frame00795.jpg 555.131517 336.432786 636.140001 854.976544 448.989058 -342.998006 529.342828 171.356485
frame00796.jpg 553.487732 325.910741 689.098725 1193.970842 683.572565 1158.599101 531.295281 183.854428
frame00797.jpg 555.218400 336.988920 615.104236 720.324614 612.946794 706.514894 515.618152 83.503402
frame00798.jpg 553.631525 326.831171 595.911354 597.468931 587.920325 546.317602 515.275575 81.310545
frame00799.jpg 555.393705 338.111074 616.028577 726.241470 703.193086 1284.191116 521.336498 120.107186
frame00800.jpg 551.316474 312.012278 598.266479 612.544358 568.844526 424.211260 527.004918 156.391366
frame00801.jpg 554.408737 331.806194 617.195160 733.708902 590.103842 560.294457 529.402184 171.736526
frame00802.jpg 555.537830 339.033640 593.256970 580.477952 571.797714 443.114925 527.869467 161.925440
frame00803.jpg 556.772676 346.938022 595.954433 597.744708 573.989670 457.145874 532.260439 190.032533
frame00804.jpg 556.878693 347.616650 816.391890 2008.788810 900.296045 2545.868436 540.955024 245.687516
frame00805.jpg 559.715866 365.777703 591.458365 568.964884 586.289335 535.877363 541.170921 247.069496
frame00806.jpg 560.311964 369.593389 595.971881 597.856391 584.061754 521.618373 545.059859 271.963008
frame00807.jpg 561.956160 380.118068 607.043956 668.729944 617.944396 738.504846 547.015252 284.479693
frame00808.jpg 563.886547 392.474683 614.514018 716.546627 638.426385 869.612284 548.320968 292.837719
frame00809.jpg 564.944158 399.244568 597.016851 604.545358 586.375414 536.428364 548.428774 293.527801
frame00810.jpg 567.151810 413.375987 581.089144 502.590376 577.409782 479.038379 545.810623 276.768730
frame00811.jpg 568.132419 419.652973 580.845229 501.029051 577.593227 480.212630 547.253667 286.005813
frame00812.jpg 569.883365 430.860966 577.896835 482.156060 577.378041 478.835201 547.699441 288.859260
frame00813.jpg 569.388090 427.690660 577.356369 478.696479 576.592712 473.808229 532.897082 194.107754
frame00814.jpg 570.746422 436.385489 578.372255 485.199277 577.954791 482.527042 540.090776 240.155366
frame00815.jpg 570.557040 435.173234 576.583102 473.746708 579.128623 490.040866 495.416444 -45.809883
frame00816.jpg 570.299884 433.527148 578.322920 484.883478 579.247847 490.804032 528.780970 167.760071
frame00817.jpg 569.736870 429.923234 577.677481 480.751950 578.734058 487.515211 526.979493 156.228621
frame00818.jpg 569.361583 427.520983 577.264113 478.105939 578.573565 486.487879 523.327268 132.850335
frame00819.jpg 569.109128 425.904991 577.004259 476.442584 578.527324 486.191887 519.323722 107.223200
frame00820.jpg 568.962204 424.964518 576.879239 475.642318 578.255497 484.451895 510.681103 51.900859
frame00821.jpg 571.078012 438.508032 575.486338 466.726206 578.249746 484.415080 306.873943 -1252.690912
frame00822.jpg 571.111383 438.721643 575.639295 467.705297 576.114495 470.747108 204.313322 -1909.192584
frame00823.jpg 571.939172 444.020409 575.962193 469.772205 576.690375 474.433378 620.726107 756.310878
frame00824.jpg 571.871561 443.587625 574.668606 461.491812 577.340114 478.592424 585.341465 529.809947
frame00825.jpg 572.587264 448.168919 574.705950 461.730856 574.995053 463.581437 577.889878 482.111526
frame00826.jpg 573.146884 451.751107 575.214167 464.984012 575.319018 465.655172 576.897361 475.758318
frame00827.jpg 571.850956 443.455729 574.300528 459.135708 575.225674 465.057665 576.253414 471.636340
frame00828.jpg 553.924417 328.706005 570.687611 436.009032 573.997456 457.195709 575.618273 467.570738
frame00829.jpg 546.647821 282.127727 568.121900 419.585636 573.563262 454.416391 574.143139 458.128243
frame00830.jpg 558.501472 358.004232 561.977306 380.253427 683.243073 1156.488771 564.763489 398.088084
frame00831.jpg 559.940848 367.217834 562.060122 380.783538 565.744429 404.367185 563.618278 390.757467
frame00832.jpg 559.185143 362.380485 561.854381 379.466571 561.839353 379.370370 563.568615 390.439564
frame00833.jpg 556.604078 345.858806 561.752631 378.815253 561.946818 380.058267 563.245593 388.371864
frame00834.jpg 554.699625 333.668197 561.103142 374.657806 560.652534 371.773417 563.045340 387.090025
frame00835.jpg 554.538341 332.635801 561.144457 374.922265 559.259738 362.857976 562.713675 384.967005
frame00836.jpg 557.863706 353.921825 561.639167 378.088959 561.174100 375.112016 562.973808 386.632143
frame00837.jpg 559.036887 361.431480 560.681298 371.957539 561.952723 380.096067 562.450053 383.279532
frame00838.jpg 552.835386 321.735002 560.832028 372.922373 557.599072 352.227871 564.371465 395.578696
frame00839.jpg 554.641807 333.298099 560.143815 368.517051 558.666890 359.063095 563.277255 388.574538
frame00840.jpg 554.157931 330.200753 561.195123 375.246588 560.330908 369.714649 563.179678 387.949940
frame00841.jpg 556.455697 344.909007 561.754351 378.826267 561.126185 374.805305 563.713017 391.363898
frame00842.jpg 555.714213 340.162683 561.219272 375.401164 560.461749 370.552179 563.999875 393.200110
frame00843.jpg 557.362643 350.714466 561.114669 374.731591 560.430844 370.354354 563.842298 392.191439
frame00844.jpg 556.830108 347.305648 560.975818 373.842792 560.335595 369.744653 564.923842 399.114522
frame00845.jpg 556.631405 346.033732 560.494885 370.764285 560.668344 371.874615 563.211557 388.153997
frame00846.jpg 558.362214 357.112828 561.072753 374.463285 560.638587 371.684138 563.597076 390.621746
frame00847.jpg 563.597216 390.622645 562.831191 385.719234 564.945026 399.250122 563.725794 391.445689
frame00848.jpg 566.125916 406.809129 562.018030 380.514101 566.855393 411.478590 563.560780 390.389415
frame00849.jpg 569.899513 430.964333 557.406868 350.997552 562.776612 385.369866 559.447939 364.062672
frame00850.jpg 568.679158 423.152707 549.896768 302.924589 559.759086 366.054359 554.905396 334.985362
frame00851.jpg 557.659951 352.617568 551.924795 315.906211 556.516948 345.301080 554.578100 332.890302
frame00852.jpg 555.160102 336.615760 552.525383 319.750640 556.150245 342.953775 554.907421 334.998322
frame00853.jpg 554.425075 331.910771 550.967120 309.776029 556.754750 346.823276 555.549359 339.107436
frame00854.jpg 563.973666 393.032341 546.751729 282.792851 556.237835 343.514448 551.076839 310.478349
frame00855.jpg 555.458376 338.525044 548.519116 294.106092 554.690568 333.610223 550.986917 309.902753
frame00856.jpg 552.138233 317.272452 547.902795 290.160952 553.179864 323.940041 550.467243 306.576259
frame00857.jpg 551.641970 314.095819 548.652469 294.959694 553.187533 323.989132 550.896193 309.322017
frame00858.jpg 551.513125 313.271068 547.476499 287.432181 552.361727 318.703057 550.494349 306.749771
frame00859.jpg 551.626100 313.994231 587.680791 544.784225 552.291338 318.252492 549.631948 301.229448
frame00860.jpg 551.305285 311.940658 548.974290 297.019710 552.271171 318.123402 550.668582 307.865051
frame00861.jpg 551.526211 313.354830 549.176550 298.314397 552.504807 319.618929 551.085320 310.532638
frame00862.jpg 551.089678 310.560533 544.858023 270.671036 552.324256 318.463205 543.167632 259.850658
frame00863.jpg 552.087616 316.948445 544.699547 269.656614 552.192810 317.621804 447.508902 -352.471263
frame00864.jpg 553.224393 324.225075 546.883842 283.638524 552.732757 321.078063 144.941228 -2289.239811
frame00865.jpg 553.628884 326.814268 548.157323 291.790211 553.224740 324.227300 518.487224 101.868685
frame00866.jpg 554.050282 329.511686 547.320931 286.436376 553.766030 327.692154 963.066907 2947.671529
frame00867.jpg 554.298420 331.100041 547.327455 286.478138 554.086517 329.743625 582.348519 510.651770
frame00868.jpg 554.431534 331.952118 549.065076 297.600837 554.158503 330.204420 538.329274 228.879802
frame00869.jpg 553.952162 328.883608 543.155385 259.772264 554.631736 333.233636 584.103614 521.886328
frame00870.jpg 554.245349 330.760325 544.086448 265.732097 554.953798 335.295186 499.805758 -17.713408
frame00871.jpg 554.823814 334.463145 541.320224 248.025196 555.251736 337.202323 456.215455 -296.739672
frame00872.jpg 556.112651 342.713130 547.620177 288.351880 555.881562 341.233902 579.623000 493.205429
frame00873.jpg 555.482266 338.677970 549.428013 299.924037 555.818231 340.828516 503.274578 4.490889
frame00874.jpg 555.125462 336.394027 546.415547 280.640913 554.156522 330.191735 568.649414 422.962313
frame00875.jpg 556.084500 342.532936 535.771422 212.506714 552.922453 322.292325 562.723867 385.032243
frame00876.jpg 554.178878 330.334842 596.885166 603.702426 553.916349 328.654361 563.255448 388.434948
frame00877.jpg 556.048223 342.300717 587.859599 545.928792 555.115752 336.331875 562.931497 386.361304
frame00878.jpg 555.628005 339.610857 541.885916 251.646257 550.346647 305.804313 563.921816 392.700444
frame00879.jpg 555.578504 339.293999 553.314301 324.800590 537.087212 220.929227 566.384381 408.463591
frame00880.jpg 551.890098 315.684109 -637.875833 -7300.136845 530.216675 176.950173 560.656392 371.798112
frame00881.jpg 551.937796 315.989431 572.993661 450.770308 589.234978 554.732745 560.482306 370.683769
frame00882.jpg 544.916243 271.043708 562.157618 381.407622 564.301751 395.132448 559.567758 364.829647
frame00883.jpg 557.578362 352.095306 560.267825 369.310852 566.427726 408.741050 558.969699 361.001405
frame00884.jpg 555.305797 337.548372 561.501603 377.208399 570.114010 432.337352 558.891973 360.503871
frame00885.jpg 556.651532 346.162566 557.759792 353.256660 557.799166 353.508699 557.381456 350.834887
frame00886.jpg 556.504821 345.223456 556.936594 347.987280 556.713301 346.557957 556.744298 346.756374
frame00887.jpg 556.707947 346.523686 559.036528 361.429182 556.699221 346.467827 556.846686 347.411767
frame00888.jpg 556.706170 346.512311 556.185214 343.177616 556.252138 343.606000 558.569363 358.438809
frame00889.jpg 556.892017 347.701937 556.744679 346.758810 556.284775 343.814914 547.044866 284.669256
frame00890.jpg 556.336883 344.148464 554.379085 331.616387 555.303791 337.535533 558.075456 355.277258
frame00891.jpg 556.187733 343.193740 556.187733 343.193740 556.187733 343.193740 556.187733 343.193740
frame00892.jpg 556.187733 343.193740 556.187733 343.193740 556.187733 343.193740 556.187733 343.193740
frame00893.jpg 556.187733 343.193740 556.187733 343.193740 556.187733 343.193740 556.187733 343.193740
frame00894.jpg 556.187733 343.193740 556.187733 343.193740 556.187733 343.193740 556.187733 343.193740
frame00895.jpg 556.187733 343.193740 556.187733 343.193740 556.187733 343.193740 556.187733 343.193740
frame00896.jpg 556.187733 343.193740 556.187733 343.193740 556.187733 343.193740 556.187733 343.193740
frame00897.jpg 556.187733 343.193740 556.187733 343.193740 556.187733 343.193740 556.187733 343.193740
frame00898.jpg 556.187733 343.193740 556.187733 343.193740 556.187733 343.193740 556.187733 343.193740
frame00899.jpg 556.187733 343.193740 556.187733 343.193740 556.187733 343.193740 556.187733 343.193740
frame00900.jpg 556.187733 343.193740 556.187733 343.193740 556.187733 343.193740 556.187733 343.193740
frame00901.jpg 556.187733 343.193740 556.187733 343.193740 556.187733 343.193740 556.187733 343.193740
frame00902.jpg 556.187733 343.193740 556.187733 343.193740 556.187733 343.193740 556.187733 343.193740
frame00903.jpg 556.187733 343.193740 556.187733 343.193740 556.187733 343.193740 556.187733 343.193740
frame00904.jpg 556.187733 343.193740 556.187733 343.193740 556.187733 343.193740 556.187733 343.193740
frame00905.jpg 556.187733 343.193740 556.187733 343.193740 556.187733 343.193740 556.187733 343.193740
frame00906.jpg 556.187733 343.193740 556.187733 343.193740 556.187733 343.193740 556.187733 343.193740
frame00907.jpg 556.187733 343.193740 556.187733 343.193740 556.187733 343.193740 556.187733 343.193740
frame00908.jpg 556.187733 343.193740 556.187733 343.193740 556.187733 343.193740 556.187733 343.193740
